0.00
0.00
0.00
0.00
0.00
0.00
0.00
0.58
5.67
10.20
49.50
67.29
87.54
76.54
59.36
63.72
19.87
4.45
0.06
0.00
0.00
0.00
0.00
0.00
0.00
0.00
0.00
0.00
0.00
0.00
0.00
0.70
6.71
44.20
77.11
88.13
54.41
91.72
87.75
65.45
25.10
4.57
0.13
0.00
0.00
0.00
0.00
0.00
0.00
0.00
0.00
0.00
0.00
0.00
0.00
0.76
6.97
44.29
78.08
97.05
104.71
100.94
88.58
66.35
24.85
4.64
0.13
0.00
0.00
0.00
0.00
0.00
0.00
0.00
0.00
0.00
0.00
0.00
0.00
1.05
6.38
43.96
76.89
95.33
102.04
98.81
87.69
65.93
24.09
4.56
0.02
0.00
0.00
0.00
0.00
0.00
0.00
0.00
0.00
0.00
0.00
0.00
0.00
1.11
6.25
27.13
42.24
53.23
65.99
49.50
27.20
14.32
5.57
2.62
0.00
0.00
0.00
0.00
0.00
0.00
0.00
0.00
0.00
0.00
0.00
0.00
0.00
0.00
3.71
10.38
16.73
28.85
12.89
48.84
14.87
26.00
5.81
3.41
0.00
0.00
0.00
0.00
0.00
0.00
0.00
0.00
0.00
0.00
0.00
0.00
0.00
0.93
6.83
42.92
75.39
93.80
101.55
96.20
86.45
65.04
26.06
4.70
0.26
0.00
0.00
0.00
0.00
0.00
0.00
0.00
0.00
0.00
0.00
0.00
0.00
0.76
6.47
42.76
73.09
90.80
98.81
96.41
84.99
63.40
26.32
4.86
0.13
0.00
0.00
0.00
0.00
0.00
0.00
0.00
0.00
0.00
0.00
0.00
0.00
0.48
4.50
38.87
35.25
48.52
25.65
66.18
86.47
60.68
23.94
4.74
0.00
0.00
0.00
0.00
0.00
0.00
0.00
0.00
0.00
0.00
0.00
0.00
0.00
0.46
6.41
8.12
6.15
27.59
33.99
34.25
34.49
44.36
22.73
5.10
0.37
0.00
0.00
0.00
0.00
0.00
0.00
0.00
0.00
0.00
0.00
0.00
0.00
0.93
7.85
39.59
69.44
87.76
95.22
92.91
82.91
62.23
27.34
4.43
0.45
0.00
0.00
0.00
0.00
0.00
0.00
0.00
0.00
0.00
0.00
0.00
0.00
0.87
7.36
39.57
64.53
92.31
96.91
84.30
67.39
49.91
10.35
3.55
0.00
0.00
0.00
0.00
0.00
0.00
0.00
0.00
0.00
0.00
0.00
0.00
0.00
0.69
5.41
6.68
65.22
73.39
39.80
106.33
87.29
50.38
26.46
4.71
0.37
0.00
0.00
0.00
0.00
0.00
0.00
0.00
0.00
0.00
0.00
0.00
0.00
0.38
5.44
9.15
67.03
90.18
96.03
97.83
58.10
26.43
15.08
5.22
0.26
0.00
0.00
0.00
0.00
0.00
0.00
0.00
0.00
0.00
0.00
0.00
0.00
0.90
7.11
10.15
29.15
35.28
31.52
20.70
9.44
14.42
10.53
3.16
0.00
0.00
0.00
0.00
0.00
0.00
0.00
0.00
0.00
0.00
0.00
0.00
0.00
0.71
8.33
42.47
71.77
83.05
96.07
46.86
76.45
60.80
13.50
3.75
0.68
0.00
0.00
0.00
0.00
0.00
0.00
0.00
0.00
0.00
0.00
0.00
0.00
0.88
8.53
43.57
72.95
81.65
85.37
76.46
76.77
50.93
19.20
4.90
0.71
0.00
0.00
0.00
0.00
0.00
0.00
0.00
0.00
0.00
0.00
0.00
0.00
0.86
7.54
36.71
69.80
85.31
97.06
95.11
85.91
67.99
35.08
6.07
0.54
0.00
0.00
0.00
0.00
0.00
0.00
0.00
0.00
0.00
0.00
0.00
0.00
1.17
8.77
47.48
71.92
93.55
105.13
98.80
91.50
71.37
39.12
6.96
0.85
0.00
0.00
0.00
0.00
0.00
0.00
0.00
0.00
0.00
0.00
0.00
0.00
1.11
8.70
39.78
72.92
89.52
84.47
76.19
70.06
53.77
27.99
5.89
0.38
0.00
0.00
0.00
0.00
0.00
0.00
0.00
0.00
0.00
0.00
0.00
0.00
0.77
6.46
19.84
69.12
93.45
103.25
102.71
80.74
67.46
40.97
7.53
0.85
0.00
0.00
0.00
0.00
0.00
0.00
0.00
0.00
0.00
0.00
0.00
0.00
1.11
8.80
47.00
75.16
94.90
104.52
102.61
93.26
73.97
41.56
7.56
0.87
0.00
0.00
0.00
0.00
0.00
0.00
0.00
0.00
0.00
0.00
0.00
0.00
1.23
9.38
49.53
77.33
96.33
102.56
101.92
92.31
73.32
41.55
7.49
1.00
0.00
0.00
0.00
0.00
0.00
0.00
0.00
0.00
0.00
0.00
0.00
0.00
1.22
9.65
49.65
77.96
96.82
102.16
102.43
92.60
73.57
42.10
7.34
0.97
0.00
0.00
0.00
0.00
0.00
0.00
0.00
0.00
0.00
0.00
0.00
0.00
1.26
10.21
50.13
77.19
95.94
103.69
101.81
88.56
61.39
31.97
9.89
1.11
0.00
0.00
0.00
0.00
0.00
0.00
0.00
0.00
0.00
0.00
0.00
0.00
1.27
10.39
49.58
76.72
95.30
102.48
101.75
92.45
73.54
43.95
8.30
0.95
0.00
0.00
0.00
0.00
0.00
0.00
0.00
0.00
0.00
0.00
0.00
0.00
1.53
11.07
37.39
58.60
90.82
96.14
83.08
75.07
69.39
44.22
8.15
1.28
0.00
0.00
0.00
0.00
0.00
0.00
0.00
0.00
0.00
0.00
0.00
0.00
1.17
11.12
49.60
75.42
92.87
100.78
100.58
80.47
51.85
27.19
6.48
0.70
0.00
0.00
0.00
0.00
0.00
0.00
0.00
0.00
0.00
0.00
0.00
0.00
0.68
9.58
49.11
52.50
55.33
51.74
51.73
42.33
55.57
74.76
5.01
1.29
0.00
0.00
0.00
0.00
0.00
0.00
0.00
0.00
0.00
0.00
0.00
0.00
0.64
5.70
21.79
62.72
54.56
84.99
83.21
77.33
34.65
16.92
5.15
0.95
0.00
0.00
0.00
0.00
0.00
0.00
0.00
0.00
0.00
0.00
0.00
0.00
1.62
11.20
41.11
56.21
49.63
60.58
89.14
66.56
32.00
34.20
9.51
1.33
0.00
0.00
0.00
0.00
0.00
0.00
0.00
0.00
0.00
0.00
0.00
0.00
1.11
8.12
43.09
72.69
90.76
98.13
92.66
88.54
69.60
38.95
12.10
1.08
0.00
0.00
0.00
0.00
0.00
0.00
0.00
0.00
0.00
0.00
0.00
0.00
0.92
4.80
9.48
14.38
43.18
56.30
83.93
43.50
62.97
35.68
9.49
1.22
0.00
0.00
0.00
0.00
0.00
0.00
0.00
0.00
0.00
0.00
0.00
0.00
0.00
4.06
12.69
15.37
12.33
20.56
28.24
16.12
24.62
13.91
7.40
1.62
0.00
0.00
0.00
0.00
0.00
0.00
0.00
0.00
0.00
0.00
0.00
0.00
0.97
5.97
24.69
34.13
24.33
54.64
64.67
49.55
53.64
31.80
9.68
1.63
0.00
0.00
0.00
0.00
0.00
0.00
0.00
0.00
0.00
0.00
0.00
0.00
1.18
7.73
36.21
63.52
58.79
83.90
34.24
48.58
56.38
41.81
15.97
1.59
0.00
0.00
0.00
0.00
0.00
0.00
0.00
0.00
0.00
0.00
0.00
0.00
1.58
16.18
55.90
84.38
105.30
115.91
115.34
105.33
86.15
53.19
14.60
1.69
0.00
0.00
0.00
0.00
0.00
0.00
0.00
0.00
0.00
0.00
0.00
0.00
1.77
17.48
57.51
85.49
104.94
113.87
112.82
102.57
83.98
54.40
16.51
1.86
0.00
0.00
0.00
0.00
0.00
0.00
0.00
0.00
0.00
0.00
0.00
0.00
1.80
18.37
57.04
84.19
103.59
111.12
109.14
99.15
80.70
52.14
16.14
1.74
0.00
0.00
0.00
0.00
0.00
0.00
0.00
0.00
0.00
0.00
0.00
0.00
1.67
11.18
27.65
36.01
38.34
37.41
26.81
26.21
28.52
14.09
5.92
2.00
0.00
0.00
0.00
0.00
0.00
0.00
0.00
0.00
0.00
0.00
0.00
0.00
1.66
14.83
48.81
87.00
101.84
95.40
107.77
99.18
82.05
53.62
17.72
1.99
0.00
0.00
0.00
0.00
0.00
0.00
0.00
0.00
0.00
0.00
0.00
0.00
2.01
19.73
58.46
86.51
105.38
113.13
111.08
101.78
83.92
54.38
17.66
2.15
0.00
0.00
0.00
0.00
0.00
0.00
0.00
0.00
0.00
0.00
0.00
0.00
2.06
20.79
59.52
86.51
102.71
111.39
108.54
97.70
74.77
43.80
14.33
1.85
0.00
0.00
0.00
0.00
0.00
0.00
0.00
0.00
0.00
0.00
0.00
0.00
1.11
6.04
17.88
36.39
76.81
53.71
39.95
39.68
21.62
25.55
9.49
1.63
0.00
0.00
0.00
0.00
0.00
0.00
0.00
0.00
0.00
0.00
0.00
0.00
1.10
4.77
11.23
9.74
14.10
10.30
19.47
16.40
11.70
5.72
3.78
0.90
0.00
0.00
0.00
0.00
0.00
0.00
0.00
0.00
0.00
0.00
0.00
0.00
1.99
14.13
39.00
64.49
93.10
74.93
49.89
55.28
57.96
18.34
5.82
1.49
0.00
0.00
0.00
0.00
0.00
0.00
0.00
0.00
0.00
0.00
0.00
0.00
1.85
12.06
52.07
86.29
96.57
78.38
86.99
99.66
90.54
48.27
21.88
2.43
0.00
0.00
0.00
0.00
0.00
0.00
0.00
0.00
0.00
0.00
0.00
0.00
2.35
19.35
58.23
85.87
88.71
27.17
64.65
31.81
56.33
55.73
14.38
2.45
0.00
0.00
0.00
0.00
0.00
0.00
0.00
0.00
0.00
0.00
0.00
0.00
2.20
6.72
16.57
22.59
17.43
45.92
17.32
89.05
73.30
34.53
19.21
2.72
0.00
0.00
0.00
0.00
0.00
0.00
0.00
0.00
0.00
0.00
0.00
0.00
2.47
24.64
61.15
87.61
107.93
113.13
96.78
72.01
64.32
40.72
21.79
2.77
0.00
0.00
0.00
0.00
0.00
0.00
0.00
0.00
0.00
0.00
0.00
0.00
2.79
25.69
62.85
58.46
109.56
117.18
113.98
108.65
88.72
58.93
17.55
2.87
0.00
0.00
0.00
0.00
0.00
0.00
0.00
0.00
0.00
0.00
0.00
0.00
1.39
3.94
9.82
31.14
49.69
70.20
22.61
9.04
6.94
3.93
3.53
1.03
0.00
0.00
0.00
0.00
0.00
0.00
0.00
0.00
0.00
0.00
0.00
0.00
1.84
3.75
7.76
14.55
52.43
39.69
9.39
64.02
23.06
13.43
6.35
2.83
0.00
0.00
0.00
0.00
0.00
0.00
0.00
0.00
0.00
0.00
0.00
0.00
3.28
27.31
65.11
93.14
112.50
121.39
118.76
108.31
88.82
60.39
24.51
3.05
0.00
0.00
0.00
0.00
0.00
0.00
0.00
0.00
0.00
0.00
0.00
0.00
3.48
25.05
53.86
84.82
103.91
98.96
108.31
100.27
75.83
60.44
14.41
3.67
0.00
0.00
0.00
0.00
0.00
0.00
0.00
0.00
0.00
0.00
0.00
0.00
4.56
27.26
52.01
77.37
88.05
105.20
96.78
103.26
74.45
56.74
20.37
2.92
0.00
0.00
0.00
0.00
0.00
0.00
0.00
0.00
0.00
0.00
0.00
0.00
3.73
27.97
61.14
91.57
107.97
114.82
101.94
74.96
69.21
24.04
7.12
2.49
0.00
0.00
0.00
0.00
0.00
0.00
0.00
0.00
0.00
0.00
0.00
0.00
2.97
13.52
17.25
40.04
94.31
111.10
105.68
100.87
83.38
55.64
22.85
3.38
0.00
0.00
0.00
0.00
0.00
0.00
0.00
0.00
0.00
0.00
0.00
0.00
4.03
27.55
61.78
87.19
105.04
111.43
109.42
99.40
82.94
56.67
23.35
3.23
0.00
0.00
0.00
0.00
0.00
0.00
0.00
0.00
0.00
0.00
0.00
0.00
3.18
10.94
48.54
65.61
105.69
109.20
100.73
95.97
82.85
51.22
13.90
2.72
0.00
0.00
0.00
0.00
0.00
0.00
0.00
0.00
0.00
0.00
0.00
0.00
3.24
11.46
33.18
80.15
37.07
26.17
42.50
91.55
65.27
42.51
18.66
3.13
0.00
0.00
0.00
0.00
0.00
0.00
0.00
0.00
0.00
0.00
0.00
0.00
4.85
29.45
63.29
88.40
105.20
108.87
109.11
101.61
84.76
56.63
23.91
4.13
0.00
0.00
0.00
0.00
0.00
0.00
0.00
0.00
0.00
0.00
0.00
0.00
5.55
25.48
58.41
86.54
107.15
113.82
112.53
98.89
77.96
49.74
20.32
4.41
0.00
0.00
0.00
0.00
0.00
0.00
0.00
0.00
0.00
0.00
0.00
0.00
5.21
31.84
65.10
89.99
107.07
113.31
112.12
101.90
84.21
57.98
25.09
3.95
0.00
0.00
0.00
0.00
0.00
0.00
0.00
0.00
0.00
0.00
0.00
0.00
6.79
14.85
49.81
75.50
101.72
59.58
96.82
81.03
81.92
57.34
24.51
3.10
0.00
0.00
0.00
0.00
0.00
0.00
0.00
0.00
0.00
0.00
0.00
0.00
3.70
14.98
34.43
47.10
62.66
69.59
76.65
64.06
46.84
31.96
11.48
3.48
0.00
0.00
0.00
0.00
0.00
0.00
0.00
0.00
0.00
0.00
0.00
0.00
2.67
5.36
9.95
23.94
55.76
83.72
49.23
111.86
90.52
58.84
24.90
4.43
0.00
0.00
0.00
0.00
0.00
0.00
0.00
0.00
0.00
0.00
0.00
0.05
6.15
34.74
68.11
92.24
109.70
114.28
105.53
76.04
56.60
31.84
10.64
3.52
0.00
0.00
0.00
0.00
0.00
0.00
0.00
0.00
0.00
0.00
0.00
0.00
6.41
34.79
68.60
93.42
110.87
117.09
115.16
105.77
79.93
52.01
17.27
3.00
0.00
0.00
0.00
0.00
0.00
0.00
0.00
0.00
0.00
0.00
0.00
0.05
6.38
32.34
63.90
90.10
83.92
33.06
13.64
9.38
7.39
8.17
3.85
2.97
0.00
0.00
0.00
0.00
0.00
0.00
0.00
0.00
0.00
0.00
0.00
0.00
3.32
4.92
9.45
34.11
46.29
22.58
29.83
52.50
66.77
29.34
13.25
4.93
0.00
0.00
0.00
0.00
0.00
0.00
0.00
0.00
0.00
0.00
0.00
0.00
3.06
19.85
69.58
83.71
104.61
122.64
91.78
107.51
89.05
59.03
31.85
5.38
0.00
0.00
0.00
0.00
0.00
0.00
0.00
0.00
0.00
0.00
0.00
0.47
7.99
39.16
72.87
97.69
115.56
121.79
120.95
111.11
93.20
64.91
29.18
5.24
0.00
0.00
0.00
0.00
0.00
0.00
0.00
0.00
0.00
0.00
0.00
0.45
8.01
38.44
72.69
98.19
114.38
120.09
106.82
103.79
62.12
31.77
15.70
3.44
0.00
0.00
0.00
0.00
0.00
0.00
0.00
0.00
0.00
0.00
0.00
0.29
7.78
36.29
70.44
94.46
109.78
115.90
115.40
105.74
87.45
60.32
27.12
5.08
0.00
0.00
0.00
0.00
0.00
0.00
0.00
0.00
0.00
0.00
0.00
0.51
8.24
38.01
71.00
94.04
108.27
115.52
111.88
104.66
85.51
59.46
27.22
5.06
0.06
0.00
0.00
0.00
0.00
0.00
0.00
0.00
0.00
0.00
0.00
0.64
8.44
38.45
71.07
93.85
109.27
114.40
111.75
103.16
86.69
60.84
27.52
4.99
0.00
0.00
0.00
0.00
0.00
0.00
0.00
0.00
0.00
0.00
0.00
0.68
8.07
36.02
63.71
93.55
106.12
110.75
102.71
98.89
87.86
60.52
27.00
4.75
0.00
0.00
0.00
0.00
0.00
0.00
0.00
0.00
0.00
0.00
0.00
0.59
7.46
28.12
53.51
60.69
102.87
111.16
114.26
95.72
65.20
42.78
13.22
4.32
0.06
0.00
0.00
0.00
0.00
0.00
0.00
0.00
0.00
0.00
0.00
0.70
7.72
31.91
56.82
95.01
107.65
121.73
99.68
47.82
31.14
21.85
10.63
4.40
0.32
0.00
0.00
0.00
0.00
0.00
0.00
0.00
0.00
0.00
0.00
1.02
9.68
41.28
73.08
96.01
112.52
118.73
116.48
107.99
89.16
63.56
29.13
5.12
0.19
0.00
0.00
0.00
0.00
0.00
0.00
0.00
0.00
0.00
0.00
1.25
8.01
39.36
57.84
84.58
110.50
117.38
115.28
105.97
87.10
50.38
29.00
4.74
0.13
0.00
0.00
0.00
0.00
0.00
0.00
0.00
0.00
0.00
0.00
1.12
9.57
41.30
73.30
95.41
110.39
114.89
110.08
101.94
86.51
60.98
28.02
5.42
0.34
0.00
0.00
0.00
0.00
0.00
0.00
0.00
0.00
0.00
0.00
1.17
10.75
43.09
74.74
96.95
111.57
116.05
113.06
103.96
86.95
61.45
28.62
5.21
0.47
0.00
0.00
0.00
0.00
0.00
0.00
0.00
0.00
0.00
0.00
0.95
12.39
30.65
67.27
79.40
89.83
105.15
99.14
78.41
49.60
38.85
12.18
3.90
0.00
0.00
0.00
0.00
0.00
0.00
0.00
0.00
0.00
0.00
0.00
0.85
9.47
24.47
48.26
57.41
51.93
65.40
60.24
68.57
27.60
12.60
6.85
3.44
0.37
0.00
0.00
0.00
0.00
0.00
0.00
0.00
0.00
0.00
0.00
1.30
11.05
42.35
72.33
93.74
108.26
113.92
112.03
102.42
86.34
62.50
28.81
4.01
0.43
0.00
0.00
0.00
0.00
0.00
0.00
0.00
0.00
0.00
0.00
1.45
12.35
44.09
73.91
96.30
112.66
118.31
117.57
108.42
90.20
64.88
28.31
5.85
0.37
0.00
0.00
0.00
0.00
0.00
0.00
0.00
0.00
0.00
0.00
1.31
11.90
37.94
73.33
99.60
114.28
118.81
116.74
106.59
89.41
62.48
28.97
5.45
0.43
0.00
0.00
0.00
0.00
0.00
0.00
0.00
0.00
0.00
0.00
1.61
12.13
44.32
74.92
92.92
110.18
115.20
114.81
105.48
88.64
62.11
29.04
5.60
0.43
0.00
0.00
0.00
0.00
0.00
0.00
0.00
0.00
0.00
0.00
1.69
9.95
37.42
69.03
90.29
101.53
116.79
112.22
104.08
80.54
55.44
30.46
6.35
0.41
0.00
0.00
0.00
0.00
0.00
0.00
0.00
0.00
0.00
0.00
1.48
11.03
48.31
69.47
92.75
110.35
114.91
112.21
102.09
78.12
53.21
19.39
5.31
0.61
0.00
0.00
0.00
0.00
0.00
0.00
0.00
0.00
0.00
0.00
1.72
12.98
45.11
76.41
97.24
112.36
117.01
114.31
97.03
87.89
60.75
27.86
4.92
0.51
0.00
0.00
0.00
0.00
0.00
0.00
0.00
0.00
0.00
0.00
2.11
6.81
30.23
47.59
82.07
87.08
98.78
78.88
71.72
59.77
61.45
27.88
5.69
0.54
0.00
0.00
0.00
0.00
0.00
0.00
0.00
0.00
0.00
0.00
2.34
21.14
51.63
75.94
92.42
107.09
115.14
111.15
104.53
86.73
60.96
28.28
5.69
0.46
0.00
0.00
0.00
0.00
0.00
0.00
0.00
0.00
0.00
0.00
1.94
10.01
32.59
74.09
96.20
109.75
108.80
100.33
73.40
82.59
60.32
24.24
8.77
0.88
0.00
0.00
0.00
0.00
0.00
0.00
0.00
0.00
0.00
0.00
2.10
13.78
46.73
75.72
96.26
106.38
110.95
114.37
102.30
73.27
62.55
28.67
6.58
0.57
0.00
0.00
0.00
0.00
0.00
0.00
0.00
0.00
0.00
0.00
2.50
14.05
47.19
76.21
95.66
106.46
112.27
110.30
101.48
85.07
59.91
19.39
4.37
0.46
0.00
0.00
0.00
0.00
0.00
0.00
0.00
0.00
0.00
0.00
2.43
15.12
40.66
72.74
95.30
92.04
114.50
84.34
80.16
85.85
58.09
28.73
4.57
0.95
0.00
0.00
0.00
0.00
0.00
0.00
0.00
0.00
0.00
0.00
2.51
14.62
50.19
82.26
105.17
121.12
126.80
124.53
114.59
94.63
66.98
31.94
6.23
0.87
0.00
0.00
0.00
0.00
0.00
0.00
0.00
0.00
0.00
0.00
2.47
15.79
50.58
63.25
93.34
119.60
67.58
106.84
90.63
74.58
52.31
25.45
5.59
0.68
0.00
0.00
0.00
0.00
0.00
0.00
0.00
0.00
0.00
0.00
1.82
5.16
19.60
74.01
78.80
106.17
118.85
105.03
92.84
94.70
42.17
12.33
7.11
0.93
0.00
0.00
0.00
0.00
0.00
0.00
0.00
0.00
0.00
0.00
2.64
16.28
51.37
81.15
100.00
115.93
120.52
118.60
109.82
91.26
63.94
30.58
6.28
0.99
0.00
0.00
0.00
0.00
0.00
0.00
0.00
0.00
0.00
0.00
3.03
16.71
51.77
81.44
101.08
107.93
118.70
111.26
104.05
85.65
58.26
24.91
6.20
0.87
0.00
0.00
0.00
0.00
0.00
0.00
0.00
0.00
0.00
0.00
2.57
15.67
49.72
77.70
107.30
113.01
95.14
94.76
83.35
79.27
52.27
28.11
6.87
0.76
0.00
0.00
0.00
0.00
0.00
0.00
0.00
0.00
0.00
0.00
3.60
17.49
51.06
80.41
102.62
114.51
107.68
90.34
65.52
52.84
26.42
6.11
3.02
0.50
0.00
0.00
0.00
0.00
0.00
0.00
0.00
0.00
0.00
0.00
3.04
16.46
41.32
75.18
103.17
92.70
113.57
109.59
101.18
93.09
65.63
31.73
6.22
1.21
0.00
0.00
0.00
0.00
0.00
0.00
0.00
0.00
0.00
0.00
3.15
17.84
53.67
82.81
102.82
115.44
119.35
116.88
106.12
89.43
61.90
30.73
7.30
1.39
0.00
0.00
0.00
0.00
0.00
0.00
0.00
0.00
0.00
0.00
3.10
18.37
54.25
82.12
101.46
114.06
116.96
114.70
106.29
87.82
60.66
26.65
8.26
1.16
0.00
0.00
0.00
0.00
0.00
0.00
0.00
0.00
0.00
0.00
3.10
19.07
47.68
81.11
101.26
115.11
118.79
115.98
107.73
90.87
65.11
31.49
6.65
1.08
0.00
0.00
0.00
0.00
0.00
0.00
0.00
0.00
0.00
0.00
3.41
18.24
53.35
81.80
101.92
115.49
119.25
116.68
108.58
91.93
66.29
32.65
6.83
1.31
0.00
0.00
0.00
0.00
0.00
0.00
0.00
0.00
0.00
0.00
3.50
18.66
53.71
81.57
102.21
116.44
119.85
116.67
107.78
90.69
64.64
31.74
6.65
1.36
0.00
0.00
0.00
0.00
0.00
0.00
0.00
0.00
0.00
0.00
3.47
18.71
52.57
74.94
82.33
105.23
119.92
46.74
34.64
23.48
38.85
16.99
4.18
1.36
0.00
0.00
0.00
0.00
0.00
0.00
0.00
0.00
0.00
0.00
3.66
18.46
52.74
80.19
99.69
112.43
116.47
114.33
105.30
88.26
62.98
31.26
6.69
1.45
0.00
0.00
0.00
0.00
0.00
0.00
0.00
0.00
0.00
0.00
3.71
18.56
52.55
79.56
98.23
110.30
113.67
111.46
102.37
86.68
62.20
31.06
6.69
1.40
0.00
0.00
0.00
0.00
0.00
0.00
0.00
0.00
0.00
0.00
3.73
18.62
52.34
78.83
97.31
109.17
112.39
110.93
100.95
84.91
61.52
30.77
6.57
1.43
0.00
0.00
0.00
0.00
0.00
0.00
0.00
0.00
0.00
0.00
3.79
19.34
53.95
81.33
100.15
111.76
115.37
112.88
104.44
87.50
62.01
31.26
7.16
1.88
0.00
0.00
0.00
0.00
0.00
0.00
0.00
0.00
0.00
0.00
3.72
19.45
54.05
81.28
99.82
112.26
116.15
113.08
104.89
88.72
63.02
30.31
6.01
1.23
0.00
0.00
0.00
0.00
0.00
0.00
0.00
0.00
0.00
0.00
3.40
11.50
29.43
22.64
28.59
39.25
12.90
15.31
23.09
68.78
64.02
18.86
7.45
1.47
0.00
0.00
0.00
0.00
0.00
0.00
0.00
0.00
0.00
0.16
4.18
19.94
54.32
79.63
89.38
90.65
74.27
103.36
107.00
88.39
60.59
31.71
7.21
1.56
0.00
0.00
0.00
0.00
0.00
0.00
0.00
0.00
0.00
0.19
4.07
19.59
54.10
81.78
101.45
113.77
118.13
115.14
105.79
89.03
63.36
32.61
7.87
1.70
0.00
0.00
0.00
0.00
0.00
0.00
0.00
0.00
0.00
0.27
3.91
19.88
55.34
78.29
76.24
82.88
86.60
62.60
59.66
74.12
48.43
23.06
6.84
1.44
0.00
0.00
0.00
0.00
0.00
0.00
0.00
0.00
0.00
0.34
4.19
20.61
53.95
82.39
101.02
112.70
115.95
113.83
105.10
88.73
63.79
32.29
7.13
1.73
0.00
0.00
0.00
0.00
0.00
0.00
0.00
0.00
0.00
0.50
4.40
21.05
53.86
81.00
99.81
111.84
115.38
113.26
104.41
87.28
61.30
31.90
7.40
1.90
0.00
0.00
0.00
0.00
0.00
0.00
0.00
0.00
0.00
0.39
4.27
20.92
53.85
81.76
99.71
106.57
108.13
99.97
98.66
64.91
37.92
21.70
6.58
1.71
0.00
0.00
0.00
0.00
0.00
0.00
0.00
0.00
0.00
0.05
5.38
17.91
40.02
53.84
60.79
70.45
66.95
78.39
92.26
93.04
52.96
26.21
10.44
1.91
0.00
0.00
0.00
0.00
0.00
0.00
0.00
0.00
0.00
0.44
4.63
9.82
15.82
37.66
97.62
119.02
123.45
112.87
96.11
59.38
64.80
34.06
7.67
1.99
0.00
0.00
0.00
0.00
0.00
0.00
0.00
0.00
0.00
0.23
4.15
8.38
8.19
72.41
95.10
113.48
117.21
114.67
105.21
92.25
66.43
29.84
4.32
1.97
0.00
0.00
0.00
0.00
0.00
0.00
0.00
0.00
0.00
0.57
4.19
21.17
55.11
83.06
98.42
104.53
101.41
87.14
100.74
67.78
38.85
20.97
7.46
1.85
0.00
0.00
0.00
0.00
0.00
0.00
0.00
0.00
0.00
0.43
4.06
22.09
48.80
38.24
88.87
95.94
100.87
98.78
108.01
75.16
62.79
25.32
8.21
1.81
0.00
0.00
0.00
0.00
0.00
0.00
0.00
0.00
0.00
0.55
5.21
22.92
54.63
80.42
101.36
113.34
117.68
114.48
104.56
88.61
63.47
37.62
5.60
1.73
0.00
0.00
0.00
0.00
0.00
0.00
0.00
0.00
0.00
0.69
5.06
17.93
50.26
70.27
68.91
114.22
117.64
107.98
79.84
29.98
22.69
31.50
10.73
2.16
0.00
0.00
0.00
0.00
0.00
0.00
0.00
0.00
0.00
0.73
4.40
21.40
54.21
81.39
100.53
112.11
115.61
112.66
103.61
87.91
62.87
32.54
7.75
2.14
0.00
0.00
0.00
0.00
0.00
0.00
0.00
0.00
0.00
0.76
4.27
21.05
53.35
79.01
97.64
107.80
111.04
111.09
101.37
85.94
62.30
32.09
7.68
1.97
0.00
0.00
0.00
0.00
0.00
0.00
0.00
0.00
0.00
0.73
4.44
20.96
55.63
72.59
92.54
108.75
89.42
103.58
95.37
87.06
55.32
29.00
9.08
1.99
0.00
0.00
0.00
0.00
0.00
0.00
0.00
0.00
0.00
0.31
5.40
16.68
42.59
62.84
83.41
100.02
110.15
114.52
107.36
91.00
65.99
35.16
10.82
2.60
0.00
0.00
0.00
0.00
0.00
0.00
0.00
0.00
0.00
0.91
4.79
22.84
56.35
84.05
105.01
117.54
113.36
117.75
111.74
93.42
58.96
35.01
10.82
2.69
0.00
0.00
0.00
0.00
0.00
0.00
0.00
0.00
0.00
0.92
4.67
22.92
57.41
84.35
103.55
113.46
118.30
115.88
105.91
91.29
60.90
35.70
9.50
2.20
0.00
0.00
0.00
0.00
0.00
0.00
0.00
0.00
0.00
0.26
4.12
15.68
33.79
59.42
41.67
59.49
61.15
56.62
59.71
46.45
37.13
20.10
6.78
2.39
0.00
0.00
0.00
0.00
0.00
0.00
0.00
0.00
0.00
0.71
6.10
19.60
35.78
81.57
95.25
86.50
114.50
126.52
113.20
83.50
32.26
20.13
6.72
2.59
0.00
0.00
0.00
0.00
0.00
0.00
0.00
0.00
0.00
1.08
4.60
22.82
57.88
85.28
90.39
103.11
105.71
115.85
111.40
93.83
68.55
36.32
8.81
2.85
0.00
0.00
0.00
0.00
0.00
0.00
0.00
0.00
0.00
0.58
4.79
18.44
45.21
87.06
73.09
89.99
124.89
90.06
62.75
36.11
21.79
12.08
6.94
2.30
0.00
0.00
0.00
0.00
0.00
0.00
0.00
0.00
0.00
0.82
4.61
23.35
59.20
93.18
94.90
102.57
129.96
117.35
57.24
77.04
67.27
36.15
8.77
2.65
0.00
0.00
0.00
0.00
0.00
0.00
0.00
0.00
0.00
1.25
4.51
23.29
58.55
85.46
104.50
116.91
120.59
118.04
108.32
92.27
67.23
35.85
8.65
2.60
0.00
0.00
0.00
0.00
0.00
0.00
0.00
0.00
0.00
1.15
4.60
23.03
57.89
84.78
102.89
114.50
118.97
116.89
107.75
91.54
66.68
36.70
8.94
2.57
0.00
0.00
0.00
0.00
0.00
0.00
0.00
0.00
0.00
1.34
4.69
23.25
45.19
83.88
103.99
106.63
123.11
121.88
111.13
93.80
67.99
36.11
9.04
2.58
0.00
0.00
0.00
0.00
0.00
0.00
0.00
0.00
0.00
1.18
5.25
11.19
39.46
62.08
86.42
123.67
124.03
122.45
112.58
94.66
69.77
37.37
8.95
2.73
0.00
0.00
0.00
0.00
0.00
0.00
0.00
0.00
0.00
1.37
4.62
23.22
57.92
84.69
99.00
113.59
122.53
118.55
111.02
88.29
65.94
36.96
9.23
2.60
0.00
0.00
0.00
0.00
0.00
0.00
0.00
0.00
0.00
1.18
4.55
22.28
55.36
79.59
98.94
110.02
114.01
111.20
101.77
81.73
59.66
32.12
8.25
2.77
0.00
0.00
0.00
0.00
0.00
0.00
0.00
0.00
0.00
1.43
4.54
20.20
51.32
75.69
94.34
105.30
108.09
105.44
97.21
82.32
60.13
32.36
8.42
2.65
0.00
0.00
0.00
0.00
0.00
0.00
0.00
0.00
0.00
1.25
4.70
20.97
51.79
76.65
95.13
106.09
109.55
108.31
99.56
83.30
61.47
33.59
8.79
2.68
0.00
0.00
0.00
0.00
0.00
0.00
0.00
0.00
0.00
1.33
4.83
20.69
50.82
76.09
95.04
105.16
110.19
108.74
99.65
83.79
61.37
33.17
8.99
2.70
0.00
0.00
0.00
0.00
0.00
0.00
0.00
0.00
0.00
1.24
6.94
25.34
46.41
77.94
94.22
105.67
106.64
109.57
98.17
83.64
60.75
33.79
8.97
2.85
0.00
0.00
0.00
0.00
0.00
0.00
0.00
0.00
0.00
1.42
4.59
20.46
50.10
74.69
93.63
104.24
107.20
106.94
96.36
82.44
60.10
32.50
8.76
2.99
0.00
0.00
0.00
0.00
0.00
0.00
0.00
0.00
0.00
1.25
4.65
20.42
49.97
73.61
92.94
104.18
107.72
105.72
97.63
80.63
46.59
33.41
11.87
3.13
0.00
0.00
0.00
0.00
0.00
0.00
0.00
0.00
0.00
1.12
3.93
14.90
34.54
51.24
64.01
71.46
73.71
72.45
80.39
81.25
60.08
32.55
8.94
3.00
0.00
0.00
0.00
0.00
0.00
0.00
0.00
0.00
0.00
1.39
4.61
19.80
50.13
75.48
92.96
102.67
109.44
106.58
99.04
83.47
61.65
33.17
10.58
3.19
0.00
0.00
0.00
0.00
0.00
0.00
0.00
0.00
0.00
1.12
4.67
19.97
31.35
50.57
66.20
74.81
70.21
74.91
71.80
57.58
44.28
24.75
8.51
3.61
0.06
0.00
0.00
0.00
0.00
0.00
0.00
0.00
0.00
1.30
3.93
16.44
38.79
56.55
69.38
76.77
79.48
77.49
71.68
60.68
43.86
23.76
6.28
2.94
0.00
0.00
0.00
0.00
0.00
0.00
0.00
0.00
0.00
1.34
3.96
16.35
32.81
48.55
62.45
67.50
71.88
76.74
68.55
61.63
44.33
23.46
6.94
3.60
0.19
0.00
0.00
0.00
0.00
0.00
0.00
0.00
0.00
0.91
5.49
15.93
38.99
53.83
66.29
73.60
76.13
73.87
67.86
50.49
13.59
24.64
7.45
2.74
0.00
0.00
0.00
0.00
0.00
0.00
0.00
0.00
0.00
1.22
3.94
15.11
36.30
53.57
65.03
70.87
77.42
63.00
69.84
60.41
43.15
17.49
8.61
2.66
0.00
0.00
0.00
0.00
0.00
0.00
0.00
0.00
0.00
1.43
4.80
22.64
24.20
48.25
59.89
73.54
71.60
74.21
64.79
58.71
43.66
23.47
6.36
3.00
0.00
0.00
0.00
0.00
0.00
0.00
0.00
0.00
0.00
1.62
4.59
8.84
31.88
43.87
52.64
44.65
33.94
39.12
51.37
39.60
27.30
19.35
7.45
3.14
0.29
0.00
0.00
0.00
0.00
0.00
0.00
0.00
0.00
1.33
3.99
15.41
27.34
0.00
19.01
36.42
37.67
36.96
34.55
29.13
21.12
10.73
4.09
3.08
0.00
0.00
0.00
0.00
0.00
0.00
0.00
0.00
0.00
0.94
3.50
7.25
17.03
25.56
31.92
35.85
37.11
36.12
33.39
28.33
20.61
10.39
3.95
2.93
0.00
0.00
0.00
0.00
0.00
0.00
0.00
0.00
0.00
0.97
3.50
6.93
16.54
24.62
31.72
35.44
36.53
35.69
33.49
28.61
20.53
10.30
3.98
2.75
0.00
0.00
0.00
0.00
0.00
0.00
0.00
0.00
0.00
0.87
3.50
6.97
15.58
24.89
32.15
36.45
37.80
36.78
34.37
28.57
20.36
10.78
4.19
2.97
0.00
0.00
0.00
0.00
0.00
0.00
0.00
0.00
0.00
1.31
3.47
2.62
0.00
0.00
0.00
0.00
0.00
0.00
0.00
0.00
0.00
0.00
0.00
0.00
0.00
0.00
0.00
0.00
0.00
0.00
0.00
0.00
0.00
0.00
0.00
0.00
0.00
0.00
0.00
0.00
0.00
0.00
0.00
0.00
0.00
0.00
0.00
0.00
0.00
0.00
0.00
0.00
0.00
0.00
0.00
0.00
0.00
0.00
0.00
0.00
0.00
0.00
0.00
0.00
0.00
0.00
0.00
0.00
0.00
0.00
0.00
0.00
0.00
0.00
0.00
0.00
0.00
0.00
0.00
0.00
0.00
0.00
0.00
0.00
0.00
0.00
0.00
0.00
0.00
0.00
0.00
0.00
0.00
0.00
0.00
0.00
0.00
0.00
0.00
0.00
0.00
0.00
0.00
0.00
0.00
0.00
0.00
0.00
0.00
0.00
0.00
0.00
0.00
0.00
0.00
0.00
0.00
0.00
0.00
0.00
0.00
0.00
0.00
0.00
0.00
0.00
0.00
0.00
0.00
0.00
0.00
0.00
0.00
0.00
0.00
0.00
0.00
0.00
0.00
0.00
0.00
0.00
0.00
0.00
0.00
0.00
0.00
0.00
0.00
0.00
0.00
0.00
0.00
0.00
0.00
0.00
0.00
0.00
0.00
0.00
0.00
0.00
0.00
0.00
0.00
0.00
0.00
0.00
0.00
0.00
0.00
0.00
0.00
0.00
0.00
0.00
0.00
0.00
0.00
0.00
0.00
0.00
0.00
0.00
0.00
0.00
0.00
0.00
0.00
0.00
0.00
0.00
0.00
0.00
0.00
0.00
0.00
0.00
0.00
0.00
0.00
0.00
0.00
0.00
0.00
0.00
0.00
0.00
0.00
0.00
0.00
0.00
0.00
0.00
0.00
0.00
0.00
0.00
0.00
0.00
0.00
0.00
0.00
0.00
0.00
0.00
0.00
0.00
0.00
0.00
0.00
0.00
0.00
0.00
0.00
0.00
0.00
0.00
0.00
0.00
0.00
0.00
0.00
0.00
0.00
0.00
0.00
0.00
0.00
0.00
0.00
0.00
0.00
0.00
0.00
0.00
0.00
0.00
0.00
0.00
0.00
0.00
0.00
0.00
0.00
0.00
0.00
0.00
0.00
0.00
0.00
0.00
0.00
0.00
0.00
0.00
0.00
0.00
0.00
0.00
0.00
0.00
0.00
0.00
0.00
0.00
0.00
0.00
0.00
0.00
0.00
0.00
0.00
0.00
0.00
0.00
0.00
0.00
0.00
0.00
0.00
0.00
0.00
0.00
0.00
0.00
0.00
0.00
0.00
0.00
0.00
0.00
0.00
0.00
0.00
0.00
0.00
0.00
0.00
0.00
0.00
0.00
0.00
0.00
0.00
0.00
0.00
0.00
0.00
0.00
0.00
0.00
0.00
0.00
0.00
0.00
0.00
0.00
0.00
0.00
0.00
0.00
0.00
0.00
0.00
0.00
0.00
0.00
0.00
3.17
106.72
120.33
127.64
127.26
116.59
96.40
76.43
42.71
11.90
1.43
0.00
0.00
0.00
0.00
0.00
0.00
0.00
0.00
0.00
0.43
2.70
22.55
57.67
87.23
109.45
125.17
129.32
129.97
120.81
102.29
76.62
43.21
12.17
1.38
0.00
0.00
0.00
0.00
0.00
0.00
0.00
0.00
0.00
0.46
2.64
23.73
59.73
89.72
112.40
127.02
131.02
129.64
120.88
103.29
77.16
43.48
11.89
1.44
0.03
0.00
0.00
0.00
0.00
0.00
0.00
0.00
0.00
0.44
2.59
23.74
59.56
89.36
111.02
125.92
130.73
128.78
119.21
101.93
76.35
43.10
12.05
1.44
0.03
0.00
0.00
0.00
0.00
0.00
0.00
0.00
0.00
0.28
2.61
22.49
56.55
85.93
108.18
122.84
127.46
125.75
116.49
96.65
74.73
42.14
11.87
1.49
0.03
0.00
0.00
0.00
0.00
0.00
0.00
0.00
0.00
0.29
3.86
17.37
63.21
91.75
109.78
118.34
120.10
130.31
116.22
86.72
72.65
31.31
12.46
4.09
0.10
0.00
0.00
0.00
0.00
0.00
0.00
0.00
0.00
0.41
1.94
24.08
60.76
89.69
114.39
128.99
134.21
131.50
122.04
104.46
79.18
44.60
12.64
1.41
0.03
0.00
0.00
0.00
0.00
0.00
0.00
0.00
0.00
0.33
2.84
23.13
57.87
87.15
108.25
124.94
130.60
127.59
117.88
100.90
75.52
42.30
12.06
1.46
0.00
0.00
0.00
0.00
0.00
0.00
0.00
0.00
0.00
0.30
2.72
21.80
50.83
86.16
87.22
75.14
130.28
123.95
107.15
88.05
79.58
51.99
17.53
1.46
0.00
0.00
0.00
0.00
0.00
0.00
0.00
0.00
0.00
0.05
1.84
9.50
30.90
63.66
97.85
45.83
104.94
126.60
117.54
99.70
76.08
30.47
11.94
1.32
0.00
0.00
0.00
0.00
0.00
0.00
0.00
0.00
0.00
0.08
2.54
13.57
46.39
84.12
104.50
93.63
93.51
98.57
112.99
51.73
24.65
18.88
5.75
0.95
0.00
0.00
0.00
0.00
0.00
0.00
0.00
0.00
0.00
0.19
2.66
21.13
53.11
78.38
105.46
120.41
127.18
124.59
115.46
96.64
74.65
42.41
12.04
1.41
0.00
0.00
0.00
0.00
0.00
0.00
0.00
0.00
0.00
0.12
5.18
18.44
44.30
81.16
102.46
118.78
125.57
122.63
117.54
98.81
74.52
40.91
11.18
1.42
0.00
0.00
0.00
0.00
0.00
0.00
0.00
0.00
0.00
0.23
2.65
20.03
52.12
80.37
101.80
116.51
122.86
122.01
113.61
97.53
73.24
41.09
11.36
1.32
0.00
0.00
0.00
0.00
0.00
0.00
0.00
0.00
0.00
0.18
4.01
14.64
49.32
80.24
102.69
117.61
122.32
122.13
118.04
99.72
73.61
40.86
11.03
1.37
0.00
0.00
0.00
0.00
0.00
0.00
0.00
0.00
0.00
0.15
2.95
20.60
42.12
98.03
128.14
128.01
122.71
130.20
90.74
89.77
87.56
49.21
13.46
2.34
0.00
0.00
0.00
0.00
0.00
0.00
0.00
0.00
0.00
0.21
2.95
22.53
38.03
103.17
130.99
149.65
156.94
156.95
131.40
102.35
73.97
43.39
14.00
1.56
0.00
0.00
0.00
0.00
0.00
0.00
0.00
0.00
0.00
0.18
3.86
29.73
48.77
60.70
79.24
99.25
104.07
160.58
134.15
123.61
92.35
51.18
14.31
2.82
0.00
0.00
0.00
0.00
0.00
0.00
0.00
0.00
0.00
0.17
3.00
23.13
67.64
105.33
132.41
149.46
156.74
157.62
146.49
125.99
93.76
51.97
14.27
1.33
0.00
0.00
0.00
0.00
0.00
0.00
0.00
0.00
0.00
0.34
2.72
20.94
65.40
102.19
129.41
148.27
155.37
154.10
142.51
121.22
90.41
51.42
13.78
1.86
0.00
0.00
0.00
0.00
0.00
0.00
0.00
0.00
0.00
0.08
2.64
12.03
55.16
61.05
88.61
65.67
87.12
123.22
56.25
67.98
84.45
49.35
14.46
1.13
0.00
0.00
0.00
0.00
0.00
0.00
0.00
0.00
0.00
0.00
3.63
14.37
22.14
84.34
137.84
152.51
157.75
155.53
142.42
122.98
92.76
52.48
16.41
2.29
0.00
0.00
0.00
0.00
0.00
0.00
0.00
0.00
0.00
0.00
1.52
25.31
66.65
92.20
142.61
139.92
152.20
152.39
145.48
124.68
92.82
51.65
14.86
1.74
0.00
0.00
0.00
0.00
0.00
0.00
0.00
0.00
0.00
0.11
8.68
26.88
66.75
103.83
129.99
148.58
155.17
153.24
144.42
126.28
86.29
46.38
17.77
2.76
0.00
0.00
0.00
0.00
0.00
0.00
0.00
0.00
0.00
0.02
1.87
17.57
67.80
102.74
130.39
149.12
155.68
154.61
145.22
122.52
92.98
51.30
14.99
1.89
0.00
0.00
0.00
0.00
0.00
0.00
0.00
0.00
0.00
0.10
4.20
25.20
67.13
104.44
132.59
149.89
156.13
156.17
147.18
126.36
95.51
53.23
15.38
1.82
0.03
0.00
0.00
0.00
0.00
0.00
0.00
0.00
0.00
0.00
6.19
27.59
57.59
97.07
131.19
152.30
161.22
159.46
150.04
131.18
100.00
56.83
18.92
2.53
0.00
0.00
0.00
0.00
0.00
0.00
0.00
0.00
0.00
0.05
3.67
17.34
22.24
43.12
122.42
128.58
156.78
129.53
132.18
114.21
78.77
35.56
20.10
2.92
0.00
0.00
0.00
0.00
0.00
0.00
0.00
0.00
0.00
0.00
3.62
18.68
63.67
102.30
133.08
151.85
159.98
156.15
140.32
110.47
103.36
8.71
1.22
0.44
0.00
0.00
0.00
0.00
0.00
0.00
0.00
0.00
0.00
0.00
1.34
9.28
25.22
54.20
98.12
126.47
132.50
97.66
151.60
130.59
45.45
9.73
4.31
3.58
0.00
0.00
0.00
0.00
0.00
0.00
0.00
0.00
0.00
0.00
2.41
22.23
65.62
104.09
132.26
152.03
159.18
152.62
146.40
124.30
92.95
51.61
15.75
1.43
0.00
0.00
0.00
0.00
0.00
0.00
0.00
0.00
0.00
0.00
3.81
20.40
64.55
102.36
130.12
148.89
155.48
154.44
145.59
125.89
86.71
44.14
12.84
1.87
0.00
0.00
0.00
0.00
0.00
0.00
0.00
0.00
0.00
0.00
4.91
15.63
45.00
98.25
125.40
142.64
149.00
151.55
143.95
126.88
67.09
31.10
10.15
1.24
0.00
0.00
0.00
0.00
0.00
0.00
0.00
0.00
0.00
0.00
5.17
25.86
64.19
105.83
129.60
144.49
151.65
155.94
145.10
124.55
90.88
51.03
10.62
1.36
0.00
0.00
0.00
0.00
0.00
0.00
0.00
0.00
0.00
0.00
3.32
24.89
46.27
101.14
128.01
140.45
155.09
153.79
142.47
122.10
93.86
33.50
16.65
2.78
0.00
0.00
0.00
0.00
0.00
0.00
0.00
0.00
0.00
0.00
1.28
11.25
23.20
19.45
24.42
40.80
28.49
25.28
79.58
124.50
92.78
50.34
18.17
1.00
0.00
0.00
0.00
0.00
0.00
0.00
0.00
0.00
0.00
0.00
4.58
37.51
58.93
97.94
118.86
133.17
148.60
156.63
145.40
121.57
80.22
22.19
4.54
0.97
0.00
0.00
0.00
0.00
0.00
0.00
0.00
0.00
0.00
0.00
2.79
22.50
66.90
105.05
131.95
150.47
157.90
155.01
146.60
129.68
63.09
57.35
20.66
1.43
0.00
0.00
0.00
0.00
0.00
0.00
0.00
0.00
0.00
0.00
2.05
26.08
37.82
48.72
49.70
105.08
122.43
89.94
92.84
105.80
88.05
37.57
9.86
0.82
0.00
0.00
0.00
0.00
0.00
0.00
0.00
0.00
0.00
0.00
4.24
26.36
71.63
108.28
107.49
156.51
163.32
157.99
142.79
105.95
52.30
19.65
6.55
0.87
0.00
0.00
0.00
0.00
0.00
0.00
0.00
0.00
0.00
0.00
3.08
22.55
64.02
104.45
136.56
153.23
162.15
151.91
126.63
118.41
64.84
45.29
10.05
1.08
0.00
0.00
0.00
0.00
0.00
0.00
0.00
0.00
0.00
0.00
1.89
22.74
66.01
108.17
137.03
155.54
161.75
159.35
148.30
126.37
92.86
48.86
11.23
0.87
0.00
0.00
0.00
0.00
0.00
0.00
0.00
0.00
0.00
0.00
1.92
22.65
69.13
108.10
135.52
154.21
157.62
157.34
146.89
124.89
91.79
48.65
10.74
0.85
0.00
0.00
0.00
0.00
0.00
0.00
0.00
0.00
0.00
0.00
1.72
22.44
68.63
107.76
135.33
153.40
157.05
158.97
146.89
125.44
92.73
49.68
10.66
0.82
0.00
0.00
0.00
0.00
0.00
0.00
0.00
0.00
0.00
0.00
1.76
22.11
68.08
107.04
135.54
153.72
159.64
157.86
148.89
128.50
93.87
49.56
10.80
0.81
0.00
0.00
0.00
0.00
0.00
0.00
0.00
0.00
0.00
0.00
1.89
22.31
67.33
106.11
134.63
153.50
159.79
155.73
144.17
121.38
87.87
49.28
19.09
0.73
0.00
0.00
0.00
0.00
0.00
0.00
0.00
0.00
0.00
0.00
1.98
21.67
66.63
104.62
135.19
155.32
161.33
157.91
147.73
125.11
90.67
45.90
9.67
0.83
0.00
0.00
0.00
0.00
0.00
0.00
0.00
0.00
0.00
0.00
1.67
21.67
65.41
104.92
111.30
139.34
128.88
162.97
86.22
71.74
52.60
37.19
13.21
0.73
0.00
0.00
0.00
0.00
0.00
0.00
0.00
0.00
0.00
0.00
1.56
22.31
67.72
107.47
135.34
154.38
160.27
157.93
146.73
124.97
90.44
46.69
9.63
0.69
0.00
0.00
0.00
0.00
0.00
0.00
0.00
0.00
0.00
0.00
1.53
22.25
67.71
107.62
134.19
151.56
156.63
152.26
142.66
121.68
87.98
45.28
9.22
0.67
0.00
0.00
0.00
0.00
0.00
0.00
0.00
0.00
0.00
0.00
1.57
21.91
66.97
105.03
132.90
151.57
156.57
154.32
143.84
123.37
89.46
46.02
9.30
0.62
0.00
0.00
0.00
0.00
0.00
0.00
0.00
0.00
0.00
0.00
1.94
21.82
66.86
105.62
132.34
153.13
158.73
154.30
141.36
115.75
73.98
44.77
5.98
0.52
0.00
0.00
0.00
0.00
0.00
0.00
0.00
0.00
0.00
0.00
1.68
20.75
63.83
102.26
130.17
150.68
154.18
153.95
142.09
119.73
84.45
41.59
8.22
0.54
0.00
0.00
0.00
0.00
0.00
0.00
0.00
0.00
0.00
0.00
1.57
18.78
58.69
102.15
110.36
90.11
120.21
160.44
146.42
113.69
85.65
43.34
8.65
0.49
0.00
0.00
0.00
0.00
0.00
0.00
0.00
0.00
0.00
0.00
1.37
20.41
63.36
100.78
134.80
155.22
161.68
158.40
145.94
121.24
85.01
41.72
6.61
0.43
0.00
0.00
0.00
0.00
0.00
0.00
0.00
0.00
0.00
0.00
1.44
21.00
63.33
94.69
132.14
152.55
160.02
156.16
142.66
117.08
84.49
43.85
7.92
0.57
0.00
0.00
0.00
0.00
0.00
0.00
0.00
0.00
0.00
0.00
1.28
19.69
61.44
100.76
130.82
150.65
158.01
154.31
142.13
118.69
83.13
39.50
7.05
0.44
0.00
0.00
0.00
0.00
0.00
0.00
0.00
0.00
0.00
0.00
1.37
19.90
62.83
101.98
106.40
147.56
153.89
153.12
141.66
118.09
82.45
39.14
6.88
0.49
0.00
0.00
0.00
0.00
0.00
0.00
0.00
0.00
0.00
0.00
2.16
24.58
60.52
107.42
135.83
153.48
160.03
157.23
145.84
122.24
85.32
40.96
6.62
0.40
0.00
0.00
0.00
0.00
0.00
0.00
0.00
0.00
0.00
0.00
1.22
21.40
64.69
105.53
133.35
152.66
156.59
155.25
144.82
121.87
85.02
41.78
9.74
0.50
0.00
0.00
0.00
0.00
0.00
0.00
0.00
0.00
0.00
0.00
1.46
21.48
66.83
105.48
135.29
152.68
166.70
153.07
145.12
120.01
83.29
39.21
6.67
0.36
0.00
0.00
0.00
0.00
0.00
0.00
0.00
0.00
0.00
0.00
0.95
19.65
65.92
104.81
132.04
151.69
157.28
153.75
142.44
122.68
84.70
28.96
4.14
0.14
0.00
0.00
0.00
0.00
0.00
0.00
0.00
0.00
0.00
0.00
1.22
21.59
66.02
105.21
134.12
152.62
158.94
155.81
142.55
118.80
81.73
39.05
6.57
0.33
0.00
0.00
0.00
0.00
0.00
0.00
0.00
0.00
0.00
0.00
1.29
21.24
65.45
104.17
132.20
151.09
157.63
154.42
141.34
118.44
83.07
38.98
6.53
0.26
0.00
0.00
0.00
0.00
0.00
0.00
0.00
0.00
0.00
0.00
1.14
20.63
65.96
105.43
132.46
152.96
153.48
152.31
140.57
116.98
80.67
36.17
6.99
0.13
0.00
0.00
0.00
0.00
0.00
0.00
0.00
0.00
0.00
0.00
1.31
20.93
57.42
95.55
130.79
150.24
156.59
153.65
125.60
99.33
68.27
32.94
5.52
0.11
0.00
0.00
0.00
0.00
0.00
0.00
0.00
0.00
0.00
0.00
0.85
8.99
35.96
46.25
116.92
125.49
157.08
151.33
138.58
112.65
79.97
36.23
5.18
0.13
0.00
0.00
0.00
0.00
0.00
0.00
0.00
0.00
0.00
0.00
0.82
7.82
25.20
107.45
132.36
150.15
148.78
152.91
137.45
94.17
81.73
36.44
4.94
0.16
0.00
0.00
0.00
0.00
0.00
0.00
0.00
0.00
0.00
0.00
1.02
20.90
65.45
105.77
134.11
155.09
88.99
129.80
92.41
81.64
86.00
38.30
4.92
0.11
0.00
0.00
0.00
0.00
0.00
0.00
0.00
0.00
0.00
0.00
0.93
21.00
65.69
102.95
138.89
136.94
144.24
143.27
132.00
112.56
75.82
36.23
4.84
0.03
0.00
0.00
0.00
0.00
0.00
0.00
0.00
0.00
0.00
0.00
0.62
15.67
65.73
111.07
115.57
156.19
161.42
158.16
128.58
107.77
59.61
20.41
4.29
0.06
0.00
0.00
0.00
0.00
0.00
0.00
0.00
0.00
0.00
0.00
0.70
23.04
68.02
87.44
98.30
168.82
152.09
123.54
141.44
125.76
81.55
34.73
4.22
0.03
0.00
0.00
0.00
0.00
0.00
0.00
0.00
0.00
0.00
0.00
0.95
21.81
68.22
108.80
135.18
155.95
161.99
157.47
143.05
119.19
81.81
35.26
4.19
0.00
0.00
0.00
0.00
0.00
0.00
0.00
0.00
0.00
0.00
0.00
2.33
26.62
66.92
108.59
136.23
154.88
155.65
152.94
122.85
107.21
34.73
26.58
1.74
0.00
0.00
0.00
0.00
0.00
0.00
0.00
0.00
0.00
0.00
0.00
0.49
4.17
28.09
100.61
115.65
94.50
84.53
159.86
143.64
103.11
63.24
26.03
3.93
0.00
0.00
0.00
0.00
0.00
0.00
0.00
0.00
0.00
0.00
0.00
0.64
11.57
30.68
83.05
138.34
156.26
160.36
155.48
141.11
115.88
77.16
31.12
3.16
0.00
0.00
0.00
0.00
0.00
0.00
0.00
0.00
0.00
0.00
0.00
1.21
11.27
72.82
82.57
115.45
110.36
102.17
103.64
98.23
26.81
54.57
32.86
3.74
0.00
0.00
0.00
0.00
0.00
0.00
0.00
0.00
0.00
0.00
0.00
0.84
22.96
74.15
108.44
138.85
158.26
162.10
157.61
142.83
116.98
78.22
31.70
2.96
0.00
0.00
0.00
0.00
0.00
0.00
0.00
0.00
0.00
0.00
0.00
0.79
21.18
67.68
109.85
138.37
156.68
161.56
154.77
143.54
116.38
75.55
30.99
2.91
0.00
0.00
0.00
0.00
0.00
0.00
0.00
0.00
0.00
0.00
0.00
0.73
21.58
70.17
111.39
140.31
157.87
166.31
160.15
145.36
118.23
78.56
31.13
2.71
0.00
0.00
0.00
0.00
0.00
0.00
0.00
0.00
0.00
0.00
0.00
0.82
21.98
71.79
114.05
144.31
162.16
168.39
163.17
147.63
119.19
78.27
30.82
2.63
0.00
0.00
0.00
0.00
0.00
0.00
0.00
0.00
0.00
0.00
0.00
0.90
21.72
70.95
114.16
143.76
161.31
166.20
160.92
145.69
118.89
78.11
30.87
2.53
0.00
0.00
0.00
0.00
0.00
0.00
0.00
0.00
0.00
0.00
0.00
0.66
21.46
69.37
113.88
139.58
159.37
163.18
158.36
142.37
115.08
73.82
28.28
2.24
0.00
0.00
0.00
0.00
0.00
0.00
0.00
0.00
0.00
0.00
0.00
0.00
6.00
42.31
106.19
97.46
77.67
116.93
99.49
81.85
60.17
40.72
7.58
0.85
0.00
0.00
0.00
0.00
0.00
0.00
0.00
0.00
0.00
0.00
0.00
0.55
5.54
12.34
43.48
92.52
133.79
158.21
159.78
147.05
127.82
77.52
27.71
1.98
0.00
0.00
0.00
0.00
0.00
0.00
0.00
0.00
0.00
0.00
0.00
0.46
11.69
28.96
69.05
74.76
85.74
85.55
101.65
134.07
104.44
70.30
16.38
2.78
0.00
0.00
0.00
0.00
0.00
0.00
0.00
0.00
0.00
0.00
0.00
0.74
25.36
61.05
71.85
112.91
154.41
159.32
132.39
136.05
26.37
5.13
2.22
1.05
0.00
0.00
0.00
0.00
0.00
0.00
0.00
0.00
0.00
0.00
0.00
0.66
19.68
65.40
109.37
114.03
122.33
143.12
150.35
133.97
93.46
72.28
25.57
1.52
0.00
0.00
0.00
0.00
0.00
0.00
0.00
0.00
0.00
0.00
0.00
0.54
18.29
66.49
108.89
139.44
157.86
164.59
157.01
142.85
113.93
63.37
20.81
1.54
0.00
0.00
0.00
0.00
0.00
0.00
0.00
0.00
0.00
0.00
0.00
0.64
18.26
66.61
108.73
139.73
161.38
167.12
161.85
141.88
98.86
71.77
23.16
1.41
0.00
0.00
0.00
0.00
0.00
0.00
0.00
0.00
0.00
0.00
0.00
0.56
19.64
58.87
111.26
141.38
160.41
166.25
159.44
142.92
113.83
72.03
24.50
1.31
0.00
0.00
0.00
0.00
0.00
0.00
0.00
0.00
0.00
0.00
0.00
0.56
20.47
70.98
115.46
146.45
163.68
169.37
162.96
146.24
115.94
72.91
24.02
1.10
0.00
0.00
0.00
0.00
0.00
0.00
0.00
0.00
0.00
0.00
0.00
0.57
18.72
68.16
112.64
143.36
161.03
164.83
159.92
142.90
113.86
71.61
23.05
1.02
0.00
0.00
0.00
0.00
0.00
0.00
0.00
0.00
0.00
0.00
0.00
0.51
18.84
62.18
108.94
139.17
156.60
159.00
153.54
137.10
108.22
66.33
20.72
0.78
0.00
0.00
0.00
0.00
0.00
0.00
0.00
0.00
0.00
0.00
0.00
0.59
19.39
63.31
105.72
133.16
153.23
156.84
142.12
135.59
104.31
65.05
19.68
0.87
0.00
0.00
0.00
0.00
0.00
0.00
0.00
0.00
0.00
0.00
0.00
0.49
17.28
64.18
108.64
138.49
155.36
158.44
152.78
137.64
108.93
66.19
20.03
0.80
0.00
0.00
0.00
0.00
0.00
0.00
0.00
0.00
0.00
0.00
0.00
0.58
17.88
63.87
111.90
143.42
160.03
161.74
155.44
139.92
110.50
67.39
20.29
0.77
0.00
0.00
0.00
0.00
0.00
0.00
0.00
0.00
0.00
0.00
0.00
0.47
16.69
65.14
109.34
139.76
155.87
158.28
151.75
135.03
105.90
63.47
18.52
0.66
0.00
0.00
0.00
0.00
0.00
0.00
0.00
0.00
0.00
0.00
0.00
0.43
15.59
63.97
107.41
136.67
153.84
157.04
151.60
135.12
107.24
64.01
18.18
0.60
0.00
0.00
0.00
0.00
0.00
0.00
0.00
0.00
0.00
0.00
0.00
0.44
15.13
63.22
107.48
138.05
154.05
157.27
151.57
134.60
104.41
61.91
16.48
0.65
0.00
0.00
0.00
0.00
0.00
0.00
0.00
0.00
0.00
0.00
0.00
0.40
15.08
62.70
105.19
137.72
155.98
160.47
154.75
139.52
107.49
62.12
16.67
0.57
0.00
0.00
0.00
0.00
0.00
0.00
0.00
0.00
0.00
0.00
0.00
0.40
15.82
66.27
115.05
149.35
169.67
173.03
164.33
143.84
109.35
62.98
16.29
0.59
0.00
0.00
0.00
0.00
0.00
0.00
0.00
0.00
0.00
0.00
0.00
0.40
14.83
62.94
107.57
138.22
156.48
160.62
152.20
134.67
103.00
57.92
14.70
0.56
0.00
0.00
0.00
0.00
0.00
0.00
0.00
0.00
0.00
0.00
0.00
0.38
14.34
62.58
109.20
139.63
154.62
160.86
153.43
136.22
101.61
57.26
13.93
0.51
0.00
0.00
0.00
0.00
0.00
0.00
0.00
0.00
0.00
0.00
0.00
0.36
13.41
60.10
84.13
134.07
152.55
157.66
132.50
92.30
54.20
26.91
11.23
0.46
0.00
0.00
0.00
0.00
0.00
0.00
0.00
0.00
0.00
0.00
0.00
0.32
13.15
58.93
103.93
135.51
153.68
154.86
150.73
134.07
101.72
56.77
12.79
0.41
0.00
0.00
0.00
0.00
0.00
0.00
0.00
0.00
0.00
0.00
0.00
0.30
13.08
60.65
100.71
132.83
149.86
155.39
143.74
126.80
78.55
38.59
12.38
0.34
0.00
0.00
0.00
0.00
0.00
0.00
0.00
0.00
0.00
0.00
0.00
0.20
12.56
58.08
97.13
134.04
150.99
154.30
145.71
128.83
97.90
54.53
11.19
0.38
0.00
0.00
0.00
0.00
0.00
0.00
0.00
0.00
0.00
0.00
0.00
0.28
12.01
58.13
99.91
134.16
153.11
158.15
150.84
131.29
96.95
52.26
10.49
0.36
0.00
0.00
0.00
0.00
0.00
0.00
0.00
0.00
0.00
0.00
0.00
0.31
12.09
60.08
105.62
138.73
153.71
159.76
153.08
136.00
101.83
55.93
11.07
0.35
0.00
0.00
0.00
0.00
0.00
0.00
0.00
0.00
0.00
0.00
0.00
0.30
11.89
60.19
104.96
136.13
154.76
156.55
154.41
134.77
101.04
54.76
10.76
0.35
0.00
0.00
0.00
0.00
0.00
0.00
0.00
0.00
0.00
0.00
0.00
0.28
11.56
57.22
101.85
138.40
157.36
159.04
152.17
130.39
97.85
44.50
7.82
0.33
0.00
0.00
0.00
0.00
0.00
0.00
0.00
0.00
0.00
0.00
0.00
0.23
10.99
59.46
104.74
136.70
156.75
159.82
150.88
130.90
98.13
53.12
9.14
0.28
0.00
0.00
0.00
0.00
0.00
0.00
0.00
0.00
0.00
0.00
0.00
0.20
10.03
57.56
102.31
133.20
151.17
154.46
146.85
128.20
95.77
50.59
8.23
0.25
0.00
0.00
0.00
0.00
0.00
0.00
0.00
0.00
0.00
0.00
0.00
0.18
9.75
58.24
104.51
139.38
160.96
164.75
156.69
136.55
103.25
54.63
8.85
0.27
0.00
0.00
0.00
0.00
0.00
0.00
0.00
0.00
0.00
0.00
0.00
0.16
10.01
60.45
107.55
142.23
160.90
161.12
156.97
137.45
101.39
53.29
8.13
0.23
0.00
0.00
0.00
0.00
0.00
0.00
0.00
0.00
0.00
0.00
0.00
0.15
9.11
57.10
103.09
135.94
153.47
156.69
148.57
129.04
94.43
48.77
6.67
0.19
0.00
0.00
0.00
0.00
0.00
0.00
0.00
0.00
0.00
0.00
0.00
0.13
8.25
54.94
100.80
132.06
151.87
156.09
146.88
125.83
93.95
47.81
6.23
0.13
0.00
0.00
0.00
0.00
0.00
0.00
0.00
0.00
0.00
0.00
0.00
0.13
8.15
56.24
107.44
139.72
161.62
167.82
159.14
138.13
101.67
51.49
6.73
0.21
0.00
0.00
0.00
0.00
0.00
0.00
0.00
0.00
0.00
0.00
0.00
0.16
7.90
58.92
107.02
138.96
158.63
162.12
153.54
133.14
97.91
47.38
6.03
0.13
0.00
0.00
0.00
0.00
0.00
0.00
0.00
0.00
0.00
0.00
0.00
0.10
8.94
44.60
103.45
149.45
170.96
175.68
162.82
142.60
104.21
53.11
6.41
0.14
0.00
0.00
0.00
0.00
0.00
0.00
0.00
0.00
0.00
0.00
0.00
0.10
7.21
59.08
109.19
144.60
164.10
165.82
156.76
136.29
100.46
50.43
5.50
0.11
0.00
0.00
0.00
0.00
0.00
0.00
0.00
0.00
0.00
0.00
0.00
0.10
6.48
57.19
106.54
139.92
159.82
154.96
150.84
129.21
96.87
48.21
4.50
0.06
0.00
0.00
0.00
0.00
0.00
0.00
0.00
0.00
0.00
0.00
0.00
0.00
5.55
53.44
100.21
131.09
152.04
155.48
146.04
126.05
91.51
44.44
3.42
0.00
0.00
0.00
0.00
0.00
0.00
0.00
0.00
0.00
0.00
0.00
0.00
0.00
5.56
51.17
98.65
120.10
146.43
130.38
139.67
121.43
91.46
43.44
4.03
0.00
0.00
0.00
0.00
0.00
0.00
0.00
0.00
0.00
0.00
0.00
0.00
0.00
4.84
49.96
95.74
128.75
147.80
150.05
141.24
121.43
84.54
40.62
3.23
0.00
0.00
0.00
0.00
0.00
0.00
0.00
0.00
0.00
0.00
0.00
0.00
0.00
4.18
47.04
94.32
125.85
145.35
148.47
132.52
119.70
85.59
39.26
2.98
0.00
0.00
0.00
0.00
0.00
0.00
0.00
0.00
0.00
0.00
0.00
0.00
0.00
1.64
21.69
98.43
123.86
143.58
147.81
144.96
97.32
83.75
36.92
2.73
0.00
0.00
0.00
0.00
0.00
0.00
0.00
0.00
0.00
0.00
0.00
0.00
0.00
2.67
36.66
91.34
124.36
143.16
147.71
139.94
120.41
86.80
38.17
2.24
0.00
0.00
0.00
0.00
0.00
0.00
0.00
0.00
0.00
0.00
0.00
0.00
0.00
2.46
42.01
74.99
122.29
128.53
151.19
124.35
121.81
84.76
38.07
2.19
0.00
0.00
0.00
0.00
0.00
0.00
0.00
0.00
0.00
0.00
0.00
0.00
0.00
3.82
26.28
74.63
89.52
111.13
140.34
131.47
72.52
51.04
27.70
3.11
0.00
0.00
0.00
0.00
0.00
0.00
0.00
0.00
0.00
0.00
0.00
0.00
0.00
3.19
41.89
90.64
121.24
124.95
142.13
134.68
115.20
70.58
32.80
1.18
0.00
0.00
0.00
0.00
0.00
0.00
0.00
0.00
0.00
0.00
0.00
0.00
0.00
1.43
40.50
88.52
119.87
138.42
142.87
134.93
116.22
83.11
34.27
2.10
0.00
0.00
0.00
0.00
0.00
0.00
0.00
0.00
0.00
0.00
0.00
0.00
0.00
2.79
35.61
84.83
119.29
141.00
145.39
135.50
112.96
79.91
31.94
2.36
0.00
0.00
0.00
0.00
0.00
0.00
0.00
0.00
0.00
0.00
0.00
0.00
0.00
1.80
39.36
90.12
121.76
113.33
146.96
138.31
117.90
82.52
32.06
1.67
0.00
0.00
0.00
0.00
0.00
0.00
0.00
0.00
0.00
0.00
0.00
0.00
0.00
2.66
35.89
86.16
116.20
136.94
140.28
80.07
48.83
78.04
30.12
1.99
0.00
0.00
0.00
0.00
0.00
0.00
0.00
0.00
0.00
0.00
0.00
0.00
0.00
1.91
17.02
94.42
91.56
118.60
141.56
119.04
91.96
61.27
28.69
1.72
0.00
0.00
0.00
0.00
0.00
0.00
0.00
0.00
0.00
0.00
0.00
0.00
0.00
4.02
18.94
40.42
65.43
128.22
151.14
86.21
76.68
22.81
11.50
1.61
0.00
0.00
0.00
0.00
0.00
0.00
0.00
0.00
0.00
0.00
0.00
0.00
0.00
1.52
34.16
86.66
117.39
140.28
144.99
136.84
117.28
81.82
29.87
1.77
0.00
0.00
0.00
0.00
0.00
0.00
0.00
0.00
0.00
0.00
0.00
0.00
0.00
1.25
32.80
87.04
118.30
135.66
145.24
130.76
112.75
79.51
26.36
1.09
0.00
0.00
0.00
0.00
0.00
0.00
0.00
0.00
0.00
0.00
0.00
0.00
0.00
1.84
21.03
58.20
38.47
59.33
52.33
1.85
1.37
2.04
1.35
0.67
0.00
0.00
0.00
0.00
0.00
0.00
0.00
0.00
0.00
0.00
0.00
0.00
0.00
0.39
2.51
29.25
76.91
85.46
91.54
96.07
31.53
37.94
23.26
0.81
0.00
0.00
0.00
0.00
0.00
0.00
0.00
0.00
0.00
0.00
0.00
0.00
0.00
0.86
22.69
65.33
35.02
6.29
93.57
131.38
120.24
85.57
6.58
1.76
0.00
0.00
0.00
0.00
0.00
0.00
0.00
0.00
0.00
0.00
0.00
0.00
0.00
1.28
31.43
92.06
127.79
150.98
155.50
147.02
124.42
84.14
20.15
3.26
0.00
0.00
0.00
0.00
0.00
0.00
0.00
0.00
0.00
0.00
0.00
0.00
0.00
1.14
30.47
95.84
128.95
153.02
144.86
120.28
119.83
84.21
29.18
1.63
0.00
0.00
0.00
0.00
0.00
0.00
0.00
0.00
0.00
0.00
0.00
0.00
0.00
1.04
13.85
82.82
51.61
60.48
126.94
145.62
125.60
86.75
27.50
1.47
0.00
0.00
0.00
0.00
0.00
0.00
0.00
0.00
0.00
0.00
0.00
0.00
0.00
0.64
0.00
34.44
71.15
80.20
110.21
105.22
99.41
73.96
21.82
1.67
0.00
0.00
0.00
0.00
0.00
0.00
0.00
0.00
0.00
0.00
0.00
0.00
0.00
1.15
27.81
93.24
45.26
8.06
0.00
81.58
143.44
98.89
29.42
1.91
0.00
0.00
0.00
0.00
0.00
0.00
0.00
0.00
0.00
0.00
0.00
0.00
0.00
1.24
17.94
17.88
0.00
95.50
118.29
116.65
78.68
38.08
10.10
0.86
0.00
0.00
0.00
0.00
0.00
0.00
0.00
0.00
0.00
0.00
0.00
0.00
0.00
0.60
7.03
29.75
41.29
57.58
71.69
150.44
84.65
41.91
13.34
1.87
0.00
0.00
0.00
0.00
0.00
0.00
0.00
0.00
0.00
0.00
0.00
0.00
0.00
0.16
2.44
12.09
22.05
52.39
138.76
132.19
79.22
71.12
22.72
1.69
0.00
0.00
0.00
0.00
0.00
0.00
0.00
0.00
0.00
0.00
0.00
0.00
0.00
1.07
27.12
95.52
139.44
165.75
173.34
158.93
141.48
96.59
28.70
1.48
0.00
0.00
0.00
0.00
0.00
0.00
0.00
0.00
0.00
0.00
0.00
0.00
0.00
0.88
24.71
97.75
139.91
165.69
171.37
162.62
137.06
95.07
27.55
1.42
0.00
0.00
0.00
0.00
0.00
0.00
0.00
0.00
0.00
0.00
0.00
0.00
0.00
1.18
32.16
43.85
101.26
76.31
77.09
97.25
59.83
87.93
22.09
2.02
0.00
0.00
0.00
0.00
0.00
0.00
0.00
0.00
0.00
0.00
0.00
0.00
0.00
1.46
18.07
89.81
71.59
124.15
156.00
74.37
36.33
27.40
7.10
0.72
0.00
0.00
0.00
0.00
0.00
0.00
0.00
0.00
0.00
0.00
0.00
0.00
0.00
0.83
15.64
27.51
104.60
127.51
157.60
77.28
99.49
52.01
15.34
1.84
0.00
0.00
0.00
0.00
0.00
0.00
0.00
0.00
0.00
0.00
0.00
0.00
0.00
0.69
17.16
68.72
88.54
152.79
153.02
152.15
136.92
68.67
18.39
1.91
0.00
0.00
0.00
0.00
0.00
0.00
0.00
0.00
0.00
0.00
0.00
0.00
0.00
0.92
13.43
55.93
92.02
97.53
69.47
63.62
107.26
56.81
21.65
1.44
0.00
0.00
0.00
0.00
0.00
0.00
0.00
0.00
0.00
0.00
0.00
0.00
0.00
0.83
12.76
70.36
57.89
90.43
150.03
94.00
50.44
19.01
6.91
0.77
0.00
0.00
0.00
0.00
0.00
0.00
0.00
0.00
0.00
0.00
0.00
0.00
0.00
0.23
4.69
19.23
17.77
19.94
36.03
35.64
21.77
11.40
5.71
0.83
0.00
0.00
0.00
0.00
0.00
0.00
0.00
0.00
0.00
0.00
0.00
0.00
0.00
0.49
12.74
18.94
102.29
156.54
81.23
33.39
69.77
7.93
3.73
1.16
0.00
0.00
0.00
0.00
0.00
0.00
0.00
0.00
0.00
0.00
0.00
0.00
0.00
0.70
18.83
86.15
135.26
163.06
170.85
162.38
138.24
91.61
26.76
1.49
0.00
0.00
0.00
0.00
0.00
0.00
0.00
0.00
0.00
0.00
0.00
0.00
0.00
0.49
10.19
51.36
70.98
147.76
168.05
159.04
135.98
92.91
23.80
1.48
0.00
0.00
0.00
0.00
0.00
0.00
0.00
0.00
0.00
0.00
0.00
0.00
0.00
0.63
15.68
81.74
127.42
146.88
149.23
144.11
112.30
83.37
19.38
1.89
0.00
0.00
0.00
0.00
0.00
0.00
0.00
0.00
0.00
0.00
0.00
0.00
0.00
0.64
16.44
77.97
126.73
153.12
161.69
152.09
132.37
89.21
22.27
1.49
0.00
0.00
0.00
0.00
0.00
0.00
0.00
0.00
0.00
0.00
0.00
0.00
0.00
0.72
18.95
74.14
121.84
142.75
162.74
126.60
83.97
52.92
25.28
2.87
0.00
0.00
0.00
0.00
0.00
0.00
0.00
0.00
0.00
0.00
0.00
0.00
0.00
0.57
16.02
71.69
124.85
156.90
171.80
163.26
138.98
95.36
27.77
1.67
0.00
0.00
0.00
0.00
0.00
0.00
0.00
0.00
0.00
0.00
0.00
0.00
0.00
0.58
19.31
67.53
125.74
160.85
170.95
166.14
140.47
97.39
27.84
1.82
0.00
0.00
0.00
0.00
0.00
0.00
0.00
0.00
0.00
0.00
0.00
0.00
0.00
0.58
15.26
83.65
139.51
168.47
178.73
172.53
149.02
102.31
29.73
1.76
0.00
0.00
0.00
0.00
0.00
0.00
0.00
0.00
0.00
0.00
0.00
0.00
0.00
0.63
6.04
63.63
134.36
162.47
172.06
165.85
134.98
92.58
25.49
2.36
0.00
0.00
0.00
0.00
0.00
0.00
0.00
0.00
0.00
0.00
0.00
0.00
0.00
0.47
15.79
76.37
126.41
158.30
169.55
162.48
139.47
96.99
27.36
1.99
0.00
0.00
0.00
0.00
0.00
0.00
0.00
0.00
0.00
0.00
0.00
0.00
0.00
0.52
15.49
78.12
132.22
160.98
171.22
164.48
143.02
100.20
28.64
1.82
0.00
0.00
0.00
0.00
0.00
0.00
0.00
0.00
0.00
0.00
0.00
0.00
0.00
0.52
11.15
74.64
133.90
155.02
147.72
144.57
129.24
89.27
27.17
2.31
0.00
0.00
0.00
0.00
0.00
0.00
0.00
0.00
0.00
0.00
0.00
0.00
0.00
0.30
10.23
36.17
97.22
110.84
131.06
98.87
54.44
33.70
13.09
1.13
0.00
0.00
0.00
0.00
0.00
0.00
0.00
0.00
0.00
0.00
0.00
0.00
0.00
0.16
4.04
15.66
26.45
42.17
13.52
17.72
20.05
10.75
4.97
1.15
0.00
0.00
0.00
0.00
0.00
0.00
0.00
0.00
0.00
0.00
0.00
0.00
0.00
0.00
1.22
4.42
16.04
14.31
21.46
28.29
42.17
51.63
9.80
1.58
0.00
0.00
0.00
0.00
0.00
0.00
0.00
0.00
0.00
0.00
0.00
0.00
0.00
0.07
1.53
10.72
16.36
34.41
114.72
156.58
147.48
74.03
28.19
3.54
0.00
0.00
0.00
0.00
0.00
0.00
0.00
0.00
0.00
0.00
0.00
0.00
0.00
0.48
8.70
61.61
133.40
157.19
162.97
69.32
34.36
19.16
3.14
0.93
0.00
0.00
0.00
0.00
0.00
0.00
0.00
0.00
0.00
0.00
0.00
0.00
0.00
0.24
4.17
5.97
12.44
11.69
14.27
24.09
37.87
79.65
25.20
2.03
0.00
0.00
0.00
0.00
0.00
0.00
0.00
0.00
0.00
0.00
0.00
0.00
0.00
0.41
14.57
74.75
134.23
166.38
175.53
91.62
96.23
76.03
25.79
3.06
0.00
0.00
0.00
0.00
0.00
0.00
0.00
0.00
0.00
0.00
0.00
0.00
0.00
0.43
13.85
76.56
133.84
164.44
152.41
170.79
144.33
107.48
35.06
4.28
0.00
0.00
0.00
0.00
0.00
0.00
0.00
0.00
0.00
0.00
0.00
0.00
0.00
0.46
12.32
28.17
52.60
68.53
48.79
45.10
39.59
38.26
13.92
1.58
0.00
0.00
0.00
0.00
0.00
0.00
0.00
0.00
0.00
0.00
0.00
0.00
0.00
0.29
6.55
21.17
37.18
50.31
49.80
50.44
34.92
56.29
44.72
5.64
0.00
0.00
0.00
0.00
0.00
0.00
