55.71
54.36
54.52
54.22
54.21
55.14
58.43
57.93
55.27
54.80
53.81
55.10
55.74
55.20
54.89
55.01
54.55
56.92
57.85
57.46
59.03
58.29
57.63
55.72
54.99
53.90
53.77
53.75
54.16
54.89
58.41
58.61
57.31
59.17
66.60
67.75
59.43
60.03
63.19
57.66
56.64
58.81
58.37
58.15
59.15
58.89
57.78
56.39
55.36
54.90
54.26
54.43
54.21
56.61
59.27
60.26
62.30
69.18
60.23
59.04
57.98
57.36
57.49
56.45
56.64
59.06
57.87
57.76
58.67
58.38
57.69
55.90
54.90
54.26
54.55
54.14
53.91
54.94
59.02
59.05
59.35
56.14
57.36
57.62
57.45
58.57
69.98
66.73
56.35
58.22
58.09
56.98
57.26
57.25
57.85
55.24
54.75
53.55
53.43
53.05
53.65
54.24
54.10
53.44
51.35
51.46
50.20
51.00
52.87
52.27
52.31
52.80
52.62
54.47
55.06
55.38
55.33
55.24
55.05
54.66
54.32
53.42
53.80
53.57
53.72
54.14
54.43
54.25
51.93
51.88
50.40
51.45
52.54
52.76
52.47
52.64
51.69
54.55
55.40
56.30
56.46
56.16
56.09
56.09
55.50
54.20
54.42
54.35
54.30
55.64
59.11
58.31
60.80
72.50
72.84
64.33
59.68
59.65
59.17
57.91
59.02
60.74
60.20
60.29
59.26
59.94
56.96
55.66
55.18
54.25
54.21
53.64
53.77
54.83
57.52
58.13
55.54
59.57
58.23
60.64
59.05
61.00
58.14
58.88
57.15
60.20
60.09
58.29
58.76
57.12
56.81
56.20
54.79
54.26
53.56
53.91
53.82
54.74
56.61
57.24
57.46
56.15
55.80
56.02
58.65
59.94
58.89
58.99
59.60
60.17
59.52
60.23
57.97
56.29
56.20
55.13
54.34
53.04
53.32
52.90
52.96
53.95
54.91
57.61
61.53
57.45
43.66
55.26
57.98
58.70
58.46
59.52
61.74
62.26
60.18
58.79
58.96
56.36
56.74
56.20
55.09
53.92
54.32
54.12
53.49
54.67
56.69
56.42
58.76
55.81
55.40
56.94
58.65
57.10
58.28
56.05
57.16
60.36
57.64
58.46
56.44
56.57
56.63
55.39
55.31
54.33
54.08
54.05
53.52
53.97
54.58
54.26
51.06
51.39
50.00
51.27
52.57
52.44
52.14
52.16
51.96
54.02
55.09
54.89
55.49
55.99
55.74
55.78
54.55
53.67
53.60
53.92
53.06
53.84
53.59
53.30
51.21
50.84
50.24
50.99
52.15
51.36
51.66
51.53
51.52
53.51
54.30
55.07
55.36
54.89
55.39
54.99
53.81
53.57
52.79
52.95
53.03
54.73
56.23
57.12
57.57
57.66
56.69
57.16
59.68
56.91
57.04
58.02
55.07
58.70
59.59
56.87
57.94
56.68
55.11
54.33
53.42
52.66
52.97
52.21
52.74
53.55
54.65
55.10
53.50
55.91
54.23
55.09
58.38
58.69
55.71
57.28
58.85
61.83
59.53
59.70
59.58
57.13
55.81
55.82
54.00
53.80
53.80
52.89
53.34
54.24
55.43
55.81
57.32
55.82
54.41
56.88
55.43
59.30
60.06
63.85
56.22
58.58
59.22
59.16
56.83
55.60
55.66
55.14
54.68
53.54
53.13
53.13
52.65
54.41
55.10
58.34
55.60
60.21
58.32
58.76
59.29
59.22
56.22
56.51
57.80
59.18
60.53
57.88
57.53
57.57
55.63
54.41
53.42
51.34
52.26
52.54
53.11
53.69
54.47
55.17
55.20
58.94
54.60
55.81
59.74
55.48
58.31
56.41
59.51
74.20
70.54
59.32
56.57
56.26
54.98
54.98
53.68
52.51
53.37
52.94
52.68
53.06
53.70
53.29
52.09
51.46
51.20
52.22
51.63
53.84
51.75
50.89
51.00
53.22
54.72
55.48
54.96
55.41
54.95
54.63
54.43
53.30
53.50
53.78
53.08
53.47
54.06
60.13
53.37
52.29
50.65
55.21
55.57
54.41
52.92
52.99
51.74
53.96
54.61
54.84
55.31
54.65
54.93
54.75
54.19
53.05
53.05
53.25
53.24
54.08
54.87
55.72
52.67
52.57
51.65
52.80
53.89
53.90
54.41
52.89
53.38
54.84
55.95
55.96
56.72
56.38
56.58
55.47
54.69
54.22
53.19
54.08
53.18
54.78
55.96
56.31
55.15
60.91
58.32
57.43
61.74
60.60
56.20
58.83
57.46
62.08
59.97
58.00
57.69
58.31
56.49
55.04
55.00
53.76
53.47
53.41
53.05
54.88
56.65
56.82
55.44
67.57
62.82
55.99
59.94
58.16
58.22
57.27
61.30
58.61
59.47
58.81
57.47
57.15
56.77
55.44
54.94
54.01
54.49
53.64
53.53
54.67
56.81
57.40
57.26
61.27
57.44
57.96
61.63
62.08
56.45
59.71
59.11
59.70
58.63
58.32
58.32
57.78
56.78
55.50
55.22
54.15
53.40
53.42
53.34
54.51
56.80
55.99
56.76
60.87
64.18
60.54
57.50
59.14
57.25
56.93
57.76
60.33
58.88
57.10
56.18
56.12
56.66
55.35
54.27
53.72
53.27
53.44
53.32
53.43
54.53
54.20
51.70
51.80
50.48
51.90
53.02
53.27
52.22
52.34
52.51
54.59
55.33
55.13
55.57
55.09
55.24
54.89
55.11
53.31
53.62
53.72
53.40
53.41
54.29
53.68
51.63
51.79
50.38
51.58
52.80
52.41
52.53
52.32
53.12
54.68
55.32
55.12
54.92
55.20
54.91
55.04
53.50
53.17
52.88
53.24
53.38
54.90
56.51
56.88
56.75
68.82
67.93
64.26
58.87
58.55
59.12
58.55
56.47
58.34
59.87
58.55
56.95
56.45
55.57
54.52
53.58
53.57
53.06
52.92
52.86
53.89
55.38
56.34
54.52
54.55
61.45
63.02
71.00
62.87
57.97
57.11
61.04
59.20
59.00
57.29
56.56
56.59
54.46
54.60
53.81
53.10
53.02
52.54
52.92
53.86
54.69
56.71
57.37
66.08
66.00
57.94
60.70
57.68
57.12
54.81
56.52
59.10
58.87
58.57
55.91
54.96
54.95
54.18
53.29
52.40
52.42
52.27
52.00
53.44
54.49
55.54
67.05
66.95
59.37
57.14
58.32
57.66
55.45
57.14
55.98
59.64
58.95
57.42
57.69
55.95
56.20
54.92
54.53
52.91
52.31
52.38
52.90
52.88
54.15
56.83
57.08
65.39
61.71
54.46
55.90
55.29
55.56
55.60
55.34
59.95
57.47
56.16
56.38
55.95
55.26
55.20
54.00
53.28
52.51
52.53
52.88
52.81
53.42
53.74
51.03
51.01
51.22
63.60
54.20
52.26
51.56
52.34
51.83
53.92
54.58
53.98
54.00
54.60
55.12
54.19
53.11
52.37
52.20
51.88
52.46
52.19
52.77
52.88
50.84
50.70
49.03
50.54
51.45
52.25
51.78
51.98
51.90
53.92
54.78
54.31
54.41
54.28
54.56
54.43
54.07
53.39
52.43
52.44
52.59
53.50
54.39
55.05
56.29
66.29
66.70
63.83
57.66
58.42
56.47
56.14
55.57
58.27
59.00
55.45
56.52
56.79
55.30
54.76
54.48
53.20
52.88
52.45
53.10
53.46
54.92
55.99
62.56
65.73
67.08
70.42
72.04
68.66
57.58
56.99
57.87
59.66
58.12
57.85
56.72
56.53
55.19
54.71
53.43
53.69
52.91
52.88
53.07
54.47
56.43
58.24
58.63
58.70
57.27
59.84
64.41
70.91
65.44
60.25
59.64
62.14
62.21
61.31
59.79
56.95
57.24
55.17
54.57
52.51
53.49
53.51
53.23
55.26
58.04
59.66
58.79
69.07
72.87
71.51
63.10
64.29
60.12
59.67
60.67
59.78
60.48
59.07
60.22
57.39
56.67
56.13
54.46
53.38
53.65
53.67
53.47
55.00
59.15
61.06
65.68
61.25
57.45
57.74
60.81
58.90
60.36
60.81
56.04
60.98
58.73
57.94
57.54
56.90
56.17
55.21
54.30
53.04
53.35
53.22
53.29
53.32
54.33
54.19
51.23
51.45
49.77
51.39
52.47
52.21
52.51
51.82
52.21
54.36
55.39
54.40
55.24
55.02
55.83
55.23
54.70
53.47
53.15
53.73
53.57
53.35
53.98
53.72
51.24
52.56
49.71
50.83
52.02
52.17
51.56
51.98
51.69
53.99
54.50
54.32
55.50
55.03
55.51
55.68
53.56
52.85
53.00
52.76
53.02
53.63
57.73
60.18
60.25
70.45
70.13
66.60
60.22
57.36
56.74
58.20
59.14
61.48
60.44
57.70
58.88
58.04
56.17
55.00
54.74
53.43
53.41
53.44
53.25
54.19
57.44
59.83
58.92
58.69
60.92
58.30
60.48
61.17
58.59
60.51
61.60
60.88
60.12
58.58
57.63
57.28
55.63
54.69
53.62
52.80
51.94
52.46
52.94
53.86
54.81
57.24
57.07
61.22
67.45
67.37
60.59
57.25
62.79
64.28
57.40
60.96
58.83
56.90
57.12
55.26
55.36
54.51
53.26
52.62
52.32
52.24
52.60
53.18
54.08
55.18
52.82
61.83
72.40
62.64
57.88
57.67
57.63
58.27
59.45
62.80
68.32
67.43
66.75
58.33
55.94
55.50
54.88
52.99
52.67
52.45
26.28
27.11
54.33
55.26
53.33
64.31
66.44
57.61
55.41
54.70
56.68
55.70
56.62
57.87
57.07
55.03
55.15
55.56
54.89
54.36
53.11
53.00
52.27
51.95
52.65
52.05
52.90
53.02
50.29
50.19
50.56
50.76
51.84
51.89
50.95
51.33
51.69
53.74
54.41
54.12
54.77
54.51
54.86
54.20
53.15
52.91
52.77
52.59
52.79
53.12
52.60
53.71
51.32
50.32
50.16
50.22
51.69
57.29
51.82
51.45
51.03
53.62
54.72
54.17
54.90
54.28
54.65
54.58
53.75
52.74
52.68
52.73
52.65
53.77
56.82
57.28
57.68
68.68
71.40
68.53
70.67
65.90
55.01
56.75
59.12
58.52
59.41
57.80
58.12
57.21
55.97
54.48
54.23
52.78
52.71
52.82
52.50
53.95
57.47
59.33
63.87
59.53
60.97
56.45
59.08
60.27
60.24
60.57
58.25
60.55
61.83
59.72
58.06
58.40
56.60
54.54
54.07
53.33
53.61
53.40
53.08
54.75
58.66
60.19
64.38
70.81
45.69
59.83
62.81
62.18
59.55
60.68
58.33
60.75
61.29
60.84
58.21
58.09
56.25
55.14
53.72
53.81
52.94
52.42
52.48
53.80
56.82
59.37
66.93
72.51
62.56
59.08
60.36
58.84
56.76
60.67
59.18
62.17
62.39
60.20
59.39
57.72
56.60
54.35
54.15
54.01
53.65
54.00
53.76
55.02
59.09
61.70
69.20
76.47
63.29
60.83
61.47
61.60
61.48
60.23
61.73
64.36
63.98
60.53
59.02
57.07
56.93
55.13
54.60
54.22
54.13
54.71
53.99
54.49
54.99
55.96
54.09
55.02
53.07
52.96
54.61
55.25
54.35
55.46
55.93
58.18
59.26
56.35
55.40
53.70
54.43
53.70
54.08
53.70
53.85
53.25
53.26
53.63
53.85
55.24
52.91
53.02
51.97
51.83
52.20
52.47
58.68
56.31
54.56
56.42
55.25
55.04
54.11
52.86
52.89
52.81
52.78
53.04
52.76
52.51
53.05
53.96
57.55
59.85
58.58
59.68
62.06
58.04
61.00
65.11
57.11
59.18
57.22
59.98
58.96
57.46
57.20
54.61
54.56
53.10
53.40
52.81
52.62
52.75
51.89
53.90
56.88
58.49
58.83
59.38
59.27
57.32
60.03
57.07
57.03
57.98
56.67
58.70
58.71
57.96
55.26
53.93
53.63
52.52
52.88
52.23
51.79
51.66
51.87
52.90
54.76
55.91
61.44
69.08
69.73
66.38
58.95
57.86
56.40
56.45
57.50
57.71
57.50
56.45
54.60
53.00
53.77
52.71
52.52
52.04
52.56
51.99
51.98
53.25
54.44
55.88
60.67
56.55
56.27
57.63
59.88
69.60
66.78
62.56
56.15
57.88
57.28
54.79
55.67
53.57
52.23
51.89
52.20
52.37
52.00
51.42
51.50
53.54
53.32
54.98
59.84
58.43
66.05
56.68
52.98
53.89
55.06
56.00
54.45
57.18
58.03
55.22
54.46
52.08
52.48
52.60
52.08
51.98
51.89
51.92
51.94
52.32
52.63
53.62
51.99
51.90
50.63
50.84
50.40
50.64
50.36
50.37
50.31
52.50
53.99
53.20
53.26
51.96
52.14
52.63
51.80
52.25
51.87
51.94
52.33
52.09
52.86
53.48
51.87
52.16
50.43
50.50
51.39
50.86
50.89
50.32
50.50
53.30
54.07
53.19
52.65
51.69
51.69
51.36
52.22
60.12
51.77
52.41
52.18
52.48
53.60
54.34
56.96
60.61
64.01
63.00
56.10
52.07
51.59
52.66
52.61
55.47
53.85
53.67
53.07
52.01
51.66
52.35
51.88
52.76
51.50
51.85
51.63
52.48
53.38
54.60
57.18
58.65
64.59
65.80
52.50
53.10
51.51
52.79
52.36
57.22
55.14
53.62
53.45
53.25
52.23
52.41
52.21
52.65
51.61
51.64
52.38
52.22
52.66
55.31
55.57
60.01
59.04
52.37
54.48
54.77
53.46
53.64
54.91
55.55
55.16
54.22
53.39
52.58
52.09
51.56
51.76
52.06
51.25
52.26
51.87
52.16
53.37
55.25
53.71
55.96
65.70
59.31
54.49
53.61
53.50
53.65
53.64
54.76
55.78
54.53
53.91
52.39
52.37
51.93
52.27
52.93
52.59
52.61
52.48
52.45
53.58
55.22
53.96
53.60
59.59
54.26
54.09
51.89
52.60
53.13
52.51
55.64
55.38
55.04
54.30
52.21
52.43
52.36
52.18
52.49
52.07
52.28
52.20
52.87
53.22
54.23
52.22
52.13
51.12
51.23
51.33
51.05
56.89
59.17
51.43
53.36
54.02
54.19
53.44
52.00
52.31
51.90
52.39
52.18
53.08
52.38
52.44
52.42
53.14
54.32
52.87
52.10
50.69
51.04
51.63
51.90
50.87
51.08
51.56
53.37
54.52
54.07
53.32
52.02
52.86
51.82
52.28
52.13
52.11
51.90
51.48
53.28
54.40
55.89
57.27
71.02
68.45
65.70
64.65
57.20
55.82
56.10
54.20
57.08
57.69
56.57
56.26
53.34
53.12
51.97
52.87
52.85
52.27
52.40
52.51
53.79
54.63
56.69
56.76
63.88
70.58
64.16
59.64
59.27
55.63
59.11
56.41
58.78
57.34
56.81
57.32
54.07
53.91
53.38
52.93
53.10
52.42
52.04
52.86
53.35
55.35
56.24
55.87
58.15
58.09
57.02
57.24
56.09
57.29
56.85
55.45
56.22
56.87
57.38
55.12
53.24
52.79
52.25
52.05
51.88
51.83
51.59
52.43
52.79
54.39
55.24
55.91
55.67
63.48
56.39
57.15
57.30
58.60
57.41
54.26
58.73
59.72
55.46
54.60
54.84
52.69
52.26
51.74
52.28
51.74
51.57
51.51
53.10
54.55
55.40
56.76
57.31
56.67
53.95
54.82
55.22
52.64
52.33
55.39
59.56
57.33
56.03
54.72
53.37
52.80
52.01
52.53
51.43
52.55
52.10
51.54
52.22
52.78
53.26
51.57
51.64
50.89
51.49
50.59
51.09
51.43
50.44
50.56
52.92
54.93
53.09
52.55
51.81
51.96
52.28
51.72
51.90
52.19
52.07
51.96
51.81
52.58
53.10
51.01
51.52
50.29
50.05
50.73
50.26
50.83
51.08
50.90
53.02
54.71
53.27
52.84
51.57
51.83
51.65
51.22
51.62
51.08
51.38
51.46
51.82
52.55
53.50
64.16
67.80
66.72
66.53
57.46
54.71
56.57
58.06
58.45
59.46
58.43
56.01
55.75
53.54
51.74
51.26
51.61
51.93
51.88
51.66
50.99
51.35
52.84
58.13
58.05
58.33
59.32
58.15
57.26
57.40
63.44
56.78
56.77
61.01
57.78
55.94
54.07
53.10
52.29
51.70
51.61
52.57
51.60
51.18
51.48
52.11
53.31
55.31
58.93
67.86
69.22
55.85
57.97
59.10
57.63
57.24
57.46
58.32
56.83
56.81
53.66
53.35
53.68
51.95
52.05
52.12
51.91
51.75
51.84
52.48
53.21
56.82
61.36
66.79
68.42
59.66
58.19
54.17
55.05
53.83
53.69
56.32
56.78
53.95
52.83
52.85
53.25
51.90
51.67
51.99
51.70
51.71
51.37
51.82
53.17
53.82
58.20
66.46
55.49
52.21
54.76
54.03
56.15
54.23
52.31
54.23
54.97
52.92
52.67
52.63
52.51
52.77
52.21
52.18
51.95
51.87
51.35
52.02
52.78
52.47
50.41
50.13
51.82
50.67
50.66
50.24
49.95
49.39
50.30
51.98
52.01
51.91
52.74
51.76
51.82
51.97
51.57
51.65
51.51
51.74
51.34
52.10
53.48
52.30
50.35
49.91
49.29
49.44
49.50
49.12
49.30
49.15
49.26
51.56
52.41
52.16
52.87
51.91
51.86
51.74
51.33
51.93
52.05
51.67
51.42
52.12
52.92
52.95
52.44
64.54
65.52
66.75
67.50
58.02
57.30
56.00
56.14
57.74
56.61
54.65
53.65
53.75
52.39
51.87
51.75
51.67
51.05
51.24
51.07
52.05
53.21
59.53
54.51
55.76
57.75
54.10
55.47
56.11
55.33
54.86
55.55
56.74
56.42
54.40
53.90
53.35
53.10
52.26
52.04
50.90
50.77
51.18
50.40
51.08
51.85
53.15
57.25
65.38
59.69
52.70
56.03
54.65
55.79
56.25
55.75
57.47
54.67
54.61
53.25
51.63
51.99
51.42
51.11
51.03
50.78
50.66
50.89
50.68
52.58
59.83
58.30
53.94
54.79
52.53
55.34
55.88
56.77
55.86
56.79
57.54
57.24
54.76
53.56
53.12
51.73
39.12
24.99
51.15
51.30
50.54
51.10
51.72
52.26
53.88
54.43
65.65
51.53
53.16
54.06
54.19
60.05
62.01
54.59
54.39
53.86
52.85
52.45
51.56
51.62
51.31
51.93
51.62
50.69
50.96
50.71
50.95
51.95
51.54
49.68
49.84
50.16
49.52
49.94
49.72
51.35
50.49
50.95
52.51
52.74
51.53
52.89
51.92
52.14
51.52
52.14
50.97
51.76
51.12
51.17
51.00
51.84
52.36
49.72
49.03
49.12
49.95
49.14
49.04
49.24
49.73
48.65
54.12
56.42
50.96
54.09
51.24
51.78
50.91
51.15
50.58
51.38
50.82
50.66
51.60
52.53
54.41
57.72
53.08
53.01
54.07
63.30
53.46
53.41
52.05
54.54
56.82
54.85
53.18
54.34
53.23
51.29
51.22
51.91
51.05
51.08
50.60
50.94
51.26
52.30
52.60
54.43
55.93
64.00
66.52
67.99
67.18
64.07
66.32
59.70
58.00
54.36
54.52
52.43
52.23
51.65
51.62
51.61
51.40
50.41
51.41
50.91
51.67
52.45
54.75
53.79
59.67
52.29
52.49
53.96
54.99
53.55
52.40
55.42
55.40
55.61
55.55
53.61
51.86
52.21
51.57
51.39
51.05
51.01
50.92
51.72
51.47
52.54
53.66
58.47
66.49
67.05
66.23
60.77
55.94
55.97
56.17
54.79
56.30
55.86
53.85
52.87
52.36
51.55
51.82
51.04
50.59
50.78
51.10
50.42
51.69
52.11
52.94
56.82
65.91
63.39
56.81
53.84
55.16
60.46
55.08
53.25
54.64
53.67
52.71
52.69
51.71
51.79
50.92
51.14
51.40
50.93
50.99
51.12
51.50
51.59
51.61
49.60
50.46
48.25
50.16
48.62
49.78
49.96
48.42
48.68
50.81
51.66
51.45
51.51
53.16
53.20
52.47
52.31
51.34
51.40
50.79
50.78
50.91
51.45
51.63
48.98
50.07
48.73
48.73
50.41
50.28
49.87
50.41
50.46
53.31
52.87
53.15
52.46
51.31
51.79
51.12
50.93
50.58
50.45
51.15
50.35
51.14
52.11
52.44
52.53
55.37
63.00
53.66
55.70
58.00
54.27
56.05
54.99
55.67
55.92
55.31
54.89
53.63
51.58
49.85
49.57
49.69
50.91
50.59
50.61
51.34
52.16
52.87
57.24
65.66
62.62
54.54
55.72
55.14
56.19
55.08
55.36
58.40
57.88
54.53
54.85
53.96
52.86
51.50
51.74
51.23
51.56
51.37
51.08
51.64
52.59
53.95
54.49
65.49
56.48
54.32
55.07
53.61
52.36
54.20
53.47
55.79
55.18
53.95
53.01
52.19
52.44
51.80
51.04
51.51
51.15
50.97
50.82
51.00
52.32
52.32
51.97
52.56
54.95
52.80
40.53
54.89
51.24
52.37
52.64
55.62
55.10
54.05
52.62
52.79
51.69
50.54
50.60
50.51
50.77
50.46
50.47
51.08
52.00
52.18
50.24
52.55
51.41
52.14
52.12
52.19
51.37
53.33
54.02
54.43
53.05
52.50
51.69
51.82
50.83
50.62
50.13
51.11
50.65
50.45
50.16
50.37
52.06
50.60
48.81
49.29
49.12
49.06
48.43
49.16
48.31
48.54
48.16
50.44
50.79
50.83
51.56
50.45
50.50
50.39
50.55
50.59
50.13
50.69
49.98
50.26
51.68
50.54
48.50
48.64
48.10
48.37
49.29
49.61
48.47
49.17
49.33
51.20
51.76
51.42
52.26
51.03
50.70
50.31
50.28
50.29
50.23
50.98
49.79
50.72
51.26
54.95
53.07
59.69
53.87
55.69
61.04
56.17
57.16
53.68
54.32
57.96
55.74
53.45
53.64
52.50
51.07
51.22
51.16
50.82
50.05
50.63
50.31
50.84
51.26
51.89
61.93
65.06
55.85
53.41
54.31
57.05
54.99
57.45
53.48
55.23
56.82
54.21
52.45
51.86
51.59
51.00
50.84
50.97
50.50
50.46
51.14
50.75
51.48
60.37
64.30
55.05
54.83
56.35
55.32
54.55
55.55
52.86
55.46
58.40
56.88
57.36
54.66
52.67
51.10
50.80
50.63
50.43
50.24
50.05
49.73
50.25
51.33
53.55
58.50
64.97
59.02
53.74
54.86
55.65
53.41
53.25
55.34
54.52
57.19
53.55
53.26
52.35
51.80
51.15
50.41
50.43
50.02
50.23
50.03
50.47
51.48
52.62
63.97
57.68
53.94
53.93
55.78
58.41
58.47
54.12
55.37
57.04
56.08
53.77
53.37
52.48
51.96
52.27
51.44
51.23
50.89
50.84
50.82
50.88
51.88
51.29
49.29
50.43
50.36
50.28
50.24
52.04
50.14
50.08
50.09
52.57
53.01
52.33
52.46
52.73
52.28
51.31
50.94
50.82
50.74
50.56
50.27
50.98
51.49
51.57
48.97
49.95
49.34
49.07
49.25
49.04
49.48
49.84
49.90
52.45
52.73
52.07
51.91
51.24
50.99
51.43
50.78
50.62
50.70
50.53
50.33
50.54
51.98
52.10
50.70
53.76
64.45
68.34
67.95
65.62
57.92
55.28
54.21
55.85
56.91
52.91
52.38
51.59
51.38
51.09
51.13
50.60
50.95
50.84
51.22
50.80
51.65
54.75
58.61
69.32
67.81
65.91
62.06
55.03
54.13
53.63
53.29
56.93
55.09
54.23
52.20
51.58
51.28
50.69
50.69
50.02
50.73
50.45
50.25
50.36
51.58
53.77
52.87
54.39
56.17
54.65
54.28
55.91
55.98
55.91
56.26
59.86
57.69
55.98
53.35
53.06
52.86
51.31
50.88
51.27
50.53
50.11
50.42
50.20
51.19
51.44
53.73
56.30
70.16
68.14
69.39
70.51
60.32
55.35
57.77
57.74
57.87
56.22
54.30
53.84
53.10
53.14
52.44
51.70
51.66
50.75
50.86
50.59
51.51
52.07
50.97
54.84
53.38
54.95
55.96
55.83
56.71
57.13
56.63
57.01
57.05
55.98
55.09
53.47
53.75
52.76
52.37
51.13
50.65
50.51
50.17
50.47
53.23
58.37
52.23
56.69
55.05
52.75
50.21
50.01
49.79
50.64
50.33
53.13
53.69
52.22
52.76
51.72
52.19
51.58
53.04
50.73
51.08
51.12
50.16
50.31
51.58
51.12
49.12
49.87
48.76
49.70
49.31
50.16
50.79
49.80
50.51
53.03
53.39
52.12
52.78
52.06
51.94
51.50
52.29
51.98
51.98
50.60
50.62
50.51
51.30
52.80
50.77
51.55
51.77
53.84
64.50
61.44
52.43
52.12
53.08
55.58
53.80
51.84
51.86
51.67
50.63
49.86
50.34
50.51
50.10
50.26
50.04
50.25
51.44
52.40
52.35
63.67
63.59
51.92
54.73
53.02
53.74
51.68
52.65
54.43
53.33
51.37
51.72
50.21
50.75
50.45
50.33
50.00
50.10
49.77
49.38
49.70
50.53
51.08
49.26
53.77
57.42
53.56
53.24
55.35
54.66
56.30
53.61
55.69
55.97
53.92
53.01
51.77
51.02
51.66
51.38
50.53
51.12
50.96
50.33
50.58
51.85
53.24
52.41
53.16
57.15
63.02
54.55
52.52
55.51
53.50
53.97
57.63
57.42
56.29
54.11
53.32
52.17
51.32
51.79
50.85
50.74
51.26
50.23
50.78
51.81
51.99
49.15
55.54
54.11
55.90
54.40
55.51
54.75
56.00
53.65
58.04
56.16
55.55
53.74
53.88
52.19
51.15
51.04
50.99
50.60
50.54
50.45
51.54
51.37
51.30
48.21
49.90
50.93
52.20
51.07
51.78
51.72
50.58
50.84
54.03
54.85
54.64
52.94
52.79
52.36
52.35
51.37
51.09
50.74
50.88
50.92
50.87
52.23
50.85
48.31
49.55
49.56
49.73
50.23
50.57
50.69
50.05
49.94
52.89
54.30
54.44
52.45
52.90
52.27
51.82
51.38
51.71
51.40
51.61
51.11
51.21
52.47
56.35
65.35
62.79
63.91
65.62
60.10
54.58
53.64
52.15
52.48
55.27
56.35
53.58
52.07
52.57
52.52
52.17
51.99
51.80
51.35
50.93
50.74
51.71
51.57
52.39
49.88
51.23
55.47
63.58
62.46
55.93
51.26
51.45
51.55
56.21
54.11
54.45
52.43
51.58
51.63
50.50
50.90
50.93
50.81
50.71
50.81
51.05
52.20
52.20
49.53
50.31
53.58
53.26
54.43
53.51
52.84
52.98
52.89
54.79
54.90
54.28
51.78
51.57
51.52
51.13
51.66
52.01
51.33
50.94
51.01
51.08
52.45
52.04
53.33
64.36
58.50
55.93
59.44
51.88
52.88
51.74
52.62
54.38
55.24
53.71
53.08
51.46
50.67
51.39
50.35
50.30
49.03
49.87
50.07
50.13
51.07
53.93
58.74
41.28
50.52
50.86
50.34
51.73
51.99
51.08
51.31
54.26
55.93
51.83
51.35
50.81
49.80
49.46
49.85
49.29
49.31
48.99
49.64
49.43
51.00
50.90
47.63
47.96
49.15
49.47
49.55
49.33
49.46
49.79
49.74
52.39
53.88
51.74
50.27
49.89
50.56
49.98
50.17
49.51
49.58
48.88
49.35
49.87
50.36
51.11
47.54
48.71
48.09
49.02
49.28
49.30
48.91
47.97
47.45
51.09
52.20
50.57
49.84
49.37
49.31
49.00
49.15
49.37
48.62
49.05
49.85
49.67
50.09
56.34
61.89
62.97
61.36
53.70
51.04
50.84
49.80
50.04
51.69
54.75
56.21
53.06
51.26
51.10
51.05
50.27
49.71
49.07
48.89
48.58
48.36
49.12
50.53
52.08
50.01
53.47
62.80
63.12
52.50
53.21
52.01
52.55
54.33
57.35
56.35
53.68
51.84
51.76
50.92
50.75
51.01
50.82
50.27
50.29
48.89
49.22
50.61
60.30
52.23
50.63
50.38
51.87
51.56
51.51
52.21
51.82
52.90
55.17
54.68
52.67
51.98
52.06
52.10
50.71
50.68
49.35
49.74
49.50
49.29
49.50
50.12
52.03
49.36
51.11
52.13
57.92
62.24
59.97
54.64
51.68
52.97
54.56
55.17
52.23
50.85
49.66
49.64
49.43
49.39
48.34
49.62
48.72
49.28
49.02
51.14
55.47
61.65
61.26
62.11
50.53
50.38
50.71
50.67
49.34
49.50
53.38
53.18
51.47
50.41
49.47
49.38
48.99
48.96
48.47
48.61
48.64
48.62
48.57
50.09
50.27
46.96
48.06
48.37
48.23
48.61
48.34
48.62
48.73
48.33
50.73
52.40
50.51
49.69
49.33
49.35
48.78
49.00
48.82
48.79
48.79
48.74
49.16
49.92
50.16
46.88
47.27
46.91
47.99
47.61
47.26
47.13
46.92
47.03
49.92
50.53
49.87
48.90
48.65
48.50
48.76
49.76
49.00
49.18
49.13
49.09
49.57
50.47
53.76
50.99
49.25
58.82
58.18
58.17
58.53
58.28
50.48
49.39
52.52
52.82
50.86
50.65
49.55
49.17
48.99
48.74
48.82
49.01
49.02
48.84
48.96
50.22
52.01
49.04
52.08
52.45
50.37
50.99
54.07
52.59
50.49
51.71
51.86
52.84
51.05
49.83
49.79
49.42
49.20
49.06
48.78
48.82
48.66
49.09
50.11
50.42
52.34
50.72
61.50
61.75
61.92
63.25
58.51
50.14
49.53
49.04
53.72
52.67
50.60
49.92
49.83
49.45
49.38
49.33
49.04
48.89
49.22
48.79
49.38
50.20
51.77
49.23
50.54
53.75
61.33
62.54
51.14
50.13
49.92
50.16
52.10
52.18
50.73
50.01
49.78
49.39
48.83
49.04
49.46
49.11
48.59
48.74
49.28
50.34
54.33
50.10
59.51
59.30
51.73
58.94
51.44
51.68
51.22
49.85
52.68
54.66
52.08
50.30
50.15
49.88
49.07
49.07
49.13
48.80
48.37
48.78
49.03
49.98
50.85
47.35
48.52
48.78
49.14
49.52
49.42
49.82
50.06
49.83
52.57
53.49
52.38
50.48
50.90
50.04
49.31
49.32
49.77
49.40
48.92
48.89
49.44
50.24
49.64
46.44
47.32
47.71
47.90
48.05
48.12
47.99
48.14
48.17
50.04
52.19
50.53
49.53
49.36
49.15
48.78
49.28
48.88
48.88
48.56
48.89
49.08
50.12
49.59
45.64
45.92
45.67
46.30
45.78
46.18
46.39
46.58
46.03
48.65
50.95
49.87
48.92
48.79
49.29
48.98
48.65
48.13
48.70
48.22
48.27
48.54
50.23
51.30
54.99
62.18
62.62
56.51
50.74
50.42
51.05
49.90
50.10
52.95
53.58
51.43
50.56
49.92
49.16
48.56
48.11
48.34
47.78
48.44
48.91
48.77
50.08
50.47
48.99
51.24
48.27
50.92
47.95
52.28
51.60
50.20
51.01
53.95
54.53
52.74
51.61
50.47
49.78
49.38
49.13
48.78
47.92
48.62
48.90
49.39
50.53
51.95
52.93
51.87
51.06
53.64
52.56
52.27
53.32
52.91
53.13
55.89
55.76
53.95
51.98
51.68
51.10
50.39
50.52
49.26
49.10
49.35
48.93
49.30
50.17
54.42
52.45
51.50
52.17
54.45
52.91
53.33
54.03
53.71
53.80
56.31
56.85
53.60
52.45
51.27
51.49
50.94
50.63
49.50
49.24
49.22
48.90
49.52
49.94
50.98
48.84
49.34
49.77
50.10
50.16
50.66
50.79
51.64
52.82
55.40
56.13
52.19
51.24
50.76
50.49
50.74
49.86
49.16
49.11
49.31
48.88
49.10
50.15
51.54
49.25
49.11
50.34
49.82
51.08
50.36
50.44
50.44
50.72
52.89
54.40
52.09
51.09
50.85
51.03
50.44
50.16
49.52
49.46
49.61
48.63
49.48
50.14
55.15
53.19
52.37
54.34
54.31
51.93
53.19
54.69
53.26
52.05
55.79
55.12
52.99
51.28
51.18
51.21
50.78
51.14
50.44
49.32
49.12
49.10
49.56
50.74
53.11
53.65
55.07
63.42
64.28
53.69
53.57
53.46
52.34
52.74
56.89
55.64
52.85
52.37
51.77
50.83
50.73
50.38
50.52
50.50
49.71
48.91
49.57
50.08
52.28
51.75
53.17
54.72
54.70
55.26
54.91
53.26
54.36
53.75
57.31
58.38
54.53
52.70
52.07
51.82
51.10
50.98
51.70
51.22
51.20
49.62
49.76
50.84
53.58
65.70
68.81
66.33
55.86
54.23
55.10
53.89
53.46
55.02
58.05
57.26
54.54
52.81
52.21
51.57
50.97
51.10
50.42
50.41
50.10
49.84
50.33
50.91
54.39
59.35
54.06
52.46
52.77
55.03
53.53
55.83
55.84
55.46
58.13
58.98
55.72
53.04
52.51
51.90
51.43
50.95
51.03
49.90
49.15
49.16
49.40
50.00
51.73
49.19
49.57
53.79
55.22
50.44
51.49
51.26
51.11
51.40
53.96
55.56
52.88
52.27
51.82
51.67
51.34
50.83
50.64
51.01
50.65
49.41
49.52
50.53
52.47
49.46
50.02
50.66
51.16
51.52
51.69
51.73
52.03
52.00
54.50
58.60
53.98
52.61
52.38
52.46
52.45
51.20
51.27
50.71
50.78
50.34
51.12
51.76
53.54
52.93
65.19
65.15
66.29
54.71
55.06
54.64
61.04
63.96
61.28
57.34
55.19
54.00
52.86
52.54
52.21
51.88
52.10
51.33
51.04
51.37
51.35
52.70
53.62
60.73
64.11
66.39
54.25
53.03
54.89
55.74
54.53
54.25
59.13
57.11
55.59
53.43
52.62
52.92
52.34
52.05
51.61
51.49
50.69
50.39
51.24
52.08
61.47
61.35
64.51
65.28
65.15
66.14
67.29
66.95
55.36
56.26
58.02
58.24
54.72
53.86
53.29
52.71
52.61
51.98
51.21
50.13
50.02
50.41
50.17
51.23
52.75
50.44
51.99
53.64
52.14
57.35
52.96
54.52
53.83
55.31
55.87
57.11
53.49
52.00
51.73
51.65
51.08
50.70
50.73
49.78
49.37
48.61
48.82
51.03
52.23
53.07
64.90
58.33
52.67
53.59
60.73
62.74
62.54
56.40
56.70
57.03
54.44
53.54
52.54
51.46
51.04
50.50
50.23
50.06
49.37
48.90
48.98
49.82
51.94
48.58
49.78
50.57
50.59
50.60
50.66
50.87
51.19
51.21
53.16
54.61
52.72
51.81
51.16
50.97
50.76
50.27
49.93
50.29
49.90
48.97
49.56
50.22
51.60
48.82
49.70
49.66
51.15
51.03
50.46
50.77
50.90
51.07
53.12
54.67
52.80
51.73
51.50
51.07
50.45
50.08
50.49
50.44
50.01
50.21
50.09
51.03
53.06
51.28
58.46
53.93
53.40
60.55
60.64
54.61
53.63
54.40
56.74
56.59
53.90
51.70
51.32
50.73
50.71
50.11
50.45
49.68
49.01
49.26
49.50
50.83
54.32
54.00
55.09
55.13
53.25
53.37
54.44
61.10
54.96
53.92
58.76
58.70
55.46
53.60
52.97
51.58
51.62
50.93
50.82
50.21
49.19
49.11
48.98
50.02
52.56
52.11
55.60
65.33
60.90
53.43
53.49
53.09
53.54
55.71
56.67
57.01
54.06
52.45
51.54
51.13
50.67
50.36
50.21
49.92
49.42
48.54
49.07
50.87
52.29
56.06
64.91
54.17
54.40
53.66
54.66
53.00
53.84
53.87
57.01
56.90
53.97
52.95
51.78
49.31
48.64
49.99
50.43
49.25
48.39
49.05
49.13
50.63
52.43
51.53
51.34
54.53
60.20
53.26
53.68
53.45
53.91
53.87
60.27
56.49
54.82
53.63
52.41
51.48
50.75
50.70
49.64
48.74
48.60
48.32
49.32
50.05
52.08
48.93
49.20
49.74
49.83
49.98
50.58
49.92
50.62
50.48
53.10
54.40
52.34
50.86
50.57
50.23
49.94
50.34
49.76
49.20
48.73
48.16
48.55
49.29
50.97
48.71
48.77
49.03
49.79
49.79
51.01
50.31
50.07
50.15
52.52
54.17
51.91
50.45
49.88
50.57
49.21
49.49
48.17
48.21
47.72
47.91
48.54
49.85
52.29
50.59
54.19
54.86
52.66
53.03
52.37
52.00
53.72
52.46
54.74
55.85
53.24
51.48
51.01
49.98
49.64
49.28
49.44
48.13
48.02
48.22
48.43
49.76
51.75
52.42
55.52
52.14
52.19
54.44
55.27
53.42
53.53
53.48
56.19
56.61
53.84
51.79
50.77
50.08
50.25
49.70
49.39
49.13
49.01
48.52
49.35
49.61
51.98
51.56
53.94
49.54
65.52
61.14
57.63
56.03
57.01
55.46
59.34
57.38
54.92
53.70
52.74
52.26
51.57
51.80
51.12
50.75
50.75
50.63
50.52
51.37
53.54
52.51
53.85
61.04
55.35
55.03
55.38
54.76
53.59
53.25
57.71
58.12
54.10
52.93
52.50
52.02
51.70
51.11
50.91
51.05
50.84
50.47
50.73
52.01
51.03
46.24
51.44
56.77
55.77
57.02
56.92
55.38
57.29
56.30
60.91
59.88
57.01
55.59
55.02
54.60
53.41
53.42
52.62
52.49
52.75
52.15
52.87
53.42
54.79
51.80
52.13
52.55
53.31
54.01
54.43
54.11
53.73
54.29
56.15
57.63
55.60
54.30
53.93
54.33
53.82
53.49
53.16
52.87
53.15
52.88
53.05
53.70
54.96
52.39
52.57
52.83
52.92
53.57
53.18
53.20
53.70
53.23
55.98
57.37
54.91
54.26
53.81
53.53
53.57
53.32
52.93
53.03
52.50
52.66
52.80
53.92
55.36
54.34
56.78
55.16
54.51
55.65
55.47
55.36
55.08
55.37
58.20
57.92
55.47
54.53
53.96
53.80
53.33
53.45
53.15
52.69
52.82
52.41
52.77
53.69
59.84
65.48
67.54
59.87
55.21
55.07
55.71
54.93
56.28
55.20
58.14
58.32
55.89
54.38
54.08
53.21
52.87
52.93
52.54
52.18
52.36
52.21
52.98
53.58
55.82
54.06
54.72
54.39
54.63
56.23
68.19
56.21
55.64
55.28
57.95
58.65
55.34
54.11
53.79
53.25
53.05
52.33
52.36
52.10
51.65
51.88
51.14
52.53
54.39
51.54
51.88
52.32
52.81
53.04
53.28
53.35
53.71
52.97
55.98
57.24
55.64
55.14
54.71
54.03
53.03
52.90
52.07
52.72
52.34
51.47
51.44
53.31
55.03
52.24
52.55
52.98
54.88
53.26
54.27
54.12
54.01
53.74
57.14
57.71
55.35
54.53
53.92
53.82
53.01
53.15
53.04
52.78
52.86
52.42
53.01
53.75
54.89
52.01
52.73
53.48
53.83
53.94
53.73
54.07
54.48
54.08
57.09
58.27
55.53
54.46
53.86
53.30
53.50
53.13
52.96
52.97
52.59
52.57
52.83
53.90
55.41
52.32
53.28
53.42
53.64
53.72
54.17
54.14
54.02
53.91
56.48
57.63
54.81
54.37
53.11
53.15
53.03
52.49
52.29
52.41
51.70
51.56
52.45
52.41
54.91
53.56
55.44
61.33
68.59
66.58
68.26
62.78
55.40
56.31
59.72
59.76
56.03
54.57
54.16
53.46
52.86
52.63
53.32
52.54
52.08
51.59
51.74
52.99
55.27
48.78
50.31
66.05
65.25
56.10
56.99
56.23
56.49
56.62
58.60
58.27
55.46
54.32
53.61
52.99
52.53
52.81
52.10
52.60
51.69
52.06
52.12
53.50
54.65
51.44
65.83
55.11
55.30
54.87
56.70
55.32
55.73
55.98
60.12
59.66
57.07
55.01
54.96
53.89
53.38
53.11
52.25
52.59
52.21
52.97
52.56
53.52
55.59
53.89
55.26
66.47
69.49
61.74
58.31
56.22
56.24
55.84
58.86
59.67
56.36
53.98
53.75
53.41
53.04
52.96
53.02
52.52
52.98
52.33
52.80
53.44
55.28
64.46
63.89
58.54
55.38
55.30
56.02
56.26
54.99
58.24
60.34
59.65
56.17
55.27
55.50
54.22
53.26
53.06
52.39
52.57
52.81
52.22
52.26
52.93
54.01
51.12
51.74
51.43
51.87
52.26
52.67
52.80
52.68
52.46
54.53
56.51
54.21
53.48
53.26
53.16
52.78
52.30
52.51
52.34
51.90
51.76
52.21
52.80
54.41
51.09
51.73
52.33
52.15
52.38
52.23
52.45
52.79
52.43
55.00
56.54
54.17
53.37
52.82
53.20
52.58
51.89
51.98
51.69
51.73
51.52
51.73
52.64
54.23
59.76
66.63
61.98
54.54
53.62
55.00
55.91
55.67
55.60
58.47
57.69
54.79
53.69
53.35
52.95
52.83
52.75
52.59
52.68
52.62
52.01
51.77
53.12
54.55
54.43
65.63
56.21
54.73
55.39
55.07
55.54
57.80
57.81
59.78
58.09
55.90
55.03
53.63
53.60
53.05
52.43
52.60
53.06
52.94
52.48
52.52
53.51
55.12
62.75
60.31
57.42
58.76
56.65
55.69
55.18
55.74
54.17
58.35
56.86
55.07
53.78
53.72
53.06
52.82
52.33
52.41
51.76
52.33
51.71
52.36
53.25
56.27
35.12
67.78
58.26
55.53
55.98
55.62
55.59
55.97
56.00
58.55
58.13
55.56
53.94
53.30
53.10
52.97
53.04
52.61
52.32
52.17
52.08
52.10
53.34
56.92
56.74
60.06
60.31
55.14
55.56
63.25
66.22
66.11
64.12
56.98
57.62
55.08
53.46
53.80
52.99
52.28
52.90
52.49
52.52
52.21
51.90
52.53
53.32
54.57
52.38
52.77
53.30
53.01
53.32
53.54
53.90
53.71
53.14
56.34
57.25
54.99
53.78
53.23
53.05
53.09
52.38
52.45
52.15
52.36
52.36
52.47
53.35
54.54
51.68
52.62
53.95
53.04
53.26
53.11
53.84
53.83
53.73
56.12
57.39
54.94
53.91
53.60
53.08
52.99
52.90
52.60
52.92
52.37
52.74
53.18
54.30
56.29
53.40
55.27
60.59
55.85
56.10
55.18
56.94
56.01
56.81
59.58
60.54
55.84
54.90
52.94
52.53
51.79
51.29
52.26
51.52
52.11
51.81
52.91
53.80
54.74
56.03
65.92
66.96
69.48
64.00
55.48
55.43
56.28
55.14
59.28
59.54
55.82
54.26
53.90
52.98
52.88
53.16
53.34
52.59
52.46
52.55
51.66
53.29
54.87
53.90
59.48
65.43
54.04
55.40
55.65
54.72
54.43
55.54
58.22
58.34
55.19
54.28
52.81
52.80
52.31
52.09
52.45
52.22
51.83
52.21
53.04
54.08
55.08
53.57
53.90
54.68
58.94
57.97
56.93
56.06
55.36
56.36
59.31
59.59
56.70
54.67
54.25
53.68
53.51
53.17
52.83
52.81
52.21
52.26
52.78
54.12
54.59
54.93
57.61
65.74
65.59
55.08
55.76
55.76
54.26
56.93
60.77
60.17
56.50
54.50
53.82
53.85
53.31
52.86
52.18
52.27
52.06
51.95
51.74
52.35
53.62
51.44
52.18
51.75
52.18
52.57
52.67
53.11
52.67
53.08
55.28
56.80
54.20
53.42
53.13
53.02
53.00
52.64
52.56
52.26
52.45
51.71
51.77
52.41
53.32
50.82
50.98
51.49
51.63
52.00
52.04
51.98
52.45
52.39
54.81
56.79
54.46
53.22
52.60
53.02
52.49
52.38
52.38
52.10
52.11
51.82
52.36
52.55
54.56
53.60
53.25
54.50
54.62
58.46
66.34
62.42
55.12
55.19
58.09
58.01
55.10
53.17
53.29
52.16
52.78
51.85
51.72
51.78
51.10
51.42
51.70
52.85
54.70
62.75
60.44
54.41
55.40
55.59
56.16
54.19
53.37
54.66
55.52
55.42
53.30
51.71
51.08
50.03
49.92
50.06
50.15
49.80
49.59
50.05
50.46
51.67
52.85
52.02
52.01
52.47
54.98
53.13
54.39
55.31
54.50
54.49
55.39
56.63
53.57
52.49
51.76
51.67
51.10
51.68
50.74
50.73
50.97
50.99
51.61
52.54
54.16
54.27
53.72
53.92
54.77
53.90
55.49
55.12
54.32
58.63
69.78
70.29
66.26
55.11
52.90
52.56
52.31
52.16
51.90
52.13
51.81
51.83
52.23
52.83
54.59
53.59
60.86
57.74
54.36
54.37
54.64
54.51
54.18
57.27
57.93
58.15
55.47
54.40
53.56
52.94
52.20
51.89
51.87
51.48
51.32
51.04
51.84
52.84
53.05
50.62
50.92
51.25
51.39
52.24
52.48
52.01
52.89
52.18
54.97
56.41
53.93
53.07
51.83
51.22
51.50
51.37
51.49
51.27
50.96
51.30
51.61
52.34
52.94
50.52
50.57
51.53
51.85
51.89
52.27
52.23
52.52
52.42
55.41
56.30
54.36
53.39
52.86
52.45
52.62
52.08
51.89
51.89
52.24
52.15
51.92
53.02
55.70
57.00
59.07
61.71
57.22
56.48
54.74
55.95
56.70
56.29
59.02
58.28
55.32
54.30
52.42
51.93
52.15
52.25
52.14
52.02
51.83
52.00
52.73
53.97
56.15
53.27
56.97
65.30
65.34
57.08
55.39
54.91
56.35
55.54
57.79
59.96
54.89
53.83
53.38
52.84
52.14
52.01
52.36
51.70
51.68
51.81
52.57
53.71
54.70
54.60
65.56
56.85
54.41
54.82
56.45
56.35
56.14
57.19
57.79
58.46
55.28
53.64
53.63
52.76
52.48
52.31
51.66
51.89
51.70
51.76
52.22
53.25
54.88
54.36
56.31
67.39
67.56
59.13
56.10
54.66
55.02
56.23
57.66
58.85
56.68
54.29
53.51
53.16
52.31
52.51
52.24
52.58
52.59
52.10
52.31
54.15
54.96
62.48
66.19
65.83
65.34
62.60
57.51
54.91
54.83
57.18
62.17
59.94
55.47
54.31
53.52
52.67
52.08
52.11
51.76
51.91
51.80
51.48
51.91
53.08
54.42
51.53
51.47
51.21
51.81
51.89
51.96
52.42
52.45
52.40
54.41
56.06
53.62
51.83
52.06
51.92
52.84
51.67
51.86
52.27
51.60
51.48
52.02
53.14
54.39
51.08
51.24
51.47
51.68
51.72
51.92
52.72
52.13
52.34
54.90
56.76
54.24
53.48
52.57
52.12
52.38
52.04
51.83
51.70
51.81
52.14
52.03
53.10
58.25
65.56
65.99
58.42
56.52
56.49
55.32
55.91
56.00
55.45
60.62
59.25
54.96
54.18
53.77
52.81
52.41
51.47
51.59
51.39
51.66
51.34
52.18
53.03
53.83
55.18
54.45
55.07
56.21
56.81
60.61
59.91
57.13
57.51
58.83
60.17
57.07
54.86
53.54
53.01
52.45
52.64
51.84
51.99
51.77
51.44
52.19
52.68
54.18
58.04
61.39
56.24
56.00
56.55
56.19
56.19
54.73
57.02
59.97
59.62
56.68
54.86
53.82
53.46
51.53
51.95
51.71
51.82
51.54
51.10
51.78
53.08
57.93
66.20
61.09
56.91
56.04
57.58
57.30
58.44
55.72
58.04
59.90
58.61
55.72
54.05
53.02
53.49
52.97
51.56
51.46
51.79
51.42
51.16
51.48
51.85
52.09
56.58
58.85
56.22
55.18
53.73
53.31
54.76
53.24
54.27
59.01
57.81
55.59
53.39
52.42
52.68
52.08
51.78
51.18
50.99
50.37
50.46
50.87
51.71
51.77
50.01
50.84
51.57
53.51
53.19
53.69
52.94
53.61
54.15
56.55
57.32
55.10
53.39
53.56
52.29
52.71
52.08
51.85
52.63
51.75
51.58
51.86
52.83
53.87
51.44
51.51
51.85
52.84
53.26
53.07
54.03
54.37
53.14
57.29
58.15
54.37
53.77
52.50
52.31
52.40
52.41
51.44
51.39
51.32
51.14
52.41
52.67
58.60
65.25
68.02
58.91
55.02
56.99
57.72
63.88
57.22
55.67
61.45
59.54
54.41
53.45
53.71
52.87
51.87
52.58
51.92
51.31
51.18
51.87
52.03
53.22
58.48
64.00
58.47
57.50
61.97
58.50
57.13
56.14
57.73
56.68
60.83
60.93
56.20
55.24
53.22
52.98
52.61
52.97
51.84
52.21
51.82
51.04
52.26
52.47
55.34
60.73
57.14
56.22
57.56
59.17
58.85
67.51
70.03
66.65
63.11
61.07
55.69
54.24
54.19
53.66
52.43
51.32
51.25
50.89
51.13
50.27
51.29
52.30
63.66
58.67
62.40
67.40
59.92
58.87
58.44
56.62
59.64
61.95
61.96
63.04
57.53
55.85
53.74
53.81
52.45
51.71
51.45
51.62
51.24
51.44
51.96
52.97
55.26
57.11
68.67
58.07
57.14
55.07
54.21
55.94
57.73
57.74
59.12
60.19
55.97
54.29
53.69
53.38
52.38
52.40
51.43
50.94
51.59
51.14
51.17
52.63
53.79
50.38
50.53
49.92
51.04
52.51
53.08
51.48
51.21
50.92
54.04
55.87
53.82
52.46
52.21
51.74
52.16
51.96
51.52
52.42
51.21
50.90
51.33
53.01
53.23
49.69
50.18
50.58
50.30
50.75
50.83
51.32
51.91
52.72
55.54
56.75
53.45
52.42
52.56
51.90
52.34
51.47
51.97
51.35
51.06
50.94
52.07
53.24
57.95
66.12
72.32
68.54
70.07
60.90
55.81
56.45
59.74
70.84
67.80
60.31
56.98
54.67
53.01
51.78
51.78
50.57
50.50
50.62
51.43
50.84
51.62
52.39
60.59
66.47
64.60
65.24
60.95
58.76
66.84
55.24
57.58
59.64
61.08
60.63
57.26
54.35
53.16
52.90
52.38
52.05
52.00
51.26
50.79
51.18
51.54
52.19
55.81
57.89
69.16
70.10
69.91
61.88
58.36
56.57
57.11
58.52
60.25
60.85
57.18
54.18
53.30
50.87
49.78
49.60
49.38
49.57
49.68
49.78
50.29
51.26
60.35
64.78
66.47
60.21
57.92
60.65
56.89
56.50
56.47
59.91
62.54
62.51
64.62
56.45
58.01
58.16
53.42
52.57
51.05
50.80
50.91
50.43
50.94
52.24
53.08
52.61
60.31
65.98
65.30
59.16
53.70
55.10
54.88
56.11
59.43
59.32
55.03
54.62
53.30
52.76
52.52
52.85
52.27
51.51
51.57
51.01
51.21
51.67
52.65
48.97
49.45
50.05
49.62
50.03
50.23
50.98
50.24
50.43
53.00
54.64
52.35
51.53
51.51
51.15
50.85
51.29
50.58
50.38
50.45
50.70
50.61
51.47
52.09
48.68
49.49
49.99
50.09
50.16
50.16
50.04
50.36
50.24
53.13
53.39
51.89
51.82
50.70
51.27
51.61
50.35
50.78
50.24
50.15
50.37
50.31
51.61
52.05
48.94
50.05
49.21
49.79
49.89
51.40
50.57
50.15
50.95
52.68
54.38
52.30
52.55
51.46
51.38
50.95
50.96
50.29
50.84
50.62
49.93
50.36
51.64
54.45
51.75
54.96
56.42
61.95
62.04
56.43
56.07
56.61
61.30
59.92
60.25
57.09
54.78
52.55
51.87
51.78
51.12
50.81
50.72
50.07
50.33
50.91
52.34
55.78
54.37
61.86
57.93
57.66
58.33
58.55
58.76
56.09
58.34
59.69
59.66
56.21
55.38
51.90
51.86
50.74
51.19
50.75
50.09
50.43
50.19
50.73
51.49
55.34
55.95
60.84
63.88
56.78
55.38
56.84
65.29
65.13
55.36
58.89
60.33
56.05
54.30
53.91
53.14
51.83
51.75
51.24
51.22
51.06
50.79
51.18
52.42
55.99
57.49
57.19
57.15
57.55
56.92
57.07
62.50
60.63
58.28
58.41
64.66
60.46
54.93
58.56
58.27
53.19
52.30
51.70
52.17
51.99
51.12
51.50
53.17
52.93
49.41
50.61
50.41
51.05
51.12
51.39
51.19
50.65
51.61
53.89
55.73
52.78
52.47
51.38
51.68
51.54
52.10
50.95
51.44
50.58
50.77
51.22
51.71
53.14
49.33
49.50
50.15
50.12
49.93
50.15
49.95
50.24
50.47
53.47
54.79
53.13
51.96
51.32
50.96
51.25
50.54
50.41
51.01
50.29
50.53
51.42
51.83
53.34
65.55
64.72
68.16
61.14
59.34
57.30
59.18
55.53
58.10
59.95
59.81
56.24
53.20
52.87
52.09
52.03
50.79
51.08
50.58
50.68
51.58
51.19
52.55
54.57
53.79
58.90
68.15
67.07
67.44
67.66
67.16
64.63
65.48
58.96
59.94
54.63
53.02
51.23
51.81
51.59
50.71
51.04
49.37
48.91
50.82
51.11
50.97
54.15
53.84
64.99
58.92
56.47
55.87
58.89
54.25
55.91
55.58
59.55
60.66
55.09
52.93
52.39
51.55
50.51
51.27
50.60
50.48
50.60
50.38
49.98
51.35
53.01
56.19
54.43
66.05
72.59
66.29
56.79
55.68
56.68
57.75
58.55
59.67
56.13
52.95
52.57
51.88
51.66
50.35
50.40
49.92
50.22
50.72
50.32
51.57
53.68
52.20
57.69
54.31
54.44
55.40
55.10
55.87
55.89
55.29
57.53
58.67
54.18
52.31
52.83
51.84
50.60
51.03
50.89
50.13
50.73
50.22
50.13
51.50
52.36
48.49
49.36
49.27
49.51
49.67
49.98
50.15
50.87
50.20
52.10
53.79
51.65
51.03
50.12
50.58
51.01
51.02
50.64
50.04
50.21
50.11
49.82
50.29
51.73
48.45
48.66
48.94
49.16
49.16
50.26
49.34
49.53
49.48
52.29
54.00
51.55
51.51
50.93
50.48
50.23
50.34
50.06
50.31
50.09
50.07
50.67
51.41
52.70
51.94
55.25
56.27
54.37
55.08
59.51
66.27
55.53
57.06
57.73
59.98
56.25
53.31
50.57
50.21
49.36
49.03
48.81
48.68
48.43
49.02
49.10
50.04
53.36
54.05
56.63
55.98
55.70
54.55
57.42
56.02
56.65
57.60
59.39
59.76
55.71
54.33
52.03
51.43
50.44
50.40
50.52
49.85
49.71
49.57
49.71
50.58
53.15
53.35
56.35
69.45
64.51
55.38
61.93
57.62
55.96
56.90
57.66
59.15
55.62
54.01
51.58
50.79
51.42
50.63
50.28
50.13
49.38
49.08
49.91
49.99
52.60
53.72
54.58
56.08
55.68
54.59
55.82
55.55
56.50
57.29
58.66
56.31
54.90
52.17
51.60
51.44
51.37
51.52
50.68
49.66
49.55
49.72
50.06
50.81
52.93
60.72
69.14
67.86
57.51
56.56
56.97
55.14
55.73
58.98
58.50
59.14
55.10
53.07
52.73
52.35
51.76
51.77
49.79
50.53
49.55
49.36
50.09
50.76
51.84
49.68
49.05
51.09
51.63
52.02
52.05
51.85
51.31
52.58
58.10
61.61
55.47
54.09
55.30
55.96
56.73
50.74
50.21
50.30
49.27
49.53
50.57
50.44
51.94
48.13
49.31
49.85
50.32
50.81
50.69
50.20
50.26
49.99
53.02
54.96
52.82
52.29
51.72
50.82
50.75
50.45
50.38
49.96
49.16
49.29
49.85
50.34
56.86
62.17
65.50
66.32
63.76
54.51
54.76
57.48
55.96
54.61
56.57
57.87
52.32
51.25
50.82
50.22
49.79
49.81
49.72
49.45
49.85
49.66
50.87
51.07
52.41
53.83
55.39
56.68
54.54
56.75
56.65
53.44
55.83
55.98
59.62
58.47
56.75
57.48
53.96
53.38
51.66
49.65
49.88
49.66
49.29
49.57
50.28
50.67
53.54
53.63
54.21
58.04
56.21
56.87
56.72
62.43
64.22
67.53
67.74
61.28
55.39
54.50
52.49
50.33
49.45
49.76
49.35
47.25
49.08
48.89
50.05
50.15
53.85
62.24
67.55
66.42
67.55
55.27
56.33
54.56
55.23
54.45
56.09
55.66
53.77
50.87
50.86
50.47
49.31
49.59
49.40
48.91
49.28
49.98
49.92
50.62
52.23
54.32
62.12
54.13
54.63
53.79
54.23
54.67
55.56
53.75
59.05
57.05
52.79
51.46
50.28
51.28
49.77
49.55
49.15
49.46
48.83
48.97
49.36
50.20
50.95
48.06
48.88
48.73
49.02
49.44
49.21
49.17
49.28
49.17
51.32
53.45
51.32
50.92
50.59
51.53
50.94
49.35
49.38
48.71
49.21
48.99
48.66
50.42
50.94
47.68
48.05
48.45
49.07
49.17
49.30
50.33
58.44
49.42
51.64
53.09
51.58
50.54
50.62
49.13
49.56
49.63
49.22
50.12
49.07
49.38
49.70
50.03
52.36
58.27
70.82
68.46
62.47
56.30
55.51
58.91
54.83
53.89
58.57
59.58
53.52
51.15
51.11
51.63
49.37
49.58
49.43
48.88
49.15
49.02
49.43
50.50
55.76
63.26
60.41
59.44
53.87
54.31
54.94
53.76
55.68
57.38
58.17
56.45
56.41
52.64
50.58
49.71
49.63
49.32
50.05
49.44
49.02
49.46
50.01
50.51
51.95
51.72
52.63
62.01
54.24
54.58
58.29
56.74
55.23
54.89
59.50
58.83
54.04
54.57
50.98
50.69
49.56
49.54
50.02
49.44
49.70
49.41
49.35
50.77
52.74
50.87
53.48
55.63
63.64
67.36
59.53
55.01
55.88
57.05
56.60
56.01
54.83
52.34
51.05
51.75
50.70
49.21
50.33
49.49
48.34
49.70
49.18
49.76
52.77
63.03
64.74
61.87
55.28
55.64
54.63
55.28
54.69
54.55
55.24
57.86
52.89
52.32
50.93
51.13
51.09
50.34
49.28
49.42
49.28
49.52
49.29
50.12
50.83
47.52
48.15
49.00
49.30
49.70
49.88
49.49
50.28
50.37
53.21
53.98
51.83
51.18
50.32
49.36
49.12
49.19
49.76
49.10
49.27
49.36
49.55
50.24
51.47
47.91
48.05
49.01
49.28
50.05
49.89
50.16
50.43
50.12
52.78
54.35
51.54
51.00
51.04
49.81
49.42
49.88
49.41
49.60
49.94
49.62
49.80
50.73
54.23
61.03
66.12
67.06
66.68
69.66
62.07
57.88
56.25
56.18
59.12
59.48
56.24
54.14
51.21
51.77
51.55
49.68
50.47
49.20
49.19
49.42
49.36
50.61
53.83
52.80
56.08
67.54
69.70
61.57
56.88
58.75
54.27
56.06
60.27
59.25
55.19
53.03
51.82
51.08
49.17
48.49
48.95
48.84
49.46
49.18
49.63
50.78
53.24
62.15
58.72
55.02
55.18
54.42
54.64
54.70
53.62
57.31
58.19
58.42
53.83
52.65
51.54
49.33
49.32
47.90
48.49
49.64
49.34
49.40
49.62
50.87
52.93
50.14
55.14
66.09
67.10
58.09
55.27
54.60
58.10
55.73
58.94
56.56
53.52
52.31
51.46
50.96
50.15
50.62
49.55
50.27
49.54
50.07
49.57
50.61
52.98
56.97
58.36
52.12
55.55
56.51
53.86
53.48
55.33
54.68
55.42
55.48
52.84
51.07
50.43
50.11
50.16
50.46
49.51
49.52
49.89
49.36
49.61
50.40
51.33
48.47
49.11
52.04
56.99
55.75
53.55
53.18
53.20
56.01
54.05
55.61
51.95
50.79
49.57
49.45
49.49
49.09
49.35
49.39
48.97
49.02
49.25
50.48
51.44
47.48
47.66
47.95
48.10
49.37
48.93
48.90
48.58
49.05
51.43
53.57
51.14
49.89
49.20
49.00
49.63
49.42
48.99
49.01
48.70
47.41
47.73
48.72
50.41
60.25
62.26
61.32
57.51
51.76
53.90
61.71
54.19
50.13
56.17
55.16
50.81
51.02
50.07
49.59
49.17
48.88
49.16
48.79
48.96
49.46
49.09
50.47
52.39
52.49
61.30
63.06
64.28
66.83
56.10
52.78
51.55
51.37
54.13
55.85
52.77
51.69
51.33
50.34
49.24
50.59
48.19
49.13
49.86
49.83
49.80
50.18
53.23
61.39
59.56
56.41
58.91
57.56
55.74
56.65
55.69
55.53
56.94
58.52
55.42
53.56
51.14
50.08
49.66
49.21
49.32
49.15
48.65
49.02
49.42
50.79
53.10
51.13
59.41
55.99
55.18
55.24
55.33
53.96
55.65
53.31
57.99
58.35
53.98
52.26
51.25
49.85
49.17
49.45
49.11
49.48
49.76
49.13
49.72
49.97
52.49
49.59
52.23
52.89
52.41
54.54
52.60
53.21
55.68
53.82
55.60
55.10
51.66
50.47
50.35
49.78
48.79
49.30
49.71
49.14
49.10
49.15
49.30
50.13
51.11
48.08
47.47
48.27
47.69
48.26
48.06
49.50
48.95
49.20
51.11
51.84
49.53
49.22
49.02
49.14
49.34
50.02
50.19
49.37
49.63
49.54
49.68
50.55
51.77
48.13
59.18
60.33
60.14
60.17
49.18
48.57
49.77
49.83
52.22
52.71
50.43
50.45
50.09
49.84
49.31
49.44
49.85
49.14
49.36
49.91
49.90
51.09
52.02
50.27
64.05
66.23
64.13
54.09
56.33
53.36
52.76
54.97
57.40
57.00
53.27
51.94
51.30
50.80
49.58
49.77
49.51
49.48
49.58
49.60
49.81
51.03
54.05
64.89
66.03
56.63
58.58
55.97
57.62
55.68
57.38
56.27
58.33
57.82
54.68
52.67
49.70
49.78
49.32
49.58
50.19
49.10
49.32
49.38
49.73
51.21
52.42
51.41
63.53
61.10
57.60
56.12
54.23
56.78
55.99
55.20
57.70
59.37
54.65
52.68
49.96
50.03
49.48
49.35
49.13
48.87
49.45
49.69
49.69
50.69
56.24
67.52
63.09
58.99
54.90
54.59
54.51
55.34
56.60
55.94
57.73
57.78
55.04
51.32
50.57
49.61
49.63
49.95
49.04
49.15
49.45
49.92
49.79
51.23
52.80
50.82
53.84
53.72
63.05
54.94
53.30
54.67
52.58
51.77
54.21
54.20
50.86
50.03
49.65
49.97
49.97
48.93
49.29
49.09
49.40
48.56
49.54
49.86
51.11
48.42
49.46
48.34
49.82
48.76
48.80
49.16
48.57
49.45
50.73
52.91
50.32
49.59
49.27
48.92
48.88
48.82
48.50
48.78
48.56
48.92
49.07
49.69
50.90
47.40
47.35
47.19
47.37
48.55
48.89
48.45
48.63
49.68
51.78
52.47
50.53
49.44
49.15
48.63
48.61
48.55
48.84
49.46
48.62
48.60
49.06
50.70
52.25
51.41
54.15
58.51
56.26
60.53
55.92
59.83
64.77
59.71
55.38
55.95
53.09
51.27
50.40
49.16
49.09
49.09
48.99
49.48
49.37
49.49
49.98
51.75
55.52
64.68
66.05
63.10
57.31
54.44
54.50
55.12
57.10
54.67
57.27
56.52
54.93
51.64
49.76
50.39
49.40
48.91
49.24
48.79
48.68
49.53
49.83
50.72
54.15
55.07
57.96
56.26
55.02
56.59
56.00
53.61
52.05
53.45
56.73
56.04
53.74
51.29
50.44
50.82
50.17
50.09
49.94
49.24
49.90
49.06
50.20
51.49
55.99
55.42
65.24
66.54
62.11
55.85
54.10
54.45
53.99
53.34
55.09
56.59
52.72
50.05
49.73
49.90
49.15
49.31
49.22
49.74
49.12
49.30
49.61
52.90
65.38
64.04
52.80
55.22
60.71
55.20
54.42
52.84
54.40
51.20
56.28
55.01
51.34
49.91
50.10
49.92
49.00
49.39
49.41
48.88
49.08
48.64
48.97
49.82
51.54
48.69
47.24
47.54
47.85
48.65
49.96
49.16
49.38
48.58
51.70
53.31
50.96
49.18
49.45
49.68
48.36
49.80
48.30
49.56
48.50
48.54
48.58
49.38
51.07
47.67
47.50
47.28
47.52
47.69
47.97
48.99
49.19
49.21
51.16
52.04
49.92
49.20
48.75
48.73
48.30
48.93
48.39
48.54
48.73
49.11
48.90
50.60
53.21
57.22
54.82
57.26
50.79
52.28
52.80
56.38
53.28
55.27
55.30
54.96
52.38
50.51
49.54
49.87
48.98
48.60
48.50
48.50
48.15
48.43
49.05
49.69
51.83
52.33
55.21
66.72
62.25
54.00
55.31
53.89
54.85
55.03
56.02
56.72
55.01
49.97
49.61
50.01
49.46
48.89
49.15
48.62
48.81
48.97
49.22
50.52
51.80
53.99
64.51
54.65
55.47
56.29
55.86
57.65
55.98
55.65
58.74
57.39
53.86
50.65
49.52
49.62
50.66
49.46
48.92
48.77
48.52
48.86
49.09
50.38
53.16
52.29
55.50
67.66
63.74
54.93
56.53
55.01
55.32
55.82
57.76
57.18
52.22
51.86
49.96
49.80
49.26
49.44
48.65
48.86
49.29
48.54
49.47
50.29
52.27
57.20
52.34
54.30
57.21
56.30
58.12
57.69
59.80
56.68
57.46
55.88
53.40
50.20
49.13
50.41
49.04
49.36
49.36
49.03
48.49
48.79
48.91
49.69
51.44
48.93
50.14
52.48
59.32
64.18
56.66
53.03
51.98
51.60
58.46
55.50
52.79
50.11
49.65
49.62
49.33
49.02
49.29
49.21
49.42
48.43
48.92
49.55
51.08
48.36
47.61
48.24
48.36
49.14
49.47
49.40
49.28
49.20
52.36
53.43
50.53
49.21
48.85
48.91
48.69
48.49
48.63
48.47
48.37
48.66
49.11
50.05
50.40
48.69
47.44
47.79
48.27
48.43
48.59
50.02
49.15
49.81
51.39
53.09
50.97
49.59
49.13
48.81
48.60
49.43
48.15
48.77
48.46
48.44
49.52
50.22
52.37
52.46
61.69
69.91
65.52
53.78
54.09
54.30
53.23
53.61
56.58
57.77
53.09
50.96
49.64
49.70
50.08
49.40
48.05
48.09
48.77
48.77
48.74
49.78
56.68
65.59
58.09
55.09
54.66
54.06
54.91
54.37
54.31
55.08
57.61
57.44
52.78
50.46
50.85
49.89
48.88
48.91
48.69
48.07
48.56
48.76
48.90
49.72
52.31
56.40
66.84
64.42
56.29
55.70
54.36
52.81
53.44
52.37
56.47
55.09
52.70
51.31
51.50
50.85
49.60
49.39
49.56
48.78
48.94
48.27
49.06
49.68
52.85
58.33
54.48
54.51
64.55
59.39
54.46
52.58
53.17
52.91
56.23
56.23
52.84
50.57
50.59
49.51
48.83
49.35
49.16
48.77
48.47
48.78
48.64
49.62
51.48
50.54
48.21
48.28
48.56
48.36
48.35
47.81
47.76
48.50
51.08
52.09
50.06
49.10
49.37
48.74
48.76
48.75
48.53
48.82
48.47
48.39
49.10
49.12
50.85
48.52
47.55
47.49
48.20
49.20
48.47
48.44
48.99
48.41
50.35
53.30
51.99
49.69
49.67
48.79
48.89
48.54
48.53
48.57
48.51
48.48
49.10
49.71
51.14
51.92
53.86
56.24
53.87
55.31
53.19
54.51
52.70
53.39
56.16
55.34
52.29
51.07
49.12
48.69
48.56
48.54
48.76
48.43
48.36
48.48
48.62
50.13
51.49
51.83
52.22
54.08
60.94
55.59
54.11
52.26
52.93
55.03
56.14
57.41
52.84
49.61
49.26
49.03
49.15
49.45
49.65
48.55
49.02
48.80
49.18
49.87
51.46
53.53
54.51
54.49
63.33
65.65
58.10
54.29
55.35
54.25
55.63
56.55
54.55
51.31
50.22
49.61
49.54
49.69
49.28
49.58
48.91
49.04
49.67
50.39
52.64
53.77
54.90
56.44
59.82
65.63
63.89
66.30
59.92
54.47
56.24
58.51
53.46
52.46
50.90
50.35
49.68
49.52
49.39
48.95
49.45
49.26
50.10
52.29
56.70
65.62
65.86
69.38
65.69
56.94
55.52
54.89
52.66
52.30
56.93
55.28
53.18
51.45
51.98
51.44
51.00
49.37
49.21
49.44
49.13
48.93
49.20
50.37
51.18
51.38
49.30
48.89
50.64
49.95
50.40
49.25
50.45
52.11
55.05
53.85
51.66
51.12
52.64
49.74
49.82
49.59
49.21
49.47
49.25
49.12
49.16
50.58
51.24
48.63
48.57
48.17
48.72
48.94
48.37
48.09
48.36
48.28
52.35
53.61
50.50
49.68
48.95
49.06
49.28
48.87
49.35
49.05
49.23
49.47
50.78
52.32
54.13
53.69
56.79
60.16
62.26
67.74
66.38
62.81
52.82
53.38
54.82
56.53
52.82
51.38
50.99
50.25
49.25
49.08
48.78
49.27
48.86
49.15
50.00
51.71
56.62
65.37
62.05
54.93
59.94
62.79
57.95
56.09
55.01
55.85
58.11
57.13
54.16
52.03
51.13
50.44
50.38
49.96
49.32
49.21
49.24
49.65
50.16
52.41
53.32
54.36
63.83
57.42
55.34
55.22
54.87
55.41
52.77
53.04
52.21
53.32
51.74
50.33
49.86
50.20
49.28
48.68
49.34
49.36
48.79
48.81
49.59
50.47
51.65
49.18
48.70
48.73
49.64
48.96
48.68
47.97
48.40
47.72
50.69
52.05
51.19
49.52
49.25
49.47
48.70
48.76
48.84
49.03
48.51
49.11
50.32
50.95
51.98
50.38
49.45
49.56
50.25
50.18
50.44
49.59
49.94
49.38
52.30
53.74
52.44
50.83
50.50
50.40
49.25
49.04
49.04
49.37
49.08
50.06
49.86
49.98
51.50
49.54
48.71
48.51
48.77
48.33
48.57
48.32
51.40
53.14
56.62
60.15
58.50
54.28
53.69
52.40
58.35
54.87
50.65
50.02
50.64
49.15
50.49
50.85
51.38
49.04
48.39
48.93
48.46
48.46
48.68
48.94
48.09
48.66
51.72
53.19
51.43
49.35
50.15
49.71
50.73
49.35
49.85
48.96
49.72
49.39
50.03
53.98
54.44
54.16
64.68
68.01
66.61
67.32
67.84
61.11
54.12
55.18
56.81
58.15
53.74
51.04
50.31
51.65
49.08
49.49
49.21
48.55
49.09
48.96
49.99
51.48
55.33
55.18
59.94
57.33
55.96
54.82
56.97
54.68
55.58
54.07
56.73
56.68
55.33
51.34
50.95
49.46
48.74
49.05
48.92
48.58
49.19
48.68
49.96
51.15
52.37
56.18
66.96
66.44
56.21
57.05
54.66
57.61
65.66
52.90
57.12
56.61
52.66
50.16
50.86
49.18
49.20
49.62
48.86
48.94
49.12
48.74
50.73
50.82
52.11
57.96
66.21
63.46
56.45
53.25
52.55
62.32
54.64
54.13
55.23
56.83
50.85
49.02
49.22
49.96
49.09
48.33
50.26
50.54
50.62
49.24
50.22
51.14
54.72
62.49
57.01
53.24
59.36
63.66
65.60
55.95
53.43
54.30
56.17
56.28
53.40
50.99
50.30
50.75
49.80
52.89
56.61
56.91
57.04
56.82
55.10
50.19
52.07
49.11
49.10
49.03
51.29
50.09
49.29
49.66
50.09
50.13
53.33
53.96
51.73
50.26
49.95
49.52
49.42
49.50
49.25
49.50
49.08
49.04
49.50
50.41
51.22
49.36
48.81
48.99
49.26
49.77
48.52
48.27
48.97
49.22
51.96
53.04
51.54
49.69
49.52
49.39
49.63
49.29
48.99
49.37
49.26
49.09
50.50
50.79
53.16
62.51
54.92
60.69
55.21
55.06
54.03
52.41
51.58
50.93
55.54
55.30
52.72
50.40
50.55
50.49
49.17
49.76
49.82
49.32
49.39
49.60
50.61
51.98
54.27
51.95
53.80
59.88
56.14
68.28
59.41
53.95
51.28
53.39
55.11
56.22
52.83
51.71
51.68
51.16
50.55
50.10
49.30
49.71
49.36
49.87
50.59
52.38
53.97
53.33
63.36
62.54
53.56
57.21
52.08
53.68
51.94
51.63
56.79
54.53
52.49
51.07
50.20
50.21
49.31
49.71
49.53
49.16
49.09
49.31
50.64
53.28
58.39
66.11
60.72
52.78
54.02
54.99
52.87
53.66
54.59
53.15
54.87
54.48
51.93
50.63
51.40
50.30
50.48
49.59
48.78
48.70
49.41
48.63
50.45
51.52
56.90
63.51
60.64
57.70
51.16
51.92
50.27
52.45
52.25
54.23
54.94
55.28
51.50
50.00
49.97
49.48
48.72
48.47
49.22
48.09
48.65
48.60
48.39
49.82
50.34
48.86
47.33
47.92
47.70
47.18
42.60
42.37
42.89
42.92
46.82
49.11
45.42
44.92
43.96
43.31
43.72
43.40
43.35
43.09
43.48
44.32
43.99
44.56
45.87
43.53
42.72
43.03
42.82
42.65
42.76
42.26
42.62
42.61
45.97
48.00
46.25
44.16
43.87
44.48
43.67
43.71
43.50
43.87
43.74
43.65
44.69
47.57
51.23
51.32
60.26
60.47
60.52
52.84
47.34
48.13
47.27
46.49
49.03
52.83
48.22
46.29
46.50
45.39
43.43
44.21
43.95
43.97
43.92
43.85
45.38
48.11
49.58
48.56
51.60
48.57
47.85
47.23
48.39
49.34
49.08
47.84
52.31
49.56
47.80
45.64
45.81
45.26
44.05
43.98
43.97
44.04
44.11
44.14
45.16
47.94
49.30
48.06
57.44
60.61
60.32
58.45
51.29
48.11
45.90
46.84
51.60
49.29
47.42
46.40
46.13
46.08
44.40
44.65
44.20
44.20
43.97
43.74
45.67
48.02
49.96
59.78
59.43
51.66
47.87
49.65
46.75
47.26
47.55
47.79
50.17
50.77
48.84
46.73
46.81
45.78
45.24
45.09
44.94
45.28
44.99
45.04
46.18
49.90
56.87
53.76
52.08
52.48
50.69
48.66
48.46
48.34
48.23
48.14
52.25
51.61
50.03
47.90
47.63
47.15
45.19
44.80
44.95
44.91
44.41
44.77
45.35
46.25
47.50
43.56
44.30
43.99
44.02
44.18
43.82
43.78
44.10
43.89
46.78
48.84
46.34
44.74
44.98
44.41
44.61
44.63
44.60
45.00
44.37
44.34
44.71
45.81
46.56
43.31
43.56
43.37
43.86
44.02
43.41
43.51
43.76
43.61
46.12
48.04
46.59
44.90
45.34
44.43
44.57
44.60
44.30
44.87
44.49
44.36
45.98
48.69
48.94
47.46
48.79
47.10
47.50
47.83
47.61
47.86
46.84
46.01
48.33
49.83
47.31
46.06
46.21
45.50
44.81
44.96
45.32
44.15
44.99
44.36
45.49
47.58
48.25
45.24
45.08
45.51
45.31
45.64
45.52
45.33
45.15
45.23
48.01
50.16
47.64
46.35
45.81
45.92
44.24
44.18
44.29
44.28
44.34
44.02
45.45
48.14
48.72
45.82
45.50
45.75
46.24
45.80
45.84
44.99
45.14
45.28
48.16
49.71
48.22
46.29
46.34
46.31
44.21
44.56
44.22
44.53
44.34
44.46
46.00
50.99
52.69
48.34
47.60
47.07
48.20
47.23
47.38
47.75
46.77
46.83
49.27
50.28
49.16
47.43
47.02
46.48
44.90
44.53
44.76
45.05
44.66
44.73
45.11
49.01
50.08
46.96
50.98
47.54
48.17
47.50
48.72
46.79
46.86
47.69
49.28
51.27
48.85
47.58
46.88
46.28
44.53
44.71
44.56
44.48
44.39
44.50
44.85
45.59
46.79
43.48
43.36
44.00
44.60
44.38
43.86
44.06
43.56
43.96
46.32
48.28
46.47
45.15
44.91
44.36
44.70
44.78
44.92
44.72
44.85
44.74
44.74
45.93
47.59
43.95
44.00
44.26
44.76
44.30
43.97
43.73
43.84
43.65
46.81
48.41
46.54
45.06
44.84
44.71
44.78
44.96
44.57
44.61
44.61
44.89
46.25
49.81
51.16
49.35
54.80
58.44
59.73
60.28
48.71
50.85
47.47
49.25
51.07
51.82
48.91
47.44
46.68
45.91
44.53
44.04
44.17
43.64
43.91
44.27
45.48
49.27
49.14
47.07
53.85
55.17
47.99
47.36
47.33
47.33
47.33
46.21
50.68
50.93
50.15
49.33
48.26
48.28
44.24
