2090.64
2099.22
2110.45
2111.45
2100.97
2093.04
2125.56
2067.01
2057.85
2035.58
1994.51
1951.40
1937.25
1927.90
1964.23
1955.35
1979.69
2013.66
1985.79
2022.55
2067.11
2079.55
2097.41
2113.38
2130.63
2119.34
2130.72
2116.54
2125.08
2122.43
2096.51
2021.48
1958.91
1843.91
1741.81
1664.82
1676.11
1653.35
1666.11
1711.69
1772.94
1825.95
1893.95
1943.51
1994.50
2017.01
2031.55
2031.30
2037.26
2077.34
2096.56
2107.87
2092.47
2084.90
2072.95
2032.77
2002.64
1846.63
1715.62
1642.10
1623.51
1572.68
1623.94
1659.47
1706.74
1822.14
1880.62
1906.22
1949.56
1957.77
1980.93
1988.61
2025.78
2029.72
2062.70
2032.48
2013.42
2036.63
1999.27
1990.10
1923.10
1789.74
1650.07
1630.66
1600.10
1595.54
1576.92
1628.84
1692.55
1806.73
1884.73
1967.26
1973.04
1999.63
2016.10
2035.31
2061.90
2066.96
2072.66
2081.35
2068.66
2076.27
2034.50
2045.78
2060.62
2028.63
1957.14
1917.32
1915.40
1892.35
1936.20
1911.08
1966.24
1961.60
1987.00
1990.35
1992.16
2023.36
2029.68
2065.13
2066.88
2117.77
2067.06
2085.79
2052.92
2103.96
2063.82
2040.02
2044.20
2041.10
1993.61
1981.11
1999.35
1966.33
1985.06
1938.17
1971.30
1988.84
1960.91
2004.91
2015.16
2023.74
2028.76
2023.72
2070.73
2067.00
2059.82
2082.81
2081.51
2072.80
2025.80
1980.91
1913.33
1793.43
1647.19
1581.47
1572.98
1572.70
1536.59
1603.10
1673.65
1748.39
1819.94
1888.90
1928.18
1948.93
1953.39
1977.69
1999.91
2040.37
2016.74
2026.14
2014.26
2033.81
1996.80
1931.48
1898.66
1749.66
1607.55
1519.47
1545.27
1528.22
1529.44
1589.06
1651.41
1741.60
1788.56
1865.46
1890.60
1889.25
1959.70
1963.14
1972.77
1991.16
1992.12
1998.63
1996.47
2003.71
1952.80
1919.74
1861.20
1740.51
1648.23
1569.28
1619.40
1536.72
1522.35
1553.47
1619.55
1735.45
1772.51
1827.12
1889.17
1936.93
1943.45
2001.77
2024.82
2023.09
2008.94
2020.20
2040.62
2043.98
2013.21
1974.04
1908.25
1771.42
2314.09
1625.78
1617.35
1600.13
1583.33
1621.14
1639.20
1726.33
1787.08
1853.37
1901.21
1903.50
1955.05
1921.01
1988.72
1998.27
1978.01
1999.07
2008.48
2031.81
1993.94
1927.54
1861.77
1729.92
1616.07
1511.88
1530.71
1513.65
1533.22
1571.52
1669.16
1726.15
1797.85
1870.55
1941.93
1983.63
2007.29
2005.24
2065.97
2053.43
2060.69
2073.04
2066.02
2090.90
2049.62
2052.43
2040.76
2004.44
1922.06
1848.68
1803.02
1803.77
1794.16
1777.94
1898.97
1946.08
1918.25
1943.36
2003.23
2003.20
2015.52
2011.53
2030.23
2062.67
2058.46
2070.69
2054.26
2050.11
2032.99
2057.75
2040.78
2027.30
1950.42
1924.81
1929.86
1823.79
1810.58
1854.97
1911.72
1955.52
1956.24
1961.02
1992.58
2015.86
2031.13
2044.81
2069.22
2077.37
2066.97
2074.03
2062.19
2093.23
2041.34
1979.11
1917.92
1811.11
1635.79
1618.78
1545.99
1533.58
1580.22
1655.43
1650.79
1719.87
1782.90
1873.57
1923.47
1923.28
1979.62
1997.73
2000.40
2024.18
2011.73
2023.66
2026.60
2012.94
1971.44
1925.42
1886.41
1762.95
1654.14
1624.65
1574.27
1625.95
1630.26
1661.36
1671.07
2243.34
2340.63
2227.13
2232.48
2241.77
2243.60
2391.66
2396.26
2385.05
2361.39
2144.42
2114.74
2040.61
2087.95
2070.80
2018.74
1992.12
1989.06
1982.92
1975.93
2029.24
2089.15
2147.39
2280.26
2339.32
2331.62
2305.51
2289.01
2295.26
2255.09
2446.69
2379.69
2408.51
2270.94
2162.52
2164.49
2161.57
2133.22
2087.20
2001.50
1880.67
1931.20
1919.55
2089.61
2149.41
2075.19
2171.90
2317.86
2379.78
2399.09
2399.06
2326.63
2361.08
2330.91
2470.31
2486.49
2482.61
2439.27
2289.52
2282.36
2262.95
2265.06
2230.30
2140.84
2141.92
2061.73
2208.15
2237.53
2221.98
2232.77
2275.49
2411.61
2481.06
2532.81
2541.49
2455.78
2472.19
2417.26
2463.78
2478.37
2403.69
2216.87
2085.64
2045.71
2057.52
2073.80
2100.08
2059.85
1940.21
1843.84
1876.50
1941.57
2034.50
2132.13
2202.95
2304.60
2416.32
2455.40
2380.83
2289.93
2283.80
2259.67
2375.52
2402.91
2349.01
2290.95
2096.86
1997.23
1966.47
1936.80
1937.65
1978.10
1870.21
1841.64
1941.90
2011.59
2066.01
2233.53
2299.65
2526.13
2561.81
2546.49
2410.43
2322.23
2307.77
2308.44
2399.47
2410.61
2401.34
2366.10
2093.62
2098.50
2084.01
2048.79
2031.32
2035.91
1916.37
1801.21
1905.02
2057.02
2089.01
2159.35
2114.81
2201.99
2239.88
2297.25
2237.47
2199.53
2164.84
2175.15
2264.24
2346.77
2309.82
2166.54
2035.54
2050.78
2059.94
2007.97
1973.35
1902.62
1913.33
1775.55
1774.89
1868.55
1894.22
1934.37
1964.01
2158.90
2211.47
2260.04
2267.67
2183.81
2181.15
2125.86
2342.63
2290.23
2280.74
2185.35
2032.26
2019.97
2038.22
2005.18
1970.10
1960.79
1908.97
1821.36
1818.30
1830.55
1882.16
1931.04
2044.67
2110.90
2222.68
2277.39
2159.70
2177.30
2232.41
2165.66
2257.49
2321.01
2296.40
2165.04
2044.70
2040.68
2045.70
1984.21
1963.65
1919.98
1810.67
1863.51
1830.68
1808.55
1899.76
2053.27
2110.40
2294.89
2353.26
2385.69
2370.43
2253.95
2298.60
2284.43
2391.32
2409.38
2377.66
2248.45
2111.16
2063.01
2068.05
2014.61
1959.71
1971.95
1947.68
1847.41
1938.19
2073.16
2056.28
2047.97
2173.67
2300.22
2381.14
2414.03
2365.73
2329.91
2288.65
2193.38
2364.37
2426.10
2393.32
2340.01
2077.82
2054.86
2002.43
1927.57
1908.62
1893.58
1817.06
1770.75
1829.37
1965.32
2015.35
2139.56
2246.90
2377.98
2489.65
2493.84
2329.47
2345.99
2293.97
2203.25
2302.33
2426.48
2372.60
2239.23
2112.18
2124.14
2117.13
2039.71
1987.13
1962.30
1921.96
1960.36
1927.72
1941.88
2041.82
2145.71
2170.64
2249.79
2372.20
2456.88
2345.61
2308.20
2291.40
2307.70
2365.66
2387.83
2370.89
2176.75
2043.40
2077.63
2060.61
2017.67
1959.57
1934.73
1900.85
1946.56
1885.83
1977.08
2069.64
2152.13
2400.01
2408.26
2545.88
2570.99
2428.70
2420.09
2317.40
2340.85
2482.35
2426.55
2440.99
2298.19
2165.84
2116.29
2124.76
2107.20
2064.22
2010.34
1967.82
2014.67
2118.67
2197.51
2211.29
2203.06
2197.79
2084.43
2369.44
2400.01
2417.90
2422.36
2328.21
2308.57
2498.95
2511.58
2454.58
2315.20
2180.58
2223.07
2197.36
2163.52
2130.26
2102.33
2070.92
2069.57
2076.03
2066.51
2221.79
2212.07
2406.56
2449.71
2547.84
2545.42
2603.34
2446.36
2298.83
2306.52
2667.71
2584.28
2497.17
2414.17
2205.30
2123.53
2077.83
2148.48
2112.74
2131.20
1983.12
2048.07
2210.90
2280.40
2256.89
2283.20
2438.54
2402.95
2478.36
2533.11
2523.63
2503.46
2410.30
2367.93
2432.03
2478.04
2429.91
2425.03
2252.51
2224.87
2266.66
2217.11
2178.15
2091.07
2022.47
2115.80
2202.31
2248.90
2284.53
2278.95
2309.50
2447.85
2543.67
2642.81
2665.98
2628.56
2492.82
2442.60
2462.86
2393.43
2396.92
2315.97
2249.32
2249.73
2197.95
2225.51
2217.89
2213.24
2166.74
2172.68
2118.39
2143.03
2132.97
2424.99
2427.68
2483.60
2517.40
2527.69
2563.96
2534.76
2474.53
2520.76
2623.84
2662.14
2632.06
2582.65
2449.97
2407.63
2351.62
2300.80
2316.70
2319.30
2312.81
2290.64
2260.59
2196.72
2193.90
2225.88
2218.22
2246.79
2205.19
2274.37
2275.58
2300.42
2268.62
2281.14
2390.53
2467.39
2440.83
2428.59
2283.20
2173.02
2145.65
2116.14
2211.41
2258.44
2240.49
2309.16
2280.32
2231.89
2232.25
2219.93
2205.31
2308.63
2380.91
2307.41
2270.56
2311.32
2262.59
2213.44
2263.12
2326.76
2328.78
2192.63
2112.38
2108.75
2050.66
2033.53
2069.48
2011.89
1968.07
1956.53
2117.60
2081.51
2208.23
2180.72
2142.28
2214.41
2276.81
2305.15
2284.29
2250.32
2257.74
2270.26
2330.59
2323.81
2334.24
2224.28
2130.33
2094.53
2043.04
1966.52
1935.58
1986.46
1857.43
1825.07
1726.64
1784.28
1808.04
1831.40
1840.58
1939.00
2023.74
2099.71
2133.45
2111.98
2115.13
2045.48
2090.21
2119.63
2089.42
2064.13
1933.25
1920.89
1924.64
1965.10
1928.42
1979.62
1928.23
1763.77
1700.74
1738.48
1768.72
1834.20
1937.44
2015.01
2128.74
2190.55
2143.02
2149.62
2070.55
2015.93
2125.64
2114.66
2124.20
2101.12
2004.02
2036.20
2002.71
2062.83
1900.42
1881.70
1915.12
1757.58
1748.90
1863.40
1980.12
1997.63
2177.20
2299.64
2378.37
2372.82
2337.74
2265.06
2267.13
2161.03
2338.26
2342.82
2337.49
2185.06
2036.99
1921.05
1940.89
1933.61
1927.09
1932.40
1892.54
1871.63
1992.96
2051.21
2089.84
2074.66
2046.88
2066.48
2108.74
2103.71
2151.99
2176.78
2115.60
2102.99
2247.18
2278.23
2289.64
2132.40
1994.09
2012.08
2009.73
2062.91
2049.85
2007.57
1894.09
1796.37
1787.82
1919.01
1888.20
1903.63
1959.73
2079.55
2177.93
2194.83
2160.76
2184.70
2148.36
2096.01
2133.03
2180.36
2162.28
2128.68
1986.28
1955.26
1974.36
1991.55
1970.65
1944.11
1863.96
1790.37
1790.53
1771.26
1865.86
1853.09
1917.68
2008.50
2100.57
2142.42
2119.45
2179.00
2207.46
2170.82
2174.95
2139.05
2164.40
2120.50
2031.24
2057.07
2072.59
2028.42
2066.43
1981.48
1875.13
1853.87
1765.32
1797.19
1925.29
2006.74
2111.82
2299.74
2409.63
2512.25
2351.26
2255.80
2245.86
2251.73
2281.41
2300.78
2290.16
2186.60
2122.01
2091.46
2019.53
2091.01
2038.68
1969.22
1986.36
1977.90
1895.92
2089.94
2151.61
2156.47
2288.77
2347.06
2451.59
2867.95
2344.80
2369.07
2299.24
2329.61
2378.95
2410.71
2411.66
2303.49
2206.23
2159.63
2158.76
2139.84
2144.31
2097.44
2111.91
2145.25
2245.74
2264.29
2258.90
2242.18
2258.54
2320.99
2389.45
2418.56
2481.46
2317.57
2346.65
2324.51
2412.38
2410.82
2451.23
2408.52
2158.85
1147.26
1142.52
2254.94
2267.23
2223.93
2217.61
2119.13
2054.51
2039.52
2161.06
2253.24
2270.41
2330.72
2362.03
2410.82
2344.72
2332.47
2332.47
2162.37
2175.62
2256.09
2200.23
2031.45
2007.44
1958.29
2004.67
1999.06
2021.73
2003.23
1806.16
1760.33
1811.64
1941.84
1907.26
1881.63
1872.51
1992.97
2081.30
2229.08
2069.83
2073.73
1966.93
1994.44
2236.14
2295.17
2298.11
2066.09
1969.73
1972.25
1959.03
1936.27
1958.08
1955.28
1882.83
1770.84
1773.92
1846.19
1807.07
1842.57
1816.96
1816.66
1949.99
2002.21
1997.28
1985.75
1939.63
1908.93
2077.23
2159.28
2177.12
2091.43
1966.09
1993.26
1962.43
1947.41
1898.42
1911.67
1979.23
1924.90
1926.16
1843.73
1882.91
1782.37
1822.88
1891.10
1978.50
2005.69
2056.95
2030.37
1947.05
1965.83
2077.89
2179.41
2105.51
2034.51
1916.30
1935.20
1930.78
1921.96
1830.35
1791.99
1766.22
1722.02
1686.48
1685.44
1738.16
1828.22
1809.73
1871.81
1974.11
2065.49
2050.35
1968.34
1850.08
1844.99
2005.47
2048.01
1976.44
1943.15
1916.71
1968.82
1896.04
1924.46
1939.43
1862.25
1739.50
1699.20
1730.13
1668.14
1701.63
1667.24
1793.13
1876.88
1988.55
2095.48
2063.23
2086.21
2087.95
1997.83
2199.72
2206.04
2226.01
2182.32
1965.56
1949.59
1998.05
1998.74
1960.80
1894.63
1868.93
1884.92
1848.66
1810.77
1868.50
1892.57
1936.33
1974.68
2032.58
1960.40
1943.81
1974.23
1932.72
1926.69
2074.22
2136.95
2130.98
2107.59
1872.38
1901.31
1894.08
1867.10
1835.00
1857.91
1923.71
1889.85
1798.62
1779.31
1871.99
1741.86
1875.14
1970.19
2039.24
1998.31
1970.70
1901.46
1926.76
1894.69
1975.78
2013.30
2002.90
1915.77
1841.87
1848.66
1825.66
1877.10
1901.39
1879.76
1757.16
1692.87
1622.97
1606.70
1598.53
1597.60
1688.71
1805.06
1850.91
1914.00
1922.73
1982.21
2000.62
1967.26
2086.90
2113.40
2120.71
2023.03
1909.15
1909.22
1884.59
1857.28
1807.35
1807.81
1770.89
1684.61
1632.00
1674.76
1750.19
1863.52
1988.78
2095.59
2188.31
2200.16
2106.85
2116.01
2115.54
2139.71
2144.39
1274.75
1029.35
1037.18
989.28
967.61
954.49
987.74
981.80
945.38
865.48
837.06
828.68
784.62
772.53
-680.55
-1101.33
-1029.59
-924.32
-859.48
-782.31
-746.27
-755.16
-693.48
-664.04
-643.93
-610.55
-622.09
-632.70
-602.20
-584.70
-603.34
-653.25
-748.43
-979.84
-1111.05
-1176.57
-1151.46
-1118.67
-1083.80
-1084.36
-991.02
-906.00
-852.60
-788.64
-715.26
-711.95
-698.84
-674.20
-636.96
-629.79
-648.70
-647.53
-609.60
-611.76
-618.53
-683.08
-748.67
-906.60
-997.87
-1132.35
-1148.95
-1140.87
-1172.69
-1144.03
-1044.66
-946.54
-836.94
-801.89
-783.24
-731.26
-695.09
-684.49
-672.50
-661.62
-614.46
-616.73
-600.97
-601.04
-619.47
-671.65
-787.96
-961.74
-1116.17
-1192.65
-1140.17
-1132.96
-1131.15
-1106.63
-737.95
369.08
-98.59
969.16
914.33
960.10
1014.30
1084.94
1115.35
1141.39
1160.97
1160.17
1174.69
1172.00
1158.30
1131.59
999.32
870.19
721.12
602.02
592.00
635.90
668.49
680.07
2772.92
5016.13
3250.38
2704.32
2764.38
2815.44
2837.77
2902.28
2871.69
2887.85
2899.80
2913.34
2914.18
2934.73
2896.55
2897.93
2714.63
2355.54
2269.28
2245.11
2249.17
2233.52
2147.29
2220.19
2230.57
2300.47
2326.43
2345.35
2337.69
2362.20
2387.58
2389.52
2367.21
2412.86
2409.87
2454.41
2434.37
2445.70
2427.01
2420.49
2397.10
2295.63
2204.36
2177.39
2212.34
2200.61
2223.95
2212.55
2237.97
2304.72
2362.57
2353.55
2388.29
2403.47
2350.94
2382.18
2391.29
2411.94
2411.30
2450.64
2452.92
2456.55
2416.09
2351.33
2270.59
2112.04
1939.79
1916.97
1882.50
1887.44
1924.99
1975.15
1990.82
2108.44
2194.34
2233.78
2303.33
2323.76
2321.59
2358.21
2393.25
2406.05
2428.09
2430.50
2424.55
2434.32
2390.65
2371.19
2286.50
2074.16
1919.35
1898.36
1885.65
1891.86
1907.38
1921.72
2016.79
2128.68
2168.80
2403.43
2388.64
2332.26
2251.28
2425.74
2427.35
2411.79
2387.92
2103.34
2092.97
1976.59
2023.56
1974.70
2018.03
1927.09
1777.91
1731.94
1813.15
1712.00
1724.32
1746.29
1774.30
1895.95
2010.54
2038.57
2102.13
2152.61
2185.61
2210.51
2269.58
2270.46
2292.06
2438.56
3160.65
3048.24
2529.62
2251.90
2150.51
2009.30
1873.63
1890.96
2202.00
2230.16
2225.35
2252.53
2300.42
2398.34
2462.46
2502.75
2556.35
2583.43
2602.07
2632.44
2634.74
2645.35
2616.26
2644.64
2657.78
2676.71
2614.53
2606.51
2563.11
2470.47
2379.92
2270.89
2228.13
2300.23
2180.20
2215.64
2224.11
2357.05
2405.40
2492.03
2536.26
2570.91
2561.90
2595.49
2630.23
2627.55
2625.09
2617.64
2644.80
2624.99
2620.12
2628.17
2572.16
2474.57
2385.25
2370.49
2340.69
2362.11
2379.22
2427.14
2426.46
2494.51
2507.19
2558.66
2555.48
2552.46
2583.67
2600.76
2617.91
2622.20
2608.78
2629.60
2607.74
2617.93
2598.31
2609.44
2566.80
2462.79
2370.85
2335.30
2354.97
2368.16
2371.50
2380.01
2397.27
2473.68
2527.10
2512.64
2533.33
2582.36
2570.42
2606.66
2599.99
2610.71
2621.54
2632.41
2624.07
2615.46
2591.19
2530.09
2413.52
2214.24
2072.61
2069.59
2188.44
2221.93
2210.16
2269.43
2244.87
2076.40
2048.72
2087.06
2092.66
2053.81
1946.97
2166.03
2206.80
2219.44
2139.14
1978.70
2008.94
2038.06
1991.68
1965.49
1858.51
1919.52
1927.96
1857.67
1985.63
1891.70
1891.61
1847.63
1920.61
2055.80
2034.95
2034.88
1996.09
2027.07
2055.42
2075.15
2121.99
2146.72
1976.13
1903.68
1924.05
1923.97
1917.67
1930.25
1900.06
1784.19
1814.56
1846.97
1838.79
1937.71
1894.11
2031.15
2119.84
2162.25
2281.94
2193.41
2170.17
2102.89
2006.55
2165.64
2184.68
2201.33
2033.14
1882.26
1905.88
1890.59
1856.90
1834.25
1757.92
1675.74
1690.51
1681.41
1683.06
1742.20
1769.95
1807.64
1890.63
2002.58
2124.73
2165.93
2111.01
2052.63
1975.14
2178.26
2156.35
2157.23
1920.21
2038.67
1935.42
1927.76
1891.04
1919.53
1882.23
1830.39
1931.27
1976.23
1981.25
2047.64
2136.80
2330.91
2396.47
2512.11
2547.98
2472.48
2326.26
2339.20
2291.34
2501.34
2461.83
2402.47
2292.93
2178.52
2109.17
2131.32
2134.17
2114.84
2022.06
1955.15
2090.53
2115.55
2175.51
2153.43
2190.97
2303.64
2452.56
2577.81
2613.41
2614.43
2559.69
2385.34
2295.04
2550.14
2555.60
2533.14
2550.53
2308.27
2163.32
2131.65
2122.32
2111.98
2152.82
2040.47
1940.74
2057.81
2030.01
2048.99
2037.79
2065.23
2368.62
2516.01
2606.39
2638.01
2581.29
2473.59
2486.70
2506.05
2513.51
2488.67
2496.91
2533.65
2480.37
2475.38
2465.04
2431.48
2318.16
2076.22
2002.93
1982.81
1958.75
2005.68
1979.53
2025.78
2066.00
2195.94
2276.06
2326.45
2332.84
2359.11
2429.63
2444.43
2440.53
2497.91
2475.10
2506.22
2498.45
2493.55
2448.76
2421.06
2301.34
2118.49
1972.72
1926.74
1973.34
1983.09
1950.16
2003.94
2064.70
2162.49
2274.38
2339.24
2410.06
2382.87
2420.58
2474.58
2468.43
2485.19
2491.66
2506.21
2504.05
2500.55
2473.16
2392.49
2316.13
2171.29
2078.92
1901.54
1952.26
1938.01
1981.17
2053.15
2152.24
2539.18
2521.51
2538.52
2537.50
2593.07
2540.02
2494.87
2714.55
2779.61
2800.70
2778.71
2758.88
2794.54
2768.97
2715.10
2583.21
2426.06
2261.45
2214.92
2288.03
2320.53
2326.44
2366.94
2419.22
2491.90
2582.05
2646.21
2673.99
2703.07
2710.41
2734.82
2770.47
2767.90
2763.84
2764.43
2767.40
2756.40
2713.62
2703.68
2575.61
2418.75
2278.32
2245.72
2292.64
2300.81
2302.75
2328.29
2409.89
2513.42
2633.06
2653.55
2691.09
2703.86
2729.44
2762.89
2794.07
2790.03
2805.81
2793.91
2782.43
2817.59
2788.70
2802.09
2755.18
2655.96
2543.08
2502.27
2521.95
2503.82
2518.05
2545.43
2614.61
2653.16
2683.78
2718.18
2739.91
2766.31
2758.43
2793.51
2798.80
2796.73
2808.61
2791.54
2779.24
2824.96
2785.92
2772.60
2691.17
2606.41
2546.67
2523.43
2537.72
2550.06
2537.52
2562.78
2604.38
2656.35
2699.52
2687.35
2698.69
2739.68
2761.92
2760.19
2775.87
2784.68
2773.26
2830.82
2818.55
2832.53
2783.56
2714.86
2596.16
2414.33
2299.67
2274.96
2322.88
2295.61
2281.57
2298.72
2339.45
2405.24
2501.34
2556.48
2632.62
2659.23
2687.71
2729.65
2759.20
2750.87
2746.03
2751.54
2753.16
2776.01
2723.86
2676.13
2584.26
2409.32
2291.34
2253.91
2279.00
2232.60
2256.13
2299.15
2337.24
2490.38
2577.39
2590.63
2648.22
2655.66
2679.37
2706.03
2753.44
2765.13
2761.99
2775.52
2764.39
2772.07
2757.95
2732.92
2587.56
2507.57
2358.95
2315.36
2282.73
2287.89
2310.61
2350.69
2379.98
2461.36
2555.09
2589.60
2612.51
2667.11
2685.30
2722.95
2733.63
2757.03
2774.45
2766.97
2751.17
2763.76
2716.23
2682.18
2514.00
2365.10
2272.84
2220.30
2251.87
2288.05
2220.53
2321.38
2330.89
2402.27
2537.07
2603.25
2599.82
2640.45
2656.37
2037.73
1360.82
2732.13
2752.88
2761.81
2761.56
2768.89
2755.80
2699.63
2547.92
2396.14
2281.95
2224.24
2287.74
2299.31
2302.78
2304.84
2365.57
2469.55
2560.09
2639.36
2632.53
2686.32
2719.43
2740.24
2763.59
2778.76
2774.25
2767.10
2782.04
2794.85
2777.88
2761.98
2714.83
2607.95
2522.59
2516.19
2522.25
2526.93
2506.17
2547.95
2574.99
2625.51
2644.28
2673.90
2692.32
2715.97
2731.53
2760.92
2783.66
2773.51
2761.28
2811.83
2769.51
2792.32
2758.93
2746.04
2689.28
2612.83
2568.37
2560.48
2584.99
2571.97
2600.58
2593.60
2596.94
2662.05
2676.37
2693.57
2693.66
2727.27
2742.19
2779.10
2782.06
2788.10
2771.61
2800.41
2775.85
2787.53
2729.03
2693.24
2643.15
2438.51
2291.86
2284.96
2304.49
2289.00
2229.35
2289.83
2308.35
2425.84
2528.82
2595.57
2612.25
2627.84
2691.13
2710.24
2736.06
2735.15
2727.70
2766.46
2764.85
2786.38
2757.99
2668.79
2536.70
2395.57
2294.61
2264.97
2271.15
2288.19
2233.01
2247.46
2376.91
2414.73
2534.57
2568.30
2603.51
2662.70
2651.95
2680.89
2678.53
2723.14
2695.70
2744.62
2732.97
2743.27
2713.48
2677.43
2558.53
2350.89
2258.94
2230.96
2272.13
2262.23
2238.70
2263.28
2297.82
2437.40
2537.59
2574.11
2626.10
2665.74
2666.36
2700.86
2746.05
2704.02
2699.95
2727.15
2732.55
2757.53
2730.59
2682.01
2606.18
2421.99
2299.88
2231.98
2257.05
2232.28
2232.85
2270.98
2291.18
2424.63
2516.10
2605.47
2610.59
2627.08
2664.19
2736.05
2733.84
2722.32
2729.77
2757.72
2758.58
2761.87
2754.38
2661.99
2522.52
2383.22
2249.36
2175.93
2219.89
2205.53
1815.69
1465.01
1524.48
1632.63
1704.14
1791.95
1842.10
1857.45
1895.63
1934.69
1968.97
1965.60
1959.13
1962.22
1978.17
1969.71
1960.69
1939.76
1877.82
1798.71
1708.64
1683.07
1680.03
1699.16
1725.06
1692.57
1722.07
1792.56
1839.10
1842.02
1889.03
1882.01
1920.51
1928.37
1975.59
1973.21
1984.44
1972.84
1980.11
1988.97
1982.21
1967.94
1879.90
1781.68
1743.94
1731.53
1722.15
1709.41
1720.06
1763.72
1799.51
1794.24
1855.01
1882.22
1882.13
1900.46
1906.53
1947.88
1994.33
1984.67
1971.10
1997.85
1982.84
1971.99
1934.13
1880.36
1730.02
1585.36
1455.50
1434.74
1469.26
1457.30
1455.66
1453.00
1507.02
1610.68
1708.51
1753.72
1798.07
1836.27
1852.43
1878.10
1899.01
1898.63
1902.56
1935.00
1925.41
1966.72
1933.52
1832.68
1715.81
1542.48
1434.62
1384.59
1361.02
1421.82
1440.57
1433.79
1469.25
1582.35
1706.01
1727.43
1790.81
1828.83
1857.91
1858.03
1890.50
1915.37
1909.67
1915.80
1942.59
1950.66
1953.63
1858.18
1667.89
1522.06
1401.25
1329.72
1396.46
1383.17
1373.84
1418.69
1461.95
1594.80
1708.35
1764.80
1823.77
1843.09
1868.75
1888.65
1931.16
1940.07
1937.27
1951.70
1996.03
1942.28
1922.03
1853.81
1721.61
1551.30
1418.51
1371.42
1680.15
1350.79
1395.52
1447.85
1525.03
1636.35
1738.31
1762.57
1819.66
1880.05
1865.28
1906.32
1928.93
1929.22
1925.72
1952.30
1954.88
1981.40
1953.82
1887.90
1797.49
1620.51
1509.57
1402.96
1392.00
1420.62
1499.94
1466.81
1517.68
1660.47
1767.53
1789.17
1851.42
1875.95
1880.78
1903.25
1921.72
1916.33
1960.91
1986.06
1961.11
1970.63
1949.92
1912.67
1801.17
1755.21
1708.93
1697.63
1699.35
1665.91
1658.20
1659.33
1741.03
1782.62
1825.78
1881.95
1899.53
1936.51
1950.73
1967.67
1987.89
2014.92
1995.73
2001.25
2009.19
1997.90
2060.34
1975.88
1890.05
1788.23
1740.26
1731.01
1751.63
1715.37
1727.64
1758.42
1785.28
1832.54
1918.68
1936.21
1919.84
1921.94
1961.90
1986.54
1989.61
2000.31
2002.77
2029.57
2013.43
2010.51
2005.77
1955.76
1735.07
1565.36
1446.11
1433.05
1439.22
1458.16
1453.84
1455.06
1513.12
1562.00
1762.13
1809.12
1816.85
1832.78
1877.43
1898.04
1937.53
1960.54
1963.04
1934.66
1964.57
1952.27
1939.47
1869.05
1714.81
1536.53
1455.38
1436.46
1409.99
1418.46
1447.20
1471.51
1527.15
1623.22
1689.51
1758.52
1771.75
1798.45
1830.58
1870.88
1895.97
1897.67
1909.71
1919.66
1923.67
1928.28
1906.96
1840.62
1694.50
1560.63
1399.21
1365.64
1386.79
1392.49
1366.74
1392.43
1472.36
1595.61
1687.08
1750.38
1799.72
1832.24
1854.51
1880.60
1899.94
1904.78
1929.50
1936.31
1937.64
1927.22
1942.89
1838.04
1683.66
1517.86
1389.33
1364.50
1388.63
1365.39
1338.87
1416.46
1466.55
1586.94
1679.01
1768.13
1817.79
1846.24
1860.97
1940.48
1946.15
1951.49
1946.91
1978.01
1976.30
1982.62
1945.17
1875.41
1707.10
1550.14
1488.39
1432.49
1481.70
1463.61
1484.19
1495.36
1530.05
1648.61
1760.58
1813.16
1864.86
1874.17
1890.42
1930.90
1956.02
1949.66
1990.92
1968.88
1996.94
2026.56
1978.08
1953.70
1889.92
1800.81
1716.34
1694.64
1710.14
1721.50
1720.47
1708.40
1761.41
1814.64
1870.18
1880.04
1903.91
1909.14
1931.05
1959.80
1994.93
1991.62
2011.27
2027.91
1998.95
2013.48
2006.74
1945.19
1871.47
1829.57
1749.81
1727.21
1764.73
1740.22
1737.01
1724.12
1784.54
1839.00
1889.01
1933.36
1934.91
1946.28
1952.13
2009.94
2034.78
2024.80
2025.45
2029.86
1996.65
2013.60
1960.66
1934.57
1739.09
1574.55
1485.73
1423.35
1428.22
1434.60
1439.45
1486.23
1532.86
1641.13
1762.13
1810.43
1855.31
1899.59
1913.07
1948.06
1991.60
2023.11
1999.61
2031.41
2033.71
2034.00
2009.06
1888.57
1713.65
1561.41
1478.14
1418.75
1428.69
1529.34
1534.70
1579.26
1566.72
1672.37
1737.48
1795.32
1847.58
1891.70
1922.01
1950.05
1973.62
1996.01
1999.62
2012.59
2006.77
2029.39
2000.11
1872.03
1700.39
1522.09
1450.36
1406.80
1415.39
1387.73
1363.37
1477.32
1507.90
1594.69
1720.78
1762.11
1810.29
1868.52
1886.16
1907.00
1948.87
1966.41
1942.28
1964.55
1984.14
1976.50
1976.38
1864.26
1708.23
1534.24
1427.51
1397.19
1385.25
1397.29
1395.99
1421.82
1496.35
1590.12
1715.79
1765.96
1800.52
1823.28
1848.26
1877.68
1919.00
1909.38
1898.72
1933.70
1959.62
1965.96
1960.57
1871.36
1708.16
1599.90
1494.33
1403.15
1438.52
1473.33
1464.73
1474.58
1523.16
1620.79
1725.74
1764.57
1805.48
1821.25
1867.30
1898.81
1950.08
1963.46
1957.39
1946.44
1941.20
1965.82
1967.90
1899.28
1818.57
1789.64
1733.22
1698.35
1696.49
1668.17
1651.39
1677.30
1688.76
1781.45
1829.75
1851.23
1894.07
1895.48
1917.09
1931.92
1973.68
1994.72
1975.51
2000.60
2000.67
2025.21
2023.90
1943.52
1855.96
1781.17
1724.48
1717.20
1725.19
1681.96
1691.47
1712.19
1757.93
1808.19
1869.37
1864.81
1896.59
1918.50
1937.06
1941.83
1935.38
1945.07
1944.58
1972.94
1964.88
1986.29
1954.94
1880.61
1775.68
1645.87
1625.34
1547.64
1560.50
1579.74
1531.80
1517.62
1471.56
1606.76
1727.87
1757.63
1783.52
1833.73
1885.59
1905.19
1931.15
1935.88
1915.06
1942.45
1964.65
1961.68
1964.04
1840.34
1654.97
1489.43
1460.21
1433.42
1451.20
1382.66
1440.34
1440.83
1468.31
1580.97
1654.85
1749.97
1769.99
1791.64
1842.27
1869.65
1874.93
1877.74
1887.39
1915.89
1866.98
1893.22
1871.68
1814.77
1653.51
1499.71
1401.10
1331.18
1365.61
1387.82
1406.88
1397.50
1465.52
1567.86
1713.59
1735.24
1797.24
1827.02
1868.43
1916.21
1910.18
1904.44
1924.38
1962.29
1981.64
1970.71
1936.26
1880.86
1708.28
1554.60
1505.92
1433.58
1504.30
1500.26
1470.19
1464.78
1603.42
1641.33
1761.81
1835.71
1863.17
1851.60
1884.48
1938.99
1965.17
1975.24
1980.34
2000.06
1972.00
1979.14
1992.08
1896.29
1727.09
1568.81
1473.09
1404.48
1382.48
1429.38
1407.91
1447.72
1501.95
1665.05
1758.87
1827.56
1837.95
1869.24
1900.20
1939.58
1970.10
1968.65
1979.90
2007.49
2002.02
1995.29
2012.19
1923.52
1849.89
1812.36
1749.16
1729.94
1720.87
1699.20
1733.58
1714.61
1767.87
1837.44
1871.35
1869.07
1915.82
1931.71
1963.77
2008.44
2004.00
2007.92
2011.90
2046.17
2039.72
2028.37
2033.02
1978.21
1875.38
1818.61
1771.82
1768.03
1786.42
1783.47
1769.14
1804.59
1852.06
1858.96
1910.17
1909.82
1956.01
1926.38
1986.46
1972.42
2010.17
2030.97
2025.42
2043.23
2037.91
2028.81
2027.35
1945.83
1833.27
1632.12
1569.13
1406.34
1433.44
1484.11
1392.22
1415.83
1521.25
1637.63
1723.43
1780.96
1813.94
1847.74
1864.28
1909.05
1934.72
1939.39
1930.25
1926.65
1926.70
1972.83
1908.87
1813.86
1746.34
1661.15
1453.37
1334.52
1409.81
1404.05
1453.46
1501.00
1525.86
1624.91
1724.71
1782.55
1855.20
1872.15
1892.14
1927.48
1960.69
1939.18
1980.12
1961.69
1975.85
1994.21
1972.83
1880.85
1820.13
1620.71
1426.08
1398.11
1407.87
1389.68
1392.79
1365.69
1466.70
1592.23
1711.30
1747.06
1848.31
1847.87
1878.53
1911.96
1972.32
1969.52
1956.55
1981.15
1993.08
2004.72
1975.80
1868.24
1736.76
1584.88
1462.44
1434.51
1422.10
1457.64
1404.64
1471.00
1575.32
1667.16
1763.90
1818.68
1850.94
1829.23
1891.79
1922.06
1943.90
1947.15
1954.53
1992.59
1987.56
1985.59
1991.79
1853.74
1713.69
1766.06
1482.59
1442.27
1459.95
1450.38
1442.72
1465.09
1536.77
1671.82
1781.71
1828.30
1883.49
1877.44
1914.16
1973.17
1965.13
1982.11
1983.93
1996.08
1999.80
2014.35
1998.66
1965.48
1872.03
1800.58
1766.73
1714.42
1683.23
1691.85
1695.64
1703.79
1741.69
1783.31
1867.92
1902.61
1918.88
1938.83
1974.98
1975.43
1970.28
1965.93
1984.07
2000.54
1982.19
2001.36
1977.34
1919.79
1840.27
1773.70
1815.30
1709.28
1699.49
1699.38
1742.21
1823.73
1839.94
1883.78
1893.18
1929.05
1919.54
1943.34
1972.54
1998.71
2031.25
1995.16
2015.47
2033.77
2018.47
2011.97
2009.55
1897.67
1739.60
1553.47
1457.47
1414.69
1418.02
1425.98
1418.50
1446.76
1510.92
1586.48
1752.49
1776.84
1827.06
1859.69
1894.71
1907.59
1939.38
1956.14
1998.14
1972.66
1969.90
1962.27
1955.26
1883.96
1695.71
1575.82
1410.42
1428.09
1426.92
1443.52
1424.46
1423.56
1483.54
1577.97
1716.31
1728.84
1794.52
1830.33
1854.95
1862.61
1881.20
1899.40
1926.20
1948.95
1936.39
1974.67
1957.31
1818.49
1659.06
1536.28
1468.93
1381.80
1400.81
1369.26
1390.43
1447.62
1488.46
1552.17
1672.87
1752.73
1772.03
1845.82
1876.16
1898.61
1942.83
1935.31
1958.13
1991.27
1996.32
1976.90
1973.45
1883.87
1743.93
1598.75
1520.04
1451.09
1448.46
1436.58
1426.14
1450.35
1531.58
1642.22
1716.43
1799.46
1821.57
1836.22
1870.23
1914.24
1966.34
1974.42
2004.85
2009.53
1999.94
2015.96
1980.32
1853.62
1710.92
1583.07
1469.37
1431.92
1424.73
1492.56
1503.89
1527.63
1600.45
1711.02
1780.64
1874.13
1878.46
1924.99
1974.01
1993.33
2009.43
2018.64
2018.01
2038.95
2058.05
2064.46
2034.56
1982.00
1896.19
1811.79
1782.85
1750.95
1724.33
1700.38
1701.09
1761.09
1808.99
1833.24
1898.00
1951.45
1921.86
1955.14
1964.46
2022.53
2046.44
2019.32
2037.26
2040.91
2055.68
2041.76
2030.04
1995.90
1975.58
1874.51
1902.61
1842.95
1841.70
1826.45
1816.15
1861.59
1863.99
1869.41
1903.25
1938.37
1957.16
1970.60
2022.30
1992.58
2021.01
2028.92
2044.12
2070.05
2043.99
2078.38
2022.17
1964.62
1826.70
1621.57
1515.26
1570.15
1500.93
1440.32
1491.78
1514.51
1614.05
1685.48
1787.65
1835.52
1879.95
1889.24
1935.62
1960.61
1967.68
1988.59
1988.73
1990.33
1993.81
2014.40
1977.79
1885.96
1729.79
1555.72
1411.53
1391.74
1429.74
1438.50
1411.72
1442.49
1511.34
1639.07
1722.78
1807.81
1865.78
1889.95
1939.26
1961.26
1989.20
1999.39
1993.17
1994.22
1998.47
1947.71
1943.34
1882.78
1774.11
1557.69
1493.93
1423.13
1424.15
1455.62
1457.79
1530.83
1567.82
1628.97
1720.37
1782.96
1808.38
1854.71
1919.55
1914.41
1952.54
1961.50
1970.99
1975.86
2003.87
1995.43
1921.89
1857.10
1719.66
1563.61
1490.23
1484.63
1549.32
1504.38
1525.00
1576.66
1566.75
1663.62
1787.29
1850.44
1912.77
1908.88
1920.45
1978.35
2010.82
1991.45
2006.86
2021.75
2017.82
2038.18
2013.48
1913.80
1735.75
1570.92
1497.40
1491.97
1528.43
1574.03
1535.18
1541.40
1654.97
1713.46
1843.12
1909.44
1921.63
1934.99
1972.18
1995.95
2006.29
2022.27
2035.77
2050.36
2042.43
2060.54
2039.97
1965.84
1881.68
1804.52
1789.10
1777.29
1760.71
1725.27
1744.32
1738.14
1772.81
1817.26
1880.50
1897.85
1935.00
1961.83
2003.61
1997.96
2039.23
2082.05
2073.17
2074.23
2064.41
2064.02
2070.61
1970.33
1899.59
1843.92
1788.88
1770.65
1760.79
1729.63
1760.71
1817.61
1816.14
1881.99
1945.61
1972.90
1978.61
2004.16
2021.62
2015.54
2005.85
2043.71
2037.60
2050.14
2069.22
2084.57
2047.37
2003.74
1948.72
1807.09
1804.72
1725.28
1697.80
1708.68
1693.86
1740.98
1811.31
1854.04
1919.21
1960.51
1970.88
1976.45
2011.59
2054.25
2056.16
2061.03
2051.05
2066.37
2043.47
2052.26
2043.15
1894.45
1725.59
1598.54
1510.18
1458.07
1474.44
1451.26
1465.65
1503.27
1584.55
1654.64
1784.88
1873.80
1924.52
1917.11
1954.71
1975.49
2013.10
1996.04
1998.34
2034.94
2055.48
2051.25
2043.55
1912.21
1757.86
1581.24
1480.00
1416.54
1456.88
1439.30
1430.90
1480.52
1528.05
1632.17
1747.90
1795.33
1855.82
1890.00
1925.87
1942.20
2008.03
2005.03
2018.26
2024.53
2041.17
2050.99
2020.55
1906.25
1753.09
1577.48
1482.03
1417.34
1439.71
1428.34
1470.69
1478.67
1517.59
1629.44
1720.91
1815.91
1841.77
1863.88
1915.37
1924.25
1971.37
1973.85
1988.27
1992.55
1997.63
2028.80
1983.93
1887.54
1744.63
1566.89
1468.47
1423.02
1451.43
1454.45
1464.26
1528.78
1573.60
1635.13
1747.09
1860.33
1861.10
1891.92
1940.66
2006.19
1995.09
2007.93
2002.51
2008.69
2016.99
2038.42
2018.61
1947.11
1867.61
1806.73
1744.95
1723.90
1717.34
1694.38
1711.58
1774.79
1790.67
1829.35
1839.43
1894.57
1934.45
1921.41
1951.65
1970.26
1999.88
2007.09
1996.63
2028.69
2015.06
1999.73
1982.93
1900.49
1817.40
1801.50
1751.15
1734.54
1727.61
1723.88
1724.50
1759.17
1788.52
1840.61
1906.81
1921.90
1940.25
1942.84
1951.15
1983.17
2018.42
2024.66
1992.49
1992.99
2018.85
2021.53
1972.37
1872.12
1702.97
1523.79
1423.08
1385.06
1382.57
1412.64
1407.08
1468.19
1540.03
1621.09
1725.96
1809.59
1853.10
1840.59
1903.28
1927.73
1966.99
1936.64
1955.19
1984.07
1988.49
2007.90
1967.35
1843.39
1688.88
1474.77
1400.69
1342.33
1409.16
1415.67
1400.29
1449.44
1553.25
1623.18
1738.08
1816.17
1831.19
1870.53
1906.48
1938.95
2001.43
1950.30
1967.93
1980.39
1979.40
2001.84
1985.11
1853.59
1707.72
1508.82
1399.45
1405.01
1395.67
1397.32
1442.94
1466.78
1525.84
1576.17
1726.58
1801.70
1820.38
1851.09
1917.52
1915.28
1963.72
1962.92
2005.40
1982.86
2011.72
2030.54
1983.50
1895.04
1735.97
1611.60
1447.30
1450.46
1487.64
1463.01
1403.10
1465.36
1502.42
1594.26
1767.76
1798.32
1853.84
1863.29
1890.14
1944.86
1970.54
1982.06
2003.12
1986.49
2017.72
2024.09
1963.94
1845.46
1735.34
1592.63
1501.56
1442.11
1469.34
1478.49
1426.85
1466.18
1523.89
1593.51
1713.03
1781.35
1856.82
1911.21
1943.47
1979.05
2019.96
1979.72
1961.19
1972.24
2011.40
2008.28
1983.86
1911.34
1851.92
1764.89
1734.20
1698.35
1722.40
1712.11
1692.72
1722.85
1759.02
1787.72
1827.94
1874.51
1896.63
1913.94
1942.91
1966.87
1987.80
2010.35
1998.01
2033.89
2001.49
2017.08
2014.18
1902.17
1860.15
1841.79
1740.11
1747.88
1690.93
1687.80
1753.92
1682.51
1723.87
1790.61
1834.65
1888.86
1891.70
1944.88
1938.43
1957.60
1975.30
2001.49
2000.71
2011.41
2023.90
1998.40
1944.84
1850.51
1712.18
1562.94
1445.59
1405.71
1410.67
1399.91
1396.70
1411.21
1526.49
1534.14
1654.61
1712.78
1777.22
1776.35
1833.82
1857.17
1868.31
1904.74
1896.89
1910.80
1932.62
1924.05
1899.23
1779.83
1657.97
1524.87
1392.20
1387.82
1400.04
1437.72
1433.91
1474.59
1540.30
1636.77
1746.90
1807.22
1873.02
1876.73
1942.81
1958.95
2011.74
1989.72
2026.45
2028.90
2013.53
2017.88
1988.49
1865.93
1795.84
1645.10
1509.63
1471.72
1456.40
1464.44
1459.17
1470.82
1516.63
1647.89
1772.13
1825.58
1855.20
1900.44
1934.98
1990.52
2009.19
2037.25
2044.83
2040.74
2057.48
2076.41
2052.97
1981.59
1835.86
1668.22
1584.94
1545.22
1524.08
1568.75
1460.57
1558.82
1610.43
1653.92
1794.93
1878.23
1888.78
1914.93
1986.22
2016.49
2042.83
2044.81
2031.24
2061.81
2069.52
2084.36
2023.89
1954.76
1766.84
1628.06
1520.78
1471.47
1516.13
1473.36
1476.45
1537.98
1543.32
1662.80
1751.39
1856.07
1890.01
1902.44
1942.46
1988.01
2009.99
2014.95
2007.98
2017.03
2016.33
2019.83
1999.65
1938.59
1893.19
1792.38
1769.79
1739.19
1714.59
1681.65
1695.24
1727.78
1739.42
1793.73
1858.28
1942.99
1926.13
1910.29
1983.93
1969.03
2056.85
2034.00
2058.30
2060.03
2057.55
2050.11
2042.77
1962.24
1911.17
1850.74
1810.59
1782.40
1798.14
1783.63
1781.40
1810.06
1840.45
1878.42
1912.79
1975.72
1996.16
1970.44
2001.65
2039.69
2051.40
2060.41
2072.57
2075.07
2078.66
2070.43
2046.42
1950.54
1789.87
1628.63
1537.74
1491.43
1489.25
1493.23
1505.74
1532.06
1536.81
1641.31
1740.72
1825.69
1870.20
1890.73
1930.30
1978.03
2002.92
2017.16
1998.34
2014.01
2020.88
2027.27
1993.24
1844.29
1709.06
1575.70
1484.79
1427.66
1425.01
1418.15
1461.78
1494.32
1544.26
1613.42
1777.40
1845.76
1870.13
1899.82
1957.71
1982.27
2037.25
2038.41
2023.08
2042.04
2039.40
2057.86
1992.03
1875.62
1791.62
1625.55
1495.80
1429.88
1417.84
1407.31
1422.16
1409.09
1538.38
1611.42
1761.72
1791.47
1826.46
1891.15
1910.10
1956.40
1997.03
2009.64
2003.66
2015.75
2014.02
2029.13
1989.28
1871.17
1735.64
1566.37
1486.44
1444.67
1464.80
1449.87
1453.21
1481.79
1522.66
1618.84
1758.22
1843.59
1912.04
1918.18
1970.97
1987.54
1982.86
1990.43
2007.66
2012.93
2027.90
2013.00
1972.91
1866.03
1738.42
1607.90
1506.16
1443.30
1483.06
1490.71
1487.94
1529.33
1605.25
1701.33
1835.83
1894.89
1917.01
1951.26
1999.88
1990.99
2016.95
2027.34
2027.41
1992.22
1996.65
2013.22
1995.82
1928.60
1854.21
1812.57
1773.62
1776.51
1741.22
1768.22
1765.07
1774.00
1804.27
1860.07
1913.66
1990.07
2021.64
2039.79
2063.18
2086.10
2091.84
2095.88
2081.24
2090.41
2125.49
2120.80
2087.30
2025.24
1958.87
1890.85
1841.27
1840.67
1832.06
1834.57
1835.82
1846.73
1889.35
1944.85
1996.14
2017.07
2041.30
2049.65
2062.67
2087.41
2103.00
2096.20
2093.74
2128.10
2133.74
2118.66
2077.72
1991.44
1825.94
1699.32
1582.78
1511.83
1534.35
1531.08
1542.49
1568.09
1595.80
1686.34
1835.19
1908.71
1897.08
1940.22
1989.91
2017.15
2033.52
2075.09
2057.49
2065.01
2068.45
2089.10
2052.96
1949.83
1798.60
1660.15
1535.25
1508.19
1507.24
1545.80
1487.46
1529.80
1525.97
1616.00
1737.98
1827.52
1851.06
1887.55
1900.44
1943.89
1996.46
2026.43
2018.72
2024.68
2033.27
2050.24
2018.27
1884.84
1744.52
1556.56
1454.85
1404.09
1406.98
1451.81
1420.78
1474.47
1512.74
1626.20
1731.09
1788.25
1829.74
1910.81
1922.51
1957.71
2015.07
2014.65
2024.25
2025.18
2039.03
2046.37
1997.59
1911.32
1781.49
1591.41
1490.06
1448.23
1414.44
1419.13
1464.88
1496.48
1573.67
1679.70
1796.13
1866.23
1897.37
1939.96
1955.74
1988.20
1986.16
2002.50
2003.95
2023.20
2027.46
2019.85
2517.95
2913.98
3216.53
2704.68
2632.13
2539.89
2547.43
2526.86
2439.56
1520.86
1570.50
1687.16
1784.71
1853.07
1901.54
1903.39
1942.97
1993.61
2083.80
2023.23
2030.34
2039.15
2053.72
2087.63
2072.87
2000.93
1919.46
1874.29
1800.34
1809.19
1773.32
1753.61
1775.78
1783.71
1765.38
1803.64
1858.26
1913.95
1957.19
1967.50
1994.95
2012.70
2047.62
2033.20
2027.90
2070.39
2061.79
2061.59
2013.74
1964.72
1901.46
1862.77
1829.25
1816.51
1787.74
1767.54
1789.12
1785.65
1777.02
1836.12
1905.24
1938.19
1947.76
1932.22
1972.63
2007.34
2020.40
2025.64
2037.81
2057.56
2058.82
2028.56
1996.16
1888.72
1769.64
1621.92
1489.12
1482.40
1464.61
1455.48
1452.24
1428.91
1520.70
1613.42
1753.02
1826.48
1880.77
1893.75
1916.48
1965.28
1964.70
2032.03
2017.62
2004.87
2006.37
2003.36
1961.93
1830.40
1699.66
1564.99
1465.88
1436.47
1439.14
1446.82
1424.12
1476.86
1542.91
1627.15
1728.56
1788.93
1843.19
1872.28
1896.21
1942.58
1969.91
1987.52
2004.10
2019.92
2025.17
2023.65
1953.18
1912.59
1727.57
1603.93
1482.23
1415.42
1454.16
1469.54
1431.04
1451.02
1549.92
1652.86
1795.82
1830.78
1833.63
1891.04
1945.59
2009.69
2025.29
2032.73
2044.97
2039.12
2062.98
2060.55
2039.95
1961.58
1887.32
1792.08
1709.64
1661.51
1685.09
1717.75
1717.37
1745.31
1822.91
1810.41
1864.24
1933.60
1958.66
1953.82
1962.76
1978.82
2044.58
2018.85
2000.19
2049.78
2037.39
2040.55
2027.17
1922.07
1769.40
1671.13
1579.67
1553.39
1559.23
1566.40
1568.19
1624.64
1695.27
1741.34
1842.00
1897.58
1937.79
1918.58
1981.63
2016.72
2047.96
2056.99
2036.03
2041.12
2092.49
2056.56
2065.02
1995.69
1910.21
1853.73
1779.50
1746.22
1769.43
1757.84
1732.83
1734.89
1754.91
1813.76
1886.59
1966.55
1975.18
1983.78
1979.03
1975.41
1995.65
2011.74
2027.64
2011.26
2027.91
2049.38
2025.34
1998.90
1933.84
1817.29
1802.00
1786.90
1807.42
1793.00
1787.26
1807.83
1851.61
1905.06
1944.49
1976.92
2017.86
2009.80
1994.61
2017.88
2039.59
2014.34
2056.80
2071.22
2063.64
2069.02
2038.33
1973.68
1807.56
1635.15
1534.59
1483.41
1479.80
1514.26
1494.67
1485.59
1537.05
1650.03
1768.55
1845.42
1887.45
1898.57
1938.99
1986.66
1973.94
2006.14
2022.74
2038.93
2015.06
2040.26
2022.51
1917.19
1742.15
1627.14
1520.25
1455.99
1434.34
1480.69
1464.75
1485.16
1558.50
1667.72
1780.14
1860.68
1943.21
1946.46
1963.13
2015.54
2043.61
2061.53
2040.15
2055.04
2074.28
2058.36
2036.07
1923.70
1778.95
1629.29
1559.50
1478.62
1451.12
1488.44
1457.28
1501.24
1490.06
1637.35
1721.32
1787.76
1799.49
1846.47
1921.62
1947.00
1991.33
2000.19
1998.27
2039.22
2020.31
2051.99
2026.43
1941.70
1806.39
1651.15
1543.64
1555.07
1423.86
1441.70
1440.19
1450.79
1544.91
1660.65
1770.41
1855.86
1884.33
1904.80
1960.57
1963.84
1993.24
2026.75
2023.61
2016.12
2023.20
2023.80
2001.44
1954.74
1830.07
1619.16
1528.14
1482.80
1477.59
1498.66
1473.14
1541.20
1650.84
1711.07
1804.62
1868.68
1885.36
1922.88
1943.42
1991.40
2041.25
2037.80
2054.90
2061.97
2070.22
2064.30
2048.06
1985.43
1906.22
1850.10
1783.16
1742.01
1757.32
1729.61
1700.25
1718.46
1787.11
1814.56
1867.30
1937.31
1957.09
1977.83
2015.27
2025.57
2030.54
2062.64
2049.19
2022.17
2043.44
2061.20
2036.78
1974.67
1897.61
1824.09
1786.73
1760.34
1785.82
1764.14
1789.44
1778.94
1820.16
1860.16
1925.07
2021.88
1996.38
1983.12
2065.35
2046.34
2049.66
2054.00
2066.74
2085.51
2092.38
2078.42
2071.24
1932.55
1791.42
1651.27
1528.96
1484.07
1486.23
1471.42
1445.59
1520.37
1573.85
1653.96
1770.11
1867.22
1883.43
1906.74
1914.86
1998.67
2014.59
2053.84
2057.47
2078.07
2070.09
2048.57
2025.21
1978.20
1809.35
1650.15
1544.59
1469.36
1499.46
1511.92
1478.56
1500.91
1581.93
1647.22
1767.24
1836.17
1870.70
1924.06
1938.55
1993.87
2013.83
2056.68
2044.13
2034.45
2053.62
2048.60
2027.02
1931.18
1759.39
1631.28
1498.16
1466.70
1452.02
1470.86
1495.34
1513.49
1554.30
1646.57
1744.80
1826.18
1883.31
1904.97
1941.94
1994.95
2015.39
2011.41
2028.41
2046.47
2072.53
2055.16
2033.44
1927.92
1792.24
1650.77
1489.91
1489.81
1511.70
1482.78
1499.81
1547.56
1574.14
1701.15
1794.77
1890.76
1907.18
1933.72
1958.36
2010.87
2004.15
2032.79
2022.83
2057.00
2023.23
2047.47
2021.49
1925.81
1807.95
1703.71
1659.89
1556.84
1551.46
1478.08
1489.26
1507.52
1605.07
1714.10
1832.56
1857.20
1898.66
1911.88
1963.92
1995.56
2011.97
2016.03
2023.94
2039.15
2052.23
2058.75
2031.74
1993.75
1930.77
1841.98
1778.34
1774.68
1767.87
1779.42
1759.16
1755.78
1821.97
1856.11
1915.58
1981.64
1958.59
1998.30
2017.46
2026.03
2032.69
2036.23
2039.31
2061.86
2029.11
2030.06
2033.96
1969.76
1882.38
1872.47
1810.29
1791.70
1786.91
1754.31
1769.08
1778.01
1803.82
1889.80
1924.19
1972.90
1948.17
1964.31
1971.75
2007.47
1993.35
2007.83
2008.06
2044.02
2033.40
2051.93
2025.04
1968.30
1848.99
1680.79
1609.81
1615.29
1579.26
1537.42
1579.77
1610.17
1589.09
1692.72
1830.88
1886.64
1895.12
1953.36
1987.38
2013.38
2041.30
2030.54
2032.43
2056.84
2044.43
2082.64
2027.62
1951.87
1882.61
1707.61
1573.97
1534.96
1486.48
1502.80
1523.82
1574.71
1613.39
1715.32
1805.98
1902.84
1921.30
1966.94
2000.92
2028.59
1993.13
2064.15
2073.55
2042.85
2035.08
2062.68
2049.51
1975.60
1811.37
1661.62
1509.17
1441.47
1460.05
1473.16
1486.80
1502.55
1554.94
1658.47
1767.13
1822.09
1837.03
1893.20
1910.80
1958.64
1963.87
1966.00
1970.36
1994.82
1998.65
1986.13
2000.01
1882.74
1718.60
1575.78
1490.45
1476.14
1448.04
1447.30
1459.71
1457.91
1545.38
1672.06
1762.85
1845.67
1877.66
1905.03
1939.51
1958.05
1955.62
1990.98
2014.49
2038.24
2015.14
2036.93
2039.37
1997.94
1801.78
1637.50
1558.53
1514.10
1500.68
1526.03
1523.38
1567.44
1637.71
1705.52
1839.48
1880.17
1908.33
1934.70
1982.85
1976.82
2039.77
2033.90
2032.76
2044.49
2050.96
2075.29
2042.46
1986.52
1911.60
1852.65
1765.79
1767.03
1743.75
1727.69
1745.06
1752.33
1829.94
1848.68
1893.13
1977.95
1969.30
1969.72
2033.27
2021.45
2053.90
2083.31
2060.25
2080.02
2074.51
2085.82
2066.87
2028.66
1976.07
1920.93
1825.88
1793.50
1775.14
1769.61
1774.95
1771.64
1833.15
1863.07
1957.48
1952.00
1952.31
1955.05
1994.66
2040.45
2055.05
2061.05
2060.64
2080.01
2077.20
2074.43
2045.63
1963.67
1869.56
1766.51
1624.13
1488.12
1499.85
1565.37
1521.20
1541.89
1611.48
1712.72
1817.38
1879.31
1887.99
1925.54
1938.71
1976.22
2020.63
1997.12
2015.52
2032.68
2030.91
2046.21
2013.54
1934.23
1806.76
1623.35
1507.45
1455.95
1488.82
1530.29
1489.35
1495.68
1505.05
1718.30
1790.39
1846.85
1899.71
1885.47
1949.39
1964.26
1971.48
1990.31
1999.38
2007.20
2013.49
2024.63
1994.01
1945.45
1850.40
1677.23
1555.17
1435.98
1412.56
1498.77
1401.13
1452.87
1546.95
1664.32
1789.93
1818.44
1845.69
1859.83
1873.48
1912.82
1924.46
1988.81
1965.24
1976.35
1958.68
1982.69
1969.79
1895.12
1733.66
1594.34
1471.15
1418.84
1471.87
1498.43
1464.03
1522.57
1577.13
1676.60
1740.74
1847.01
1899.58
1924.21
1951.77
1952.95
1985.34
2004.63
2005.67
2022.27
2053.74
2043.05
2020.39
1963.28
1777.50
1655.16
1512.74
1528.85
1556.98
1512.21
1502.79
1523.95
1562.31
1687.57
1805.30
1856.56
1962.59
1952.93
1965.71
1989.61
2030.59
2058.47
2056.29
2066.28
2069.53
2063.39
2027.56
2059.25
1989.06
1869.96
1842.62
1811.34
1788.85
1793.74
1787.62
1766.09
1836.77
1879.53
1897.51
1923.97
1955.74
1996.29
1993.89
1999.95
2011.14
2039.00
2048.49
2046.46
2050.50
2055.59
2022.12
1999.60
1935.62
1850.76
1830.88
1828.11
1806.21
1801.27
1805.80
1833.44
1832.55
1879.21
1932.01
1962.94
1952.90
1997.49
1987.43
2022.08
2039.43
2029.68
2038.44
2054.72
2052.94
2080.36
2040.41
1947.35
1815.81
1691.06
1523.81
1495.50
1466.86
1426.48
1460.78
1466.93
1492.58
1637.72
1729.33
1863.24
1890.66
1903.66
1914.14
1956.47
1970.97
1980.76
1979.75
1981.98
1987.43
2024.87
1999.76
1946.70
1880.53
1770.98
1685.76
1620.32
1657.67
1639.55
1539.24
1477.10
1524.51
1664.10
1775.23
1858.13
1951.19
1946.04
1924.23
1961.08
1978.51
2014.08
1999.16
1999.40
2019.84
2015.21
2022.74
1933.07
1786.55
1627.43
1558.89
1505.44
1536.98
1488.80
1436.47
1518.25
1556.79
1690.01
1793.79
1869.53
1905.22
1938.86
1961.60
2007.34
2020.72
2009.60
2026.05
2055.23
2059.38
2043.19
2014.60
1924.99
1788.81
1628.97
1507.78
1471.09
1450.30
1504.11
1487.21
1556.23
1632.80
1689.72
1806.61
1880.38
1866.44
1883.75
1926.54
1939.89
1945.75
1976.57
2015.62
2052.58
2068.10
2032.11
2023.56
1929.95
1825.69
1749.91
1657.86
1533.66
1516.27
1566.36
1564.23
1563.90
1626.92
1740.19
1826.17
1899.32
1917.83
1953.29
1990.15
1990.64
2012.60
2033.37
2030.73
2047.64
2067.63
2052.69
2039.67
2010.02
1926.22
1854.55
1857.68
1819.78
1782.78
1769.04
1781.35
1809.94
1831.11
1877.17
1890.12
1910.73
1959.92
1964.61
1988.77
2013.23
2021.97
2030.25
2073.05
2050.53
2040.96
2043.57
2023.89
1987.43
1926.17
1835.41
1791.50
1776.80
1781.47
1787.93
1789.06
1810.78
1845.91
1863.98
1936.61
1973.87
1978.31
1985.13
2037.19
2030.89
2089.45
2076.51
2091.14
2110.89
2103.58
2100.45
2085.23
1968.07
1832.47
1654.09
1561.64
1555.11
1543.12
1524.79
1524.00
1546.17
1553.96
1706.67
1827.89
1886.16
1909.27
1954.25
2004.93
2013.39
2025.68
2033.44
2042.53
2057.83
2045.70
2058.16
2066.64
1945.72
1767.17
1606.72
1491.29
1480.65
1615.44
1478.04
1465.30
1494.80
1565.09
1639.02
1769.83
1840.00
1918.22
1917.95
1915.92
1975.67
2028.83
2052.26
2038.27
2046.09
2077.58
2066.40
2021.01
1934.04
1815.46
1638.63
1555.12
1500.03
1506.82
1485.26
1449.74
1550.02
1540.31
1666.22
1778.18
1843.67
1876.61
1904.55
1918.98
1953.10
2000.66
2017.95
2027.57
2046.68
2054.42
2062.72
2019.44
1949.93
1799.93
1632.66
1506.27
1424.26
1411.53
1466.25
1480.58
1493.74
1552.78
1636.05
1753.73
1810.61
1859.52
1886.50
1935.00
1957.51
1983.98
2006.61
1989.53
2036.76
2025.13
2022.81
1995.02
1927.00
1785.75
1602.32
1523.68
1477.57
1462.18
1500.99
1470.33
1494.57
1526.35
1639.55
1739.14
1809.19
1847.57
1878.32
1921.09
1942.47
1977.29
1975.61
1986.02
2010.54
2026.86
2031.16
2026.13
1981.03
1905.89
1828.38
1780.87
1769.55
1776.65
1800.38
1800.99
1798.32
1832.12
1889.46
1898.42
1928.07
1970.30
1991.20
2032.62
2038.36
2034.66
2034.14
2051.39
2064.18
2059.54
2053.24
2063.11
2020.86
1939.23
1892.66
1845.54
1820.84
1845.22
1787.44
1854.68
1855.24
1876.73
1909.36
1968.07
1973.18
1995.46
1982.69
2013.11
2037.55
2050.70
2066.48
2075.47
2083.26
2061.03
2024.76
2030.13
1972.60
1790.35
1623.15
1543.33
1489.09
1486.79
1509.20
1488.08
1530.66
1561.65
1689.42
1766.20
1844.15
1888.32
1869.01
1939.99
1952.99
1993.63
2004.85
2049.83
2049.39
2040.43
2065.55
2004.69
1937.50
1789.21
1630.68
1492.75
1454.82
1462.47
1499.89
1473.01
1481.79
1577.34
1636.39
1728.28
1835.14
1854.38
1899.94
1936.84
1979.42
2001.85
2007.05
2024.18
2024.46
2029.63
2027.41
2014.82
1938.34
1769.66
1629.27
1507.06
1456.02
1433.98
1419.53
1379.18
1408.47
1497.81
1635.16
1712.05
1830.14
1822.78
1862.78
1899.27
1925.27
1939.76
1999.90
1978.70
2027.14
2017.09
2012.32
1984.80
1894.06
1723.53
1575.72
1435.20
1401.97
1403.09
1416.33
1395.85
1420.84
1500.86
1561.24
1706.60
1755.83
1784.71
1850.67
1881.05
1909.85
1936.58
1948.38
1956.08
1980.78
1966.33
1959.46
1952.66
1856.84
1678.08
1569.01
1476.60
1428.53
1419.65
1444.83
1446.50
1486.04
1548.70
1658.98
1766.38
1800.34
1853.26
1870.15
1913.19
1921.91
1918.63
1950.41
1933.85
1953.85
1937.90
1946.46
1990.70
1936.07
1894.28
1805.60
1738.24
1735.36
1742.48
1703.28
1632.83
1676.96
1737.08
1779.86
1841.72
1878.19
1882.82
1916.14
1960.45
1965.75
1967.62
1964.74
1958.83
1975.60
1974.48
1978.35
1981.13
1951.96
1859.17
1793.05
1739.08
1697.40
1709.91
1701.88
1716.10
1720.89
1744.43
1815.77
1867.87
1899.05
1929.92
1893.50
1906.56
1923.28
1930.05
1921.78
1940.71
1965.05
1981.57
1945.13
1946.21
1847.46
1706.49
1505.16
1428.86
1434.25
1422.52
1452.30
1439.07
1438.88
1525.01
1616.29
1731.41
1805.92
1849.21
1867.61
1891.77
1922.83
1958.54
1980.03
1970.36
1989.78
1979.48
1989.26
1948.72
1886.83
1726.52
1571.81
1466.29
1378.32
1382.48
1442.64
1438.76
1450.60
1507.81
1602.57
1712.89
1788.66
1859.17
1904.06
1903.28
1926.68
1942.82
1939.23
1957.19
1970.54
1993.86
1991.17
1962.29
1906.61
1752.54
1574.40
1483.12
1395.57
1399.21
1395.72
1373.32
1415.13
1471.81
1606.37
1711.73
1762.39
1836.63
1901.84
1866.86
1924.43
1954.59
1928.44
1975.06
1981.38
1984.09
2002.24
1968.96
1896.74
1760.42
1595.46
1481.23
1405.50
1438.60
1413.71
1437.66
1478.26
1575.61
1619.90
1803.66
1822.65
1855.60
1873.61
1893.62
1917.06
1963.04
1966.68
1965.76
1993.95
1996.90
2003.23
2002.23
1929.98
1761.38
1611.85
1505.40
1470.68
1465.22
1504.21
1500.13
1543.62
1648.28
1712.48
1816.60
1891.62
1896.39
1916.32
1952.29
1996.14
2004.39
2026.43
2034.13
2050.60
2045.57
2045.91
2022.77
1978.90
1927.60
1864.65
1804.30
1796.09
1790.97
1758.40
1767.57
1804.47
1832.52
1918.92
1962.00
1985.66
2004.97
2015.32
1997.44
2022.24
2048.44
2059.09
2051.19
2053.69
2081.68
2084.91
2040.19
2004.28
1928.11
1898.09
1842.84
1812.10
1800.96
1849.16
1829.66
1815.77
1824.01
1926.20
1982.04
2013.46
2019.38
2015.20
1996.79
2042.28
2073.93
2047.29
2071.21
2076.10
2081.63
2103.85
2063.43
2015.15
1910.28
1828.07
1766.73
1735.81
1698.80
1721.92
1702.98
1732.74
1768.62
1851.28
1888.42
1923.94
1945.47
1972.32
2017.86
2026.17
2032.71
2042.19
2028.27
2043.81
2031.77
2048.76
1991.95
1917.94
1788.44
1628.81
1452.48
1410.68
1429.38
1422.35
1422.14
1432.99
1485.48
1577.12
1711.00
1804.08
1851.59
1866.39
1909.49
1940.69
1985.88
1992.21
1999.15
1980.14
1998.68
2000.23
1979.80
1878.25
1729.40
1536.98
1431.04
1365.16
1353.26
1384.99
1414.12
1475.89
1503.51
1577.99
1712.31
1776.88
1829.09
1855.90
1854.41
1885.01
1927.43
1926.42
1931.66
1944.32
1972.30
1951.69
1928.61
1848.71
1762.23
1560.53
1431.78
1430.55
1424.99
1431.07
1429.34
1452.07
1525.11
1616.95
1712.49
1744.43
1827.39
1860.18
1887.58
1921.96
1936.88
1975.11
1937.13
1956.21
1952.86
1972.70
1909.14
1897.96
1788.83
1694.16
1514.55
1466.63
1486.94
1441.41
1451.89
1549.45
1544.33
1633.05
1768.41
1834.74
1875.23
1893.55
1927.95
1982.96
1978.40
1982.35
1978.99
2006.24
1994.24
2005.38
1976.05
1963.06
1955.56
1835.61
1757.39
1711.03
1719.65
1737.10
1737.51
1747.79
1761.37
1808.21
1893.99
1921.46
1946.21
1962.75
1984.88
1989.86
1986.10
2007.94
2017.75
2035.12
2028.54
2030.15
2001.18
1960.96
1883.80
1830.96
1792.80
1871.14
1798.23
1800.29
1787.98
1772.03
1821.40
1865.51
1921.75
1924.31
1948.85
1975.44
1970.97
2002.49
2020.45
2006.93
2018.85
2071.93
2040.87
2017.58
1998.26
1894.44
1755.03
1617.63
1511.55
1456.77
1513.63
1478.56
1497.43
1505.23
1559.24
1634.21
1739.08
1813.04
1823.81
1884.32
1918.42
1903.46
1934.04
1946.28
1943.90
1952.63
1958.86
1963.66
1925.94
1869.03
1704.84
1544.64
1431.93
1417.44
1434.71
1431.03
1477.73
1534.07
1585.35
1639.75
1773.26
1859.53
1859.23
1892.68
1934.43
1924.69
1993.61
1973.03
2003.96
2021.53
1997.55
2008.77
1951.36
1905.95
1749.98
1594.64
1495.91
1489.08
1504.65
1476.85
1510.78
1476.74
1514.78
1678.11
1791.38
1812.10
1883.40
1908.70
1976.72
1986.25
2000.32
2009.48
1998.44
2029.24
2053.22
2042.67
2043.45
1961.48
1798.87
1604.39
1468.88
1475.95
1513.21
1480.69
1505.30
1487.63
1538.22
1706.21
1803.01
1864.79
1904.99
1918.40
1957.28
1978.57
2020.63
2033.13
2030.88
2046.66
2066.26
2049.25
2037.31
1943.05
1827.36
1665.90
1532.34
1435.27
1502.38
1511.16
1496.02
1514.02
1634.58
1713.27
1820.18
1850.39
1903.97
1918.31
1934.98
1972.43
2027.92
2041.61
2048.93
2020.54
2013.36
2047.33
2023.78
2047.15
1983.70
1880.97
1849.30
1827.98
1845.25
1739.70
1759.76
1756.46
1795.86
1853.01
1923.91
1960.46
1965.57
1998.60
1992.67
2039.38
2048.42
2047.95
2047.78
2057.50
2050.48
2037.91
2040.02
2032.42
1985.98
1891.08
1835.80
1796.81
1804.21
1775.26
1817.62
1817.86
1847.57
1913.87
1931.29
1973.40
1974.03
1971.85
2004.97
2037.64
2054.01
2046.51
2054.83
2092.12
2091.58
2060.04
2038.93
1978.22
1809.56
1687.29
1572.94
1550.74
1491.51
1505.22
1533.08
1602.24
1605.38
1659.42
1734.43
1815.52
1845.22
1929.41
1973.23
1982.50
1992.66
1997.34
2044.40
2035.61
2047.15
2057.74
2005.83
1948.93
1765.92
1629.38
1529.36
1491.26
1494.39
1535.52
1732.30
1745.06
1643.87
1782.78
1877.28
1905.71
1950.15
1964.94
2034.00
2013.71
2029.83
2042.15
2046.88
2061.57
2057.24
2060.79
2021.98
1988.65
1782.44
1616.22
1510.75
1505.87
1506.84
1496.71
1491.59
1553.22
1587.83
1707.61
1775.57
1812.47
1814.32
1899.24
1931.11
1994.75
1974.40
1986.44
2038.57
2036.95
2057.41
2038.16
2015.32
1950.64
1787.22
1614.87
1543.04
1529.70
1481.39
1500.57
1479.00
1530.80
1615.38
1710.88
1782.51
1865.55
1932.40
1972.32
1999.10
2008.73
2033.93
2035.46
2059.11
2061.49
2077.90
2075.38
2029.89
1948.47
1814.87
1610.92
1490.67
1533.82
1533.18
1514.08
1529.46
1574.36
1662.59
1741.88
1823.23
1885.14
1945.43
1969.52
1988.41
2027.34
2037.59
2048.44
2063.35
2075.52
2075.74
2072.26
2040.38
2004.07
1914.52
1854.48
1811.26
1799.54
1816.38
1807.62
1784.97
1795.29
1863.01
1936.08
1977.26
1997.49
2025.30
2039.06
2039.39
2065.17
2072.01
2089.22
2078.78
2112.73
2093.32
2080.82
2075.90
2059.72
1952.77
1908.00
1831.19
1826.28
1827.48
1817.77
1815.39
1831.02
1866.26
1937.31
1978.73
1973.25
2001.56
1996.61
2031.42
2084.30
2012.65
2002.76
2021.75
2019.36
2005.22
1998.98
1970.60
1946.22
1831.36
1620.86
1549.94
1587.97
1568.47
1560.27
1616.20
1621.21
1671.59
1782.79
1849.47
1884.95
1939.18
1967.69
2007.50
2045.62
2042.98
2045.93
2065.19
2071.14
2075.34
2054.58
2006.49
1973.37
1945.94
1769.45
1630.62
1562.62
1548.26
1527.86
1528.42
1552.76
1616.25
1739.92
1838.80
1913.43
1940.25
1939.53
1972.24
1999.78
2029.53
2031.86
2028.52
2048.20
2038.08
2057.13
1986.63
1958.54
1851.92
1646.98
1597.70
1525.79
1519.02
1551.92
1453.59
1500.35
1543.55
1685.24
1761.90
1809.67
1864.90
1928.54
1940.76
1977.81
1998.71
2024.86
2038.39
2022.25
2027.72
2004.76
1988.25
1933.08
1789.85
1646.93
1581.10
1508.13
1465.20
1512.46
1468.02
1596.33
1640.72
1685.69
1791.10
1858.48
1912.66
1908.34
1932.34
1965.44
1989.15
2026.19
2012.93
2029.91
2038.80
2036.93
2000.66
1935.45
1765.47
1626.58
1553.71
1537.31
1502.47
1529.58
1503.29
1566.50
1601.55
1712.31
1799.88
1849.69
1884.08
1930.05
1974.78
2007.56
2019.63
2022.34
2018.93
2029.52
2039.22
2048.34
2031.81
1993.19
1903.21
1843.68
1797.74
1761.00
1762.90
1759.23
1752.93
1774.66
1852.57
1901.10
1929.57
1966.54
1957.79
1963.32
1994.77
2012.97
2032.64
2036.59
2025.50
2039.10
2034.29
2044.26
2023.32
1998.49
1934.22
1868.05
1828.44
1797.75
1812.16
1803.34
1802.35
1844.02
1863.60
1911.04
1930.96
1982.05
1973.19
1982.39
2011.32
2065.13
2044.19
2060.57
2062.85
2058.94
2056.58
2037.42
1987.19
1928.37
2315.67
1614.92
1510.49
1496.91
1509.89
1514.50
1549.57
1578.12
1617.20
1724.29
1838.57
1901.40
1944.55
1940.00
1971.97
2021.93
2038.35
2066.31
2051.34
2071.59
2073.73
2080.26
2031.26
1973.96
1810.81
1644.99
1545.34
1498.13
1522.70
1509.34
1504.97
1521.70
1584.60
1702.39
1789.37
1852.07
1913.67
1930.17
1961.94
2015.17
2013.85
2018.64
2030.28
2043.65
2059.66
2089.15
2020.20
1978.23
1825.95
1614.43
1527.36
1497.67
1482.67
1467.52
1453.46
1529.66
1595.96
1688.93
1774.70
1853.43
1874.72
1902.69
1888.65
1958.87
2023.70
2028.18
2029.81
2095.46
2045.37
2031.42
1993.50
1960.15
1786.17
1610.43
1518.42
1481.85
1477.21
1497.78
1468.66
1508.82
1578.98
1683.14
1763.03
1815.66
1861.43
1881.18
1946.26
1975.93
1987.21
2009.69
2009.38
2042.24
2018.40
2015.31
1998.40
1946.49
1763.90
1580.30
1503.53
1462.16
1493.44
1526.62
1532.85
1545.88
1643.60
1733.74
1836.33
1873.14
1924.03
1936.68
1974.07
1984.93
2016.93
2036.74
2024.98
2052.92
2052.32
2044.72
2044.65
2016.64
1932.46
1853.45
1774.52
1769.74
1788.47
1773.42
1783.26
1792.53
1852.18
1939.00
1957.25
1974.42
2003.53
2003.28
2007.38
2037.48
2033.94
2046.74
2044.17
2052.25
2077.59
2050.19
2012.02
2002.95
1938.96
1858.91
1824.43
1791.22
1794.82
1802.64
1790.76
1826.28
1862.88
1914.10
1938.02
1948.05
1975.29
1982.40
1974.78
2071.39
2042.81
2065.55
2069.24
2062.13
2055.88
2067.76
2024.74
1967.29
1808.95
1661.14
1508.69
1493.84
1524.77
1529.72
1518.17
1546.63
1610.62
1713.48
1793.21
1842.25
1876.39
1917.92
1944.26
1977.41
2008.06
2020.75
2005.97
2029.62
2034.82
2029.90
1973.62
1917.93
1761.71
1604.12
1540.17
1516.66
1515.16
1501.36
1508.67
1547.04
1636.71
1733.10
1794.12
1861.57
1903.69
1922.24
1961.93
2022.00
2032.63
2034.38
2045.89
2036.52
2037.18
2044.03
2009.98
1966.86
1810.95
1627.76
1531.50
1539.66
1517.93
1500.82
1475.63
1507.32
1586.68
1695.09
1775.00
1831.23
1882.15
1925.21
1954.10
2002.24
2009.15
2033.23
2021.73
2046.60
2061.75
2039.64
2010.66
1970.51
1821.11
1630.54
1583.56
1511.72
1537.37
1542.40
1525.66
1557.46
1634.51
1735.24
1798.40
1874.61
1901.23
1940.51
1959.81
1993.14
1989.60
2011.32
2024.98
2067.93
2050.01
2041.53
1994.93
1949.71
1830.03
1684.52
1563.65
1515.37
1521.82
1502.80
1559.73
1577.88
1656.15
1792.88
1841.52
1876.45
1946.87
1951.61
2005.68
2009.65
2032.72
2050.47
2051.75
2063.98
2093.38
2070.70
2056.27
2049.37
1973.15
1881.24
1830.67
1825.09
1810.08
1793.42
1797.12
1838.13
1885.65
1944.33
1943.55
1962.74
1985.71
2001.96
2009.42
2040.14
2053.66
2087.85
2054.62
2068.43
2061.87
2074.20
2036.14
2023.64
1951.89
1884.72
1814.27
1838.63
1830.27
1822.22
1826.58
1873.67
1891.71
1927.13
1952.89
1961.24
1943.79
1975.99
2000.95
2055.00
2066.79
2079.34
2094.49
2100.32
2071.45
2067.26
2024.83
1978.49
1828.51
2255.43
1562.79
1502.75
1510.05
1584.45
1581.45
1687.35
1715.28
1759.72
1827.53
1869.79
1917.33
1935.19
1961.36
2022.54
2041.10
2038.09
2051.51
2051.74
2060.74
2052.26
2034.30
1994.45
1843.33
1672.28
1564.41
1539.29
1548.05
1576.44
1540.40
1586.89
1653.14
1760.20
1856.23
1863.32
1897.12
1948.62
1963.53
1989.42
2026.82
2033.90
2040.17
2054.75
2043.31
2048.32
2019.31
1975.30
1825.78
1622.64
1563.95
1509.14
1513.05
1537.21
1552.05
1584.75
1645.35
1760.69
1805.67
1866.95
1887.70
1914.63
1940.93
1980.52
2016.13
2029.65
2035.53
2061.30
2054.53
2043.88
2004.91
1961.28
1842.63
1687.80
1543.57
1503.01
1550.07
1527.52
1528.53
1565.62
1613.50
1717.83
1788.74
1876.17
1913.82
1932.05
1963.76
2019.45
2039.08
2055.37
2062.55
2066.98
2066.76
2054.88
2030.54
1980.67
1843.31
1669.14
1586.49
1542.43
1537.90
1577.78
1544.42
1629.43
1717.24
1808.34
1852.76
1927.49
1979.19
2006.46
2040.32
2027.69
2054.58
2084.59
2055.01
2084.93
2095.08
2096.71
2080.83
2077.54
2008.27
1905.12
1856.74
1841.98
1846.58
1823.80
1833.81
1852.22
1895.87
1999.16
1976.15
1995.48
2020.28
2036.38
2069.32
2067.30
2092.66
2108.99
2112.26
2111.94
2110.61
2105.08
2077.02
2078.78
2005.10
1914.56
1863.41
1868.52
1845.00
1837.33
1860.03
1872.30
1934.67
1986.76
1976.38
2003.01
2026.60
2034.39
2040.29
2065.24
2083.24
2054.73
2081.79
2096.74
2084.63
2071.18
2052.89
1999.41
1846.83
1679.81
1559.44
1550.50
1563.89
1573.85
1563.30
1621.02
1695.87
1796.01
1854.31
1904.72
1936.86
1949.87
1996.60
2014.87
2059.25
2037.57
2058.68
2063.82
2108.86
2067.92
2029.75
1970.52
1819.43
1640.08
1558.99
1516.54
1552.50
1546.75
1552.58
1598.41
1672.18
1749.84
1826.59
1850.71
1921.78
1969.22
2003.62
2047.37
2064.57
2057.09
2055.89
2070.06
2086.77
2055.96
2035.50
2003.64
1821.09
1638.22
1538.56
1526.80
1533.80
1512.91
1514.43
1555.81
1651.85
1743.55
1828.52
1855.72
1912.71
1941.48
1980.92
1983.26
2015.67
2057.86
2053.02
2067.68
2069.90
2049.45
2026.36
1974.28
1840.52
1689.60
1542.59
1532.37
1528.37
1536.25
1520.79
1562.88
1639.79
1740.35
1780.25
1831.97
1872.96
1904.26
1928.17
1932.72
1983.26
2010.04
2010.10
2078.13
2017.97
2019.00
1994.74
1947.47
1833.06
1630.00
1516.49
1506.17
1495.93
1540.01
1526.03
1601.22
1697.94
1763.49
1837.02
1914.32
1957.97
1966.56
1983.01
2016.24
2050.82
2063.72
2058.68
2060.15
2085.06
2091.37
2074.04
2054.06
1979.50
1876.54
1801.93
1794.83
1812.41
1805.86
1821.34
1842.54
1906.29
1967.01
1945.04
1987.12
1990.81
2018.07
2018.90
2030.80
2054.94
2084.87
2078.21
2068.90
2072.54
2091.14
2041.84
2040.95
1972.21
1884.15
1826.19
1797.32
1807.19
1804.40
1815.69
1877.21
1896.56
1930.32
1939.80
1932.12
1958.30
2012.04
2009.21
2029.42
2035.16
2038.60
2045.55
2049.51
2046.36
2059.64
2029.30
1982.61
1828.43
1665.07
1554.69
1521.03
1536.29
1539.04
1542.16
1569.05
1648.74
1752.29
1829.27
1869.99
1900.80
1970.38
1979.95
1973.86
2004.19
2053.68
2043.14
2023.47
2043.49
2038.99
2003.78
1949.82
1834.25
1629.55
1483.46
1466.21
1496.14
1479.84
1505.72
1509.37
1617.62
1703.17
1760.05
1823.58
1860.24
1905.40
1919.91
1962.43
1997.06
2003.21
1989.31
2022.81
2028.94
2042.57
2011.41
1936.06
1840.88
1658.89
1510.08
1455.45
1475.06
1492.33
1523.10
1538.10
1633.93
1749.82
1818.04
1854.90
1886.72
1934.51
1962.49
1994.24
2011.96
2029.28
1988.53
2011.90
2030.02
2015.53
2015.09
1971.92
1845.50
1679.05
1548.11
1480.47
1543.87
1571.71
1595.62
1615.39
1708.10
1806.76
1864.12
1911.42
1942.78
1992.88
2013.95
2035.98
2037.49
2053.29
2054.38
2067.41
2086.42
2047.21
2032.38
2022.91
1864.61
1689.32
1591.65
1572.94
1575.52
1554.75
1586.66
1617.73
1716.39
1802.03
1854.64
1929.91
1964.83
1987.22
2005.99
2042.19
2035.44
2053.94
2051.98
2067.48
2093.58
2084.85
2062.73
2084.65
2026.04
1922.42
1903.93
1850.16
1826.58
1830.39
1811.45
1853.25
1903.88
1942.66
1959.07
1987.22
2011.99
2058.73
2056.23
2084.87
2076.45
2099.59
2087.24
2099.21
2086.83
2083.42
2073.09
2067.10
2032.34
1935.53
1913.15
1881.88
1880.91
1892.78
1904.22
1927.96
1947.09
1968.33
1986.35
1983.00
2006.48
2028.89
2057.86
2100.82
2090.72
2092.79
2083.25
2036.28
2073.44
2040.83
2048.22
1991.98
1870.80
1685.03
1589.40
1537.23
1525.39
1526.20
1504.91
1563.91
1630.66
1741.27
1766.82
1862.63
1879.27
1916.48
1956.82
1993.16
2024.69
2036.58
2037.02
2046.19
2071.76
2005.84
1970.69
1903.68
1830.28
1643.85
1556.66
1511.17
1522.04
1549.76
1501.52
1558.56
1618.41
1710.87
1784.01
1841.54
1892.21
1915.51
1920.20
1954.67
1953.26
1945.89
1935.11
1986.04
1967.70
1975.28
1953.53
1909.62
1845.09
1566.04
1462.65
1438.43
1460.25
1437.67
1456.35
1471.04
1518.30
1625.50
1700.14
1748.99
1792.07
1830.85
1839.22
1773.75
1688.34
1711.28
1687.05
1698.09
1720.51
1809.30
1914.72
1898.26
1786.18
1570.72
1470.77
1443.38
1424.13
1436.56
1427.72
1496.79
1558.55
1657.40
1696.90
1781.29
1806.44
1853.29
1884.29
1906.97
1940.49
1951.71
1964.59
1966.24
1970.44
1985.28
1947.77
1895.47
1827.06
1651.15
1498.62
1474.26
1443.46
1479.05
1480.41
1484.12
1629.08
1674.00
1727.65
1795.94
1867.64
1903.30
1928.76
1946.49
2015.73
2000.43
2002.55
2014.21
2021.74
2009.21
1995.98
1973.06
1981.48
1883.67
1847.17
1787.99
1761.58
1805.09
1833.63
1828.49
1874.15
1881.31
1889.29
1918.18
1935.28
1960.36
1975.54
1994.92
2024.10
2021.74
2029.54
2002.45
2012.06
2024.59
1985.44
1991.49
1949.46
1866.17
1824.77
1797.78
1786.63
1777.64
1785.74
1814.46
1864.87
1894.50
1906.67
1942.73
1956.46
1972.83
1988.84
1992.59
2008.86
2015.44
2017.85
2032.45
2016.02
2021.45
1990.24
1967.09
1921.63
1787.18
1696.49
1661.30
1655.11
1644.53
1651.61
1668.91
1771.13
1812.32
1844.95
1884.34
1922.96
1923.24
1967.32
2006.26
1998.80
2016.28
2008.05
2002.83
1992.41
2015.21
1979.24
1936.55
1900.82
1702.32
1537.72
1490.76
1483.55
1546.73
1562.20
1544.49
1632.09
1744.51
1792.55
1888.30
1920.61
1967.75
1977.83
2022.52
2049.49
2063.06
2058.45
2065.80
2105.38
2056.46
2029.56
1986.53
1900.39
1691.38
1569.81
2396.86
1505.07
1515.10
1529.74
1574.79
1636.54
1751.66
1850.74
1893.14
1901.00
1922.27
1978.47
2016.64
2034.75
2048.62
2050.07
2064.29
2067.19
2053.16
2025.43
1997.31
1908.35
1728.79
1604.34
1560.96
1562.96
1568.52
1541.07
1599.28
1676.47
1774.23
1833.76
1902.02
1945.08
1956.20
1983.65
2007.07
2024.12
2044.43
2064.95
2086.49
2101.83
2079.02
2042.45
1997.39
1920.84
1715.05
1650.59
1579.26
1541.01
1583.23
1594.64
1681.73
1691.91
1774.89
1843.48
1886.63
1943.02
1975.63
2018.94
2050.37
2065.28
2077.07
2100.67
2098.34
2098.35
2104.72
2090.56
2087.48
2058.76
2015.51
1930.13
1861.37
1805.03
1852.95
1871.65
1933.10
1970.71
1970.73
1995.34
2014.19
2036.68
2047.99
2057.99
2079.18
2100.86
2094.93
2099.94
2112.43
2100.63
2101.17
2071.53
2071.25
2030.07
1926.74
1851.49
1848.25
1861.75
1836.34
1871.49
1878.11
1927.32
1953.94
1964.33
2005.51
2011.71
2022.75
2061.73
2072.44
2073.29
2080.77
2052.05
2048.59
2079.47
2079.16
2041.96
2013.76
1903.47
1705.40
1585.21
1562.99
1539.07
1555.42
1601.26
1663.82
1693.97
1778.72
1866.38
1957.08
1953.73
1983.74
2026.99
2057.28
2079.25
2120.57
2108.64
2129.68
2128.60
2110.17
2071.84
2035.83
1914.03
1757.22
1671.70
1630.79
1673.46
1714.98
1677.91
1682.28
1714.35
1760.02
1828.52
1901.21
1948.13
1959.88
1986.63
2018.20
2033.09
2072.98
2044.07
2083.68
2085.32
2090.54
2050.51
1977.69
1912.07
1789.37
1642.38
1609.79
1569.60
1565.34
1630.23
1645.56
1686.39
1774.35
1834.27
1885.99
1956.81
1987.10
1998.82
2053.62
2070.75
2092.88
2096.49
2089.43
2114.73
2102.55
2056.10
2028.51
1936.92
1796.71
1716.92
1699.52
1607.24
1642.21
1692.86
1750.95
1738.02
1765.24
1827.58
1885.04
1934.29
1974.40
2001.54
2026.92
2040.11
2062.10
2065.64
2086.27
2091.38
2078.91
2041.63
1995.73
1878.96
1743.84
1630.55
1560.41
1592.97
1624.54
1624.45
1697.50
1782.61
1852.22
1908.39
1963.57
2017.62
2024.77
2054.62
2091.65
2119.49
2113.20
2124.38
2128.84
2132.74
2132.82
2109.54
2108.07
2067.84
1980.61
1921.88
1900.62
1916.76
1910.27
1899.89
1933.02
1992.07
2012.39
2029.58
2063.39
2084.41
2088.13
2115.05
2101.59
2112.49
2111.49
2125.26
2136.97
2139.89
2135.79
2115.00
2096.05
2081.21
2057.69
2031.64
2015.39
1947.86
1927.09
1928.53
1950.44
2007.06
2042.33
2049.76
2052.87
2087.53
2088.62
2084.15
2107.11
2125.41
2088.96
2073.73
2131.47
2161.08
2134.64
2114.85
2035.30
1959.24
1828.42
1752.52
1679.79
1632.12
1631.21
1630.02
1668.57
1723.75
1825.17
1905.65
1964.33
2011.19
2048.63
2064.60
2110.52
2100.53
2116.12
2116.12
2126.80
2147.12
2134.27
2095.53
2051.03
1931.10
1806.78
1651.22
1599.89
1594.04
1591.21
1597.37
1651.03
1754.90
1826.74
1903.72
1970.82
2006.93
2026.32
2069.61
2120.83
2117.65
2103.93
2146.08
2142.78
2137.22
2122.93
2101.12
2051.34
2005.03
1895.25
1756.74
1671.59
1682.69
1702.08
1743.58
1821.69
1885.24
1924.31
1982.99
2030.44
2080.48
2114.46
2132.15
2157.70
2163.67
2172.10
2180.47
2183.05
2197.16
2199.72
2186.85
2161.68
2162.78
2139.12
2107.38
2100.39
2066.31
2000.51
2052.17
2089.22
2126.06
2113.00
2106.35
2117.42
2145.29
2136.14
2171.60
2189.92
2214.73
2199.94
2196.52
2211.85
2192.48
2189.85
2160.09
2156.09
2145.87
2130.27
2067.01
2026.38
1981.32
1954.74
1981.59
2010.94
2063.14
2064.26
514.03
0.00
0.00
0.00
0.00
0.00
0.00
0.00
0.00
0.00
0.00
0.00
0.00
0.00
0.00
0.00
0.00
0.00
0.00
0.00
0.00
0.00
0.00
0.00
0.00
0.00
0.00
0.00
0.00
0.00
0.00
0.00
0.00
0.00
0.00
0.00
0.00
0.00
0.00
0.00
0.00
0.00
0.00
0.00
0.00
0.00
0.00
0.00
0.00
0.00
0.00
0.00
0.00
0.00
0.00
0.00
0.00
0.00
0.00
0.00
0.00
0.00
0.00
0.00
0.00
711.40
1751.21
1703.76
1744.28
1741.55
1807.90
1878.38
1917.50
1983.85
2020.97
2045.73
2096.60
2116.44
2149.28
2164.65
2137.82
2164.74
2168.00
2176.66
2145.13
2084.20
2017.70
1854.94
1775.76
1654.19
1683.51
1706.26
1755.18
1803.28
1800.42
1863.68
1937.94
1990.95
2045.76
2061.63
2103.46
2121.45
2141.44
2155.66
2156.24
2162.48
2189.37
2176.34
2140.67
2087.16
2021.68
1876.16
1743.05
1720.94
1655.91
1682.59
1666.79
1756.30
1774.84
1848.52
1913.49
1955.00
2017.89
2076.68
2078.89
2113.44
2131.63
2144.35
2148.67
2148.44
2159.57
2154.30
2123.93
2089.89
1997.38
1852.04
1727.11
1667.65
1679.79
1654.48
1670.27
1776.87
1802.97
1867.53
1948.30
1982.96
2058.88
2061.96
2096.26
2125.73
2142.70
2144.76
2171.39
2159.28
2159.37
2157.71
2134.64
2060.21
2009.11
1864.88
1745.66
1687.16
1728.33
1766.30
1700.78
1779.16
1833.19
1903.19
1983.70
2018.25
2056.81
2095.60
2099.58
2150.57
2142.69
2137.03
2153.92
2168.51
2175.78
2171.38
2145.55
2145.94
2135.05
2069.33
2063.22
2010.23
1944.87
1975.23
1981.38
1985.54
2022.22
2033.41
2043.67
2055.25
2087.48
2090.66
2095.14
2115.51
2113.26
2121.39
2148.27
2144.86
2133.67
2161.77
2109.21
2095.88
2129.82
2086.45
2072.57
2052.87
2049.54
2000.28
2036.69
2042.40
2042.70
2050.37
2051.67
2055.92
2078.05
2133.96
2102.65
2120.00
2080.11
2117.65
2154.82
2134.82
2140.82
2126.11
2102.16
2044.69
1985.11
1903.25
1765.29
1648.61
1693.79
1790.51
1753.63
1826.39
1855.53
1901.30
1907.45
1961.97
2017.54
2054.36
2064.70
2102.34
2093.03
2099.41
2107.89
2120.10
2120.90
2120.63
2099.72
2040.16
1982.81
1809.67
1684.24
1660.21
1691.64
1684.47
1676.29
1733.70
1786.21
1872.78
1930.05
1982.26
2045.46
2055.93
2063.91
2119.92
2133.94
2135.34
2143.42
2141.02
2144.24
2140.69
2132.72
2078.62
2037.00
1875.24
1781.54
1682.42
1640.94
1659.25
1634.69
1726.42
1824.41
1878.07
1937.40
1998.00
2017.73
2059.74
2065.55
2095.42
2132.15
2152.46
2158.35
2158.95
2162.62
2158.75
2119.81
2069.28
2029.75
1868.02
1720.08
1650.30
1658.97
1675.83
1707.12
1749.17
1820.50
1892.43
1951.03
2004.15
2040.92
2069.16
2098.20
2118.43
2119.44
2137.76
2145.12
2167.24
2152.20
2143.27
2112.32
2078.89
2020.20
1889.03
1739.84
1683.42
1672.20
1691.02
1718.37
1802.89
1884.13
1936.70
2007.61
2090.56
2087.38
2099.98
2128.34
2153.00
2150.54
2147.10
2167.00
2169.12
2175.12
2182.83
2171.76
2151.08
2160.28
2119.47
2009.36
1983.88
1955.70
1980.57
2029.64
2014.91
2061.56
2058.27
2063.26
2099.30
2111.81
2152.90
2162.66
2175.02
2179.12
2185.03
2181.59
2177.73
2183.32
2186.91
2157.63
2144.66
2160.57
2102.02
2014.72
1985.16
1954.38
1966.42
1980.40
2027.26
2090.34
2113.45
2114.18
2140.95
2153.69
2129.91
2140.93
2119.03
2170.57
2199.65
2206.64
2205.26
2203.78
2198.95
2173.73
2121.97
2062.34
1911.32
1774.64
1690.44
1678.39
1676.16
1700.46
1790.31
1828.95
1921.65
1976.29
2052.06
2089.73
2120.08
2168.19
2146.13
2153.16
2167.24
2168.60
2177.45
2190.70
2173.26
2147.33
2098.36
2023.89
1895.15
1726.21
1616.57
1638.96
1665.47
1696.25
1748.94
1802.90
1910.02
1971.77
2011.43
2027.99
2075.41
2102.68
2134.06
2119.04
2138.27
2170.31
2181.80
2192.90
2191.13
2157.02
2081.99
2016.51
1899.80
1749.97
1728.20
1709.81
1760.35
1755.09
1772.21
1889.65
1936.73
1985.28
2053.73
2109.01
2099.51
2082.62
2114.92
2121.82
2158.60
2135.15
2178.19
2201.38
2181.65
2144.23
2104.75
2030.39
1949.17
1782.56
1736.31
1721.93
1743.16
1778.12
1824.81
1805.13
1899.34
1917.57
1977.16
2041.13
2050.17
2071.18
2081.25
2104.83
2112.74
2119.16
2130.28
2142.32
2143.31
2086.98
2041.68
1997.37
1877.14
1739.56
1690.66
1679.60
1709.13
1728.82
1776.63
1874.35
1959.29
1994.73
2038.16
2057.26
2053.02
2087.29
2120.89
2122.73
2125.52
2149.95
2146.64
2144.28
2148.48
2139.13
2121.72
2114.10
2065.27
1984.10
1952.36
1963.61
1952.13
1965.48
2013.41
2039.15
2057.23
2079.12
2105.42
2135.10
2119.59
2127.07
2142.38
2157.61
2157.09
2161.49
2159.15
2168.40
2163.11
2133.65
2125.43
2137.05
2102.03
2046.21
2021.16
2022.07
2022.10
2056.18
2087.89
2094.04
2117.64
2114.72
2119.82
2133.42
2130.37
2137.40
2164.90
2136.61
2163.79
2163.95
2155.96
2157.10
2152.86
2128.73
2069.45
2043.91
1980.19
1909.05
1860.38
1902.41
1893.03
1829.36
1926.81
1942.90
1977.69
2013.72
2056.25
2074.59
2086.70
2108.07
2134.82
2157.05
2145.28
2153.97
2169.68
2163.71
2169.54
2140.59
2136.97
2124.74
2113.73
2062.45
2064.96
2048.32
2051.88
2046.06
2046.94
2091.15
2103.30
2105.93
2113.01
2111.65
2147.03
2133.29
2152.06
2154.27
2159.67
2169.21
2159.19
2174.84
2196.91
2132.40
2110.47
2127.06
2108.64
2108.05
2095.30
2061.70
1989.58
1993.57
2038.61
2082.64
2091.18
2083.24
2123.00
2103.86
2131.93
2124.26
2164.06
2150.19
2156.37
2178.59
2157.99
2172.05
2160.02
2039.29
2024.57
1997.96
1919.03
1851.37
1798.65
1820.76
1907.68
1928.23
1972.03
2001.50
2055.56
2075.47
2124.09
2135.21
2134.18
2140.54
2151.76
2173.05
2192.12
2179.07
2186.20
2198.77
2189.21
2165.54
2127.37
2117.06
2049.44
1958.78
1943.86
1910.31
1927.63
1898.37
1877.46
1957.99
2028.11
2071.61
2091.76
2125.31
2123.94
2140.44
2139.84
2145.15
2151.40
2159.15
2169.96
2175.88
2187.18
2168.99
2141.96
2171.55
2135.71
2055.07
2017.24
1953.08
2020.39
2008.11
2042.72
2084.85
2104.14
2089.41
2110.80
2121.69
2139.75
2135.01
2165.57
2171.43
2175.58
2157.85
2168.09
2154.74
2164.40
2128.77
2130.70
2132.78
2086.75
2035.83
2004.68
1999.58
2000.55
1990.55
2019.58
2104.01
2097.07
2100.23
2098.55
2124.68
2143.81
2163.11
2162.18
2187.78
2153.14
2101.57
2169.65
2126.82
2155.16
2142.86
2086.76
2033.39
1960.93
1838.04
1835.43
1838.95
1836.43
1888.75
1872.41
1919.48
1982.82
2004.08
2081.02
2073.57
2090.32
2103.12
2121.43
2159.49
2154.57
2147.44
2145.68
2151.13
2148.52
2132.61
2075.86
2040.47
1971.74
1906.40
1893.05
1857.09
1823.41
1834.38
1832.72
1907.16
2016.45
2053.26
2088.16
2117.33
2132.30
2137.56
2156.13
