3878.43
3740.70
1248.50
1333.77
1361.55
1428.25
1468.35
1039.88
820.27
816.10
700.72
655.03
674.25
662.87
678.92
671.67
696.93
685.07
656.18
1407.42
1495.70
2769.83
3863.55
3830.90
2041.98
1197.18
1302.20
1355.25
1376.79
1390.28
1429.32
779.00
706.05
698.70
707.53
704.92
665.60
680.45
686.02
704.25
542.94
716.21
703.37
668.75
695.92
676.42
657.58
970.85
1364.58
1326.68
1599.66
1591.98
1715.80
1916.48
2837.90
2666.00
2252.20
1650.35
1411.60
1410.15
1478.16
1510.99
1531.50
1633.65
1705.50
1671.20
1698.73
1649.35
1565.82
1544.03
1448.67
1438.57
1412.02
1400.15
1540.40
1618.97
1654.48
1723.12
1784.25
1487.23
1508.72
1533.03
1566.65
1567.12
1633.45
1747.32
2867.37
2736.35
2668.57
2635.02
2286.20
1479.08
1548.55
1655.12
1621.38
1548.75
1487.40
1424.24
1407.32
1381.15
1276.32
1337.27
1340.78
1356.32
1368.29
1431.99
1526.52
1675.90
2336.09
2575.05
2470.63
2470.43
2433.60
2333.23
2124.53
1488.12
1563.05
2439.27
1883.52
2151.77
2336.78
1870.65
1370.78
1347.57
1749.83
1387.27
1450.38
1471.05
1478.62
1691.53
2379.90
2082.58
1991.34
2024.07
2072.13
2076.38
2077.45
2049.18
1957.32
1408.93
1490.85
1503.78
1475.70
1461.40
1434.10
1402.40
1367.07
1354.72
1334.88
1396.83
1494.27
1569.77
1635.35
1707.85
1626.07
2667.32
2708.13
2689.90
2715.02
2711.78
2743.67
2712.74
2618.98
2404.41
2222.66
1544.00
1504.77
1526.87
1497.30
1475.87
1696.35
1754.34
1750.47
1786.42
1760.72
1645.67
1668.30
1766.87
2821.25
2777.47
2829.00
3034.40
4173.23
4456.57
4158.19
3972.28
3362.55
2758.12
2779.80
2655.07
2554.60
2372.65
2078.95
1497.65
1873.00
2557.75
2750.68
2589.05
2364.01
1832.57
1602.13
1854.71
3002.15
2866.87
2879.72
3046.40
4134.05
4236.60
4174.91
3982.93
2995.57
2546.80
2640.60
2614.18
2445.00
2258.08
2148.12
1589.30
2147.15
2395.37
2309.18
2318.97
2533.00
2609.84
2727.35
2723.38
1373.78
2726.27
2866.25
3608.62
3026.47
2843.02
2996.27
3027.98
2856.95
2741.20
2648.85
2562.77
2335.16
1462.91
1486.48
1729.82
2395.23
1552.63
1648.45
1887.88
2772.57
2055.48
1596.22
1770.13
2011.91
2900.84
3668.47
3046.34
2926.41
3689.85
3917.75
3020.22
2632.82
2699.65
2651.99
2547.85
2342.28
1493.10
1502.73
1506.47
1802.42
1842.38
1294.05
1362.17
1408.88
1481.33
1485.05
2089.05
2464.12
2377.50
2469.05
2652.52
2780.45
2834.59
2896.08
2799.89
2715.40
2604.63
2498.95
2380.78
2226.87
2138.18
1996.58
1930.08
1397.42
1389.84
1500.75
2088.30
2256.82
2090.61
1987.90
1945.87
2032.32
2208.93
2310.32
2444.70
2556.85
2616.12
2625.55
2551.65
2410.45
2367.30
2255.66
2172.43
2038.42
1345.20
1955.80
1818.98
1281.29
1468.20
2500.47
2368.57
2470.77
2230.07
2243.75
2319.60
2339.85
3036.50
3703.10
3635.12
3819.62
3885.80
3877.27
3792.27
3632.18
3450.56
2389.30
2461.58
2407.92
2346.15
2266.90
2193.87
1875.13
2284.52
2920.64
2789.40
2495.39
2392.37
2388.23
2431.62
2569.42
2770.70
3767.35
3767.93
3640.68
3665.12
3673.52
3577.95
2938.87
2620.53
2773.01
2793.42
2706.40
2604.20
2501.95
2414.52
2376.18
2341.27
2239.90
2378.95
2429.91
2356.05
2403.38
2595.83
3278.40
3773.37
3757.40
3880.55
3833.26
3930.10
3999.98
3792.47
2828.93
2615.66
2666.53
3639.35
5112.87
4829.08
4673.20
4122.22
4018.40
4071.95
4109.58
4046.65
3340.85
2560.25
1293.28
1188.92
1077.54
658.92
701.95
811.17
1918.58
1954.50
1940.63
1779.68
1687.95
2047.45
3721.98
4358.53
5496.87
5570.10
5421.65
5222.70
5149.92
5091.60
5045.95
4967.90
3926.53
2686.52
2680.58
2482.46
774.70
788.25
802.77
848.48
869.37
904.18
1375.63
2070.53
2099.28
2920.80
2846.07
4454.72
5470.11
5157.60
4890.45
4861.15
4797.10
4730.51
4710.22
4246.68
1501.92
1453.75
1836.75
2549.32
2569.77
2688.88
2731.98
3255.96
3850.02
3673.83
3634.28
3580.72
2739.35
2593.58
2642.47
2577.52
2413.15
2205.02
1415.75
1467.48
1482.79
1493.98
1474.45
2009.52
2267.68
2127.05
2109.68
2189.22
2416.47
2617.62
3279.80
3527.37
3560.10
3621.42
3666.02
3622.70
2980.17
2689.02
2656.20
2553.48
2426.30
2241.67
2095.95
2082.68
2153.68
2215.72
1503.51
1562.53
2160.27
2059.87
1788.92
571.78
645.15
705.53
696.05
707.57
708.75
672.47
658.85
638.73
602.07
549.62
593.75
2299.17
4363.28
3819.72
3873.27
3962.83
4081.84
3871.95
3847.10
3997.50
3201.83
1754.25
1622.92
873.60
843.47
818.13
763.38
743.33
769.10
790.77
672.47
632.78
679.20
680.10
714.12
3595.36
4984.38
4804.92
4628.62
4578.08
4488.82
3613.62
1097.02
1089.57
1349.78
3826.50
3199.97
704.65
665.42
795.22
810.47
775.05
762.75
795.95
792.47
756.43
710.78
755.27
1364.37
2463.07
3673.09
3638.15
3579.88
3555.48
3492.93
3375.67
3371.60
3403.25
2313.40
1592.62
1597.50
2396.63
2281.40
1226.46
733.25
800.55
675.52
707.50
745.98
1015.53
1434.92
1398.90
1351.85
2498.09
4673.07
4360.70
4076.35
4081.25
4007.18
3946.28
3377.93
3113.91
1376.47
1924.05
1431.43
1669.25
1709.93
902.22
717.53
745.93
813.53
1168.40
1680.37
1580.72
1404.84
1328.28
838.10
1693.88
4919.53
4566.00
4277.25
4139.85
4094.28
4095.28
3927.15
3124.57
1039.22
1350.25
1499.80
2151.75
2481.28
2468.22
2598.68
2779.31
3550.68
3640.87
3508.14
3330.42
2930.03
2400.36
2451.33
2417.55
2251.09
2122.55
2038.01
1772.88
1307.96
1528.35
2220.51
2026.80
1825.77
1327.77
1413.28
1553.97
2491.12
2499.03
2508.53
2630.67
3575.29
3614.78
3554.70
3416.64
3087.67
2410.25
2467.53
2459.02
2328.67
2159.20
2043.04
1959.48
1467.33
1593.87
1703.78
2199.30
2472.12
2328.12
2276.18
2362.33
1160.73
762.73
735.83
755.85
833.08
882.27
1259.48
2132.30
2036.28
1747.83
1680.32
3145.12
4905.22
4759.98
4707.72
4556.00
4420.83
4226.91
4169.91
4217.56
2750.85
2202.97
2230.25
2352.92
982.12
730.75
784.47
792.33
1161.38
1992.97
490.19
1892.73
1776.50
1631.33
1547.68
2764.78
5296.60
5004.23
4695.55
4652.02
4632.78
4656.51
4658.92
4614.37
3085.13
2323.00
2479.48
2441.15
2440.58
1757.42
1942.43
2109.86
1730.03
1048.85
1068.75
1547.77
2230.46
2036.33
1815.73
2279.78
5601.30
5607.24
5325.14
5246.09
5263.55
4872.91
4688.36
4817.85
3154.78
2461.03
2708.53
2852.70
2629.80
1864.62
1875.92
2070.27
1969.22
2113.35
2118.31
2097.43
1968.42
1880.90
1755.77
1931.24
5357.14
5427.05
5177.53
5099.00
4901.00
4941.55
5020.00
4876.58
3625.47
1824.65
1876.29
1938.03
2093.00
2086.63
2141.72
3301.40
3505.28
3630.45
3644.65
3456.37
3130.57
2061.37
1816.50
3259.18
5788.28
5534.13
5309.72
5055.42
4971.80
4967.98
4905.65
2028.23
1484.09
1534.70
1979.60
1656.75
1783.20
1826.57
1909.68
2497.28
3255.00
3390.85
3398.38
3216.48
3050.43
2542.55
1784.34
2672.72
5788.48
5753.92
5545.87
5485.98
5475.45
5356.82
5352.80
3731.30
1666.90
1780.98
1789.10
1791.30
1817.68
1751.85
2227.83
2943.90
2801.40
2718.90
2829.68
2897.92
2959.82
2886.12
2758.64
2031.37
5352.97
5262.39
5108.12
5029.65
5136.72
5070.66
4961.11
2941.22
2065.75
975.38
981.18
975.07
1792.25
2402.15
3113.16
2918.14
2715.90
2659.49
2644.25
2386.59
1744.70
1557.02
1508.20
1626.77
4418.23
4451.42
4199.05
3434.64
3711.43
4333.65
4490.93
4036.76
3621.33
1775.05
2262.13
2495.53
2452.22
789.52
754.15
745.03
757.18
853.38
809.88
812.38
714.53
751.65
660.43
1847.15
5078.12
4868.67
4732.89
4621.57
4486.41
4189.63
4194.67
4196.51
3117.65
1503.78
1833.63
1661.10
1088.58
666.15
684.52
680.92
699.52
741.62
697.75
682.95
586.62
565.25
565.98
2070.72
3879.77
3270.51
3168.78
3082.32
3183.52
3241.38
3235.95
2048.30
1720.43
1800.59
1797.62
1617.75
903.57
680.90
660.65
637.92
641.27
651.43
656.85
644.97
621.58
1039.82
1727.09
1497.00
3127.89
3323.45
3266.33
3258.18
3413.93
3512.42
3473.27
3439.30
1587.88
1432.00
1483.28
1020.43
847.87
681.50
762.32
761.80
795.38
1056.75
1781.90
1737.58
1636.82
1511.41
1350.80
780.45
3813.35
4297.35
4043.23
3936.30
4080.37
4024.09
3552.77
3257.93
2218.62
1301.42
1521.63
1539.55
1506.87
636.73
649.88
627.00
628.05
637.17
634.67
638.98
619.98
625.97
687.37
684.93
1203.97
3460.16
3650.78
3501.02
3475.98
3477.47
3510.95
3554.28
3464.98
2992.37
1320.67
1255.90
1343.70
1885.80
1911.12
1948.63
1945.05
2034.97
2131.08
2152.22
2087.57
1795.37
1847.30
1755.57
1374.22
1274.35
1272.90
1282.37
1490.23
1586.18
1605.17
1649.00
1715.35
1826.75
1795.49
1909.07
858.35
747.88
764.37
758.25
827.88
834.15
804.25
790.05
777.65
712.82
623.35
1770.87
3884.83
3706.07
3259.65
3174.70
3330.78
1600.95
2914.42
3819.38
1930.47
1447.30
1133.28
1153.98
876.78
776.33
740.95
791.52
1550.80
1679.33
1739.71
1731.89
1638.30
1497.68
1448.37
3158.42
4237.32
4038.58
3935.35
3808.42
3692.59
3657.42
3636.40
3410.82
2355.43
1402.39
1564.85
2315.53
2164.53
1598.20
1628.27
1228.91
790.25
1114.57
1776.75
1746.25
1655.15
1563.95
1491.45
2093.25
4536.73
4461.80
4386.77
4315.13
4357.77
4409.38
4457.48
4427.84
3797.10
2583.97
2301.75
2724.65
1946.60
1504.90
1550.57
1567.83
726.32
735.78
764.93
1375.48
1597.13
1563.18
760.75
3969.60
5298.83
5177.90
5134.62
5121.47
5353.01
5430.74
2695.47
1351.75
2805.80
2815.28
2561.27
1833.93
1687.20
1651.89
2062.73
2513.65
2726.92
2772.32
2690.77
1777.47
1525.12
1500.40
1492.05
2689.40
5498.57
5133.18
4971.53
4989.70
4894.55
4492.89
4225.66
3471.80
1260.10
2123.80
1404.60
2189.34
2252.58
2268.50
2317.57
2363.10
2398.67
2465.55
2496.80
2434.93
2327.98
2216.78
2133.57
2012.93
1209.77
1882.00
1265.73
1178.43
1208.37
1215.27
1220.98
1213.45
1232.37
1235.10
1326.95
1852.82
1494.18
2209.55
2106.07
1637.25
2518.87
2146.05
2191.95
2173.32
2134.13
1782.38
1900.75
1715.33
1370.12
1660.97
1212.55
1477.82
1450.43
1701.63
1765.60
1781.43
1623.90
1961.65
1301.73
811.92
679.03
603.43
592.73
725.12
868.33
938.37
942.27
924.18
878.80
834.07
1633.03
2404.87
3886.43
3495.45
3419.25
3398.13
3557.50
3633.75
3624.83
1618.70
1621.36
1592.02
1379.48
997.97
767.45
588.38
634.23
687.75
750.55
692.52
675.20
657.32
630.80
587.90
576.23
1235.62
3438.08
3443.02
3404.28
3403.18
3441.98
3269.47
2762.92
2854.28
1633.62
456.02
-301.58
157.30
21.30
767.62
600.62
738.18
763.45
762.72
719.93
643.50
633.38
933.85
1565.68
1983.20
3400.98
3986.93
3617.89
3302.97
3357.73
3404.73
3481.45
1840.16
842.67
804.57
805.85
798.38
683.83
592.82
595.65
650.82
593.13
593.17
580.00
872.27
1040.38
563.78
579.72
1273.90
3593.55
3715.87
3704.20
3642.48
3653.72
3601.22
3667.50
3776.00
1507.82
803.40
823.60
839.93
698.45
598.57
590.75
599.38
598.93
595.87
593.92
590.43
602.83
596.27
1243.18
1856.35
3666.45
3760.93
3713.36
3648.37
3581.62
1260.48
1132.53
1140.27
646.02
1014.32
1199.97
1216.50
1246.37
1544.68
1279.28
1689.18
1949.95
1718.23
1544.78
1508.82
1577.09
1314.73
1326.00
1788.28
1374.18
1200.98
1190.93
1195.33
1196.90
586.05
438.72
1127.52
615.05
690.65
429.37
563.23
1240.97
1840.85
1787.70
1832.29
1927.90
2007.77
2064.97
2093.55
2004.67
1888.83
1689.15
1661.90
1260.93
1509.92
1614.30
1658.10
1968.07
1996.10
1993.95
2017.05
2133.73
2126.73
2419.09
2634.27
1811.15
870.12
1533.32
1724.50
1761.88
1729.20
1759.93
2011.78
2487.84
2344.95
2310.05
2704.88
4892.53
4801.03
4565.07
4402.67
4388.70
4356.65
4319.88
4347.55
4461.03
2975.33
2495.93
3752.15
3444.97
2615.73
2715.52
2835.16
2982.20
3013.02
3004.12
2956.33
2833.23
2716.55
2646.87
2815.88
4990.08
4963.70
4876.48
4724.43
4783.18
4718.30
4697.93
4733.10
4778.64
4771.23
4823.66
4164.95
3289.83
2855.07
2963.65
3114.73
3194.96
3210.53
3344.93
3326.88
3290.40
3223.75
3152.78
3545.07
5457.22
5413.53
5094.47
4968.83
4849.42
4668.62
4609.25
4583.40
4619.55
4647.02
4361.41
3571.80
4006.57
3025.38
3120.95
3218.70
3289.20
3388.99
3409.85
4425.88
4088.90
3734.08
3199.52
3466.05
6015.26
5664.63
5308.22
5141.86
5110.41
5074.12
5077.26
5091.00
5077.41
4954.50
4794.50
3634.15
2847.20
2736.85
3144.92
4073.40
4177.12
4252.32
4472.09
3963.95
2968.70
2700.99
2534.27
3836.22
6369.30
6019.20
5787.68
5751.83
5700.15
5630.63
5603.52
4758.28
2738.50
2793.03
2892.38
2923.45
3594.34
3838.00
3922.52
3937.07
3885.45
4086.75
5115.98
4179.92
4078.58
3566.67
3528.95
3331.07
2858.53
2346.82
2434.11
2417.24
2394.25
2312.89
2206.32
2215.63
2260.03
2290.83
2357.12
3037.59
3541.65
3525.31
3647.28
3843.57
4028.53
4232.05
5098.32
4563.53
3645.72
3360.03
3339.75
3118.41
2485.52
3235.63
2136.00
2167.70
2375.26
2422.77
2416.32
2434.77
2538.30
2281.22
2329.30
2832.75
2913.55
2491.38
2614.18
2620.42
2653.72
2676.48
2681.72
2637.82
2563.10
2186.07
1664.20
2382.87
5103.75
4668.60
4398.38
4329.53
3957.18
3554.28
3130.28
3752.55
2740.17
2395.45
2796.60
3629.55
3511.22
2782.18
2992.67
3027.45
2513.05
2215.17
2245.12
2173.22
2136.35
2114.65
2051.75
4047.45
5456.64
5145.33
4901.58
4753.65
4946.45
4876.13
4884.82
4871.40
4413.48
2948.82
2756.45
2376.25
3290.32
2831.00
2834.85
2938.75
3002.07
2989.07
3028.48
2946.28
2733.80
2588.41
1916.07
3722.07
7005.15
5845.48
5745.36
5676.87
5679.50
5563.61
5314.35
4556.57
2211.14
2846.55
2868.95
3732.95
3581.80
2384.25
2189.55
2219.05
2178.33
2171.87
2162.20
2202.50
2185.47
2117.23
2019.60
3273.57
6217.15
5839.07
5855.88
5727.82
5909.08
5919.45
5931.62
5949.43
3630.82
2791.60
2435.37
3132.32
2268.17
1651.45
1685.16
1681.48
1618.59
2055.22
1934.92
1895.20
1769.61
1663.17
2098.70
3051.25
4249.72
3942.93
3803.00
3784.35
3713.95
2977.89
5143.48
1009.97
268.50
152.13
96.18
422.42
1679.55
2806.25
209.47
586.17
1915.95
3116.03
3702.95
2697.90
2645.10
2678.30
2628.40
2532.35
2443.67
2301.83
2171.51
1389.48
1474.05
1529.73
1554.10
1591.92
1917.93
2331.27
2210.28
2220.61
2357.57
2597.43
2942.00
3517.55
3772.88
3565.11
3490.75
3419.72
3305.62
2797.57
2664.45
2714.88
2670.43
2567.20
2473.09
2404.02
2539.88
2562.12
2536.54
2514.27
2684.45
2568.91
2656.90
2738.99
3544.13
2166.67
2136.38
2148.08
2148.80
1121.95
809.53
792.97
788.58
773.92
1712.68
3858.35
5048.62
4902.64
4830.42
4747.87
4964.58
4696.94
4708.20
4728.85
2782.88
2581.17
2637.55
2161.39
1587.17
707.82
729.20
752.02
766.75
1350.22
1538.65
1488.93
1471.70
1407.47
1913.90
2002.30
4637.83
4474.73
4188.68
4145.55
4209.48
4214.65
4294.55
4225.25
2625.95
2758.47
2775.07
2834.69
2698.88
1878.66
1012.68
1404.30
1879.22
1867.43
854.50
803.67
764.60
717.20
1125.33
2404.20
4521.15
4371.30
4193.86
4131.37
4142.20
4122.37
4112.23
3986.52
1704.90
2086.47
2150.50
2337.87
1685.47
734.42
758.58
788.77
816.63
829.90
874.62
1689.55
1679.87
1631.19
1552.93
2137.45
5244.18
4842.33
4089.36
4029.85
4011.28
4028.43
4126.92
3983.10
2038.28
2541.13
2554.30
2780.70
3331.74
1930.92
2061.30
2146.23
2173.93
2270.88
2289.14
2246.89
2171.62
2152.59
936.33
2875.23
6040.56
4688.76
4559.50
4956.53
4970.65
4779.48
4579.43
4733.30
2895.06
2383.67
2171.25
3305.10
3522.40
3696.55
4267.47
4740.07
4457.93
4692.37
4792.73
4713.10
3988.12
3871.92
3845.62
3513.36
3145.86
2388.43
2801.60
2302.30
2321.17
2274.84
2229.07
2221.47
2246.85
2696.50
2724.19
3402.15
3528.52
3880.93
4956.67
4466.57
4119.28
5564.65
5348.22
4670.58
4682.12
4385.05
3598.35
3429.77
3282.77
2681.45
2455.85
2481.25
2648.01
2641.54
2565.72
2653.96
3226.02
3393.18
3463.40
4374.73
4685.37
3345.00
3522.00
3933.43
3641.08
3885.25
4090.07
4086.97
3933.07
3579.47
2290.05
3550.55
7368.37
6426.19
6359.87
5995.42
5925.65
5779.45
5720.60
5797.00
4056.22
3137.17
4121.58
4720.48
5093.15
2853.60
3532.20
4153.55
4154.75
4180.93
4226.98
4150.85
4008.45
3477.20
2588.97
3442.80
7919.38
6958.18
5953.25
5919.13
5972.77
5946.90
5920.50
5971.53
4737.00
3572.62
3672.55
4549.51
4773.62
4374.95
4731.73
4997.90
4502.85
3944.98
3890.88
3849.35
3711.57
3536.10
2659.09
3232.32
7138.72
6634.80
6481.67
5997.60
5942.18
5935.97
5873.90
5490.45
4668.15
3238.70
3030.17
3394.43
4026.20
2360.24
2501.59
2531.22
2499.15
2283.75
1613.48
1618.50
1558.10
1493.92
1421.98
3263.82
5741.40
5341.80
5184.60
5002.83
5018.75
5072.53
4668.58
4423.80
2832.75
2507.01
2910.93
2973.97
3675.85
2253.63
2105.73
2187.90
2274.77
2390.35
2457.54
2475.47
2373.45
2274.57
920.95
3791.85
6117.80
5721.25
5397.06
5367.45
5257.48
5043.80
5027.80
4638.50
1651.80
2315.70
2182.35
2795.93
3112.84
3475.43
4502.84
4410.00
4520.35
4584.68
4666.18
4647.87
4032.03
3574.05
4416.32
3006.95
3328.92
2919.97
2420.12
2423.83
2392.01
2333.77
2266.05
2150.35
2193.63
2194.75
2473.68
3670.90
3832.43
4134.80
5167.20
5341.52
5228.87
5334.85
5478.98
5412.02
5167.25
4860.95
4433.93
3634.63
3575.65
3158.37
2207.10
2289.20
2490.87
2506.68
2505.89
2605.97
3306.22
2776.26
3088.38
3906.82
4965.28
2983.55
3173.27
3905.22
4050.01
4210.50
4339.22
4352.17
4202.75
3844.93
3396.78
3264.40
6723.45
7128.04
6637.37
5683.05
5673.50
5798.48
6100.45
6078.00
2729.98
3734.40
4012.67
5077.95
5402.66
4475.67
4632.47
4786.15
4910.00
4997.53
5172.78
5118.04
4762.48
4498.66
3228.28
3864.30
7562.28
7495.65
7218.98
6973.03
6707.03
6467.65
6300.75
4966.93
3380.62
3847.23
3825.26
4716.47
5030.23
3279.02
3984.97
4154.28
4260.22
4312.73
4124.61
3860.58
3645.81
2944.32
2602.75
3281.65
7319.62
7297.72
6740.86
6282.20
5771.00
5467.53
5313.65
5153.50
2696.93
3515.51
2982.41
4883.12
5041.83
3925.58
4242.23
4398.70
4474.02
4559.45
4519.51
4424.40
4210.60
3476.50
2939.27
3845.99
6390.87
4939.93
3042.93
5845.55
5828.09
6014.00
5751.65
5500.66
3532.20
3040.70
3473.37
4172.72
5021.31
3375.42
4279.37
4398.62
3323.73
3591.01
3624.05
3642.90
4370.77
3154.85
2131.67
3259.25
7449.07
7980.75
7650.20
7347.38
7069.90
6658.75
6478.26
5208.17
1950.52
2809.50
2887.40
3354.65
4498.59
4776.75
4917.72
5187.47
5637.83
5628.32
5473.83
5256.95
5331.30
4504.78
4554.68
3701.88
3404.63
3327.45
3195.85
3028.69
2535.53
2427.05
2417.26
2298.45
2892.40
2770.18
2932.25
3834.45
4473.53
4546.19
4574.97
4788.61
5384.44
4723.02
6272.38
5570.72
4902.95
4801.59
4576.44
3754.43
3489.97
3381.32
3056.15
2600.95
2882.38
3283.88
2899.43
2922.88
3717.18
3837.42
3777.45
4651.53
4756.20
3984.49
3445.20
4059.10
4064.48
4213.82
4233.17
4134.97
4014.67
3778.83
3604.73
3419.63
6052.38
6075.08
6136.50
5835.76
5788.80
5871.35
5828.57
5582.86
5106.15
3305.60
4450.75
4795.20
4981.15
3792.52
3868.05
3981.77
4152.70
4247.74
4294.73
4362.20
4252.38
3908.90
3608.39
4204.57
6768.35
6417.74
6104.50
5933.94
6008.73
6298.97
6784.30
6634.03
4436.77
4045.48
4706.85
4879.16
4805.03
4233.84
4322.16
3896.50
3666.55
3747.90
3789.15
3932.38
3738.70
3517.40
3225.63
3868.77
7144.13
6708.33
6363.70
6117.17
6106.65
5839.47
5329.88
5449.00
4654.80
4062.65
3804.73
4236.00
4851.41
3783.30
3204.77
3894.95
4026.73
4031.10
4162.35
4183.27
4055.15
3671.65
2755.80
3389.23
6166.72
6123.64
5927.67
5752.91
5717.33
5800.91
5771.92
5632.50
3110.65
3398.63
3705.57
4836.57
5421.91
4626.34
4642.90
4394.32
3537.47
3660.35
3931.63
3953.58
3762.45
3654.65
3413.82
4692.07
7802.83
6908.95
6180.20
6269.45
6303.80
6284.70
6138.58
6091.40
4453.17
3847.22
4315.62
4280.72
4999.02
5058.41
5271.07
5428.85
5499.85
5556.45
5664.95
5633.54
5429.35
5143.80
4879.65
4454.82
3744.58
3882.97
3706.20
3441.78
2649.32
3515.90
2822.47
3036.98
3305.78
3283.02
3612.32
4697.82
4971.10
5422.63
6278.47
6239.82
6427.40
6557.48
6665.36
6614.70
6417.82
6024.37
4824.65
4752.39
4592.66
3975.77
5169.25
5151.09
5164.52
4867.00
4632.48
5309.75
5972.64
5748.65
6745.28
7655.68
7931.73
7421.99
7712.32
7858.78
7850.38
7760.40
7869.15
7981.75
7706.13
7455.53
6832.22
5671.27
9505.35
9414.80
8992.77
8526.90
7939.58
7824.77
7785.28
8063.30
7874.60
8456.32
9027.08
8291.85
8450.35
6851.62
7355.57
7700.63
7690.20
7783.05
8007.68
8233.72
8108.93
7898.48
7766.67
7479.27
9451.70
9261.24
8753.57
8460.06
7538.42
7208.20
6833.58
7019.80
7340.95
7401.88
7019.47
5779.85
6247.95
6055.23
5817.67
5309.49
4963.16
4984.50
5087.32
5156.82
4774.48
4493.77
3748.34
4847.52
7058.18
6739.15
6266.35
6144.97
6201.06
6255.02
6199.90
6304.68
6517.63
6289.48
4865.15
5596.22
5468.67
4990.85
2813.27
5104.87
5102.62
5196.58
5165.83
5107.62
4616.30
3787.65
3160.22
2911.39
7083.68
7470.45
7348.62
7340.97
7395.13
7240.85
7134.53
7263.85
7434.34
5628.68
5540.87
5519.32
5733.67
4439.33
3952.73
4052.47
4956.18
5255.05
5121.97
4959.22
4546.07
3659.63
2765.25
3879.36
7234.78
7026.65
6688.55
6472.68
6348.97
6542.70
6394.97
6099.16
3262.78
3808.71
4118.55
5006.28
5662.52
5829.93
6132.02
6390.85
7197.73
6646.00
7242.83
6400.20
6505.77
6351.00
5453.97
5697.61
4846.48
4780.22
4465.20
3971.53
3908.50
3956.88
3946.77
4148.40
3839.43
4004.90
4433.78
5622.20
6271.85
6432.65
6839.16
7232.33
8190.82
7809.57
7856.52
7718.95
7400.07
7056.30
5864.25
6494.83
5447.55
4877.32
4807.72
4748.17
4841.38
4860.00
4794.72
4760.89
5317.92
5545.02
5810.16
7166.18
7420.72
6478.50
6636.92
6756.87
7030.53
7042.03
6927.67
6814.45
6319.32
5673.52
4878.98
4740.93
8469.08
8183.75
7554.28
7144.62
7293.50
7376.26
7048.18
7251.45
7445.25
7883.36
7889.20
7000.90
7497.38
5588.63
5561.73
5672.34
5715.00
5576.30
5298.78
4829.23
4545.22
4396.70
3325.47
4857.10
8008.35
7560.43
7171.45
7156.78
7269.45
6860.30
6729.13
6580.23
6677.85
5198.49
5240.25
5410.17
5771.32
4734.10
4997.90
5149.98
5294.82
5439.90
5592.78
5888.55
5813.32
5447.50
4044.83
4718.52
7824.33
7559.85
7298.22
7367.37
7172.13
7098.68
7023.00
7080.20
7425.37
5876.89
7379.75
7293.00
7458.00
6774.15
6927.75
6783.38
5815.83
6062.78
6307.85
6270.43
6087.53
5639.93
4959.11
5321.02
8240.82
8113.70
7880.65
7517.37
7434.82
7134.52
6989.35
6888.85
4443.14
4679.12
5795.83
6153.82
6962.14
5439.40
5462.85
5677.35
5736.74
5962.47
6615.15
7114.52
6812.47
6222.28
5875.22
6054.03
8507.94
8698.80
8440.03
8010.40
7819.63
7164.66
6989.47
7093.92
6342.55
4528.22
5585.56
6446.68
6888.70
7409.57
7602.18
8469.69
7903.95
7846.93
7824.00
7770.28
7540.75
7249.66
6295.72
6115.95
6059.62
4877.94
4526.15
4006.57
3646.75
3811.07
3826.05
3891.88
4628.37
4468.07
4980.22
5898.34
5509.50
6505.00
6502.93
6783.52
6949.40
7129.49
7218.86
7099.88
6881.07
6480.42
5975.97
4822.97
4777.93
4489.85
3979.00
3820.25
3629.00
3682.50
3737.74
3802.25
4004.60
4618.90
5029.23
5735.08
6243.78
5352.65
5373.38
5507.70
5388.78
4200.73
4302.47
4251.78
4135.35
4033.25
3911.58
4149.93
7840.60
7643.67
6857.57
6584.93
6648.60
6683.21
6733.80
6874.58
7007.43
4770.02
5475.08
6547.40
6675.70
5703.72
5471.28
5442.67
4809.78
4514.80
4479.10
4456.69
4406.90
4384.41
4235.15
4698.30
7964.00
7694.75
7299.33
6986.23
6853.62
6771.32
6706.32
6754.52
6840.77
4650.49
5059.82
6262.10
6353.30
6256.47
5965.00
5182.45
5376.73
5686.27
5742.95
5733.83
5765.52
5804.27
5250.68
5558.07
8566.07
8340.74
8224.13
7875.58
7657.05
7458.63
7289.55
7193.65
6360.20
5416.11
6521.60
7546.40
7827.24
6089.25
5702.26
5927.83
6319.87
6847.33
8496.23
8305.33
7973.73
7558.28
5500.63
5177.75
8647.88
9376.73
9024.37
8914.91
8745.33
8472.77
7827.65
8067.13
8683.17
6427.97
7070.82
7864.65
8179.14
6949.37
7073.00
7244.40
7341.80
7451.85
7562.15
7477.56
7163.45
6666.50
5580.53
6723.10
9750.65
9408.03
8717.53
8433.90
8536.30
9297.65
9260.70
9210.97
9171.85
9902.50
9054.18
9389.73
8687.18
8032.98
8534.01
8635.48
8641.51
8819.62
9055.78
8925.68
8566.48
8172.90
7607.53
6804.25
6022.32
5236.98
4983.02
4936.40
4682.55
4485.90
4101.56
4135.38
4143.62
4922.78
5511.40
6799.23
6838.60
7411.77
8401.45
8660.08
8886.20
9143.33
9196.56
9113.10
8871.90
8976.10
8118.17
7538.45
6628.63
6485.73
6200.71
5137.95
5385.95
5819.13
6432.23
6488.75
7149.03
7616.84
6798.68
8051.03
7612.32
5365.45
5453.80
5346.80
5083.55
5182.67
5384.37
5503.33
5525.20
4564.39
3937.63
4687.92
7788.40
7417.59
7033.67
6830.90
6725.45
6802.53
6837.75
6858.95
6202.73
4730.97
5658.78
6033.28
6789.72
4998.43
5053.68
4299.41
4114.14
4257.83
4517.23
4588.78
4617.88
4398.30
4264.51
4664.13
7692.28
7797.63
7586.47
7299.88
7190.20
7035.86
7050.92
7044.13
6921.98
4652.32
5879.61
6202.77
7043.88
5281.40
4527.53
4500.83
4517.97
4681.15
4821.47
4844.58
4891.27
4910.83
4761.41
5185.85
8002.03
7854.70
7539.85
7307.62
7124.23
7028.00
7052.10
6948.07
6331.20
4360.37
5387.92
6296.45
6399.07
5288.52
5401.70
5380.88
5160.82
5227.42
5337.38
5127.08
4228.47
4244.25
4138.20
4846.95
8195.82
7843.80
7239.05
6769.05
6818.35
6946.17
7005.31
6997.18
4925.30
4599.50
5291.45
7253.47
7272.01
5443.12
4780.47
4775.91
4801.03
4795.27
5195.75
5854.90
5696.45
5438.35
4287.87
5687.66
8542.85
8281.70
7877.19
7455.97
6986.12
7095.17
7092.87
7113.48
4830.38
4330.35
5283.78
6179.78
6477.94
7052.07
7511.73
8463.74
8177.35
8001.98
8114.02
8105.35
7862.17
6857.33
6955.75
6590.68
5215.00
5120.71
4914.10
4560.58
3681.41
3978.83
4232.01
3311.28
3938.02
4456.16
4753.78
6191.08
6301.74
6592.13
6961.43
7176.33
7542.48
8284.65
8449.77
7799.68
7340.47
6807.77
6310.53
6235.97
5456.22
4673.60
4594.48
3818.52
4231.32
4107.75
4293.72
4712.43
4901.74
5145.40
5816.75
6011.72
6304.31
5428.57
5606.92
5581.74
5433.09
5223.78
5561.13
5468.50
5064.75
4985.58
4002.25
3993.59
7083.85
7665.07
6651.55
6482.30
6612.22
6543.95
6548.93
6525.01
6365.38
4824.25
4754.98
4739.34
4737.63
4119.23
4458.25
3748.27
3263.17
3211.97
3251.37
3505.45
3425.90
3409.87
3209.02
3627.38
7158.65
7231.53
6805.57
6692.22
6733.02
6659.47
6636.83
6711.91
5093.78
4602.22
4898.49
4995.84
5641.03
4275.52
4478.05
4582.52
4668.78
4618.00
4511.70
4268.33
4089.12
3612.65
2917.53
4343.60
7927.82
7636.80
7250.98
6917.60
6943.86
6579.37
6607.30
6392.11
4335.92
4490.43
5395.32
6033.13
6462.81
4361.62
5086.60
5362.50
4612.82
4397.67
4976.70
4267.97
4157.15
3545.58
3348.57
6233.94
8056.77
7741.20
7685.53
7537.93
7426.41
7242.37
7039.39
7044.65
4916.13
4947.52
5150.37
3669.94
6429.71
4442.57
4230.03
4221.27
4247.20
4304.43
4383.07
4260.47
4160.57
3011.67
2868.01
4880.99
8034.72
7691.03
7251.72
6245.33
6179.95
6146.85
5969.48
5843.92
4175.65
3939.96
4794.65
4996.13
5266.03
5802.25
6539.95
6257.88
6069.92
6262.35
6324.70
6346.90
6074.32
5058.78
5213.33
4996.42
4719.12
4559.81
4110.47
3489.80
3438.30
3441.73
3455.18
3492.40
3631.13
4733.98
5052.30
5148.48
5267.98
5544.72
5864.35
6072.27
6256.44
6235.22
6052.45
5679.47
5615.73
5573.00
5334.48
5027.89
4618.93
3657.05
3688.53
3686.30
3852.46
3917.88
3946.07
4176.23
4997.40
5326.28
6242.55
7110.19
7013.61
6163.05
5629.72
5507.76
5266.55
4834.43
4902.18
4979.05
5256.70
5258.80
5160.98
4736.98
8889.05
9009.34
8673.49
7757.53
7769.05
7798.85
7586.28
7590.20
6733.11
6083.36
6861.10
7995.80
7652.45
5653.80
6147.02
6118.61
6031.60
6062.42
6091.35
6037.62
6131.02
6015.65
5567.73
5785.02
9748.88
9928.29
9291.53
8651.98
8519.90
8581.26
8248.70
8731.27
7440.90
5943.25
7220.70
8259.33
8086.76
7380.70
7565.67
7032.93
6121.10
6216.12
6211.95
6075.35
5981.65
5705.74
5893.77
5972.78
8559.50
8715.58
8393.38
7925.15
7852.68
7696.42
7928.27
7592.13
8480.70
8787.13
6335.80
7777.87
7287.67
5308.32
5572.39
5716.33
5683.63
5730.40
5661.56
5690.25
5485.91
5231.98
4240.86
5710.53
9341.10
8826.03
8085.53
7169.30
6662.25
6795.87
6807.90
6803.87
5377.90
4018.53
4286.69
4898.25
5507.90
3872.70
3845.22
3928.23
4010.97
4016.87
3994.43
3941.12
3822.08
3541.98
2647.35
4706.30
7439.66
6904.62
6525.83
6457.78
6414.22
6571.42
6503.16
4965.33
2883.23
3598.78
4415.68
4535.43
4906.32
5235.11
6160.87
5428.75
6037.05
6127.57
6130.02
6092.55
5904.88
5003.82
5470.54
4781.63
4417.94
3515.99
3630.45
3621.10
3577.80
3411.10
3280.45
3227.15
3301.86
3774.35
4640.95
4571.39
4839.33
5043.55
5653.41
5762.70
5079.52
5874.33
5644.87
4992.82
5187.67
5082.15
4738.95
4240.40
4002.26
4119.83
3209.53
3284.97
3476.04
3454.30
3426.40
3592.52
4108.20
3429.05
3737.37
4068.79
3897.67
2597.36
2811.27
2817.37
2889.70
2856.15
2867.35
2829.26
2735.77
2682.66
2432.17
3045.21
6696.02
6399.87
6179.58
5719.69
4504.32
4931.37
5002.95
5209.23
4633.47
3524.80
3676.83
4421.55
4674.28
3787.42
3927.40
3796.47
3685.28
2819.53
2911.90
2905.64
2862.73
2693.87
2582.73
2026.08
5086.70
6131.28
5922.37
5778.97
5737.40
5762.37
5583.48
5575.95
5622.30
4806.45
3361.35
4367.57
4013.75
2561.67
2771.60
2993.37
2820.97
2754.15
2694.83
2669.73
2596.23
2470.40
2353.72
2367.10
5423.28
6327.65
5204.35
4908.40
5182.62
5323.87
5153.18
5183.87
5385.52
5224.38
3156.62
4147.58
4041.40
2544.93
2466.40
2585.80
2666.15
3026.53
2867.22
2836.80
2816.09
2711.75
2606.91
3521.98
6506.07
6269.67
5777.75
5308.57
5744.77
5675.43
5632.77
5240.77
5153.97
4017.02
4120.05
4532.22
5315.43
4435.70
3190.92
3006.88
3090.65
3754.33
4247.57
4257.50
4223.99
4070.17
3744.30
4248.17
7814.85
7608.93
7196.23
6638.80
5616.20
5479.35
4583.70
5238.53
4899.02
3276.22
4520.33
4665.57
5538.66
5725.03
5892.92
6113.39
6384.72
6642.17
6820.67
6841.11
6732.73
6549.30
5937.12
4923.39
4761.90
4524.90
4243.98
3555.95
3442.18
3342.83
3379.20
3377.15
3388.77
4032.70
4725.02
4865.02
5164.90
6430.43
5993.65
5007.28
5810.28
6565.68
6167.23
6046.92
5977.70
5356.63
4767.93
4785.42
4581.50
4344.57
3287.85
3363.43
3625.90
3562.72
3135.53
3716.05
3863.30
3556.40
3501.57
3020.75
2826.47
2206.15
1883.55
1908.63
1866.36
1944.91
1980.51
2850.25
3074.37
2998.90
2831.53
3588.62
6548.22
6282.16
6064.65
5975.72
6151.53
6098.05
5947.30
5925.43
3841.13
3873.78
4684.32
4994.17
5727.00
3900.05
4053.91
4167.34
3331.88
3256.72
3271.23
3448.52
4588.77
4365.88
3970.10
4103.02
6843.99
7136.68
6605.73
6277.82
6345.78
6268.52
6157.23
6052.20
6293.06
4209.60
5007.50
5445.85
5362.85
4114.14
4327.61
4444.73
4527.92
4644.60
4895.10
4958.85
5011.38
5164.74
5019.52
4484.92
8527.53
8625.55
8130.13
7702.34
7757.97
7587.51
7511.23
7440.17
5793.82
5483.85
6100.13
6667.03
7260.28
5382.40
5704.25
5890.98
5926.22
5962.33
6005.75
5951.70
5920.03
5715.72
5359.15
5184.37
8503.42
9143.13
8708.47
8468.88
8070.50
8215.17
8312.55
8176.01
6753.00
6059.13
6451.15
6843.87
8214.99
5826.35
5900.05
6182.20
6383.43
6362.65
6320.84
6297.17
6274.11
6038.35
5543.90
5144.98
9018.13
9296.68
8741.28
8297.50
8035.42
7728.42
7590.22
7671.33
5854.03
5562.72
6209.30
6373.39
6763.40
7304.00
7839.13
9079.93
8697.36
8862.53
8917.08
8867.87
8642.15
7458.73
7359.63
6964.08
6541.47
5969.42
5148.87
4762.73
4830.42
4798.60
4783.35
4846.32
5388.81
6576.73
6731.02
7382.92
8159.77
9522.67
9176.80
8630.53
8658.72
8824.48
8842.10
8713.50
8509.25
8212.53
7511.18
6996.35
5941.25
5698.75
5408.62
5251.32
4777.78
5035.64
5217.92
5954.55
6858.32
6623.75
8156.03
8037.36
8559.73
6559.12
6284.15
6477.28
6649.23
6976.70
7218.65
7349.43
8098.90
7787.92
7187.98
7617.95
10974.10
10843.08
10429.10
9988.57
9640.62
9525.95
9310.68
9453.45
7367.45
7089.53
7380.37
9226.10
8906.45
7301.53
7192.22
7194.23
7347.22
7534.25
7566.95
7390.65
6704.18
6415.07
5665.02
5804.98
10386.30
11647.23
10118.93
9416.55
9404.23
9058.05
8887.28
9080.97
8909.95
6577.30
8144.45
8366.92
8970.82
8032.88
8120.84
8176.80
8388.15
8384.88
8110.92
8250.13
8357.02
8014.11
7054.63
6981.19
11099.60
11065.80
10820.13
10044.06
9704.35
8788.00
8717.12
8819.57
7873.98
8697.57
8044.68
8807.22
10037.04
6948.82
6232.33
6873.05
7615.10
7609.37
7605.78
6499.53
6672.97
6552.50
5795.95
4653.91
9494.40
10024.26
8990.30
8632.65
8930.57
8746.26
8614.90
8793.40
6812.40
6365.72
6854.28
7978.93
8048.90
6065.48
6354.87
6478.22
6161.17
6939.95
6909.87
6788.75
6666.06
6121.64
5129.97
5980.37
9695.65
9519.49
8150.12
7617.98
7480.95
7535.20
8046.02
7721.82
7604.07
5007.15
6233.02
6290.27
6569.66
7075.05
7698.50
8303.94
8073.58
8230.95
8124.89
7966.61
8349.75
8921.92
7084.62
6885.87
6506.37
6038.48
4494.20
4629.67
4585.06
4526.17
4411.42
4321.12
4482.20
6066.10
6482.38
6925.15
7547.89
8339.47
9105.65
8927.85
9695.98
9635.20
10073.60
9596.18
9479.51
9228.50
8166.20
7748.37
7307.53
6791.41
6015.23
4983.57
5379.38
5993.67
5657.33
5929.42
7335.14
7954.00
8204.47
8959.33
10320.02
7953.22
8373.27
8257.53
8641.63
9009.00
9159.30
9276.27
9308.40
9018.58
8501.42
9600.26
13240.55
12890.55
12649.45
12200.25
11947.28
12013.27
12023.98
12465.67
11306.23
10843.67
11089.52
11765.00
11450.40
10003.66
9854.14
9315.87
9443.30
9664.72
9678.70
9393.03
8984.48
8378.22
7370.17
7153.43
12059.35
11287.17
10140.61
9952.82
9958.65
9789.82
9704.25
9765.50
8673.53
7984.32
8326.08
9045.70
9175.17
7965.70
7791.60
7926.50
8183.80
8464.85
8599.37
8564.18
8433.07
8327.58
7878.11
6692.42
11773.02
10850.65
9570.90
9286.78
8219.78
8151.55
8052.08
8734.00
10305.95
6998.86
8513.11
8936.74
10052.05
7966.05
8098.90
8572.67
8488.92
8448.24
8636.00
8407.95
7589.64
6975.25
6774.65
6848.86
10215.40
10084.88
9069.07
8574.36
8452.08
8106.93
7786.31
8126.22
9317.27
6319.09
8116.25
8171.18
8257.82
7081.73
7647.37
7487.97
6952.80
6496.18
6554.64
6564.18
6369.75
6321.12
6100.65
5940.38
9544.46
9690.00
9179.34
8600.34
8277.65
7767.37
7890.30
8032.71
8689.52
6370.85
6555.28
6848.37
7340.05
8448.73
8578.87
8578.03
8924.72
9110.69
9119.65
9127.97
9166.01
8989.12
8202.76
7413.30
6898.27
6096.63
5023.43
4953.27
4968.68
4899.37
4739.28
4711.59
4954.87
6066.10
6583.04
6883.95
7294.08
8582.30
8824.43
8796.24
8994.93
9242.26
9347.35
9430.15
9247.35
8831.56
8029.50
7207.18
6356.83
5776.49
5031.05
5103.00
5317.66
5358.77
5578.70
6963.02
7207.07
7678.28
8104.43
8607.53
8971.53
7779.48
7429.52
7762.88
7466.99
6439.30
6480.45
6434.27
6419.81
5771.14
5545.45
6750.12
9716.29
8684.93
8449.53
8154.92
8140.15
7858.56
7647.34
8230.60
8615.63
6614.45
7962.63
8466.82
8367.75
6057.38
6167.65
6230.75
6222.88
6357.45
6496.15
6588.89
6858.90
7311.39
6871.70
8245.67
11681.95
9545.68
8849.70
8325.22
8294.65
7744.38
7648.77
7825.72
7959.37
5442.28
7108.30
8342.36
7852.72
5906.86
6084.20
6315.15
6292.70
6463.68
6740.70
6700.42
6494.30
6302.88
6120.00
6691.25
10322.13
9232.93
8414.82
7885.90
8592.93
8081.78
7654.52
8318.49
8405.47
6003.55
6681.10
7737.57
7183.15
5591.88
5913.57
6104.07
6291.62
6614.08
6802.93
6917.43
6809.45
6675.72
6195.58
6627.53
9750.11
8662.58
8160.55
7689.05
7928.15
7602.30
7478.77
7944.05
8457.27
6129.78
6865.75
7911.05
7853.00
6294.87
6202.93
6392.53
6439.70
6583.36
6598.95
6326.33
6104.00
5671.62
5311.84
6187.47
10126.13
9504.74
10032.20
9595.76
9358.63
9196.67
9619.47
9580.01
9758.31
6661.15
7636.18
8342.75
8531.97
8190.98
8341.63
8573.88
8702.02
8549.73
9000.65
8475.38
6811.87
6616.63
6487.15
6150.82
5425.82
4700.62
4715.97
4720.33
4633.07
4619.97
4413.82
3657.41
3902.47
5204.41
5248.08
5529.52
6573.24
6417.50
6474.03
6825.19
7037.70
7321.09
7404.66
7241.38
6910.48
6653.34
6531.20
6159.72
5074.35
4843.97
4646.19
4144.28
3780.38
4292.43
4715.98
5168.32
5967.65
5726.27
6081.34
7470.47
7626.88
6187.63
6451.80
6583.18
6641.18
6662.28
6772.33
6755.23
6663.62
6521.92
5181.59
5721.67
9868.21
9069.62
8209.59
7926.77
7773.10
7587.98
7523.20
8011.91
9248.55
6550.10
7464.20
8539.51
8733.61
6132.78
6155.67
6238.22
6382.43
6445.02
6576.29
6778.08
7004.00
6917.38
6256.23
6832.07
9833.48
8908.80
8642.05
8405.78
8243.85
8034.27
8060.05
8474.22
8977.83
7321.15
7299.80
8307.12
8517.27
6038.98
6436.57
6510.15
6554.44
6640.05
6692.65
6911.32
7023.38
7043.40
6154.52
7117.27
10555.83
9839.54
9412.70
9234.78
9031.45
8657.73
8709.15
9012.28
9473.61
6941.91
7816.68
7723.17
7673.75
6774.78
6789.10
6298.49
6236.12
5883.93
5242.28
5278.66
5187.02
4916.93
4352.26
5649.67
8851.97
8244.05
7836.85
7603.97
7933.47
7768.73
7878.37
7744.00
7884.03
6088.51
4718.22
6384.85
7070.19
5812.72
5873.55
6237.90
5921.11
6711.17
6489.15
6685.24
5704.86
4897.95
6211.78
8048.21
11906.72
11129.22
10290.58
9313.22
9363.87
9543.40
9482.58
9409.77
9391.28
5935.90
8465.05
7551.53
8125.97
8564.44
9248.48
9656.09
10552.73
10225.52
10217.23
10590.13
10384.98
9387.60
9440.26
8868.72
8135.48
7522.30
6879.70
6841.48
6635.58
6165.62
5513.99
5775.45
7187.18
7352.85
7808.98
9072.70
9002.27
10562.95
10560.17
10639.17
10888.30
11002.87
11044.73
11067.85
10977.85
10645.25
9851.93
9399.03
8766.27
8200.37
7710.07
7542.72
7424.13
7432.00
7762.72
8759.37
9853.77
10247.33
10556.27
11616.90
11835.75
9852.08
9794.88
10024.04
10047.67
10277.08
9703.13
10153.11
9828.52
8954.95
8237.76
10692.14
12329.10
11257.33
10870.38
10485.58
10268.68
10274.77
9870.60
9894.93
10015.30
9103.83
9683.59
10427.98
10241.82
9739.87
9446.01
9384.15
9243.85
9916.15
9540.36
9094.62
8799.25
8487.92
7738.85
9037.41
11736.97
10734.23
10242.58
9571.96
9181.17
8997.87
9140.76
9711.86
8738.70
8777.20
9612.23
10137.02
10458.33
8726.85
8146.99
8127.08
8105.00
7976.22
7522.79
7318.19
7116.18
5738.17
5243.77
6846.09
9308.85
8756.31
7871.28
7333.56
7232.50
7163.85
7039.40
7206.42
7966.05
5288.02
4699.03
4847.82
5051.72
4019.82
3974.30
4157.28
4529.97
4613.45
4588.53
4741.65
4729.97
4671.45
4371.85
6062.63
9470.28
9034.41
8580.91
8156.80
7631.90
7348.00
7419.95
7979.48
8313.78
6542.37
6655.50
6792.13
7138.13
5918.28
4751.05
4862.22
6074.55
6340.03
6553.30
6484.01
6175.82
5757.71
5393.50
6377.65
9334.80
8928.53
8634.03
8739.95
8346.12
8119.52
8242.60
7226.65
7333.78
5587.95
6680.22
6606.57
6685.52
6836.35
7131.87
7447.75
7699.73
8130.90
8426.70
8224.01
8253.72
8386.25
7315.76
6615.15
6254.97
6255.11
6275.97
6006.52
5206.45
5053.80
4848.12
4818.08
5270.59
5611.98
6769.07
8518.78
8658.77
8663.00
8385.78
8097.90
8157.78
8324.87
8271.00
8022.40
7198.40
6487.85
6068.08
4950.41
5081.35
4667.48
4365.87
4071.25
3952.74
4004.18
4144.65
5390.28
5046.60
6096.28
5768.18
6496.53
6144.78
4487.03
4654.20
4855.18
5018.82
5434.20
6203.33
6582.09
6113.65
5487.67
4852.80
6805.97
8671.37
8226.85
7795.78
7244.28
6749.32
6698.15
6681.99
6684.91
6281.77
6270.40
6809.77
7433.47
7456.52
5885.82
5875.98
5764.93
5725.45
5990.95
6485.08
6332.58
5881.27
5652.43
5235.65
7285.91
10529.55
9030.01
8708.17
8025.07
8071.72
7729.32
7454.83
7770.36
7068.52
6927.52
6803.66
7002.23
7611.73
6165.60
6287.57
6640.90
6767.55
6851.55
7198.27
7298.69
7170.28
6935.33
6195.87
7283.52
11862.55
10795.33
9804.53
9458.67
9494.25
9539.68
9704.58
9798.78
10664.41
8269.46
7870.57
7757.12
8899.70
6009.85
6517.78
6793.15
6888.52
6904.44
6827.28
6714.24
6329.02
5841.07
5439.35
6137.80
10227.08
9938.48
9738.58
9507.01
9637.60
9372.08
9610.82
10166.23
10780.50
8450.95
9173.18
8840.08
9103.41
6654.85
6887.00
7020.23
7136.75
7168.01
7196.41
7056.54
6504.93
6201.23
5938.00
7428.71
11286.52
10243.10
9876.75
9880.77
9746.96
9197.55
9125.95
9646.33
9666.94
7191.05
8372.67
7764.68
8159.64
9463.57
9055.75
9297.42
9611.88
9504.48
9433.43
8816.70
7744.10
8100.26
8088.89
7897.05
7178.81
6758.33
6380.33
6247.34
6368.30
6387.48
6352.88
6679.82
7484.37
9508.75
9478.97
9807.25
10005.93
11088.80
10440.55
9906.64
9777.88
10002.18
9979.50
9656.08
9786.88
9610.56
8698.14
8167.58
7719.05
6978.45
7056.22
7049.83
6938.75
7123.65
7429.60
9525.83
10955.25
10629.30
10732.98
11054.67
12258.10
10139.50
10007.23
9871.36
9528.62
9046.62
8967.30
8820.18
8473.70
7388.00
6642.00
7165.88
10956.88
11037.47
10047.68
9069.82
8669.97
8621.52
8394.90
9705.94
11443.40
9022.41
7595.58
7647.25
8303.80
7337.78
6646.85
6655.22
6406.88
6363.70
6723.28
6499.62
6380.72
5908.80
5770.32
7835.72
10835.63
10035.48
10323.22
9953.05
9781.00
9854.07
9631.78
10425.49
11089.80
8766.45
8759.03
8725.03
9667.33
7167.78
6998.07
7188.70
7173.37
7325.27
7417.65
7422.52
7156.42
6370.59
5899.30
8187.23
11390.25
9960.51
9337.97
9242.49
9154.13
8848.78
8706.23
9788.55
9801.64
7210.22
6876.45
7173.72
7461.18
5939.91
5716.35
5240.78
5281.43
5411.25
5413.47
5368.70
5221.27
4947.98
4628.48
5918.55
9551.02
9265.31
8850.42
8866.63
9194.41
8818.97
8571.26
9353.38
8612.85
7932.12
7504.77
7300.55
6971.90
4867.78
4916.89
4870.97
6054.09
6467.73
6144.49
6316.67
5517.50
4277.82
4309.50
6798.58
9592.15
9205.02
8356.66
7950.61
7845.85
7883.30
7806.20
7622.55
6272.18
5138.47
5617.76
5687.94
6178.93
6514.62
7750.33
7376.16
7490.62
7475.72
7475.48
7386.30
7048.06
6932.18
6575.47
6110.57
5388.78
4920.83
5004.88
5020.58
5036.55
5061.00
5257.98
5655.20
6131.32
7514.22
8075.75
8405.55
8438.58
8700.22
8929.10
8537.80
8893.07
9513.53
9202.15
8506.38
8589.58
8083.05
7245.40
7362.86
7749.47
7176.48
7142.87
7105.65
7103.38
7507.17
7714.83
9511.82
11591.05
11402.63
11616.05
12496.83
12067.15
9221.62
9182.01
9296.47
9361.25
9031.38
9100.69
9301.95
8058.03
7714.35
6837.53
8287.49
11711.85
10703.68
9682.12
9361.12
9783.77
9939.35
10482.48
11652.13
12229.10
9404.86
10525.36
9239.24
10187.95
8951.90
8608.33
7966.97
8382.35
8225.78
8403.48
8563.95
7273.89
6796.16
6711.85
8677.79
12057.25
10861.40
11147.88
11156.95
11137.98
11394.85
11624.58
12679.77
13562.97
13333.08
12334.55
11580.92
10731.38
9077.26
8847.28
8630.72
8428.05
8575.93
8969.85
9069.39
8669.47
7686.55
6947.63
9449.08
12333.90
11231.30
10922.68
10640.35
10665.10
11070.92
11542.88
12617.55
13233.70
12198.18
11752.58
11612.90
11975.42
9364.86
9060.62
9032.42
9082.82
9177.65
9163.31
9208.48
9099.60
8321.08
8154.62
9155.53
12675.58
11528.67
11881.00
11261.92
11226.55
11334.45
11449.50
13351.20
14414.13
12954.10
11675.67
11517.45
11552.60
10077.03
9117.28
9219.03
9212.44
9198.72
9259.44
9272.11
9746.02
8785.37
8632.75
10286.39
12980.13
11751.35
11461.75
10899.25
10667.02
10459.55
10591.67
10303.90
10096.25
9076.58
10266.99
9578.57
9819.20
10040.58
10536.75
10496.97
10292.90
9848.34
8794.77
9255.94
9407.42
8726.17
8308.78
7909.85
7026.63
6525.50
6324.16
6187.25
6070.48
5527.10
5617.80
5576.13
6023.22
8570.90
8501.83
8618.59
9060.48
9612.95
10354.36
11180.33
11247.10
11355.90
9784.17
9382.42
9285.90
8801.73
8351.28
8472.60
7662.58
6679.23
6857.23
7283.83
7277.50
7308.12
7661.60
9714.63
10843.98
10648.35
10655.17
10264.08
10526.90
8257.80
8676.18
8752.58
8850.83
8803.38
8872.62
8821.26
8678.95
8360.75
7875.30
9566.92
12527.38
11300.60
11005.20
11356.60
11733.98
11775.85
11648.28
12524.43
12204.90
10519.59
11210.42
11276.70
10887.25
8715.37
8717.23
9025.83
8986.99
9439.80
9428.23
9374.40
9487.60
8838.68
8209.61
9811.48
12774.65
11911.83
11824.02
11552.30
11516.00
11414.30
11470.90
12673.67
13089.33
11262.32
11021.02
10655.17
11084.42
8595.39
8634.85
7978.62
8072.10
8047.60
8254.81
8044.72
6578.63
6563.33
6834.26
9184.16
13721.17
12106.85
11619.90
11512.30
11695.78
11951.20
11966.10
13233.97
14767.08
11203.72
13324.15
12366.20
11899.30
9694.82
9666.70
9783.92
9567.13
9405.45
9905.97
9773.90
9625.30
8748.62
7828.87
8599.35
12542.85
12132.80
11803.20
11746.65
11716.42
11898.25
12124.35
12966.77
13856.27
12478.85
12004.10
12034.25
12063.88
8825.10
8701.90
8547.57
8375.23
8290.97
8376.21
8589.20
8609.89
8329.67
8025.64
9203.36
13304.05
12293.52
12093.82
11839.80
11844.98
11451.42
11413.20
11885.58
11309.53
9413.47
9453.88
9790.89
11161.45
10925.92
11963.55
11405.00
11044.88
10736.10
10720.55
10895.50
10642.88
10341.67
10000.77
9531.65
9192.57
8483.42
7867.67
6867.84
6868.28
6686.98
6534.85
6730.25
7312.93
8521.55
9754.97
9990.29
10045.73
10324.28
11909.40
10808.10
10285.63
10512.80
10810.38
10828.73
10518.60
10242.95
9896.05
9653.98
9219.05
8745.47
8483.03
8433.47
8290.90
8573.47
8875.10
10226.49
11595.28
10986.38
11797.60
11365.38
11666.77
9628.83
10172.72
10587.17
10029.44
10529.70
10693.25
10123.40
9184.25
8290.65
6680.35
9099.51
13317.70
12018.15
11553.02
11022.00
10887.85
11249.10
11601.90
12697.17
13063.48
12812.83
11102.35
10815.45
10503.46
8261.82
8357.68
8191.75
8130.98
7935.35
8421.60
8780.83
8452.38
8020.08
7577.23
10240.61
12419.42
12036.95
11835.88
11455.22
11322.63
11313.35
11413.63
12629.65
13448.42
12692.20
11458.65
11482.28
11734.92
9586.20
9543.65
9633.72
9916.00
9440.00
8969.22
8445.50
7875.40
7606.02
7351.46
8592.59
12766.28
11875.23
11409.30
10634.95
10494.45
10724.30
10586.23
11525.80
9698.49
10518.47
10500.30
11000.45
11151.75
9198.03
8663.55
8153.23
8549.57
8443.60
8040.40
8131.13
7993.50
7652.29
7515.60
8574.01
12079.53
12373.88
11546.02
10893.20
10518.15
9784.84
9403.65
11530.15
13112.35
11989.35
11334.10
10414.88
10124.29
7933.02
7924.08
8064.28
7766.73
7696.75
7818.71
7814.30
7554.25
7331.10
6832.97
8054.18
9884.92
9210.90
8829.75
9058.32
8863.03
8670.12
6944.31
6216.67
6713.58
8121.50
8986.08
8874.22
8889.40
9204.57
9974.86
9862.56
9779.71
10186.35
10929.18
10831.65
10321.00
9241.22
9056.07
8415.05
7812.45
7690.86
6956.27
5666.25
5290.65
6448.93
7053.43
6710.62
6832.55
7829.24
9579.96
9363.11
9050.15
9599.07
10895.85
10381.45
10559.45
10427.52
10459.55
9534.29
9810.39
9734.91
9087.75
10516.83
10882.05
9706.38
8230.20
8080.21
8185.20
8492.53
8557.08
7714.05
7493.94
8370.85
8682.20
7868.62
7726.87
6362.30
6600.30
6806.23
6964.97
7131.15
7035.90
7330.45
6782.27
6209.35
4739.43
6244.03
9675.64
9500.08
9547.48
8620.37
8164.72
8162.44
7852.75
8177.45
8305.03
6627.76
6965.10
7421.11
7908.38
6273.57
6239.45
6339.58
6339.32
6296.93
6408.15
6680.67
6523.70
5983.72
5426.03
6619.72
10284.13
9574.10
9060.19
9098.00
9150.28
8962.62
8791.95
9232.60
8100.83
6855.95
7714.75
7834.70
8247.55
6262.55
6741.72
6725.52
6854.30
6974.40
7045.00
6968.65
6962.60
6340.20
5726.70
7665.00
11219.20
10007.46
8838.60
8730.35
8486.72
8439.75
8432.32
8655.92
8803.88
6929.57
7702.49
8379.67
8829.80
7438.48
7522.38
7397.77
6605.75
6452.85
6422.25
6645.20
7296.22
6288.24
6462.85
7144.30
10177.75
9763.86
9168.23
8917.14
8926.48
9101.60
9353.97
9657.89
8581.79
7012.85
7194.00
7505.68
7747.39
6060.22
6362.47
6423.43
6597.47
7375.32
8362.82
9110.85
9092.67
8432.35
8158.35
8275.72
10714.95
11366.60
11502.98
11113.65
10563.10
10282.73
10072.58
10452.73
10336.17
9383.12
10215.88
10209.25
10603.65
10832.95
9912.42
9348.80
9611.38
10059.31
8867.89
8871.73
8940.09
8728.15
7572.58
7416.73
6164.77
5512.48
5371.45
5040.43
4973.47
4934.92
4969.53
5026.47
5687.60
6258.19
6534.05
6712.10
6971.73
5339.87
4534.92
4658.69
4901.80
4890.95
5509.94
9217.68
7922.33
7352.42
7203.44
9874.60
10124.63
9752.88
9454.99
7773.93
6857.88
5520.65
5646.00
6474.30
7460.75
6560.88
6765.90
8183.75
8237.88
7245.45
7525.05
6856.45
6618.88
6513.38
6581.65
6943.83
6750.93
6192.87
5748.25
7670.12
10647.98
9781.86
9252.13
9362.50
8867.48
9046.90
9083.52
9897.09
8016.68
7203.57
7049.95
7626.27
7907.50
7255.52
6473.28
6676.35
6413.11
6470.20
7621.18
8436.44
7916.53
7233.59
6740.60
8290.41
10861.77
10229.22
10354.90
9699.72
9261.67
9707.72
9115.13
9789.97
10081.62
7908.97
7563.23
8292.70
8799.63
7805.35
8125.30
8212.36
8279.75
8386.63
8286.53
8329.91
7987.78
7367.90
5733.47
7506.16
10165.63
10573.15
10287.72
9515.75
8949.48
8822.61
9304.93
10022.37
9551.65
7557.23
8046.90
10567.79
12255.28
9754.72
9708.43
9725.73
9970.53
9844.82
9996.08
9698.69
8341.47
8304.97
7386.05
7735.15
11609.00
11832.42
12184.55
12180.60
12155.98
11929.08
11709.52
12854.17
14154.02
11430.80
11429.13
11221.02
11636.53
8731.90
8671.91
8774.61
9163.68
9476.69
9221.22
9134.72
8700.26
8686.90
8591.37
9088.92
10983.70
11223.75
11070.35
10943.73
10364.13
8358.17
8491.40
8365.32
7476.35
9241.83
9894.33
10691.59
13476.42
13004.25
12745.00
12765.72
13072.10
13406.65
13149.00
11813.60
11507.80
10317.70
10151.92
9878.02
8607.63
8012.98
8261.07
8276.05
8231.20
8216.33
8249.22
8575.55
8880.48
9820.43
11372.80
11440.28
11738.55
12542.90
12357.50
11830.90
12639.25
13596.55
12527.50
10717.94
11552.08
9998.51
13084.30
13446.62
12678.10
11173.92
9400.29
9647.29
10141.36
10904.68
11759.33
12489.82
13198.25
13778.55
13659.52
14386.20
14104.48
11603.80
11736.10
11633.05
10688.85
10324.13
10387.63
9983.83
9075.87
8671.07
7734.22
9867.26
12591.35
12313.58
12121.60
11783.32
11617.85
11849.83
12407.93
13453.95
13763.60
11108.50
11584.92
13094.33
13352.03
11228.52
11542.42
11642.03
11779.25
11334.05
11613.73
11855.13
10091.92
8608.47
8294.35
10045.74
12987.00
12401.75
12264.07
12282.30
11941.15
11903.02
12091.27
12989.50
14180.38
11251.65
11259.38
12745.05
12922.70
10775.40
11356.38
11095.15
11403.05
11854.92
10926.35
10673.92
10677.72
10258.42
9138.62
9742.41
14175.95
13248.32
12874.55
12710.17
12677.27
12253.20
12243.63
12598.67
13089.48
11550.08
13476.30
12847.73
12231.17
10507.08
10600.83
10886.05
11179.38
10981.73
10333.58
9525.58
9417.33
9281.45
9054.35
8851.20
12233.65
11989.88
11543.77
11136.23
10530.60
10651.13
10948.32
11948.03
13321.38
12183.10
11708.63
12400.80
12467.72
11127.92
11095.50
10057.50
10055.41
9553.37
9570.04
9200.35
8652.05
8035.87
7475.38
8247.07
10361.33
9997.39
9500.39
8762.12
8294.70
8054.78
6521.80
6889.18
8072.07
9977.42
10411.05
10502.45
10504.80
10485.27
10689.15
10298.88
10167.24
10479.97
10782.78
10654.48
9932.61
9322.02
8602.53
8408.08
7910.00
7926.07
7400.57
6821.11
6522.09
6739.32
6845.20
6956.72
8004.09
8719.15
9094.38
9363.91
10367.95
11038.23
10420.88
10196.79
10310.75
11069.85
11569.35
10659.01
7942.59
9050.46
10935.88
11278.15
11079.92
10684.17
9877.90
8680.24
6935.80
6754.05
6680.18
6849.52
7180.32
7694.22
8229.58
8026.02
8120.38
7158.25
6928.76
5913.82
5997.18
5769.23
6131.34
6188.80
5980.11
5726.30
5219.60
8762.05
11763.38
11309.17
10867.55
10936.85
10886.40
10850.05
11355.48
12869.05
13248.73
10502.17
11895.63
12308.67
13255.48
10535.22
10757.38
10855.40
10819.95
10938.92
11065.40
11085.40
9916.02
9286.45
8338.43
9825.67
12478.13
12018.80
11533.07
11239.63
11380.50
11254.00
11064.80
12364.23
13477.45
11597.70
13359.05
13938.55
13439.47
11876.80
11862.75
11798.68
11227.63
10650.73
10166.30
9735.50
8321.60
7367.99
7210.94
9347.69
13440.20
12456.65
11999.35
11991.70
11723.65
12067.25
12311.65
13532.15
14369.85
12617.58
12064.10
12541.55
12868.05
11053.47
10601.35
9855.33
9793.43
9066.03
8288.78
8156.06
8252.85
8086.65
7705.89
8124.78
12316.40
11873.55
11385.23
11700.03
11969.52
12113.27
12184.15
13101.47
13474.70
11150.80
10934.13
11202.02
12348.95
9877.84
10497.40
10396.33
10014.59
9699.12
9328.77
8200.39
7070.76
6731.36
6767.57
8917.25
12054.33
11386.60
10673.92
10111.28
9751.26
7509.23
7489.93
8307.43
9336.24
11711.10
10970.52
11471.85
12652.20
11891.80
12083.08
12195.77
12162.40
11937.13
11647.55
11269.33
9526.65
8553.10
8169.02
7742.82
7765.85
7057.03
7059.28
7007.00
6831.72
6683.92
6742.45
6934.85
7649.73
8582.01
9142.02
10182.38
10369.98
10437.13
10895.05
10687.90
10847.80
11266.13
10986.13
9887.80
9112.70
10189.87
11613.70
11518.70
11034.25
10703.13
10493.65
8404.59
6353.33
6045.72
6475.27
7420.55
8655.20
8746.36
9610.24
11195.83
11109.35
9389.53
9207.06
9386.87
7936.40
7665.63
7684.22
7817.31
7545.69
6355.67
5756.13
8519.34
11314.48
11646.90
11848.83
11718.42
11624.67
11532.65
11580.55
12620.20
13613.20
13173.13
12319.00
12172.58
12600.35
10328.08
10161.63
9670.11
9482.23
8976.69
7939.09
7496.55
6951.60
6390.13
6812.25
8005.99
11126.45
11657.02
10924.10
9362.93
7642.13
7467.51
7836.62
9919.73
9713.83
6590.45
8203.48
8884.74
10195.89
9154.66
8263.03
7567.57
7578.17
7648.42
7364.51
6299.29
5917.76
5395.23
5196.37
6033.20
9845.33
8904.24
8664.51
8453.15
8411.60
8249.65
8393.62
8778.62
9080.50
7894.92
7329.23
7414.18
7855.78
7327.22
7097.58
6477.24
5863.95
5922.12
5730.02
6288.95
5907.86
4937.35
4586.65
5945.86
8509.22
8245.97
7867.42
7512.05
7330.37
6072.97
6464.55
7250.42
7768.85
6215.12
5747.30
6449.59
7540.02
6616.23
6693.89
6232.38
6086.63
6076.80
6295.44
6003.69
5419.15
5093.09
4905.85
5814.31
8157.64
7728.62
7494.20
6855.30
6742.48
6716.47
7141.13
6241.05
6230.41
7061.72
7864.83
7986.40
8944.39
8984.18
8479.19
8576.15
8675.50
8726.00
8724.49
8720.60
7092.75
6718.63
6618.67
6169.77
5456.25
5131.10
5065.94
4864.57
4820.92
4758.72
4730.57
4897.48
5265.33
6726.84
6305.53
6871.15
7574.16
8588.36
8553.55
8800.84
8673.62
8537.97
8331.02
8092.25
7563.67
8004.67
10675.20
10169.93
9420.74
8699.57
7988.82
7843.37
7712.93
5268.03
6198.13
6899.45
8239.90
7990.90
8262.83
9929.55
11008.05
8018.00
8068.42
8104.70
8472.60
8260.40
8484.06
8608.94
8107.88
6255.93
5252.40
6995.48
9851.75
9503.33
9130.43
8242.72
9281.52
8100.55
8284.17
9686.40
10149.33
7283.53
7712.78
8044.62
8605.48
7440.80
7667.53
7820.72
7842.30
7808.45
7907.65
8817.74
7056.15
5202.53
4626.93
6971.55
10516.00
10092.66
9633.39
9324.18
8973.08
8594.07
9163.53
9855.37
9052.86
7048.10
7735.62
8606.42
9783.93
7141.87
7800.22
8107.67
7710.66
7616.30
6500.87
6010.71
5693.59
5827.00
5852.41
5662.52
8940.48
8598.23
7527.88
7416.40
7675.98
7702.34
7606.60
7907.98
9548.60
8388.53
7079.77
7318.80
8292.27
7187.38
7476.70
6575.57
6081.40
6084.47
6072.13
5989.19
5441.35
4839.12
3777.15
4728.77
7590.83
7565.92
7258.41
6829.88
6045.94
6143.53
6162.58
6485.37
7170.00
7511.12
5449.48
5622.17
6938.47
5269.22
4970.38
5432.30
5560.30
5627.20
5400.98
5213.22
4982.15
4802.98
4647.55
4280.10
5955.67
6919.53
6618.13
6555.17
5307.13
2962.41
3268.57
3173.65
3186.85
3269.66
4053.50
5573.75
4969.80
5099.90
6246.90
5977.99
6006.30
6065.30
5747.71
5511.88
5392.05
4974.61
4656.03
4406.52
4202.25
3738.67
3368.77
3364.50
3314.65
3304.40
3257.55
3167.63
3216.20
3427.13
3798.52
4809.72
4811.60
5177.93
6252.35
6421.33
6581.33
6701.40
6739.45
6646.85
5852.42
5746.93
5536.17
7690.35
8701.40
7958.66
8152.35
9762.48
9217.96
8762.80
9216.86
10882.91
9745.17
10411.30
11262.07
10768.42
11775.30
9038.92
8557.75
9109.85
8418.47
6019.43
5898.09
5727.93
4623.22
4438.50
3511.52
7485.92
9560.70
9370.57
9175.47
8231.93
8346.70
8373.08
8299.26
8502.89
8012.98
6033.27
5698.97
6639.92
6479.17
4562.23
4647.53
4933.08
5031.17
5028.36
4985.01
4838.28
4540.45
4352.92
4038.49
4976.28
9365.41
8476.30
8175.78
8110.33
7818.13
8118.38
8441.10
8699.35
9448.53
7522.40
5652.42
7010.48
7132.25
4719.34
4738.50
4683.58
5186.34
6025.43
6417.86
6721.99
6560.55
6279.42
6095.87
6746.18
10341.45
9604.61
9219.89
9143.63
9035.15
9132.57
9600.43
9811.62
8539.67
7003.50
7304.83
8199.82
8389.10
6334.91
6134.13
6137.20
6331.64
6343.70
6208.03
5955.73
5482.55
5203.53
5191.25
5526.58
9808.64
9434.40
9205.02
9183.85
9249.28
9310.28
9177.67
9508.83
8908.09
6075.53
7067.70
6740.48
6935.00
5536.02
5462.67
5480.22
5472.89
5425.35
5288.02
5044.48
4038.80
3996.62
3940.80
5174.15
7786.45
7464.80
6823.53
6516.47
6386.85
6164.10
3993.72
4473.75
4818.33
4774.15
5204.45
5532.98
6591.75
6705.97
6831.05
6960.93
6813.93
6845.45
6866.68
6556.16
5665.13
5792.60
5695.30
5589.62
5262.55
5002.90
4722.27
4155.67
4163.15
4285.00
4130.25
4059.22
4175.48
4452.36
5639.77
5566.03
5756.19
6100.14
7004.28
6711.00
6571.88
6539.57
6574.48
6508.50
5634.55
5233.08
7638.07
7678.83
7284.14
5694.20
6306.88
3833.03
4681.38
4018.03
3939.64
4660.40
5002.73
4230.55
3468.56
4723.30
4788.60
3937.82
4210.97
4192.77
4183.72
4214.18
4286.38
4084.38
2835.19
2640.92
2454.67
3276.60
3831.36
4675.45
7277.00
6039.23
5699.38
5948.02
6207.96
6155.11
6554.92
5713.83
3439.98
3697.40
3935.39
3025.45
3106.99
3224.77
3327.09
3384.77
3461.44
3506.47
3391.08
3172.73
2985.83
5259.52
6997.82
6599.10
6386.97
5786.48
5731.53
5597.90
5540.12
5533.35
4017.18
3588.89
3583.37
4832.88
5277.23
3773.85
3858.70
3992.17
3185.90
3192.90
3172.28
3131.72
3119.50
2995.33
2793.30
3816.87
5930.15
5694.40
5765.55
5670.32
5645.18
5611.42
5655.98
5597.00
5242.20
3639.91
3577.84
4290.90
5436.28
3733.72
4033.32
4372.50
4607.35
4567.57
4521.02
4385.72
3987.56
3943.07
3869.32
4531.45
7072.88
7350.70
7728.82
7491.77
7230.03
7187.50
7201.33
7173.42
7218.22
5188.83
4997.12
5135.05
6365.67
4397.82
4407.87
4575.20
4622.07
4626.95
4479.09
4190.15
4085.15
3741.50
3538.42
4310.37
6903.60
6839.91
6463.66
5905.52
5350.14
3945.27
3254.93
3238.10
3292.97
3556.72
3448.06
4038.43
4727.66
4854.03
4991.14
5126.78
5095.15
5071.85
5014.59
4615.27
3931.80
3777.27
3555.23
3315.27
3052.28
2823.67
2568.92
2441.87
2420.40
2446.62
2404.15
2192.45
2057.93
2256.78
2778.28
3338.82
3435.50
3767.90
4623.83
4849.63
4785.80
4925.20
5230.69
5171.14
4854.37
5054.05
7830.11
7759.68
7256.42
5907.65
5147.15
2903.16
2990.85
2474.50
2595.26
3311.99
3435.23
3452.65
3718.92
4564.92
4534.42
4057.73
3441.37
3245.49
3336.13
3469.20
3667.43
4146.63
4203.65
3802.50
3475.83
5218.22
7826.70
7752.62
7604.09
7073.83
6857.02
7014.62
6973.90
7313.74
5998.78
4463.00
5004.49
4939.17
5297.23
4731.82
4962.10
3842.78
3605.60
3615.02
3927.35
5132.52
4389.75
3860.33
3811.37
5130.02
7096.42
6920.41
6824.88
6271.17
5916.75
5865.37
5832.62
5709.87
5599.63
4900.38
3121.10
3847.32
4655.80
3206.07
2950.47
3106.72
3157.60
3177.35
3255.42
3441.04
4051.28
3614.93
3359.15
5407.81
7878.02
7702.28
7646.56
6141.23
5660.98
5257.86
5737.28
6119.08
5545.15
3707.82
3510.50
3850.93
4373.47
3228.85
3013.87
3024.72
3069.38
3141.42
3080.97
2953.68
2880.42
2594.68
2338.16
2554.98
4357.87
4954.47
4797.82
4780.00
4752.64
4727.05
4668.57
4553.63
4547.60
2596.00
2370.75
2292.65
2258.70
1914.78
1629.13
1698.52
1798.72
2000.32
2841.02
2810.16
2559.64
2394.75
2212.22
2004.76
2925.12
3793.12
3732.41
3623.70
3605.97
3422.65
2072.50
2161.32
2169.63
2117.17
2319.10
2709.72
3480.52
3410.78
3545.18
3685.03
3717.84
3790.70
3788.39
3756.53
3727.73
3488.14
2488.32
2626.63
2346.00
2168.65
2045.34
1930.10
1894.95
1848.65
1831.63
1847.50
1868.05
1907.27
2086.92
2277.23
2741.63
3400.91
3327.72
3567.70
3756.85
3814.11
3959.55
4038.83
3691.13
3348.70
6114.86
6905.55
6168.44
5859.28
4812.85
4106.38
2259.73
2243.52
2227.10
2337.34
2491.70
2552.95
2588.80
2747.85
3336.33
3010.32
3295.67
3387.70
3320.20
3207.60
3135.93
3209.53
2162.95
1925.92
1865.67
4340.68
8028.62
7203.38
6382.36
5532.21
5858.65
5677.23
5825.01
5746.78
5413.33
2846.55
3062.25
4040.95
3927.89
2230.70
1835.05
1888.18
1804.63
1880.25
2058.95
2012.95
2026.52
1997.10
1914.32
5640.85
6930.06
6416.72
6096.93
6151.52
5953.37
5653.13
5630.09
5657.84
6083.72
3698.05
3280.33
3417.03
3937.05
3055.92
3001.47
3073.40
3132.90
3138.73
3155.46
3153.86
3039.63
2800.75
2560.30
3566.09
5329.25
5327.42
5487.11
5758.75
5895.14
5286.80
5512.22
5694.33
6283.13
5237.93
3342.08
3973.90
4963.92
3205.32
3017.75
3246.78
3341.45
3376.25
3368.38
3382.16
3241.60
2958.95
2684.67
3216.26
5645.75
5541.85
5536.83
5563.65
5595.92
5668.55
5534.55
5521.13
6106.59
4158.05
3217.20
3998.73
3950.25
2806.47
2878.67
2784.05
1805.28
1706.82
2641.66
2832.52
2196.56
1630.90
1593.92
2551.53
3902.85
3876.15
3739.03
3577.51
3502.26
1998.57
1325.05
1381.50
1439.05
1512.53
2025.62
2385.42
2541.63
3441.32
3308.03
3294.40
3279.27
3301.86
3292.40
2698.79
2775.81
2672.02
2442.52
2281.50
2128.35
1813.46
1378.75
1410.59
1371.12
1349.05
1319.18
1296.95
1284.93
1282.66
1516.78
2293.35
2279.73
2361.52
2527.23
2759.68
3762.78
3668.53
3651.15
3619.94
3334.13
3479.30
3582.93
3387.80
5669.25
4896.26
4733.28
4699.32
4748.60
2262.67
1743.13
2364.40
2406.68
2313.32
1524.93
2425.75
2581.50
1936.27
1775.59
1850.05
1823.13
1944.12
2037.95
1983.53
1808.60
1677.32
1572.23
3321.68
6326.85
4715.47
4870.37
4476.23
4208.58
4234.83
4103.07
4780.87
4776.25
2268.80
1922.53
1892.57
1891.45
1992.41
2052.60
2329.82
3393.38
3183.89
3250.03
3257.07
3101.65
2834.32
2529.98
4506.20
6390.87
4571.03
5318.61
4516.32
4752.95
4824.85
4757.70
4069.28
4041.39
2339.92
2217.13
2308.37
2567.68
2579.43
2664.17
2703.52
2734.63
2748.47
2370.08
1866.81
1707.38
1591.82
1551.03
1647.14
6078.23
5583.11
4796.53
4843.87
5007.89
4213.67
3763.16
3866.53
4853.08
3650.23
2732.25
2930.15
2883.78
2955.55
2773.57
1860.30
1938.15
1944.55
1972.75
1994.14
1753.35
1629.65
1559.15
1876.78
3762.93
4397.02
4355.55
4520.50
4477.90
4457.25
4502.63
4466.81
4410.72
2869.58
1647.56
1681.25
1698.40
1768.67
1811.48
1795.95
1722.85
1751.98
1758.21
1683.97
1568.22
1419.28
555.00
1666.82
3882.37
3830.50
3947.62
3719.07
3498.57
3461.55
3409.90
3564.75
3720.45
1743.38
1403.83
2231.13
2406.15
2479.07
2637.25
2769.93
2816.84
2914.23
2937.52
2879.26
2688.20
1904.41
1699.90
2284.02
1988.40
992.98
1264.50
1248.78
1171.82
1109.00
1083.30
1062.55
1072.21
1106.72
1621.87
2254.59
2440.43
2613.70
3569.00
3726.40
3825.60
3791.28
3795.93
3601.00
2925.38
2535.58
2542.43
2501.37
2387.33
2233.83
2254.80
2289.88
1967.34
1563.22
1619.91
2243.95
2295.25
2164.21
1270.90
1302.55
1299.91
1335.85
862.87
681.50
724.17
773.67
773.66
715.17
649.48
582.50
561.70
2171.70
5178.89
4064.17
3731.82
3794.89
3821.20
3790.57
3929.22
3773.68
3223.40
1501.77
795.95
506.75
530.43
552.75
571.87
584.95
602.82
622.92
636.97
619.47
574.12
544.58
528.93
2138.57
4576.75
4417.86
4367.73
4000.65
3983.20
3997.15
3413.91
1340.57
1466.95
1086.70
601.77
484.47
510.52
514.97
535.57
572.53
559.35
578.83
574.13
577.38
546.83
516.93
501.78
729.70
3494.38
3740.92
3714.14
3831.89
3584.27
3190.63
1162.70
1169.68
1077.62
1322.18
636.27
603.92
808.72
710.88
618.07
706.90
758.05
773.35
728.00
694.29
597.77
585.55
568.20
574.15
2676.88
3447.89
3631.07
3673.77
3473.82
3494.00
3499.23
3236.37
2428.77
1209.25
630.32
503.77
532.88
552.85
614.95
654.87
653.88
650.25
662.81
626.02
574.23
528.32
495.10
494.88
1414.21
3721.35
3712.98
3700.13
3652.82
3637.37
3528.27
3434.64
3125.93
1769.83
1145.13
1371.68
2137.90
2552.22
2557.77
2752.95
2937.88
3043.75
3144.76
3056.43
2725.08
2475.89
2414.43
2318.17
2164.68
1232.78
1298.10
1297.18
1248.98
1217.02
1189.45
1174.77
1182.53
1214.80
1325.65
1883.30
2495.95
2414.32
2613.60
2750.60
2947.11
3070.62
3060.38
2956.84
2633.89
2551.10
2542.65
2433.23
2217.55
1217.68
1546.79
1695.14
1644.52
1596.27
1586.28
1602.70
1655.95
1373.18
673.48
570.10
658.38
1724.92
2340.15
3037.65
3821.47
4787.45
4557.80
4378.58
4171.23
3782.27
3749.93
5277.50
7440.90
6667.09
5784.50
5248.15
6135.97
5889.64
4435.65
1983.20
3051.35
3046.22
3314.48
4021.93
5090.97
5226.91
5733.53
6936.33
6669.12
4313.20
3423.49
3390.43
3172.71
3079.20
3080.61
4776.72
6909.24
7371.83
8056.53
8373.90
8424.40
8414.07
8008.46
5654.18
6351.40
6421.31
6082.00
6637.10
7569.49
6520.98
6436.50
6280.37
6190.15
6606.42
6755.13
6758.13
6459.73
5828.27
4598.43
5978.77
9258.60
8865.94
7901.94
8012.14
8017.60
7907.35
7719.78
7743.20
7904.52
6160.00
5874.67
6500.07
7484.17
5793.12
5786.03
6036.68
6195.72
6236.72
6238.09
6246.19
6143.77
5871.35
5535.23
5781.82
8741.10
9216.35
9854.06
9749.54
9121.43
8830.35
8755.27
9125.15
7522.77
6472.56
6548.39
7120.77
7274.27
6529.53
6761.05
6714.19
6878.19
7043.80
6973.28
6925.48
6600.06
5821.58
4649.01
4718.47
7813.02
8594.95
8474.47
8086.57
7722.07
7449.87
7338.93
7000.88
5979.33
3734.30
4408.55
5027.13
5677.35
6832.12
7244.38
7387.70
7489.07
7435.17
7364.77
7200.30
6560.30
5962.13
5938.17
5663.60
5293.73
4781.41
4411.21
3673.95
3696.53
3715.40
3671.25
3690.28
3758.18
3932.43
4486.85
5144.27
5664.82
6862.56
7289.23
7433.23
7806.30
7818.77
7769.81
7405.65
6929.02
6434.47
6071.97
5875.32
5527.72
4490.27
4659.78
4568.05
4410.10
4237.77
3780.78
3966.65
4148.48
4523.56
4055.80
4226.78
3481.38
3285.05
3487.94
3589.05
4147.55
4659.18
4602.31
4487.54
4167.24
4047.55
4088.02
5372.20
7783.53
7648.15
7450.12
7183.87
6992.53
6128.28
6972.61
7099.25
6131.72
4579.02
4470.53
4693.80
5243.75
4110.01
4534.26
4620.08
4600.89
4632.76
4607.13
4452.25
4154.44
3775.55
3479.68
4079.15
6024.61
6057.50
6251.47
5982.65
5827.34
5792.30
5745.78
5704.73
5606.30
4903.22
3267.03
3595.68
4020.95
2856.16
3356.57
3498.72
3581.98
3650.02
3663.14
3600.61
3506.52
3293.60
3040.03
4539.23
6732.40
6425.14
6082.90
6018.10
5839.50
5795.48
5741.85
5644.73
3067.35
2946.72
3318.20
3506.73
3786.41
3891.43
4113.27
3993.18
3713.38
3909.41
3923.95
3465.47
3313.30
3140.55
2885.30
2788.96
6211.35
6445.78
6426.75
6477.88
6535.55
6551.17
6535.10
6469.05
3922.75
3151.85
3714.36
3773.40
4277.31
4440.40
4435.50
4047.67
3407.52
3576.01
3652.13
3554.64
3398.25
3284.82
3076.02
2844.14
6753.13
6587.89
6465.19
6319.25
6581.13
6478.91
6269.92
6366.88
6525.28
2956.85
3728.98
4424.69
4497.48
4779.97
5463.61
6115.97
5801.97
5653.50
5413.58
4552.25
4546.63
4362.63
4173.67
3665.37
3861.65
3685.57
3094.27
3090.15
3078.53
3060.63
2975.90
2969.40
2948.72
2578.30
2534.27
3708.46
4194.52
4806.37
6438.57
5929.80
6089.77
6318.02
6316.94
6091.74
5496.93
5212.98
5078.00
4881.90
4365.59
3682.63
3343.83
3509.58
3356.69
3176.35
3657.68
3607.73
3757.47
3857.93
3860.80
4049.13
4562.93
4482.34
4591.12
4570.52
4455.87
4466.78
4498.60
4406.02
4237.35
4022.13
3774.72
5401.43
7287.43
6585.50
6435.75
6249.45
6204.57
6217.50
6154.98
5987.77
4814.03
3602.93
3551.98
3562.16
3767.18
3791.57
3072.10
3047.77
2801.95
2107.50
2486.35
1574.76
1647.35
1664.54
1663.40
4149.52
6994.85
7377.13
7589.05
7485.18
7503.61
7191.40
7259.90
7161.78
6224.60
5329.19
5178.55
5205.73
5389.47
3372.64
3349.77
3396.49
3378.37
3262.22
3235.10
3100.30
2918.54
2563.03
2331.15
2064.99
4703.87
5012.33
5068.40
5876.72
5710.47
5311.78
5000.03
5475.22
4373.53
3163.10
2978.82
2881.17
2627.05
1287.95
714.78
744.40
879.37
1610.98
1635.80
1546.32
1477.78
1390.12
1342.72
1861.84
5552.13
4976.70
4682.67
5518.46
5432.64
5491.00
5498.34
4898.26
3853.88
2497.28
1608.72
1682.52
1698.08
1722.93
1802.68
1734.48
1745.57
1775.82
1787.31
1727.52
1657.58
1630.33
1594.68
2798.56
5220.25
5305.32
5188.38
5164.43
5101.23
5035.05
4880.74
3358.41
2065.77
2039.28
1732.15
2531.98
3224.98
3217.85
3328.40
3500.03
3659.45
3848.17
3872.50
3769.13
3539.80
3356.02
3194.01
3027.60
2864.78
2269.88
2193.28
2142.05
2145.74
2119.43
2113.97
2097.86
2171.00
2209.41
2241.98
2380.00
2682.57
3537.38
3443.72
3569.22
4576.75
4650.40
3857.67
3694.71
3597.43
3370.70
3370.62
2726.40
2275.78
2332.43
2673.55
2692.52
2768.34
2684.59
2650.27
2160.68
2510.95
2511.80
2297.41
2235.87
1714.18
857.83
772.53
808.88
660.10
635.27
586.09
567.53
581.93
533.52
519.50
1187.35
5054.98
3889.05
4060.02
4055.35
3943.65
3946.33
3934.77
2932.23
2900.53
1590.12
665.18
495.38
638.97
629.53
613.18
621.03
613.70
624.22
620.77
600.67
616.73
559.45
504.53
491.75
470.78
450.55
864.20
992.67
1002.98
1534.46
1706.22
1682.55
1663.67
1580.73
1057.87
504.65
618.13
627.13
622.67
615.58
621.03
1526.15
1588.86
1550.87
1513.97
1468.72
1378.40
1395.60
2535.90
4258.45
4387.45
4345.72
4360.10
4343.15
4195.20
4140.28
4061.88
2030.32
905.18
623.08
640.10
659.28
631.52
638.80
640.57
637.07
634.32
632.70
613.40
636.30
1407.92
2099.63
4098.25
3944.50
4152.18
4282.13
4282.82
4339.51
3095.15
1564.02
1253.75
1065.62
660.10
487.08
480.87
485.32
539.68
573.47
595.03
590.02
586.31
581.00
567.27
525.00
485.95
474.93
1040.82
2666.51
2607.95
2626.55
2730.28
1553.50
1284.55
1269.97
1272.33
1274.98
1277.92
1282.17
1299.10
1364.22
1407.64
1461.17
1483.35
1491.78
1543.53
1528.00
1472.57
1393.60
1339.93
1322.90
1278.97
1269.77
1259.53
1247.84
1250.30
1253.55
865.45
857.22
997.87
987.60
993.05
572.48
1120.23
1366.67
1386.08
1464.00
1545.40
1541.95
1517.40
1584.20
1551.10
1465.87
1409.52
1310.90
1223.53
1170.93
1481.98
1280.35
1016.53
1065.68
1051.57
1038.48
1050.67
1066.05
658.17
564.70
601.30
652.70
681.92
602.53
610.82
628.27
629.61
613.77
669.82
601.05
594.55
1371.00
4042.59
3967.72
4166.35
3888.75
3252.80
3289.28
3319.74
2564.35
1355.63
1065.68
645.32
501.73
576.55
586.62
644.35
687.75
658.40
660.97
645.35
624.66
596.27
600.15
589.15
3380.45
4740.78
4236.47
4326.03
4107.25
3360.47
3334.88
2212.45
1063.37
873.12
537.90
551.82
574.72
636.03
647.98
712.15
731.03
775.45
821.33
762.64
751.61
1546.08
1652.18
1553.78
2225.38
3230.73
4338.83
4665.25
4699.15
4663.82
4567.77
4362.15
4414.47
4519.52
4426.80
1857.50
581.00
663.37
705.03
690.17
682.53
724.90
705.83
679.79
639.55
593.50
581.07
586.45
699.95
3907.28
4358.72
4448.07
4415.97
4398.23
4452.63
4281.57
4335.65
4513.62
4015.86
776.72
605.52
656.00
608.83
643.95
640.42
677.10
691.73
678.05
655.52
606.68
613.72
715.70
689.32
2959.50
4430.09
4196.22
4100.01
3996.18
3859.50
3815.28
3906.45
3966.47
4101.13
2355.60
1349.07
1491.82
1717.72
2391.83
2262.63
2285.38
2334.90
2282.27
2156.25
1652.32
1747.68
1780.96
1707.72
1564.40
1470.75
1393.08
1346.66
1323.82
1333.38
1317.17
1315.73
1352.37
1389.98
1403.31
1436.25
1523.57
1682.81
1574.92
1626.67
1706.00
1701.87
1686.44
1656.19
1621.28
1597.23
1495.92
1559.63
1553.82
1429.45
1740.04
1822.25
1809.93
1892.17
1834.22
1892.75
1956.76
1213.73
722.62
545.65
549.17
571.58
590.23
575.83
605.90
597.33
539.18
544.39
547.87
526.03
516.70
509.62
3208.42
4125.47
4344.13
3886.45
3527.32
3512.86
4290.25
3828.00
3047.77
1047.93
646.13
478.00
532.07
562.70
591.18
603.42
610.40
616.83
607.67
586.70
572.95
525.22
522.60
520.40
481.60
466.42
848.90
1077.45
1097.82
1089.03
1096.77
1074.55
1088.37
1660.65
1390.60
1258.87
1451.85
1104.87
1450.07
2507.95
2428.63
2258.24
2190.62
1388.35
1426.60
1365.78
1314.27
1357.10
1276.50
1208.48
1499.85
1568.18
1564.50
1134.83
1263.37
1736.17
1747.05
1773.18
1404.23
751.45
1377.41
1404.66
1426.07
1566.05
2279.20
2561.77
2426.60
1466.85
1442.45
1365.05
1396.25
1354.77
1298.95
1043.37
1377.25
1532.35
1547.98
1518.38
1498.03
1527.85
1556.16
1704.00
1013.95
779.30
1307.40
1280.80
1340.60
1440.83
1593.82
2598.24
2337.45
1559.12
1347.25
1296.19
1232.59
1283.01
1169.87
1081.72
1023.95
1010.04
984.50
1027.78
1027.52
1029.40
1014.08
862.63
669.28
874.03
1227.91
1196.87
1287.91
1414.00
1499.13
1578.27
1569.58
1581.96
1445.32
1358.07
1299.05
1204.38
1157.72
1088.55
1107.93
1076.29
1040.73
1005.43
992.10
1029.43
1034.00
1040.43
1060.37
1098.95
1175.90
846.90
1380.62
1335.93
1372.40
1365.93
1354.79
1309.06
1263.00
1182.04
1137.70
1147.42
732.32
450.42
954.18
1645.65
1526.12
1028.88
1006.65
1027.43
1334.22
1703.73
863.43
844.37
1255.00
1153.15
1153.09
1211.95
1162.13
1181.10
1185.58
1173.82
1128.47
828.00
638.10
1239.90
997.50
636.65
443.88
448.15
465.67
481.50
481.57
592.58
1036.13
673.32
582.27
589.43
980.10
1069.05
1001.78
1029.50
1062.33
1096.97
1119.57
1097.02
1089.98
1478.82
2413.32
2556.08
2653.72
1892.00
1698.93
1985.13
2007.95
2697.40
2502.92
2404.76
1829.72
1671.62
1421.21
2074.67
1947.22
1519.33
1331.53
1362.16
1420.65
1487.35
1488.85
1379.37
1289.04
1209.16
1143.25
2832.62
3667.26
3676.96
3678.68
3177.13
3082.37
2999.85
2990.50
2949.72
2439.07
564.42
458.22
480.35
500.90
591.70
624.03
658.58
622.92
584.53
598.13
637.23
617.55
589.83
542.32
517.80
2020.38
2228.33
2539.78
2669.33
2663.76
2574.65
2572.47
2658.90
1131.00
1025.73
645.80
471.70
493.78
594.58
624.90
656.55
619.68
545.15
568.23
568.38
541.20
736.22
1107.32
997.97
1284.35
1942.65
1966.55
1935.33
1943.27
1909.38
1872.82
1637.75
945.47
939.35
964.43
970.62
1048.25
1164.18
1356.27
1483.28
1558.20
1588.00
1635.05
1598.25
1503.97
1456.05
1378.05
1379.48
1276.00
1171.52
1132.73
1098.09
1027.37
1019.27
1024.77
1034.77
1025.10
1047.77
1028.09
1041.70
1119.97
1262.70
1452.70
2031.42
1859.37
1827.13
1774.31
1711.34
1463.88
1216.10
1182.91
1161.22
896.38
1313.77
1439.98
1315.91
1732.91
1264.55
1959.28
1257.48
1196.25
1120.52
752.68
793.73
593.67
663.48
613.85
581.33
588.62
581.60
603.81
623.85
633.93
654.63
577.82
673.77
2452.85
4042.95
3741.49
3798.68
3843.98
3158.80
2486.89
1241.38
478.45
497.15
497.00
485.42
489.97
489.75
482.73
488.53
479.73
507.75
503.39
502.35
502.22
501.98
490.93
494.67
489.85
1275.63
3288.95
3262.78
3280.05
2859.87
1112.25
1006.65
1009.73
1004.70
622.05
458.40
449.42
454.72
462.50
472.37
542.85
568.33
576.72
557.29
557.47
464.88
449.63
457.72
459.97
2120.90
2846.85
2809.75
2690.75
2243.25
1833.87
456.47
451.57
491.72
508.65
533.43
578.97
648.67
634.20
609.93
598.03
610.18
596.30
629.40
649.35
508.53
502.48
675.18
1842.97
1876.82
2237.03
2385.07
2377.27
2383.78
1423.98
1134.55
1160.70
1155.66
682.00
455.02
472.27
474.97
493.85
491.13
504.57
507.70
510.52
511.17
509.20
509.47
502.87
506.55
473.90
473.42
465.87
472.05
469.30
470.33
476.70
479.37
475.68
480.78
474.98
476.85
483.30
478.65
459.18
470.78
472.00
460.47
473.84
476.86
479.63
468.32
470.08
477.55
446.65
449.45
445.87
459.98
441.12
444.45
467.50
467.00
471.40
471.82
488.42
512.00
475.10
463.13
511.60
469.00
468.52
468.87
469.46
464.63
1094.15
1032.92
1098.93
1736.36
2835.15
2176.67
2484.73
2648.27
2729.23
2692.98
2692.80
2662.55
2670.50
2365.05
1042.10
476.92
503.30
521.22
530.72
539.15
518.48
539.22
532.73
528.12
536.63
529.65
543.23
544.82
510.70
520.18
513.45
525.40
500.92
518.78
822.62
2239.83
2046.57
1796.12
507.55
516.17
522.90
536.47
316.35
0.00
0.00
687.29
1725.09
600.25
554.53
520.08
491.08
502.73
490.97
485.00
