95.96
97.27
96.54
97.67
97.69
105.85
118.34
111.41
109.42
110.80
122.98
127.68
116.70
123.38
110.67
112.55
99.17
91.82
94.40
86.38
84.22
86.14
89.98
91.05
93.78
96.08
98.13
102.62
103.76
133.68
197.79
177.80
192.65
196.26
207.65
211.95
192.34
198.76
192.86
179.18
123.43
132.99
122.39
95.96
90.91
91.37
91.82
95.80
97.13
98.61
104.05
104.20
104.60
134.26
195.95
180.23
189.60
202.59
206.00
208.40
199.14
198.22
187.85
175.80
157.51
124.33
114.46
87.87
76.87
74.89
77.55
79.74
81.88
85.13
86.44
88.82
89.96
117.69
181.86
166.32
175.10
190.58
186.38
188.66
186.16
183.86
181.56
176.37
149.83
114.82
105.08
81.04
75.96
71.93
73.41
76.09
74.77
75.93
76.38
77.68
75.91
79.20
82.80
80.54
78.72
84.81
88.37
89.88
91.20
84.99
77.87
72.50
69.91
70.96
72.64
71.89
71.66
71.42
72.14
71.93
72.73
72.50
72.96
74.33
73.56
75.30
75.75
75.35
74.90
75.23
75.96
78.18
74.59
89.01
75.69
79.73
70.37
71.19
74.39
73.13
73.75
75.98
75.43
76.87
82.17
80.97
83.07
83.71
84.76
118.48
190.73
154.73
174.13
190.90
193.79
189.74
189.24
188.36
184.89
172.67
152.59
124.49
110.14
100.26
99.29
94.26
83.02
76.19
73.23
74.95
77.26
77.99
77.50
101.96
162.38
142.48
164.14
177.84
185.28
190.23
190.65
189.45
189.21
177.21
158.40
127.56
108.72
85.50
77.82
75.50
74.51
73.58
74.25
72.93
73.37
74.41
74.55
95.06
137.79
128.91
149.40
172.09
168.12
163.70
162.93
178.22
187.59
176.68
149.60
119.60
105.08
83.70
76.86
74.97
74.83
74.57
73.01
74.79
75.87
73.46
74.16
88.10
122.23
116.78
139.52
151.14
85.52
164.22
167.94
166.51
162.14
154.57
135.13
114.56
102.17
83.22
81.54
79.27
78.34
73.13
72.34
74.47
73.93
73.42
74.09
93.33
135.51
136.81
154.85
166.64
176.96
175.40
172.12
171.01
169.07
157.59
142.50
109.91
99.79
80.68
73.89
72.01
71.74
72.74
72.81
73.11
73.62
72.82
73.66
74.02
74.47
75.40
75.98
88.37
93.52
103.25
103.73
100.41
93.28
87.01
70.95
68.80
70.70
70.47
70.73
71.07
72.63
72.95
73.54
73.68
73.72
73.50
73.78
74.24
73.89
75.64
74.09
74.78
96.72
94.67
89.82
107.32
100.06
87.87
79.10
68.79
70.39
70.64
71.77
71.52
73.28
73.92
74.61
73.82
75.01
73.92
75.14
96.67
145.42
132.24
146.01
153.23
174.30
179.73
189.71
193.44
181.27
158.85
140.69
117.26
104.24
95.72
92.05
89.35
78.40
73.78
72.76
74.31
73.60
74.93
75.49
87.48
119.33
119.47
138.81
155.11
166.62
170.08
165.27
158.44
150.92
154.50
138.81
119.27
106.14
87.08
80.39
78.59
73.91
72.88
72.35
75.18
72.96
73.48
74.01
91.69
134.61
127.36
147.88
165.99
175.35
178.61
185.12
188.93
178.50
175.88
153.41
116.21
102.41
81.82
74.03
72.97
72.18
71.14
71.60
71.84
71.03
71.16
72.17
89.26
127.70
122.76
143.04
162.53
174.91
187.07
186.51
183.75
183.16
167.32
148.11
117.17
104.54
81.92
77.96
76.82
74.18
74.97
75.51
74.85
74.46
73.90
73.07
84.50
116.59
109.89
129.23
148.35
169.05
173.02
173.85
177.28
172.71
163.59
146.00
113.28
105.57
83.62
74.58
71.80
71.40
70.42
70.70
71.04
70.98
70.19
71.73
70.45
70.95
70.14
72.07
85.20
94.56
100.77
104.83
102.28
99.18
91.70
81.78
72.56
74.22
75.04
71.56
70.26
71.06
70.23
69.71
72.24
70.24
70.22
70.97
70.86
71.22
73.28
73.35
82.55
94.03
98.48
97.32
93.35
91.17
84.92
76.17
67.38
69.82
69.37
68.54
69.92
69.62
69.62
70.09
70.87
70.68
70.45
70.22
79.74
94.87
83.94
81.62
86.90
103.82
111.82
113.76
111.71
105.67
101.62
91.33
76.05
77.92
79.28
79.40
81.37
73.29
70.32
71.53
70.96
72.57
72.56
74.00
103.99
163.25
152.67
168.73
177.17
191.33
197.48
196.75
189.92
183.88
175.31
148.63
117.19
101.15
82.36
75.61
74.04
72.02
70.70
71.76
72.30
73.86
76.88
77.92
103.42
163.99
152.74
165.72
186.78
193.98
198.95
199.31
197.84
191.21
182.46
155.31
118.02
100.36
83.65
76.02
75.53
76.07
75.83
75.51
77.23
77.17
77.62
78.70
99.72
157.51
149.37
163.99
182.27
191.06
198.10
199.98
204.98
200.45
185.47
161.02
131.23
109.76
86.87
79.21
76.59
77.48
77.04
78.00
76.44
77.06
77.55
77.43
92.01
137.38
134.25
154.10
168.17
177.77
186.29
182.34
184.00
188.77
170.25
150.02
121.11
107.16
84.09
75.82
74.78
74.08
73.12
74.50
73.36
73.35
73.32
73.83
73.70
73.16
74.01
70.70
89.86
99.52
104.63
106.22
107.15
102.81
95.46
86.63
72.10
73.45
73.08
72.56
74.36
72.25
72.39
73.11
72.68
72.73
73.57
72.72
72.92
72.25
73.35
74.81
84.06
90.45
102.57
104.73
101.29
97.42
94.11
86.42
71.73
73.46
74.79
73.71
73.47
74.63
73.86
73.89
74.54
73.83
74.53
74.35
91.67
133.12
131.99
152.71
171.41
181.04
186.10
194.39
195.33
192.02
178.98
154.54
124.79
108.18
97.90
94.05
89.87
81.55
75.01
74.80
75.17
76.50
74.97
73.72
87.92
117.01
119.40
140.90
162.97
172.23
177.45
175.80
173.63
171.12
175.14
236.14
124.22
103.78
84.52
82.18
78.98
77.91
78.09
76.77
77.44
78.38
77.64
75.05
85.97
112.10
113.30
130.47
148.23
168.26
174.83
188.10
193.60
187.65
172.77
161.73
126.00
103.39
84.92
79.76
78.50
76.41
78.98
77.57
76.93
77.41
76.21
73.77
85.08
108.89
109.56
131.49
159.50
168.48
169.19
165.17
190.28
186.24
163.90
159.25
126.54
106.77
86.29
81.28
79.25
79.51
78.76
78.74
77.63
77.96
78.28
75.41
83.94
106.87
110.43
122.87
154.12
161.72
171.21
181.70
183.68
184.60
171.23
152.84
129.77
107.74
86.59
77.64
76.41
76.15
73.76
75.60
74.81
74.77
74.16
74.05
74.80
74.91
73.93
71.76
74.03
75.80
87.16
91.90
103.84
88.00
94.51
84.88
75.01
76.31
75.19
75.69
75.35
76.15
74.57
74.93
75.66
75.65
74.55
75.77
74.31
74.02
76.25
73.19
74.74
76.79
75.31
80.53
80.77
78.65
79.79
75.75
73.96
73.81
74.89
75.10
76.19
75.25
75.09
75.99
76.35
75.22
76.69
76.83
93.39
130.80
121.67
133.41
156.56
164.29
164.77
169.07
172.75
165.89
163.53
144.31
122.17
103.69
95.45
98.03
96.61
86.51
79.82
79.96
82.06
82.45
79.96
76.95
94.73
130.71
121.52
139.48
167.07
171.95
179.54
186.28
168.55
169.07
183.80
162.80
124.28
105.70
87.34
83.15
81.84
82.58
80.82
79.45
80.53
79.68
80.81
78.34
96.40
139.26
140.66
161.19
185.45
193.94
198.09
206.27
208.06
200.77
187.99
165.85
128.57
110.32
87.94
82.26
79.66
79.33
79.16
79.52
82.41
82.56
82.21
80.13
107.01
170.91
157.12
176.38
192.64
196.03
197.97
207.11
209.00
205.50
193.28
167.54
127.34
109.98
90.96
87.57
83.96
83.26
83.59
83.89
84.35
86.27
86.14
83.15
105.47
155.30
147.26
161.20
177.17
188.44
187.54
188.84
190.61
190.02
176.08
149.14
121.69
103.22
84.25
79.04
76.37
75.18
75.80
75.04
76.03
75.97
77.51
78.55
76.53
76.68
76.21
77.15
84.24
87.00
87.93
86.15
81.35
81.67
81.65
76.80
71.83
73.99
73.79
73.77
74.57
74.23
75.05
77.15
78.06
77.91
77.22
78.64
80.63
82.59
81.83
87.96
97.15
108.28
113.38
108.85
112.65
106.52
100.48
89.97
77.28
73.29
74.27
74.65
74.22
74.98
75.64
76.89
76.41
76.83
78.09
78.08
104.50
163.11
140.02
159.02
184.79
188.46
192.63
200.17
195.92
191.42
180.86
159.42
120.00
102.25
95.73
98.62
97.97
84.04
78.18
80.78
80.24
82.51
81.95
80.06
102.99
157.74
150.42
166.97
180.29
192.55
193.13
200.00
204.40
198.79
178.13
161.05
128.09
103.50
85.20
81.01
80.07
78.29
79.04
77.26
78.30
78.64
77.87
76.66
93.69
130.34
127.92
147.61
162.32
171.37
185.99
173.63
163.22
163.64
154.45
146.18
129.27
105.65
89.16
84.45
86.87
84.30
82.62
81.90
80.71
80.15
79.79
78.51
89.60
117.20
117.15
134.96
145.80
145.92
156.39
148.99
151.65
153.22
148.51
135.84
123.46
108.12
89.01
84.33
83.34
82.39
82.98
81.29
81.22
81.30
81.00
39.59
72.32
124.36
119.46
133.66
154.91
167.21
180.14
176.72
166.27
173.73
174.32
141.21
116.07
103.99
83.14
77.35
75.95
75.85
74.73
75.50
73.70
74.58
73.72
73.73
73.59
73.81
73.74
74.26
90.17
102.14
113.01
96.74
96.01
99.21
105.80
89.92
79.18
74.14
74.77
73.89
73.71
74.08
74.45
73.69
74.54
75.84
76.18
75.26
76.85
75.93
75.32
77.68
92.53
104.11
101.55
80.39
93.28
84.82
92.75
90.73
76.74
74.29
74.23
75.19
74.64
74.55
75.13
75.50
75.65
75.98
75.41
77.06
102.05
160.20
138.27
155.37
171.45
167.15
163.26
177.57
160.56
183.01
170.89
150.26
122.69
107.71
102.45
106.95
106.35
88.53
81.15
81.66
82.48
82.30
82.32
79.74
107.49
167.83
160.50
177.46
189.28
198.11
209.93
205.64
195.09
194.59
187.89
165.47
129.47
112.93
90.20
86.09
83.81
82.47
82.85
83.70
84.20
85.08
84.91
84.76
111.87
171.65
161.57
180.47
193.31
181.77
213.42
216.87
206.18
199.87
199.41
178.09
135.08
112.85
91.62
87.01
84.89
84.16
82.90
80.45
82.27
81.89
82.36
80.83
99.13
138.22
136.25
157.35
165.96
171.66
184.65
187.78
163.91
163.95
156.39
145.46
131.36
122.27
91.66
83.46
85.00
84.43
87.22
91.01
89.92
92.40
91.17
89.57
117.23
173.20
155.66
160.55
172.48
174.99
183.54
172.93
161.83
173.81
159.78
144.59
130.47
119.93
90.47
81.99
83.13
85.62
84.94
88.08
88.96
90.18
94.34
94.13
95.44
95.76
96.02
101.26
115.35
124.30
126.87
126.88
125.26
118.71
109.40
96.72
81.43
75.94
77.78
77.05
77.72
78.53
79.55
79.80
80.46
81.79
81.84
83.03
84.09
85.76
84.80
92.41
103.81
113.40
117.03
112.84
112.97
111.17
102.96
94.95
79.86
74.41
77.61
76.67
77.69
77.09
78.85
78.95
80.63
79.89
79.71
81.76
109.27
166.29
144.90
166.46
178.38
189.42
198.93
199.77
199.00
204.16
185.81
166.43
127.04
108.37
98.32
98.14
95.49
85.59
81.68
81.71
81.42
82.44
82.03
79.01
96.21
131.65
130.23
159.13
181.74
200.37
213.85
211.37
206.43
195.16
181.40
161.21
122.55
109.34
87.92
84.69
81.75
81.83
81.20
79.79
81.51
79.97
80.65
81.42
88.94
112.44
118.59
136.68
155.91
167.90
191.88
196.86
199.84
204.99
200.09
182.84
146.18
118.49
91.29
85.11
81.39
81.58
80.00
81.34
79.76
80.66
81.91
78.93
90.24
115.98
120.15
150.44
174.72
193.81
206.23
202.02
214.11
208.69
200.65
181.03
144.78
115.92
91.63
85.48
83.29
81.29
81.00
80.96
82.41
80.62
81.72
79.76
91.29
112.33
113.65
129.77
151.00
163.17
186.93
183.85
189.12
197.24
191.11
173.49
137.93
122.16
91.56
83.45
79.03
77.86
77.84
78.79
77.66
77.75
77.94
77.52
77.70
77.29
76.38
78.40
85.14
103.12
88.28
83.90
88.46
108.74
99.26
93.22
81.52
76.96
81.04
79.58
78.71
78.90
77.98
78.67
78.36
79.52
77.39
78.06
78.24
78.01
77.19
86.20
98.26
108.00
112.64
116.45
116.77
114.97
115.58
104.96
89.95
82.13
84.63
81.86
81.52
78.46
78.21
77.86
77.82
78.36
77.92
77.88
95.37
124.78
121.76
143.21
171.00
188.20
206.61
213.04
215.39
208.16
198.50
184.89
145.60
118.10
108.33
103.08
103.14
88.65
82.82
83.28
85.15
83.52
84.21
81.24
92.68
113.04
117.13
144.25
172.85
190.68
207.74
214.53
219.50
216.00
212.35
198.20
158.59
123.87
94.39
86.55
84.24
81.53
82.85
79.51
80.70
80.69
80.20
78.22
93.62
122.55
118.57
137.79
167.17
184.88
207.09
190.37
211.24
208.76
214.48
202.31
161.35
128.52
95.12
87.58
83.25
82.18
81.95
81.02
81.92
79.75
80.06
79.16
93.61
121.36
116.49
137.53
159.55
177.39
187.27
190.45
191.43
194.80
187.44
171.33
139.56
115.47
90.74
85.13
83.61
82.02
81.99
82.18
81.87
82.58
82.34
81.24
95.70
125.96
118.53
127.04
144.59
156.45
173.88
185.07
159.08
191.98
187.06
167.03
133.87
111.47
87.55
81.33
76.95
76.99
77.67
77.78
77.17
77.47
77.86
77.37
77.67
77.83
76.01
87.66
99.19
109.26
113.51
116.59
111.67
102.97
95.54
85.79
77.19
74.82
76.79
76.39
76.95
75.94
76.43
77.89
76.60
76.58
77.03
77.10
78.66
77.76
77.46
86.45
99.66
107.60
115.28
115.63
117.57
113.43
105.42
93.46
81.55
77.78
77.50
79.19
76.95
77.20
76.41
75.54
77.01
76.71
75.49
78.10
94.35
133.31
128.98
148.28
175.71
191.97
198.91
177.90
164.04
159.25
155.48
146.23
121.68
109.08
106.84
110.03
110.46
91.06
89.07
92.21
91.00
89.39
87.12
87.06
95.36
140.12
133.90
146.46
156.56
164.56
168.15
162.80
166.67
185.84
177.82
157.34
132.58
111.83
96.47
97.16
88.15
90.45
90.16
86.76
86.08
86.80
85.37
82.49
103.48
147.96
141.10
154.90
190.35
201.93
207.10
214.43
197.86
200.25
190.03
171.55
139.84
109.33
91.04
93.21
89.33
90.42
91.48
96.31
95.15
96.85
94.40
94.11
115.44
151.34
137.08
159.66
176.55
187.04
201.67
199.66
199.86
191.65
191.21
176.44
146.69
118.44
100.02
103.52
97.91
99.48
99.89
98.71
99.24
100.19
99.99
93.46
102.65
131.77
125.64
147.78
170.12
179.78
194.41
201.28
196.90
201.39
182.60
165.45
142.12
125.03
101.76
92.69
91.71
88.63
89.13
87.22
89.69
89.69
88.12
87.60
88.87
89.53
87.48
98.84
115.02
124.39
135.07
131.61
127.26
127.63
121.62
115.75
105.51
95.42
97.47
96.33
96.41
94.07
92.99
90.14
86.88
88.22
86.66
87.86
86.96
85.45
86.56
101.03
109.76
119.74
124.12
123.25
123.90
120.25
117.85
110.37
98.27
84.52
87.53
88.25
87.58
87.64
86.14
84.95
86.31
85.50
85.07
84.92
101.03
135.03
136.23
162.06
189.25
206.69
219.14
230.88
229.96
242.47
229.56
209.68
179.93
148.24
136.42
136.18
125.51
102.95
89.44
90.50
91.13
89.14
90.97
87.83
101.74
133.43
133.48
162.04
201.49
217.40
225.76
239.66
246.33
245.94
233.03
221.03
181.82
155.17
111.19
96.90
92.42
89.45
91.52
89.66
89.16
86.96
88.13
86.88
102.04
131.80
132.89
152.50
178.89
187.14
208.11
221.23
230.38
237.47
219.06
191.58
157.90
135.07
100.43
91.26
89.84
89.26
89.87
87.21
88.11
86.85
86.78
85.31
98.05
131.03
131.56
151.15
173.58
200.69
204.49
208.39
202.77
197.25
179.92
158.84
136.74
122.02
96.62
90.21
88.32
89.43
87.32
86.08
87.86
87.75
88.57
86.22
101.11
127.33
126.82
147.36
174.90
185.77
193.03
193.67
200.60
196.25
193.92
173.87
146.38
124.89
96.20
85.63
85.51
84.48
81.46
81.71
82.84
82.80
82.23
82.55
82.21
81.26
81.68
94.42
102.47
110.55
121.00
123.48
123.28
122.86
114.32
102.38
93.81
84.49
86.08
84.18
83.97
83.54
83.42
83.13
82.63
82.55
82.53
83.07
82.24
83.78
82.28
95.91
107.54
114.89
120.97
123.77
123.53
125.18
119.84
108.92
97.02
85.48
86.05
83.10
84.98
80.75
81.22
79.93
78.13
81.58
78.88
79.79
99.79
130.74
129.91
155.32
192.88
210.92
223.41
231.59
235.06
240.43
226.64
207.65
176.05
148.13
133.19
125.94
120.41
97.73
88.92
88.77
87.88
89.39
88.32
86.03
97.97
125.72
128.26
146.21
178.30
202.87
218.02
229.89
239.31
234.52
220.08
205.73
171.97
142.36
104.12
94.37
93.20
89.63
90.38
87.54
86.50
88.30
85.58
84.11
98.36
130.19
130.15
150.35
181.26
189.97
197.60
210.31
212.15
219.04
198.04
179.00
155.35
129.86
101.97
95.35
95.41
92.70
90.44
87.34
88.95
89.26
87.71
85.96
96.93
121.95
132.15
161.04
188.79
205.22
217.35
228.12
242.52
246.39
231.28
210.34
169.24
135.13
98.14
90.48
89.75
86.21
64.59
41.39
85.24
83.80
83.62
79.88
93.78
113.33
116.38
149.47
176.04
192.50
210.06
218.95
220.59
221.07
211.13
184.94
151.64
130.51
94.60
85.65
81.10
81.64
78.72
79.70
78.82
77.03
73.96
76.50
78.20
77.15
76.41
85.11
104.19
115.05
118.14
121.33
125.59
124.42
121.05
110.58
98.43
87.03
84.65
83.88
81.16
76.42
75.97
76.01
75.62
75.21
75.01
75.65
73.96
73.27
74.28
88.75
101.14
109.91
117.33
122.55
125.69
124.34
121.91
111.55
98.60
83.63
86.30
82.86
79.61
78.08
77.11
77.04
75.41
75.49
75.48
74.26
93.32
124.54
124.23
155.28
172.30
175.54
207.19
222.89
234.71
237.27
225.76
208.52
174.84
141.36
117.34
115.12
113.63
92.19
82.42
82.49
84.41
88.12
88.02
81.69
93.90
120.97
125.34
160.03
190.23
216.91
233.13
241.72
247.41
251.84
247.26
222.27
184.77
141.40
104.46
96.10
90.68
89.34
85.78
82.67
85.71
83.51
81.34
82.07
97.44
125.46
133.65
167.17
203.14
214.11
222.99
230.93
231.71
231.19
234.35
207.36
161.66
128.78
99.43
94.01
87.44
84.06
84.92
83.82
85.28
81.27
84.95
79.55
95.95
117.65
122.27
155.05
176.95
201.88
216.56
221.03
217.55
226.75
216.68
205.92
174.13
139.15
102.60
93.00
91.84
91.12
86.18
86.80
87.13
85.57
83.06
83.76
97.89
114.00
133.60
156.64
191.40
196.39
213.15
215.89
222.43
228.93
219.27
197.56
168.30
140.89
103.59
94.37
89.71
87.58
85.92
86.98
81.27
86.39
81.58
84.78
80.63
80.90
75.99
86.38
108.01
117.23
125.20
126.47
134.65
125.10
114.79
113.05
96.34
91.15
89.47
85.24
84.82
84.21
83.37
80.30
80.28
78.44
77.89
77.76
78.12
76.43
79.05
94.89
106.40
116.21
122.41
131.38
139.41
140.10
130.60
126.54
113.05
98.15
97.95
91.79
91.19
90.48
86.84
83.90
82.79
82.51
81.91
81.31
103.17
134.04
138.16
173.49
211.75
232.98
241.43
257.19
269.91
273.62
264.32
247.21
197.22
159.70
146.24
135.88
120.74
94.46
87.54
89.04
88.34
90.55
91.28
88.29
100.28
126.63
132.82
169.82
206.97
236.19
245.08
268.49
259.94
256.24
260.67
240.16
190.50
152.55
109.81
102.20
94.81
94.43
92.36
88.85
88.84
89.24
84.22
83.86
98.68
123.49
131.50
171.65
196.70
209.66
221.00
219.67
218.49
217.94
220.33
198.14
155.40
118.58
95.67
90.98
86.96
82.89
84.25
83.92
82.30
82.63
81.61
81.59
91.68
111.18
124.11
156.93
184.18
200.06
213.30
172.98
214.95
219.08
210.70
187.34
151.87
119.80
97.37
93.66
89.99
88.44
86.27
86.09
87.39
86.97
86.10
82.28
93.93
117.12
116.16
141.02
177.76
198.62
198.77
212.23
202.27
184.57
195.07
168.22
130.70
112.47
90.76
83.03
79.22
82.21
77.93
78.37
81.15
78.80
79.23
78.78
77.79
77.01
82.24
101.61
112.89
116.72
122.30
123.10
123.80
124.62
121.51
111.37
98.61
86.67
85.38
83.71
80.36
80.00
77.21
78.38
76.84
77.89
77.57
77.26
75.98
75.60
82.15
98.19
108.43
116.18
119.21
126.10
130.45
133.30
127.76
120.40
104.76
95.05
91.38
88.41
85.71
84.08
82.31
81.33
80.69
80.31
79.83
78.80
95.94
129.18
132.76
170.29
211.10
235.39
236.32
231.98
239.90
234.28
238.49
220.19
175.14
143.97
129.93
123.29
117.40
95.98
90.46
92.10
89.23
88.48
88.97
85.47
97.66
122.95
140.88
175.77
203.11
221.43
237.92
233.05
234.48
220.63
210.53
178.89
136.94
115.26
95.10
89.55
90.22
87.39
85.46
83.86
83.40
84.61
84.27
80.66
94.19
115.47
125.35
152.96
191.39
204.09
213.64
215.51
218.42
225.84
220.06
197.26
160.64
135.72
100.52
92.40
89.11
86.69
85.67
84.05
83.26
85.71
83.19
80.72
95.28
127.35
143.62
183.42
209.62
227.34
236.34
245.01
251.74
248.62
249.85
222.75
184.77
152.25
105.73
93.01
91.04
89.34
87.91
87.69
87.86
85.30
86.04
82.78
99.12
131.43
145.66
177.55
213.52
227.63
236.51
247.13
254.78
258.69
259.30
234.62
196.95
166.91
109.66
95.49
90.33
94.88
94.95
90.42
88.27
88.49
86.73
86.04
83.86
83.17
88.24
103.74
118.22
131.20
137.66
144.60
149.57
150.07
146.74
140.01
121.87
110.64
106.45
103.14
98.11
97.52
95.01
89.29
87.15
87.38
85.50
85.57
84.35
82.50
90.51
105.07
118.17
128.06
134.12
139.96
145.35
145.80
142.32
134.94
120.32
102.32
100.59
96.09
93.68
89.07
86.21
84.35
83.58
82.68
82.26
82.02
106.82
144.22
150.71
185.71
224.85
234.62
245.50
252.71
258.36
259.40
252.54
228.21
181.89
155.36
135.09
128.71
118.59
96.82
90.68
89.26
88.03
89.17
87.43
82.88
98.22
128.35
143.53
184.15
213.81
225.47
235.75
257.27
231.37
230.84
211.18
196.94
166.32
141.36
104.26
95.31
94.73
93.10
88.58
87.56
88.57
87.50
86.81
84.67
99.35
128.79
141.95
180.39
213.52
225.57
247.19
255.51
256.10
258.11
260.08
238.35
194.07
168.12
109.00
95.12
94.29
92.68
92.83
92.01
92.90
90.55
90.40
87.00
106.31
141.32
153.09
190.88
223.12
245.07
259.20
269.38
269.70
281.36
275.59
247.15
217.58
181.42
117.79
102.79
97.08
92.58
92.79
86.53
91.26
89.87
89.44
87.06
107.49
146.78
156.62
190.75
216.88
241.16
257.55
266.15
270.13
281.19
274.61
255.46
218.46
186.42
126.75
109.39
105.86
101.34
96.87
97.44
96.02
96.56
94.79
92.73
91.03
89.57
98.09
113.17
127.69
142.18
144.69
152.41
159.61
161.06
160.60
151.15
136.86
120.11
113.47
109.78
103.71
102.57
100.72
97.04
95.38
93.31
92.93
90.53
89.88
87.59
98.94
112.20
125.80
135.12
146.44
152.69
159.03
160.84
161.12
156.28
137.00
122.65
114.83
112.74
109.39
106.15
106.25
103.80
99.73
98.67
98.16
97.13
129.02
172.71
167.87
195.27
212.04
219.71
232.44
209.94
207.81
211.05
226.33
223.12
181.84
155.01
134.45
127.07
123.78
99.89
93.62
92.81
92.39
92.50
90.92
90.00
103.00
133.50
147.91
184.22
214.54
228.68
239.48
239.78
238.15
238.66
244.44
218.77
178.08
150.24
109.51
102.87
100.77
96.74
97.29
95.46
94.66
93.91
92.63
93.71
107.62
129.63
141.12
182.13
215.69
230.13
243.48
243.24
259.07
261.79
252.38
226.44
191.42
156.52
110.40
99.12
95.80
96.93
95.65
93.57
92.72
92.07
91.23
88.95
102.23
131.44
143.07
181.23
203.26
209.58
221.58
230.99
227.11
231.56
225.42
209.86
176.13
139.07
105.05
97.09
95.58
94.05
91.42
92.52
91.38
90.44
90.20
86.78
101.71
117.91
132.97
164.91
192.68
219.36
229.47
239.48
246.94
256.76
245.61
227.34
187.32
154.07
114.81
96.36
93.78
92.31
91.57
91.14
87.25
89.01
86.28
86.14
82.79
82.21
92.37
104.15
117.91
126.69
133.95
140.12
143.00
145.73
145.46
141.32
126.88
111.67
103.60
98.67
97.05
93.47
93.93
92.20
90.01
90.60
87.80
87.86
86.91
84.83
96.16
110.96
122.30
131.90
138.21
147.69
150.72
153.51
144.20
131.07
119.43
106.14
101.72
100.59
97.06
94.25
93.60
91.59
89.54
87.26
88.18
88.88
107.80
143.12
145.11
174.93
199.87
212.99
221.93
219.33
233.22
245.78
249.02
225.28
187.51
162.71
134.69
128.21
126.22
102.35
91.62
90.72
92.93
91.88
93.18
88.40
100.36
122.97
134.45
154.41
179.84
218.20
235.58
230.89
234.24
241.89
227.97
213.75
174.22
139.45
105.42
99.76
95.29
94.51
92.33
90.45
92.71
90.54
90.00
88.36
101.08
121.55
126.68
148.10
188.25
217.27
227.66
238.84
242.93
253.02
241.13
215.31
163.11
133.23
103.92
97.99
94.48
92.49
90.30
90.27
90.07
89.97
89.14
86.87
99.23
121.70
138.13
179.58
203.02
221.78
238.75
243.39
245.13
248.33
233.71
213.40
177.12
152.62
109.98
100.27
96.52
96.39
92.87
94.81
95.67
94.52
91.39
89.39
103.85
125.87
137.79
169.41
150.22
203.94
215.70
215.65
220.79
231.19
216.12
210.09
167.50
142.11
105.55
95.57
90.41
91.46
90.13
90.96
90.46
88.15
87.72
86.41
85.29
81.45
94.09
107.03
117.29
127.15
130.37
133.55
137.70
139.93
136.14
127.96
119.54
96.43
95.52
93.12
91.33
91.38
90.88
90.62
88.64
88.33
87.43
88.17
89.71
86.39
91.68
105.66
109.52
109.74
131.42
135.44
134.13
131.62
108.54
102.64
107.50
99.89
92.67
95.57
90.54
88.75
90.52
87.54
87.45
87.12
85.32
87.31
106.96
140.92
154.65
189.83
220.38
233.52
247.29
254.80
262.51
268.80
259.28
245.41
203.55
171.85
146.77
135.92
137.53
106.73
93.59
100.42
99.85
95.78
96.67
96.83
106.98
131.66
155.82
199.16
226.15
257.94
267.47
275.50
292.23
291.11
284.68
265.87
217.17
184.77
129.73
114.52
107.55
106.06
103.63
102.22
101.72
100.26
98.87
95.97
113.48
149.09
163.75
209.55
245.78
268.06
286.43
284.10
293.82
293.03
293.24
262.49
218.78
184.42
125.81
110.92
108.87
104.26
102.18
100.83
100.10
97.52
96.59
95.65
112.28
142.94
146.13
186.22
214.75
237.76
252.23
260.33
267.29
279.11
272.47
238.94
199.50
167.09
118.17
103.89
98.61
99.35
98.01
97.29
95.24
92.96
92.33
87.94
102.28
125.71
140.10
169.55
200.69
216.40
223.63
222.95
226.63
232.07
228.51
201.95
167.92
140.17
102.76
93.08
89.46
89.95
87.12
86.32
85.89
85.73
83.56
84.59
82.63
80.11
91.66
105.53
117.32
126.47
130.63
133.66
139.23
137.66
137.79
123.96
113.27
98.35
93.99
91.90
92.15
89.46
89.74
87.32
88.27
88.06
86.04
85.52
85.27
83.71
87.87
95.85
107.79
102.08
110.63
117.70
118.45
114.78
107.55
104.96
97.57
90.76
90.49
90.50
87.97
88.10
88.51
87.29
87.37
86.96
86.25
84.41
101.15
126.65
136.78
162.14
201.63
208.46
210.21
220.34
235.25
234.80
226.19
196.51
159.28
126.59
116.10
112.24
109.42
97.46
88.25
88.68
90.19
88.47
87.35
86.22
94.33
112.96
133.01
172.23
204.95
227.55
235.23
239.57
242.85
240.81
241.23
218.42
179.35
140.82
102.26
97.90
91.76
92.15
88.86
88.81
90.05
88.18
88.74
86.61
99.03
124.35
127.33
171.58
201.59
208.33
220.01
230.93
234.28
218.06
202.60
180.66
151.60
129.03
100.41
93.83
90.34
89.99
88.16
89.36
88.81
87.05
87.83
84.66
96.12
114.10
134.23
161.16
183.39
179.49
201.00
206.36
202.28
208.53
196.25
189.12
163.21
135.44
101.44
94.81
94.32
95.22
91.31
90.91
90.99
90.19
88.22
88.12
97.79
116.06
137.17
170.28
193.60
218.50
223.20
227.12
228.20
232.90
224.77
209.53
178.07
152.82
107.60
92.41
90.48
90.60
88.86
88.90
88.43
87.69
86.82
87.35
86.44
84.15
96.61
109.62
117.92
128.09
134.59
142.32
148.48
149.01
146.93
138.88
126.36
111.37
103.13
100.30
99.45
94.31
93.44
91.18
90.39
90.68
91.06
87.29
87.77
86.71
99.00
105.43
119.00
131.29
135.11
143.33
146.96
144.20
140.37
132.89
119.69
105.28
98.32
97.85
96.97
97.05
91.88
95.93
93.88
95.45
92.33
90.04
93.39
93.50
94.18
107.92
125.50
129.74
143.66
146.53
150.17
155.51
148.54
135.58
123.17
110.49
102.49
99.51
100.48
93.48
92.76
92.13
94.61
91.54
90.16
88.25
104.62
134.31
148.25
180.12
209.18
231.64
241.34
248.01
256.10
257.14
249.71
227.84
190.60
165.06
114.10
101.52
99.85
99.03
94.55
94.93
95.18
93.35
91.34
92.39
104.16
133.64
151.49
190.71
218.50
241.36
251.98
260.77
264.50
276.43
262.82
246.80
206.07
173.37
119.84
104.39
100.08
92.25
96.11
95.32
96.28
94.58
94.12
91.60
110.93
143.00
158.92
201.85
228.05
251.56
268.70
274.65
280.51
292.74
288.54
256.81
221.23
187.15
126.67
115.00
106.70
106.60
104.27
103.82
102.91
104.73
100.69
100.28
116.27
148.30
160.97
197.38
223.08
243.55
254.40
262.49
266.59
278.23
272.40
248.04
212.77
181.89
122.53
104.82
100.93
100.84
98.71
95.95
98.09
96.07
95.74
93.46
95.08
92.70
103.61
117.91
128.40
137.31
150.38
153.94
161.92
159.22
158.17
151.26
138.07
126.63
115.11
114.54
109.43
106.71
105.45
101.31
102.82
104.13
98.17
97.66
97.70
98.71
109.12
124.32
134.26
143.62
154.95
151.72
163.71
160.84
154.99
155.11
141.73
127.26
117.88
112.40
110.56
108.81
105.99
105.80
101.63
100.14
103.97
100.92
124.37
167.44
180.21
217.39
247.95
262.79
268.54
280.21
287.45
295.85
285.01
274.73
229.08
196.44
170.55
157.49
147.41
111.67
98.40
100.26
99.56
99.22
99.83
96.59
116.71
154.12
170.15
212.07
236.58
266.03
280.32
284.94
291.80
292.77
292.76
270.53
220.96
186.49
122.73
108.58
105.77
102.91
101.41
100.22
99.17
100.11
96.55
95.18
119.94
162.24
180.15
212.11
240.18
265.05
288.40
294.00
275.54
287.50
282.30
254.89
217.35
187.33
114.82
100.37
99.18
97.33
96.63
93.76
94.49
91.09
90.70
87.83
113.27
162.09
166.22
199.49
239.34
252.73
275.70
290.35
296.14
308.84
296.81
278.30
241.01
200.29
120.74
102.49
101.14
98.03
96.15
94.80
95.77
94.33
95.54
90.31
120.22
171.55
168.75
194.56
226.99
253.15
257.10
263.24
273.81
282.17
273.88
253.77
225.06
189.72
118.46
96.89
98.01
93.36
92.08
88.30
89.07
87.86
87.24
85.44
84.30
85.75
93.88
108.24
126.11
134.76
141.93
149.86
154.79
153.51
157.14
147.35
138.18
122.62
114.17
108.82
103.23
95.78
92.40
92.84
90.67
88.85
88.40
86.76
85.97
83.80
96.43
112.01
120.39
133.39
141.51
151.64
165.34
164.78
170.10
159.53
149.27
138.15
125.77
117.06
112.28
103.87
102.85
97.67
97.56
92.37
92.46
90.38
126.46
187.97
191.89
223.01
254.15
280.86
289.15
295.58
310.47
321.27
315.86
298.45
266.55
232.23
213.87
193.49
180.62
118.97
98.88
98.90
100.88
99.59
100.09
96.53
131.36
205.76
209.96
238.32
273.36
289.44
310.05
315.63
321.48
339.43
336.88
308.29
254.85
224.10
134.44
109.83
107.30
94.76
102.37
101.66
100.75
99.49
97.55
94.66
128.33
192.00
194.36
216.54
261.72
281.52
309.90
327.04
337.60
341.55
341.46
325.72
273.58
240.71
145.47
114.26
110.84
109.41
106.15
102.37
101.27
99.79
98.85
93.92
128.31
194.36
176.95
215.08
259.01
290.70
301.48
291.15
292.45
284.06
301.42
267.96
242.31
209.07
123.07
99.72
97.10
94.60
92.97
89.55
87.55
87.01
86.15
85.33
108.59
161.36
168.30
204.64
228.99
254.87
270.98
271.36
279.24
286.73
278.32
268.32
238.79
210.05
119.79
95.51
95.54
92.51
91.53
90.44
88.13
87.94
86.27
86.44
85.74
84.88
98.96
114.81
130.31
139.68
150.98
155.51
158.23
164.04
162.41
156.74
144.10
133.08
121.73
116.36
108.91
101.55
103.22
97.55
96.85
94.50
92.58
90.16
90.75
88.63
100.90
114.82
128.59
143.29
153.33
158.99
168.36
168.10
169.05
160.37
151.33
134.28
128.04
118.60
112.74
108.48
104.82
98.08
99.79
96.70
94.52
92.51
127.72
188.70
188.50
219.70
264.42
276.86
288.10
299.95
313.81
312.97
305.27
277.05
246.02
207.68
181.76
169.93
159.81
110.70
93.53
93.63
96.82
93.18
95.23
91.12
116.34
169.35
180.04
212.62
242.77
262.78
289.25
296.97
300.25
304.27
298.39
281.89
242.11
201.73
119.02
105.30
104.89
102.90
98.55
95.22
96.28
93.57
92.39
92.22
114.97
160.81
165.92
200.20
136.04
0.00
0.00
0.00
0.00
0.00
0.00
0.00
0.00
0.00
0.00
0.00
0.00
0.00
0.00
0.00
0.00
0.00
0.00
0.00
0.00
0.00
0.00
0.00
193.39
251.35
270.02
280.61
276.30
287.35
288.36
269.56
234.75
205.08
121.60
105.28
102.04
98.85
95.95
92.28
92.42
88.98
89.72
85.47
109.76
157.15
158.02
193.03
223.71
244.43
257.85
260.22
283.11
286.82
278.00
253.49
226.40
194.82
117.15
100.58
98.65
97.53
95.92
93.56
90.51
90.92
86.68
88.70
86.52
87.40
98.74
112.15
126.39
137.13
145.13
151.37
157.70
157.47
157.44
149.97
137.72
123.52
112.03
109.67
103.92
100.26
96.94
94.27
91.45
93.45
92.87
87.56
88.40
86.04
97.77
114.25
124.57
137.96
143.11
154.90
155.59
158.69
159.60
150.47
139.66
123.79
115.49
109.86
101.53
99.65
96.27
89.89
92.25
92.30
84.30
88.66
113.74
174.03
169.86
203.14
247.55
268.05
286.19
289.26
296.12
304.50
302.01
287.75
250.26
214.58
181.38
171.61
153.44
102.63
87.28
89.16
89.81
89.11
86.66
84.54
108.70
153.05
162.99
206.25
239.11
268.25
289.03
297.93
302.00
301.19
295.64
279.56
243.12
204.53
122.33
102.26
102.09
98.83
98.53
95.76
93.66
94.02
92.38
91.33
117.51
168.11
174.20
212.26
244.95
263.54
270.44
282.65
290.23
299.92
304.46
287.94
248.72
207.16
123.98
101.40
102.17
102.28
98.20
96.17
96.23
91.07
90.48
90.57
119.39
168.55
175.49
215.51
243.07
273.81
283.31
284.00
307.04
309.80
304.87
284.37
243.67
207.78
125.94
104.54
104.44
100.00
98.97
95.23
95.71
93.72
92.21
14.28
0.00
0.00
0.00
0.00
0.00
0.00
0.00
0.00
0.00
166.20
304.81
283.74
244.17
210.19
128.37
104.72
101.62
99.32
99.80
98.46
95.91
91.45
93.60
90.93
92.59
90.03
98.78
110.47
134.23
137.37
152.68
162.87
176.18
164.08
165.35
169.64
160.76
143.39
129.47
126.16
124.96
117.98
113.49
112.77
109.77
108.46
105.24
104.80
101.65
98.73
109.30
132.79
140.67
156.70
166.00
186.20
175.28
176.65
180.68
173.54
164.24
151.96
139.95
138.49
136.48
121.11
116.30
115.35
112.81
110.15
106.77
106.89
146.84
227.98
223.56
254.21
296.54
315.78
324.04
328.25
345.36
357.28
349.75
327.55
294.33
251.60
219.08
204.90
189.95
122.63
103.70
106.11
106.73
105.58
104.92
99.16
130.30
189.83
193.17
234.70
268.80
289.59
310.87
324.77
332.75
341.36
337.29
301.79
259.84
221.73
133.67
112.82
113.04
108.11
107.09
104.62
101.52
99.50
98.35
97.03
126.76
181.02
181.45
226.69
258.42
272.21
294.52
306.40
307.16
317.34
309.74
300.16
262.53
225.56
134.69
110.99
108.69
105.55
104.19
102.26
100.41
94.28
96.31
93.16
97.38
107.32
113.77
127.69
141.87
153.37
170.83
178.21
184.11
193.48
193.65
184.95
172.33
159.76
127.47
115.47
111.67
111.32
107.05
103.36
103.22
97.93
96.35
95.52
123.26
170.80
165.40
196.42
220.77
240.05
255.39
255.39
264.87
267.64
267.98
253.98
224.53
196.49
121.27
104.52
102.61
100.35
98.76
102.49
98.83
95.66
94.88
93.79
93.11
88.99
98.67
117.77
134.12
141.70
149.95
158.66
166.80
165.00
166.49
163.34
151.39
138.67
128.58
122.48
116.42
113.52
112.05
111.18
110.26
108.78
107.01
104.64
100.46
99.84
107.01
129.32
141.29
153.17
161.76
170.18
182.14
184.91
175.96
166.00
148.48
137.09
123.10
118.79
110.71
108.95
104.70
102.48
97.54
102.28
95.40
97.17
122.31
168.80
168.28
211.24
245.45
262.76
269.72
279.22
291.30
301.25
302.10
278.35
237.94
201.95
171.71
160.66
147.68
106.09
91.89
96.13
96.41
95.70
93.43
90.87
108.74
154.51
161.95
198.02
228.45
257.91
270.21
286.07
293.05
296.48
293.29
276.10
241.29
214.68
125.60
105.97
107.04
103.50
104.77
97.86
99.25
96.02
98.38
92.22
122.28
173.24
174.66
217.80
244.45
270.79
267.95
301.84
317.46
332.04
330.47
316.58
275.96
229.80
140.25
117.79
113.78
115.00
108.10
111.59
105.49
108.06
105.41
104.64
134.38
205.91
185.70
211.16
251.41
273.51
270.89
305.69
326.38
345.21
335.36
321.54
271.27
229.30
138.37
115.65
116.81
115.17
114.20
114.93
113.32
114.51
113.86
108.74
147.31
214.52
192.18
217.73
260.17
283.41
301.72
307.90
318.34
327.54
311.85
276.56
243.01
212.66
142.03
118.06
114.47
114.95
111.84
109.45
108.94
108.11
109.34
107.56
105.17
100.43
113.70
132.24
143.11
154.97
167.53
178.28
187.48
190.81
195.49
192.46
176.69
158.89
143.51
136.78
130.74
127.53
127.21
123.63
119.91
119.35
116.00
116.17
111.29
113.24
124.71
136.78
157.95
172.82
185.28
196.45
198.42
204.92
202.91
196.64
183.43
167.29
151.28
145.00
135.00
129.99
127.19
121.46
118.88
118.61
114.76
114.96
157.23
249.13
237.48
261.02
297.37
319.00
344.33
350.61
360.70
371.55
366.50
342.25
296.69
262.18
231.19
212.28
204.42
135.91
115.31
118.51
118.72
117.32
117.07
113.07
142.27
222.80
207.05
236.51
280.56
304.78
324.05
338.64
360.34
365.21
369.32
342.80
291.25
253.22
153.04
131.99
131.25
129.67
125.84
122.85
119.37
119.58
119.43
118.58
152.00
239.61
223.11
256.52
293.20
311.36
327.75
329.47
323.20
319.39
317.86
321.35
279.01
237.10
148.69
125.86
124.83
120.34
116.63
115.22
114.06
114.11
110.38
105.39
142.05
224.23
217.39
238.89
273.67
300.95
327.66
323.11
341.84
348.94
329.33
306.34
266.70
226.87
139.64
120.74
115.61
114.78
111.09
113.92
109.65
112.85
110.01
107.92
140.98
213.90
215.33
227.73
241.39
254.36
272.74
280.19
308.12
306.74
312.44
292.34
252.80
214.01
132.61
116.25
112.07
111.73
109.42
107.91
102.98
102.14
100.61
97.61
97.50
95.18
103.73
119.55
139.61
145.24
160.68
166.06
177.66
178.48
178.97
172.47
162.78
154.60
138.30
130.05
127.67
121.51
117.70
112.86
112.46
113.75
112.77
110.78
109.40
108.46
116.92
134.48
148.60
164.90
174.31
188.78
196.67
201.74
199.42
189.05
182.91
165.62
151.49
143.39
138.15
136.82
136.25
132.41
129.87
125.22
127.10
126.63
171.64
258.41
230.02
258.47
275.86
298.25
297.65
317.61
330.20
305.49
317.53
311.69
274.33
242.53
211.99
200.90
185.48
125.87
109.54
112.50
112.51
117.01
114.47
112.97
147.40
226.00
202.42
213.54
254.78
287.76
309.88
328.68
341.80
344.59
337.41
325.18
279.21
245.01
153.36
134.74
131.60
127.23
129.59
126.44
125.55
126.07
124.76
120.86
159.45
238.79
217.17
250.57
274.55
305.42
309.73
325.27
344.07
345.75
351.09
326.46
276.74
239.76
148.52
129.23
127.89
123.34
123.66
122.36
122.28
120.10
121.81
119.92
161.27
246.57
235.15
267.64
300.73
321.36
333.79
340.31
345.87
360.27
354.34
327.98
289.23
255.52
157.43
135.97
134.86
138.05
134.44
135.54
131.81
131.36
128.26
123.36
165.73
256.39
231.15
262.50
281.97
311.00
319.45
325.37
333.93
341.65
334.29
328.76
289.52
254.25
157.31
131.67
131.63
128.93
124.74
124.20
123.32
121.35
121.23
117.87
116.88
115.05
127.29
144.42
159.52
178.66
189.05
206.47
208.02
213.81
210.24
203.84
191.63
174.78
163.90
151.70
142.98
142.02
137.44
136.52
132.51
128.30
123.14
124.77
121.73
118.10
129.00
141.88
158.49
174.43
185.17
201.38
207.03
214.25
215.78
208.35
194.24
181.96
162.31
156.49
147.43
145.24
141.20
137.37
135.14
132.62
131.20
127.04
167.40
253.21
229.83
244.23
270.79
298.25
313.75
334.90
343.35
353.12
354.59
331.85
288.50
253.74
229.80
216.07
203.19
140.19
122.60
122.67
129.49
128.70
132.38
125.27
158.13
239.52
225.24
253.39
294.58
330.18
335.71
333.68
348.59
349.09
349.69
331.74
259.41
206.68
142.09
123.75
120.62
119.71
115.33
117.38
115.74
115.93
117.88
113.47
145.18
217.66
197.63
217.54
240.53
259.99
280.94
279.54
268.11
289.76
289.93
267.87
227.69
199.10
129.89
117.78
119.56
122.93
121.47
120.78
115.52
119.91
120.59
118.57
151.19
220.36
217.27
240.24
269.20
293.73
308.46
327.17
328.97
330.81
329.12
319.11
275.91
238.76
152.98
130.83
132.17
131.58
128.08
125.11
122.61
125.04
125.00
126.73
160.15
241.56
228.36
254.57
283.82
301.61
320.50
328.56
324.45
338.53
341.81
319.13
283.56
249.74
161.69
136.58
138.34
140.33
134.35
132.34
127.69
124.73
121.68
119.38
123.29
121.23
123.33
133.50
148.81
168.97
187.24
195.01
206.34
212.52
216.82
198.99
181.71
169.73
165.30
159.45
149.18
145.85
143.19
137.27
131.68
126.74
127.13
122.16
125.62
125.14
128.77
144.31
162.97
174.79
187.49
194.40
205.62
209.84
213.41
206.78
195.86
176.28
167.34
157.27
153.87
146.87
146.70
142.92
140.02
137.18
133.93
128.08
167.67
251.29
240.92
262.73
300.47
325.38
338.87
352.08
368.18
376.54
391.16
367.48
305.29
244.58
222.79
207.22
191.95
139.90
126.65
125.96
128.19
129.92
130.44
131.71
159.21
236.68
216.62
228.36
242.16
249.34
258.55
252.56
259.04
292.53
305.19
293.59
256.87
219.65
145.03
133.49
133.06
130.97
133.32
129.64
129.28
131.54
129.55
128.79
161.43
236.06
231.44
246.31
286.29
300.26
312.64
323.42
337.09
340.86
333.23
318.12
264.83
219.80
150.69
135.42
136.21
133.34
132.19
129.11
121.90
122.95
120.02
119.77
155.14
226.57
217.85
255.05
282.85
298.14
324.82
335.27
343.11
350.37
347.55
304.94
273.57
241.22
159.20
143.43
144.34
142.50
141.52
136.32
138.50
133.61
128.55
123.39
162.36
232.08
215.77
245.93
254.59
256.44
275.40
284.42
285.88
288.60
294.75
288.05
249.71
213.96
139.95
125.54
124.41
124.72
120.88
124.18
121.66
118.08
119.07
115.02
114.64
112.35
120.97
134.66
152.99
155.54
173.59
177.34
181.20
191.51
186.06
165.97
153.23
141.74
136.22
135.46
128.39
127.76
127.95
125.40
120.08
118.23
120.70
120.24
118.82
117.06
124.11
140.37
151.75
164.80
177.52
181.91
188.59
181.33
180.70
168.30
166.41
150.57
146.06
148.69
141.59
135.57
130.07
122.16
123.36
120.80
118.54
114.89
152.60
229.35
215.83
251.25
281.21
295.80
312.69
322.47
325.07
326.55
321.51
305.29
273.31
233.70
201.69
202.87
187.80
126.42
107.25
109.27
115.84
112.48
112.30
102.75
132.47
187.90
183.99
229.76
269.22
293.52
313.38
328.64
335.88
339.03
336.14
317.14
277.80
234.10
150.21
134.46
132.07
133.08
124.05
124.82
120.08
114.75
113.44
111.04
138.62
198.16
192.06
233.77
270.46
297.81
317.17
334.00
348.14
344.27
345.10
321.40
271.37
233.27
154.31
133.89
131.47
129.34
125.43
123.57
121.85
119.96
116.85
111.60
140.88
194.27
193.43
237.24
272.40
301.07
312.93
325.66
333.71
347.13
336.50
313.58
279.63
243.09
157.21
134.71
128.82
130.58
124.90
122.65
122.53
118.18
116.17
113.34
137.16
188.86
193.86
228.05
255.39
278.64
295.45
312.28
318.16
323.97
325.68
311.95
266.04
229.48
152.01
134.85
134.20
128.10
126.69
122.13
123.41
117.81
119.43
116.01
112.63
112.97
127.29
140.12
154.68
168.71
177.80
187.38
191.35
207.32
207.77
194.01
177.86
155.00
150.33
145.62
140.96
134.27
129.20
127.19
120.08
117.51
114.14
106.88
106.54
106.87
120.72
129.38
146.16
149.33
168.79
162.48
180.01
164.89
164.33
161.06
157.07
148.88
138.80
135.36
124.80
123.45
118.35
114.70
108.96
109.33
105.95
111.25
135.76
192.58
199.47
234.64
268.20
290.50
302.65
313.36
333.58
343.13
325.30
310.73
272.96
226.45
197.29
182.57
168.69
127.21
115.19
114.77
115.37
112.90
112.86
107.30
131.97
177.77
181.67
221.74
268.79
295.53
313.84
325.63
338.30
355.06
350.03
330.28
280.67
247.01
156.51
138.34
131.74
128.98
123.64
127.41
122.28
122.06
117.65
114.31
137.22
194.30
196.71
236.29
273.99
309.10
331.70
341.37
357.77
362.85
355.59
325.61
286.48
237.19
159.44
139.64
135.78
133.01
125.04
126.68
121.89
121.64
114.77
109.03
130.28
182.60
184.11
224.58
269.34
292.76
313.52
331.59
332.31
342.85
341.52
310.65
273.17
226.56
154.99
143.14
142.10
136.93
140.05
133.22
137.11
128.22
131.17
123.02
158.99
213.77
200.72
244.17
268.24
296.88
305.76
310.55
317.42
311.88
308.90
290.67
256.29
225.89
152.32
136.10
135.02
134.06
136.68
134.36
134.90
132.51
130.69
126.43
124.69
121.37
123.33
141.12
155.44
161.40
173.49
186.92
193.95
192.45
196.71
191.59
180.45
161.10
153.75
149.38
147.57
141.12
138.75
138.35
135.95
135.26
132.37
132.85
131.33
129.27
134.78
149.08
162.38
177.09
184.55
193.92
198.70
205.62
203.46
192.63
181.11
164.05
157.64
152.07
150.93
145.23
144.50
139.35
139.28
139.87
138.51
136.89
170.78
245.35
230.79
267.85
301.26
320.03
350.01
346.72
353.65
358.94
353.24
322.23
280.16
244.39
216.16
202.32
195.47
148.49
139.12
140.33
141.40
138.81
140.14
140.13
164.96
226.16
220.08
272.77
304.75
323.63
335.93
349.06
358.90
374.61
371.34
353.20
309.09
269.88
188.35
168.85
161.33
154.00
155.24
156.49
153.80
150.62
146.34
142.27
169.50
226.47
223.10
266.18
302.30
325.76
335.89
356.07
366.06
371.54
366.24
336.23
287.48
250.93
176.83
161.51
150.13
145.55
140.77
139.85
137.56
136.46
132.08
132.20
159.84
217.15
210.39
249.34
283.32
300.51
311.57
318.62
324.21
336.55
320.36
305.59
275.54
231.43
166.81
146.29
156.47
152.24
149.41
144.21
137.60
135.74
133.78
129.47
159.40
219.74
215.99
249.30
272.88
292.82
299.18
315.04
320.62
325.14
313.24
300.19
261.63
231.36
163.90
146.32
148.44
140.28
141.15
133.19
133.12
128.25
124.82
119.57
123.86
124.42
132.86
151.06
159.43
177.42
185.49
199.18
193.54
203.76
203.59
195.51
181.45
167.29
156.79
150.15
145.94
142.68
140.14
137.52
136.13
133.31
130.83
131.92
131.71
128.31
130.16
152.15
166.69
178.09
192.18
199.83
208.35
214.85
212.80
206.37
174.91
152.69
150.27
143.48
142.88
139.15
136.67
135.26
137.33
131.14
133.02
128.87
138.62
154.78
150.69
165.94
176.68
195.15
204.72
208.75
216.01
213.97
216.14
208.52
195.55
178.18
172.03
168.58
169.59
141.10
133.07
140.34
137.77
138.53
137.51
129.80
160.90
217.60
210.10
252.32
290.17
307.96
321.79
330.04
339.73
338.24
337.53
318.72
279.77
240.38
167.94
156.63
151.50
146.84
147.11
141.62
139.02
143.34
137.87
129.40
160.23
225.39
221.18
258.90
294.41
311.01
329.88
339.05
348.70
358.29
360.17
336.01
289.94
244.95
178.54
158.33
153.00
149.27
148.90
147.23
146.41
141.43
142.15
136.70
170.41
229.00
226.64
258.73
295.94
313.69
335.24
342.34
350.22
347.59
340.82
312.37
273.61
228.67
166.30
153.68
151.02
149.95
147.06
145.84
145.21
143.02
143.37
139.58
166.60
221.71
205.23
234.80
260.01
290.13
308.58
318.91
321.76
323.09
323.41
296.95
258.80
232.03
168.79
151.88
159.18
156.63
152.69
145.80
146.95
141.22
141.45
138.57
138.05
138.26
136.81
140.69
170.93
185.18
191.63
200.24
206.85
210.48
196.87
196.44
187.77
169.99
162.60
155.63
152.07
145.55
144.52
138.69
137.81
135.49
133.63
131.80
131.52
126.51
129.75
148.09
168.07
180.75
177.37
190.75
191.08
178.69
187.88
181.90
173.16
156.52
154.26
147.04
143.21
141.67
138.58
136.04
131.74
132.76
122.13
121.23
144.92
194.78
201.11
232.26
265.12
293.22
307.77
305.95
312.32
318.25
312.07
291.45
248.21
215.44
196.94
193.36
181.58
143.83
137.74
138.53
139.66
139.29
139.30
131.26
157.05
202.67
197.46
243.82
271.61
282.19
303.60
313.20
312.25
313.77
298.99
285.89
229.20
207.38
150.84
139.91
135.67
136.68
137.04
136.06
133.65
131.12
127.28
125.81
139.52
181.51
181.51
222.60
254.94
262.66
272.79
289.08
288.01
284.31
293.06
271.69
226.66
194.10
145.79
133.93
133.23
132.84
129.50
128.72
123.25
123.99
122.83
118.44
139.38
168.95
22.60
0.00
0.00
0.00
0.00
0.00
0.00
0.00
0.00
0.00
0.00
0.00
0.00
0.00
0.00
0.00
0.00
0.00
0.00
0.00
0.00
0.00
0.00
0.00
0.00
188.56
232.10
247.40
256.42
269.69
275.22
276.47
267.51
244.54
217.62
190.69
146.88
128.86
126.32
128.11
118.23
114.69
114.50
114.14
109.95
109.77
113.91
115.92
110.03
117.45
142.55
155.49
152.60
155.14
172.88
180.49
180.19
164.33
150.14
135.12
127.99
120.39
116.92
118.09
113.54
114.05
112.46
111.87
109.56
108.44
110.73
107.24
107.46
112.60
133.19
153.63
156.24
166.01
169.10
174.39
175.27
165.79
154.39
137.64
131.44
123.51
125.35
122.41
117.52
113.70
112.87
110.40
113.32
111.15
134.22
181.74
172.02
219.17
241.10
258.64
274.76
272.49
281.32
289.04
256.75
248.17
210.83
188.75
166.30
155.92
157.63
129.80
117.73
116.04
115.72
114.41
110.62
107.36
124.92
158.04
168.47
198.79
230.01
248.61
264.77
275.58
286.51
284.15
279.82
260.56
223.72
185.42
142.52
126.86
124.51
123.23
121.99
117.21
114.48
116.19
118.38
110.41
131.38
166.67
169.07
202.06
233.17
257.07
277.97
285.95
300.79
305.39
289.81
257.03
213.69
173.13
128.63
121.53
111.00
107.84
111.15
103.86
102.68
101.24
98.86
99.61
117.56
162.49
165.05
195.04
231.71
258.04
274.55
271.12
288.35
295.70
287.22
259.78
204.89
174.80
131.71
118.78
115.65
111.00
109.06
107.23
106.36
102.90
99.69
97.69
111.17
143.73
147.83
175.87
207.28
225.69
235.08
235.43
247.42
252.38
237.90
220.89
178.52
152.11
120.32
112.47
107.11
104.54
96.80
97.40
94.71
90.87
91.37
88.76
89.36
86.91
91.58
106.01
123.73
130.66
137.68
145.58
147.70
151.32
148.15
142.79
124.61
114.69
114.95
107.15
109.33
107.78
104.39
101.53
95.58
92.27
92.43
88.51
89.74
87.73
90.78
107.96
120.37
132.46
140.03
143.28
153.72
151.81
154.01
142.47
131.78
118.07
116.73
115.53
107.61
106.17
104.82
111.43
106.46
111.41
106.14
109.61
128.95
173.75
160.21
188.66
226.17
235.64
224.48
234.26
248.41
229.09
230.74
202.54
165.60
143.74
134.17
128.23
124.38
113.64
107.97
104.92
102.87
103.69
101.40
99.14
113.49
140.36
141.98
158.75
181.50
209.94
222.57
237.41
245.45
255.07
252.45
228.77
186.57
151.68
122.54
116.91
109.91
110.24
109.20
100.24
101.96
103.50
101.34
102.53
114.47
142.92
141.81
168.15
197.60
212.49
215.61
212.03
236.72
250.02
242.68
224.42
179.14
155.29
125.68
112.54
110.54
107.51
110.19
105.65
109.46
106.91
104.29
102.09
123.05
153.52
154.98
194.64
206.68
226.58
253.52
264.22
254.22
250.57
220.92
195.93
162.34
150.68
120.69
112.72
111.44
110.72
107.43
105.84
108.18
107.91
102.99
102.97
116.25
146.05
147.06
175.64
202.14
215.47
230.22
227.82
238.46
237.39
222.63
208.36
173.46
150.86
117.23
104.00
99.24
94.78
101.66
118.21
114.01
105.02
102.17
106.78
101.56
100.10
106.94
125.51
146.40
152.55
171.32
181.23
178.71
183.94
181.60
162.75
146.78
137.66
130.53
127.35
125.10
121.25
113.95
110.91
112.51
108.61
102.76
102.28
101.89
103.62
107.34
121.82
139.57
157.69
162.20
169.36
187.43
185.66
168.71
166.85
150.44
136.24
125.87
120.86
121.19
110.96
108.44
96.99
92.36
91.19
87.19
89.23
101.92
131.28
138.48
142.12
204.21
224.92
228.35
237.76
248.37
248.69
238.90
216.47
178.52
147.37
130.33
123.92
121.68
106.52
94.30
93.51
93.60
92.83
92.00
88.12
97.60
122.04
129.11
166.06
197.00
218.39
226.10
239.90
244.01
246.69
245.21
221.04
172.94
145.00
116.18
104.00
99.97
96.21
96.76
92.05
92.33
92.31
92.44
87.32
96.48
130.59
137.95
171.91
200.84
219.84
229.78
239.02
243.54
247.43
237.33
217.02
176.15
149.76
118.90
104.73
101.33
96.63
96.04
91.76
90.60
92.11
91.88
87.63
98.70
122.99
134.11
173.87
203.52
224.90
237.06
255.27
265.52
268.64
265.25
231.33
187.45
161.12
129.44
113.64
115.80
111.80
111.82
104.82
106.03
106.82
106.78
99.66
114.33
145.50
147.91
179.67
204.11
222.41
238.30
243.17
245.25
251.54
251.87
227.21
178.50
159.51
127.46
112.57
109.49
104.11
100.65
120.14
121.68
112.70
109.66
104.88
104.19
104.71
105.96
119.98
140.45
151.46
159.15
172.56
179.59
179.36
172.44
163.63
148.37
134.69
130.35
129.24
123.44
115.25
117.22
110.85
104.83
105.96
100.97
103.19
103.40
102.19
104.77
122.16
137.68
150.94
162.02
179.86
177.76
179.15
177.33
164.73
143.30
134.76
128.23
123.00
116.69
117.35
111.63
97.85
93.26
91.65
89.86
89.36
106.55
136.54
137.91
175.02
206.18
227.60
237.89
251.56
254.00
269.87
271.88
242.04
195.05
161.88
149.30
143.21
139.13
116.00
103.19
101.89
104.91
100.70
98.94
97.38
107.26
133.63
142.50
172.66
210.05
226.64
241.82
247.71
252.85
255.54
252.15
229.89
182.05
158.70
124.20
110.83
106.66
103.31
99.82
97.90
100.15
96.49
96.48
94.89
103.54
125.21
135.74
174.70
197.79
218.69
238.91
245.64
249.97
255.88
253.26
221.29
180.97
156.78
122.98
109.99
108.42
103.74
101.55
96.83
98.45
100.78
94.91
94.80
99.87
129.16
126.42
154.02
187.78
205.94
225.26
229.06
236.15
237.56
236.03
209.89
168.22
143.61
118.30
108.06
100.59
97.19
98.41
97.26
94.67
95.75
92.81
90.68
99.16
119.59
126.68
152.62
178.37
198.65
198.17
206.72
213.30
217.12
209.85
186.41
157.53
131.36
109.73
105.54
98.81
95.14
93.85
101.57
97.86
93.63
96.06
92.24
91.27
93.81
95.46
112.86
130.16
144.51
162.70
161.61
169.74
172.80
169.37
160.11
140.05
126.98
124.65
119.69
116.31
112.96
107.11
107.27
103.24
103.76
101.77
99.42
102.93
101.81
102.10
119.13
137.11
148.26
152.02
165.69
170.38
167.56
162.29
148.89
133.26
124.74
119.49
114.58
113.03
111.89
107.43
96.75
92.22
93.02
92.88
90.30
100.63
122.95
135.88
165.18
154.80
214.78
235.39
231.77
238.43
233.98
220.82
198.45
167.07
149.54
135.89
131.81
130.13
113.67
101.45
99.89
101.75
101.63
99.11
96.61
102.93
125.85
132.75
170.05
201.38
227.21
240.90
240.94
246.42
251.66
245.45
231.91
188.79
157.24
126.80
117.82
111.68
108.80
105.59
99.08
100.22
100.39
97.90
96.51
102.70
127.65
134.65
172.20
207.35
224.62
236.40
250.54
265.17
262.48
239.11
213.15
181.18
153.70
122.35
114.27
105.80
107.91
99.96
104.26
102.49
98.85
99.82
98.63
109.35
134.17
136.15
174.13
208.45
232.54
243.66
264.74
262.39
251.84
255.62
228.71
187.86
164.22
130.11
119.58
114.24
114.31
108.60
105.10
104.44
102.00
102.34
96.50
105.76
130.73
130.62
163.93
190.29
202.45
209.21
211.86
227.87
230.59
224.44
196.68
161.63
141.78
117.15
104.44
97.12
94.25
93.49
101.53
98.75
93.85
94.83
91.55
89.90
91.40
88.51
102.20
118.46
126.07
137.45
142.58
145.42
143.04
138.15
128.12
113.48
107.84
102.56
99.85
99.71
93.57
92.57
89.45
85.84
82.82
85.22
82.80
81.77
84.54
81.74
95.78
109.49
119.03
126.27
128.54
131.25
130.87
125.50
113.56
99.97
95.57
96.63
90.56
93.87
88.69
86.33
88.15
86.86
85.81
83.37
85.15
99.42
133.09
133.25
156.10
185.27
206.99
213.98
223.07
226.76
238.46
221.80
199.14
167.73
136.70
116.56
116.60
110.96
102.84
94.48
95.54
90.48
93.68
90.54
86.26
97.43
121.36
123.45
163.35
196.00
215.87
227.59
232.68
239.11
238.47
234.51
217.05
174.59
144.05
120.01
110.29
103.62
100.90
95.13
93.02
96.39
93.74
92.23
91.60
96.78
121.51
123.13
162.92
194.25
207.40
224.17
237.26
239.15
239.15
235.20
213.98
170.77
142.78
123.43
110.23
104.06
101.87
98.31
98.21
95.17
92.73
93.59
90.74
98.52
128.41
127.34
162.77
191.56
209.27
213.83
214.42
227.76
219.73
215.87
192.21
147.99
126.41
114.86
104.37
97.59
96.42
92.82
94.93
90.73
90.18
93.54
88.39
96.91
120.91
119.61
147.68
175.97
188.38
198.54
200.91
212.26
209.64
195.84
179.65
144.55
125.28
112.23
98.58
96.89
92.09
90.06
96.96
95.08
91.46
95.01
91.78
91.75
92.56
90.69
103.02
118.92
127.99
134.79
137.29
144.07
142.53
138.51
126.03
113.03
105.39
103.03
101.05
96.34
97.43
92.15
90.98
87.14
85.69
86.85
85.98
86.21
85.17
85.05
94.99
108.50
117.95
125.48
131.92
132.39
132.99
131.03
119.85
106.77
100.62
99.75
98.78
94.57
94.14
94.58
90.24
93.65
89.52
89.37
90.36
97.89
121.38
118.21
149.58
176.11
196.21
203.81
213.83
209.61
203.10
204.69
179.46
138.46
115.45
103.73
104.23
99.02
97.36
89.93
88.57
87.27
88.13
85.89
84.02
95.28
120.09
123.19
153.99
177.34
189.36
204.21
213.87
216.10
209.02
211.31
187.26
142.02
124.82
105.28
100.01
92.99
91.51
89.64
88.72
89.03
88.31
89.16
85.71
98.19
122.38
127.27
151.96
173.09
189.46
202.89
199.59
204.58
201.02
187.71
172.20
131.64
109.64
103.11
97.64
89.13
86.85
87.26
88.93
86.58
84.87
86.24
84.91
99.51
130.53
130.41
159.87
182.43
197.32
191.50
192.79
194.39
207.26
200.76
175.09
139.90
115.73
107.19
99.40
94.25
89.17
87.36
87.13
86.49
86.13
86.46
84.81
97.47
129.37
128.15
144.66
168.00
181.30
186.42
186.99
197.86
199.44
192.75
180.09
135.35
106.32
97.38
92.27
88.00
85.31
82.70
83.89
83.22
83.31
81.96
81.41
81.99
80.52
82.16
90.85
103.02
113.67
117.59
122.67
122.16
122.20
118.26
106.39
98.10
96.05
88.29
89.29
90.78
85.13
85.02
85.50
85.16
83.96
83.95
82.22
82.77
84.05
81.89
90.32
104.57
114.99
122.03
120.85
121.53
123.96
119.83
106.96
100.28
92.84
92.94
91.50
88.05
89.01
86.79
86.22
86.52
83.89
83.97
85.13
94.84
122.14
119.89
145.61
173.49
193.56
209.53
219.83
227.31
223.63
221.12
202.47
156.03
131.76
119.53
120.02
114.70
105.22
99.21
96.62
95.54
91.25
92.77
90.06
95.77
112.71
117.87
146.90
177.61
203.30
212.01
220.71
229.00
227.89
226.66
203.38
164.56
135.03
117.96
109.69
101.45
100.75
95.65
95.73
96.90
94.77
92.01
93.88
100.32
121.59
125.65
146.37
190.64
206.72
220.69
229.60
234.30
231.17
225.11
198.01
165.01
131.88
119.50
112.15
105.19
101.79
99.75
99.00
97.70
95.41
96.10
93.59
103.03
120.41
119.72
147.18
177.79
194.33
216.53
232.01
225.38
230.29
221.52
204.68
162.41
136.50
119.08
111.41
102.30
101.88
100.95
97.42
100.15
99.06
92.96
93.41
101.85
123.24
119.84
147.87
170.08
190.70
206.19
213.97
209.92
220.54
209.66
188.02
158.38
138.38
118.06
105.18
100.14
96.51
94.35
93.38
89.72
89.68
90.04
89.16
86.91
87.50
85.34
90.93
101.44
110.08
118.62
131.30
130.38
119.21
120.26
118.04
107.19
104.29
101.17
100.44
98.27
96.64
95.44
93.12
90.49
90.56
91.65
91.31
90.11
87.34
87.98
98.29
112.53
120.75
117.48
132.90
134.04
132.60
125.79
118.98
108.91
102.12
101.27
99.79
97.10
92.94
95.16
93.01
93.58
91.80
89.58
91.18
92.57
94.80
90.47
100.06
113.38
121.41
130.28
137.88
141.46
139.24
134.32
121.66
109.74
105.95
102.08
97.47
98.57
99.49
96.02
95.16
95.36
96.39
96.69
91.81
100.34
125.85
126.55
142.82
177.78
201.15
209.00
214.37
215.38
215.00
210.07
190.69
148.86
123.94
109.40
102.17
95.88
98.27
92.34
89.89
90.87
90.74
88.79
88.61
97.06
120.00
123.30
140.42
168.11
186.55
153.12
198.30
198.74
202.43
205.86
185.50
149.63
123.48
110.05
102.28
95.51
94.35
92.35
88.94
93.20
89.63
88.70
89.93
98.67
121.87
120.46
145.36
173.42
187.96
191.90
199.03
198.04
202.02
197.14
176.78
145.22
120.38
110.66
99.60
95.50
94.34
91.75
90.12
92.28
90.24
89.21
87.41
97.08
121.93
114.63
126.93
166.16
171.73
177.45
193.94
188.14
185.31
177.89
161.24
132.23
116.76
109.89
97.36
92.49
91.20
89.06
88.20
87.95
87.74
85.27
84.91
86.09
84.05
82.54
86.75
92.33
100.74
114.46
120.86
116.24
124.06
99.30
93.99
91.59
89.53
86.96
88.57
89.21
85.37
86.23
87.88
85.30
83.98
84.68
85.86
83.64
84.14
81.17
89.09
101.26
108.79
118.69
119.11
117.80
120.28
115.15
103.76
93.60
93.76
91.26
89.05
88.23
87.87
86.20
87.30
87.10
84.47
87.76
85.80
98.92
123.12
121.09
142.92
172.15
191.70
200.32
212.75
210.16
215.60
207.27
184.43
145.34
119.19
111.16
105.63
105.05
100.51
92.95
92.11
90.06
92.46
93.07
87.37
98.93
123.44
125.13
145.64
178.74
174.50
174.28
181.40
168.45
164.93
157.66
154.51
126.12
113.46
99.63
97.73
94.58
91.59
94.40
90.06
90.22
92.94
93.16
92.85
101.67
122.94
123.86
141.13
161.77
181.07
195.14
186.57
193.90
168.68
172.54
154.78
124.24
111.54
100.27
94.96
92.09
87.01
87.48
89.19
88.20
89.38
88.64
88.67
100.69
129.39
125.72
144.25
171.94
161.53
154.81
176.67
176.25
184.25
174.17
146.49
132.51
118.21
102.75
94.47
90.34
90.35
90.32
90.35
90.76
89.06
88.93
90.05
105.57
136.93
129.79
148.07
165.38
177.33
185.10
181.34
189.95
192.76
174.06
149.04
125.16
113.21
98.01
88.32
83.98
84.79
83.95
88.13
83.89
84.57
84.20
84.12
84.06
84.20
81.38
91.52
101.37
111.97
114.97
115.35
111.84
108.80
102.68
92.79
83.04
84.42
87.35
87.60
85.54
85.65
85.01
86.08
84.74
83.17
84.87
85.39
82.90
85.37
83.50
84.90
98.60
90.93
93.93
111.28
112.49
110.35
100.05
90.76
82.76
81.83
82.32
82.72
82.55
82.57
84.39
81.25
84.61
82.02
83.94
85.37
98.98
131.77
125.60
143.78
159.44
174.30
174.66
184.35
185.94
182.53
175.88
154.14
131.56
119.36
108.45
113.90
110.07
96.34
88.71
86.18
85.56
86.69
87.20
82.99
103.53
140.60
138.25
163.08
188.76
199.23
201.82
206.54
202.40
198.13
180.22
155.53
128.70
122.01
97.75
89.71
87.21
88.16
89.44
87.17
91.15
89.19
90.43
92.35
111.89
156.21
145.81
158.73
172.54
169.39
185.63
177.22
175.71
154.01
127.89
118.77
112.31
109.55
96.17
89.38
85.79
84.09
83.38
83.59
84.75
82.13
80.60
83.66
85.70
94.55
93.83
91.81
94.72
97.48
102.46
107.22
126.04
108.15
98.07
91.26
92.58
92.06
90.46
83.49
81.57
81.13
81.16
82.39
84.79
81.69
81.38
84.56
87.24
95.31
90.66
92.00
90.60
92.35
99.36
108.22
123.39
115.14
108.69
96.03
90.37
93.88
84.84
81.10
80.27
81.26
82.93
82.33
87.63
87.89
89.50
90.01
91.29
91.46
94.83
98.79
105.52
114.89
118.14
117.83
112.33
111.12
102.45
88.35
84.44
88.72
88.45
87.05
87.93
90.92
93.93
94.23
89.99
89.15
90.55
91.34
92.02
93.06
98.70
98.98
106.99
115.76
118.85
117.89
115.24
107.69
100.24
87.38
82.83
84.03
82.75
83.25
84.33
86.52
85.19
85.93
85.34
85.14
84.41
85.97
112.92
157.21
147.63
170.36
181.13
193.96
188.41
190.11
187.15
174.42
176.69
152.67
124.83
115.95
110.95
114.66
111.26
96.78
89.10
89.25
89.98
89.87
92.19
89.99
107.19
144.26
143.54
164.73
175.21
169.02
181.48
195.86
182.72
175.10
171.19
151.05
133.09
116.28
100.27
96.10
90.89
88.69
89.03
89.14
88.43
87.08
91.03
86.09
98.90
132.40
126.29
144.58
162.72
185.53
185.03
183.79
195.72
192.15
179.80
162.78
139.94
121.24
101.31
95.78
90.98
89.39
88.13
88.29
88.00
87.27
90.10
86.93
99.92
128.91
122.60
136.77
165.59
182.43
191.97
202.61
199.97
195.97
184.76
160.45
129.80
113.30
102.36
94.14
88.79
87.26
86.28
85.44
85.80
84.98
89.86
86.59
100.29
124.55
123.34
139.07
154.10
166.17
167.72
163.85
165.38
166.16
161.12
150.08
126.21
111.88
99.07
90.82
85.85
86.38
85.15
85.07
84.25
83.92
86.53
85.51
85.22
85.44
84.28
86.31
94.80
91.40
101.05
116.94
102.23
92.43
86.10
83.57
84.43
82.91
84.76
83.85
84.81
83.10
86.89
85.01
84.21
84.86
86.10
87.34
83.09
86.07
85.92
83.02
84.79
83.38
85.12
90.13
88.35
84.14
82.55
80.71
80.99
83.92
83.21
87.32
83.19
83.77
86.49
85.17
84.18
86.31
84.41
88.59
103.05
135.34
127.90
146.17
159.82
175.63
199.01
189.75
170.31
176.29
159.19
150.68
124.56
116.52
113.66
109.63
110.10
97.20
90.93
90.82
91.36
92.43
93.14
91.44
113.81
160.02
155.68
170.80
195.15
210.89
209.33
212.79
213.61
203.22
188.17
169.87
133.52
118.99
104.29
96.00
92.47
89.89
90.59
90.88
89.02
90.94
91.12
90.52
108.08
138.16
139.15
155.28
169.15
180.27
196.32
205.35
198.68
187.54
186.93
167.38
136.84
119.57
100.02
94.26
90.67
88.52
88.98
89.13
89.43
87.30
88.91
89.00
105.49
135.82
137.96
164.80
186.11
198.00
200.97
196.88
193.73
195.91
180.13
149.17
128.61
117.69
102.08
94.95
91.45
89.72
88.86
89.61
88.76
90.30
88.77
89.27
104.77
135.29
137.04
156.53
176.52
190.78
194.21
192.01
185.08
182.37
169.68
141.12
117.74
111.43
95.75
88.24
88.67
85.03
82.30
85.18
83.82
85.10
82.88
86.60
85.87
86.21
87.13
88.53
97.80
109.42
113.70
114.60
108.69
101.65
92.55
86.93
83.80
83.13
81.84
83.36
84.51
83.42
81.72
83.27
84.27
84.49
81.49
85.91
84.75
83.76
86.81
87.22
98.88
107.16
111.91
116.60
112.31
110.25
101.08
88.55
81.29
81.03
81.29
84.56
84.58
84.32
85.27
85.37
87.65
86.07
90.68
92.34
119.77
164.98
156.76
172.80
192.95
209.67
209.15
212.45
212.78
205.03
194.67
171.34
144.73
129.62
124.79
122.94
121.99
98.40
88.92
90.77
90.40
92.01
94.87
90.89
121.74
176.02
162.92
177.27
207.19
221.99
227.36
227.64
226.35
221.45
205.79
176.19
142.11
132.31
105.27
97.98
94.72
93.24
92.99
94.27
92.63
93.04
96.39
94.40
113.41
170.31
157.58
169.62
180.90
47.06
0.00
0.00
0.00
0.00
0.00
0.00
0.00
0.00
0.00
0.00
0.00
0.00
0.00
0.00
0.00
0.00
0.00
0.00
0.00
0.00
0.00
0.00
0.00
0.00
0.00
0.00
0.00
42.17
189.17
168.16
138.93
123.31
100.84
91.45
85.85
83.12
86.86
87.57
87.71
85.54
85.46
87.21
109.16
166.85
158.44
168.72
189.67
194.93
203.12
206.27
209.89
197.15
184.45
160.54
131.19
125.17
96.07
86.34
83.79
79.66
80.72
83.70
83.61
82.71
82.58
80.91
82.85
83.44
82.50
90.24
96.59
107.21
111.01
109.91
108.06
103.81
97.92
84.66
78.45
80.31
77.81
81.14
76.69
78.26
80.65
80.04
78.30
78.88
80.27
81.74
77.44
78.14
80.59
82.23
87.65
97.83
97.42
104.17
96.61
86.15
80.64
77.67
76.97
76.16
76.67
76.41
77.87
77.56
76.95
77.91
78.57
78.22
78.40
78.83
100.92
140.74
124.74
137.16
151.72
152.45
155.41
144.28
140.43
136.81
135.43
125.81
119.25
120.48
110.77
112.45
108.17
95.20
85.75
82.71
79.30
78.81
83.35
80.18
85.63
106.70
100.12
96.66
93.45
95.05
95.08
96.28
98.38
98.36
103.21
97.35
98.00
99.71
88.61
83.06
80.70
77.54
79.94
80.26
78.93
79.77
80.04
79.59
85.06
109.60
102.47
99.03
96.24
97.87
102.14
122.99
128.89
123.22
114.71
100.32
94.34
96.36
85.02
81.15
78.47
78.65
78.04
80.69
85.64
83.49
87.39
90.17
115.61
165.33
151.61
158.08
176.13
178.18
183.36
180.99
155.98
143.81
134.33
126.59
120.83
113.91
94.56
85.29
85.15
84.85
85.73
85.78
86.49
87.18
88.83
84.41
103.66
159.74
153.39
151.64
157.48
154.84
157.77
162.37
156.98
158.97
152.25
138.61
126.02
120.45
96.72
85.43
81.31
80.21
80.54
83.47
83.85
79.89
83.17
83.04
81.81
83.56
86.36
86.64
100.37
111.55
113.34
116.23
95.01
94.85
94.28
80.56
76.83
80.23
78.05
83.71
85.15
86.58
90.09
95.95
98.88
99.30
100.33
104.73
106.75
109.44
110.60
115.74
124.71
127.29
128.76
126.39
117.23
106.26
101.33
83.81
75.74
79.07
81.58
82.87
84.17
84.19
89.92
89.05
91.40
93.92
100.28
100.11
127.74
173.31
169.42
170.76
177.09
189.54
188.57
181.54
176.17
176.20
169.91
156.48
142.71
132.47
130.72
130.16
124.14
100.13
86.73
85.23
91.62
87.08
88.00
87.08
105.43
160.35
146.37
150.40
158.33
166.37
164.93
165.18
155.63
150.48
144.27
126.15
114.69
110.19
91.46
86.34
85.48
80.75
82.78
