47.79
41.40
40.51
41.30
42.32
62.47
70.55
71.74
71.58
69.64
68.94
70.93
71.58
79.08
69.95
55.79
46.78
55.38
58.99
68.86
65.73
65.24
65.15
65.46
47.94
41.08
41.57
40.73
40.65
67.99
73.45
73.25
74.36
75.11
73.58
74.46
79.21
74.97
71.11
61.28
51.27
64.60
76.42
72.09
69.18
66.32
66.34
68.37
49.22
45.94
41.07
42.95
41.73
67.45
73.58
76.46
76.35
80.60
76.29
78.01
75.45
76.28
70.59
59.73
49.67
50.58
65.73
63.31
63.07
61.27
63.89
64.88
49.18
40.53
41.14
41.08
41.80
61.79
72.85
78.08
75.97
75.02
74.10
75.19
75.20
65.52
73.33
59.09
50.37
52.96
62.59
62.62
58.64
53.69
60.91
67.10
50.48
41.43
41.81
42.19
42.10
63.80
70.94
70.44
69.08
70.02
69.28
68.14
62.71
55.61
54.25
60.73
67.29
61.21
67.17
68.21
68.73
61.61
56.38
63.37
46.40
38.86
40.30
42.12
42.96
66.67
65.21
64.51
65.49
64.23
55.76
49.69
61.46
63.24
55.82
60.31
57.19
63.97
65.79
63.80
58.36
53.32
62.59
64.47
47.49
42.19
41.80
41.77
42.52
62.49
70.38
71.51
70.01
69.94
71.79
70.59
66.94
64.99
52.25
52.21
50.42
50.29
51.84
50.95
52.72
53.25
51.31
53.31
46.68
43.33
40.89
42.85
42.51
61.11
71.53
70.11
70.72
68.83
76.02
63.98
66.22
71.13
67.17
56.84
58.26
55.46
67.39
62.77
59.08
58.09
56.20
50.45
41.72
41.93
41.45
41.13
42.19
61.20
68.52
71.47
74.96
70.36
67.23
64.85
56.48
57.06
60.16
57.17
48.50
55.60
61.58
63.66
60.57
65.16
58.72
64.59
50.23
39.84
44.96
41.57
44.14
65.85
67.48
75.28
72.55
75.71
35.80
66.96
70.11
65.14
55.97
58.41
53.69
54.08
64.60
73.69
63.83
68.80
64.73
64.78
54.27
46.84
46.49
44.03
43.95
62.21
68.56
72.11
76.01
72.35
74.27
71.67
64.29
62.99
62.32
65.18
65.97
66.51
68.24
60.36
61.70
60.12
54.26
53.01
47.19
45.64
45.30
45.10
44.85
63.45
69.67
65.36
64.39
65.24
63.98
68.76
63.52
67.92
68.83
71.09
68.79
68.57
74.04
71.99
69.54
61.35
50.08
48.71
39.76
41.82
42.78
44.90
46.08
61.75
64.15
65.77
62.66
62.12
62.55
64.54
74.57
63.89
48.45
66.62
61.11
63.88
58.73
58.33
55.11
53.09
49.23
53.73
46.22
42.57
44.28
43.17
42.80
60.73
69.18
69.61
65.11
63.90
61.12
49.04
42.98
43.83
45.76
44.51
45.14
45.24
53.03
51.49
48.06
44.54
42.18
45.08
39.53
39.40
38.15
37.81
37.57
52.97
49.57
56.40
50.28
51.98
46.45
40.19
40.78
41.37
35.54
39.25
36.73
36.97
49.96
46.85
48.82
47.96
48.01
46.85
44.29
40.83
42.59
41.19
42.30
59.96
61.46
66.34
65.60
63.47
52.99
49.72
50.94
53.20
38.65
38.17
46.26
47.19
52.08
47.40
42.16
44.41
43.80
46.82
41.10
42.05
46.05
43.86
42.44
57.58
58.28
59.85
59.20
57.96
51.91
44.30
37.02
38.14
47.39
46.38
52.40
45.58
49.49
54.03
48.68
36.05
34.93
38.72
42.62
41.05
36.77
40.19
39.84
49.59
55.66
56.41
52.49
46.79
36.23
37.47
40.69
38.96
43.81
44.76
45.24
49.16
57.81
55.68
54.47
39.62
38.04
40.29
42.18
42.77
41.70
42.34
41.35
57.02
57.90
61.13
57.38
50.61
48.01
39.74
40.27
43.63
42.31
39.31
44.10
45.08
51.54
50.76
45.75
42.57
37.42
41.26
40.59
42.82
43.23
43.63
43.52
56.73
57.34
60.35
58.39
53.94
48.06
40.50
37.17
34.76
45.28
42.40
41.41
40.45
46.50
45.42
41.53
35.81
32.76
36.00
37.99
34.56
36.48
35.68
32.75
51.70
48.98
54.33
53.88
49.91
46.97
37.01
39.44
37.86
35.74
33.64
32.41
32.60
45.45
51.12
43.00
44.68
49.13
50.38
42.80
41.78
42.77
42.99
41.79
59.15
65.83
63.53
65.22
65.30
61.33
71.83
52.68
42.85
47.49
50.45
51.74
44.57
55.67
50.21
42.17
35.29
45.23
44.42
37.91
38.06
40.28
41.33
42.68
61.89
68.35
69.60
74.81
79.48
79.36
62.91
57.32
60.91
56.50
43.50
45.05
49.39
51.36
49.38
51.93
54.10
55.69
54.27
46.84
46.67
47.01
46.06
44.58
62.00
70.68
75.28
71.79
69.74
71.96
65.24
53.43
47.61
42.44
41.23
47.49
49.03
55.87
57.31
45.37
36.17
38.47
48.05
42.43
39.61
40.98
42.63
42.36
60.39
64.00
63.83
68.45
66.04
64.46
60.87
49.04
36.82
38.47
43.37
42.72
45.81
50.65
41.75
38.90
38.38
38.82
42.29
39.55
35.87
38.81
39.67
42.15
59.96
64.89
62.76
71.72
59.55
57.90
51.95
41.33
39.18
41.06
40.78
42.39
42.46
53.12
48.32
41.76
37.81
39.60
44.76
45.52
41.65
43.53
40.33
39.15
59.59
61.63
61.33
61.56
61.57
60.03
52.13
39.44
33.52
39.25
41.12
39.62
40.58
48.11
47.85
42.22
38.72
36.52
46.37
42.60
40.74
39.85
46.04
45.00
62.64
60.47
62.30
60.41
71.27
65.15
72.49
48.01
41.48
44.28
44.34
43.75
44.16
48.34
47.79
42.15
42.17
39.29
38.08
41.42
39.47
42.34
38.73
39.57
54.76
55.49
59.97
70.92
65.29
48.78
37.23
31.82
32.92
32.07
47.45
43.25
44.17
52.53
52.16
45.14
34.06
31.94
32.29
34.75
32.89
27.95
33.55
31.28
45.64
49.65
50.66
66.35
62.53
56.68
52.04
34.21
31.66
36.05
45.72
45.96
43.95
47.81
51.51
50.30
37.29
30.40
34.11
34.56
34.41
39.36
39.60
38.40
46.59
57.26
54.20
57.53
68.76
54.38
38.00
33.85
30.28
39.32
46.70
54.01
49.37
54.86
63.17
53.25
39.46
29.21
30.02
33.61
36.35
39.01
37.83
34.92
46.44
47.98
44.97
51.81
54.07
41.48
41.28
45.46
37.99
37.48
43.31
39.51
40.23
46.56
48.35
44.89
32.42
29.71
27.12
25.52
25.42
30.18
30.15
29.28
38.04
41.71
34.65
40.81
41.56
45.83
40.20
37.52
34.75
24.26
27.86
30.47
40.96
44.96
43.79
42.44
31.55
27.64
26.98
25.65
24.61
27.84
26.48
27.92
31.67
39.59
39.19
39.03
37.98
32.36
37.32
31.35
33.05
30.61
25.12
30.32
34.61
39.84
43.31
44.41
41.29
39.78
42.81
39.81
36.02
38.72
39.46
34.42
57.07
53.78
53.61
66.39
56.62
49.62
49.72
33.73
31.77
32.81
48.73
33.72
30.16
36.03
44.10
47.33
43.74
44.26
46.19
40.81
37.48
40.51
40.08
40.37
56.72
60.20
57.85
61.96
52.02
44.27
47.57
42.14
42.14
42.63
42.18
41.50
41.69
46.13
47.35
44.32
43.13
43.47
44.64
42.68
40.38
40.29
41.03
42.56
61.49
64.68
69.00
63.21
67.44
70.93
55.60
53.79
54.56
46.68
42.20
36.63
40.64
52.80
61.27
54.04
53.19
52.96
52.79
43.37
41.42
40.79
44.02
44.48
64.83
75.71
75.28
78.15
76.14
67.85
63.51
63.60
65.41
65.75
75.49
64.59
52.57
55.48
68.40
65.72
61.05
58.42
68.32
56.33
51.21
52.91
53.03
53.62
73.63
83.51
85.20
84.08
86.39
83.82
96.30
86.35
79.27
72.48
71.49
72.32
86.00
101.00
81.82
86.76
72.97
76.10
74.62
59.39
48.33
49.03
46.47
44.42
65.48
75.39
79.77
86.66
98.03
79.36
83.55
83.58
80.50
67.84
90.09
74.87
68.93
93.08
96.30
103.39
92.99
82.33
87.53
70.44
52.69
50.46
46.54
44.95
66.74
75.01
89.09
91.92
100.00
94.72
84.61
94.71
82.20
76.69
70.52
70.85
73.30
73.09
66.26
57.46
55.75
53.88
55.35
48.37
45.27
45.29
46.90
45.77
65.14
70.64
73.35
73.10
72.72
69.85
63.77
65.60
58.59
59.22
65.09
60.38
63.54
70.80
64.90
61.47
59.98
56.57
56.70
50.00
47.13
47.76
47.36
46.85
66.91
77.83
78.01
78.19
73.51
80.13
69.21
68.69
59.38
51.22
60.89
71.90
68.29
74.32
74.19
68.87
48.99
43.85
50.00
42.23
48.96
48.84
46.30
44.34
63.27
67.70
68.39
72.42
65.41
59.04
52.22
47.30
45.39
43.16
34.93
36.86
35.31
47.14
51.99
54.56
42.97
42.58
43.22
32.39
35.25
37.47
33.44
39.79
56.53
52.44
53.26
49.32
57.29
63.21
54.20
51.76
62.86
54.51
51.07
53.10
48.87
63.44
53.25
48.64
52.65
47.17
48.83
45.68
43.40
40.71
44.58
21.55
55.08
66.64
62.10
57.61
56.59
50.53
47.68
47.64
45.18
40.69
44.79
48.42
62.35
68.63
66.49
67.61
62.08
53.15
49.62
44.12
43.54
40.77
44.43
42.60
61.26
57.03
64.84
68.00
56.99
51.54
51.33
51.52
50.53
51.81
44.73
43.87
41.77
51.30
61.58
60.63
63.62
57.32
57.56
45.94
45.49
44.70
45.13
44.88
62.38
69.39
69.99
76.53
78.38
72.90
70.66
62.04
69.66
68.45
67.09
59.48
67.94
66.10
53.60
52.82
51.26
46.92
46.45
43.75
44.83
41.18
42.43
42.95
61.36
71.95
68.67
70.08
68.66
65.07
71.28
61.01
52.63
52.07
46.20
50.22
51.78
59.28
53.23
60.74
63.20
61.56
61.39
49.42
43.90
45.15
45.79
47.95
64.49
77.35
75.47
77.21
77.61
77.94
78.80
64.58
61.03
55.21
51.19
45.14
52.74
63.20
62.99
62.25
66.70
67.10
66.27
53.79
52.41
49.37
50.34
50.73
70.96
77.62
82.63
82.68
83.73
58.60
78.97
62.92
59.77
43.92
47.83
41.78
40.79
52.67
50.89
53.76
48.92
51.74
55.28
46.27
45.12
45.09
43.93
44.13
60.31
64.36
62.19
66.65
68.03
67.72
73.02
61.57
61.37
68.51
64.17
68.53
74.37
73.27
77.30
77.22
73.56
74.19
75.63
54.30
50.50
48.15
48.35
46.63
70.23
78.80
81.64
87.13
89.42
92.37
90.70
85.94
83.73
78.68
80.26
76.01
70.88
79.94
81.12
79.38
75.15
71.75
75.66
56.11
49.44
48.55
49.62
48.73
76.17
81.80
82.83
85.64
82.43
80.42
79.42
76.89
66.87
67.75
62.08
52.26
50.40
62.69
61.30
68.34
66.35
66.41
69.63
56.35
49.43
49.14
48.69
48.93
71.02
79.84
81.50
80.96
85.85
88.41
81.27
77.11
70.84
47.73
47.54
48.39
44.68
45.83
52.72
58.14
57.79
56.92
61.97
51.09
49.68
48.56
48.55
48.59
67.43
74.55
76.13
76.12
75.41
74.29
81.14
57.90
48.68
35.98
35.03
32.07
33.51
39.77
44.07
49.86
52.71
55.14
55.32
49.40
47.58
49.67
48.26
47.95
67.29
71.18
67.15
70.27
65.02
62.53
63.13
56.78
39.79
34.11
35.96
49.76
43.85
41.33
40.21
37.61
37.34
40.31
39.16
35.88
34.54
35.22
38.71
39.56
52.14
52.85
58.16
51.93
44.66
41.38
50.42
34.70
32.47
33.00
31.68
32.61
32.50
36.03
36.68
38.04
37.67
32.95
31.25
29.41
30.06
33.95
34.63
34.90
46.21
52.55
54.27
51.13
49.32
50.11
55.82
54.22
55.91
56.40
60.76
52.42
46.50
45.79
49.20
47.90
45.11
42.53
38.99
43.26
38.33
39.08
39.56
39.06
47.17
52.60
49.82
56.53
46.04
48.18
43.09
43.88
59.81
61.10
60.01
62.77
63.89
64.96
68.60
61.91
45.09
38.81
36.08
35.96
32.40
36.11
40.50
38.37
46.38
45.03
48.78
50.06
51.59
49.51
48.44
45.83
44.62
55.74
56.17
69.30
66.46
73.97
71.32
66.13
48.16
51.44
51.56
41.75
38.70
36.72
42.47
44.27
55.01
59.14
67.34
75.16
68.87
64.92
50.81
59.79
44.68
63.51
75.69
57.88
56.18
50.58
51.79
49.64
37.23
33.60
33.55
35.19
37.70
38.96
38.19
45.24
51.51
51.73
56.14
55.26
59.49
55.77
52.17
52.40
48.38
55.68
60.06
46.24
41.97
48.40
49.72
48.83
37.05
33.42
39.26
38.09
37.85
40.45
44.31
41.17
50.37
55.51
52.97
52.61
44.83
55.65
52.40
50.34
64.57
67.65
61.50
65.22
63.96
74.61
65.64
53.54
38.17
32.97
31.71
30.01
29.37
29.65
28.38
29.24
37.05
45.46
39.97
37.08
48.14
50.94
50.82
40.41
48.99
55.76
58.66
62.17
56.37
68.58
61.46
62.42
41.01
34.82
31.77
30.85
31.23
30.02
27.93
29.71
32.95
30.90
36.62
45.47
55.52
52.44
55.37
62.01
52.19
63.39
52.47
59.15
52.82
79.29
69.85
82.10
59.78
46.37
37.73
34.70
31.11
28.42
28.59
28.62
31.25
32.52
43.72
46.16
42.00
48.26
67.04
63.32
53.64
48.65
63.19
59.11
56.48
74.16
77.07
72.66
60.04
41.17
46.68
39.72
37.48
41.84
41.43
39.66
52.65
57.10
63.88
72.51
66.22
52.54
48.58
44.20
42.81
51.18
42.60
42.07
59.34
78.89
70.65
64.11
57.77
56.42
56.36
37.87
43.22
39.93
41.27
42.71
57.63
56.32
67.49
77.36
73.44
75.80
64.41
56.26
48.66
59.12
36.37
41.29
40.33
51.63
48.97
47.03
34.17
30.12
30.08
32.03
33.10
34.77
34.05
39.42
46.79
48.70
52.63
48.05
54.85
58.46
61.36
65.05
62.78
59.94
63.71
65.17
58.24
60.13
58.79
64.19
62.77
61.65
62.59
50.95
41.05
44.34
39.04
41.03
52.65
59.18
58.38
58.25
48.66
53.17
64.42
62.67
65.09
70.59
63.44
73.70
74.32
77.93
89.87
77.19
76.15
60.51
58.79
50.57
45.93
42.99
46.87
43.16
69.10
69.21
70.07
64.57
66.53
66.65
69.24
70.92
67.17
64.02
50.41
42.42
48.14
69.85
69.92
55.00
47.05
40.82
47.09
39.71
37.20
38.48
37.69
43.22
60.97
70.81
66.39
65.91
62.59
55.47
53.48
42.69
43.31
53.99
66.89
71.93
74.17
71.85
71.85
72.66
62.73
56.17
64.90
51.05
44.23
42.90
42.19
44.95
64.74
72.72
70.57
69.29
72.74
69.23
73.39
75.84
72.33
72.05
60.14
59.83
52.51
73.05
73.18
74.62
53.02
42.04
39.27
34.32
35.24
38.89
39.64
34.10
48.69
50.30
50.42
39.75
36.54
32.48
28.21
39.79
56.40
51.48
63.50
62.84
51.66
59.38
72.15
61.85
46.43
33.61
31.22
30.15
27.77
27.32
28.24
32.82
40.81
41.52
45.47
56.57
52.54
58.04
56.17
47.37
59.91
70.62
64.60
54.25
55.46
59.24
56.59
48.60
35.21
29.94
30.09
28.99
30.18
35.49
37.59
36.92
44.90
51.96
44.03
40.35
48.29
35.24
31.45
45.50
50.12
64.07
48.53
42.18
43.19
48.30
48.38
47.36
39.93
32.91
32.72
31.72
30.97
29.70
29.99
30.87
37.58
35.33
38.98
47.82
48.68
38.17
42.50
52.83
64.46
64.44
63.06
70.35
66.96
70.52
71.18
61.92
48.87
46.79
37.27
31.17
31.81
32.85
32.07
32.49
39.19
38.07
37.76
47.82
55.73
53.80
54.83
69.65
52.61
65.00
64.56
65.72
63.56
70.16
70.95
69.85
45.85
37.02
36.11
37.89
34.99
33.49
34.89
35.15
37.36
37.01
45.89
51.84
63.47
58.77
66.08
64.24
51.81
64.19
69.92
69.10
78.81
84.12
83.02
78.87
63.92
42.01
40.47
37.80
38.38
38.91
39.26
40.67
55.94
56.55
55.77
65.02
56.68
59.77
46.04
37.35
54.82
48.67
58.84
61.48
53.18
58.83
65.78
73.77
65.63
40.41
36.11
30.85
28.07
27.13
25.85
31.07
46.30
48.53
49.18
43.73
41.25
56.09
46.01
44.31
74.70
62.23
55.25
69.50
53.61
54.06
52.52
50.42
43.71
33.84
32.18
29.40
27.58
32.11
33.84
33.17
42.67
45.91
54.51
63.69
47.37
49.96
50.58
47.03
59.45
52.76
57.97
63.58
57.03
60.44
54.21
44.50
34.74
30.41
31.29
28.35
28.69
33.74
33.48
35.08
43.28
50.54
46.63
50.99
54.48
58.14
76.69
69.84
69.47
71.55
66.10
63.95
65.56
68.35
71.32
62.66
55.08
49.95
51.96
37.74
34.44
34.22
33.49
36.76
49.33
60.66
59.41
54.77
36.47
28.78
58.29
57.34
47.10
45.47
47.18
44.64
52.72
52.23
53.19
52.00
40.26
34.40
33.74
30.43
28.87
28.68
29.29
29.64
31.08
31.37
38.19
38.15
52.61
47.81
49.08
45.70
47.84
53.64
47.84
45.68
48.89
66.72
61.78
50.79
36.38
31.59
29.96
29.40
28.14
28.10
27.35
26.89
28.43
32.23
37.41
48.84
47.02
30.17
42.62
49.45
61.43
55.45
61.82
52.14
60.57
60.28
75.43
58.67
49.97
44.75
34.03
14.43
29.42
28.22
27.50
33.45
47.73
60.95
60.14
50.76
57.60
62.20
57.97
58.56
61.94
56.78
50.15
49.86
50.84
52.73
54.52
56.76
44.70
41.21
45.11
31.80
29.32
33.18
31.23
35.84
47.66
56.91
55.98
55.12
45.23
44.91
49.55
55.68
55.78
59.78
60.97
60.65
59.86
61.90
68.50
67.32
50.70
48.02
44.78
35.36
27.68
28.11
32.18
36.51
45.81
50.53
55.96
53.58
42.67
42.73
45.42
56.19
47.84
52.76
51.85
48.71
44.59
55.00
56.36
57.83
46.60
44.34
43.88
34.85
30.27
29.20
26.73
30.41
44.37
58.24
48.09
38.33
44.25
51.31
62.82
68.94
52.23
55.48
54.94
53.00
54.12
56.19
56.70
56.75
41.53
42.11
42.84
32.68
31.07
30.52
30.73
31.08
41.47
53.41
54.47
45.06
51.18
56.54
62.40
62.92
64.99
60.13
61.89
62.25
58.45
64.12
61.38
58.99
46.88
44.47
40.85
32.76
30.72
30.36
28.04
31.63
36.32
54.09
59.62
61.15
50.06
59.04
56.63
63.09
63.10
61.18
57.07
59.27
52.85
60.11
65.33
53.87
48.45
42.70
43.82
31.33
33.00
33.01
31.20
36.35
44.45
58.96
53.80
44.62
46.06
53.82
52.94
57.75
55.85
65.66
65.38
68.55
69.65
65.38
65.73
59.30
53.60
47.70
48.22
36.43
31.37
33.01
33.64
36.96
50.17
57.59
57.30
48.93
48.20
63.00
66.02
59.86
72.11
70.34
69.80
71.79
74.87
82.64
77.95
71.88
60.11
52.37
52.63
41.47
34.10
31.06
29.42
34.51
41.21
44.83
58.12
53.68
46.06
60.23
64.34
60.08
77.10
77.51
69.51
74.16
61.00
62.44
60.06
58.06
44.61
46.64
45.27
37.28
28.88
27.67
27.41
34.40
44.11
54.78
56.14
51.69
45.11
59.97
62.64
72.18
66.07
73.10
73.20
72.29
70.14
78.61
63.48
66.44
53.06
41.18
48.00
36.75
30.22
28.39
27.80
30.63
37.24
39.68
54.20
44.93
50.16
59.24
56.75
59.86
59.20
57.79
60.65
59.99
59.01
60.22
63.04
63.36
51.84
45.81
44.91
36.18
27.44
29.59
27.26
31.35
40.60
44.98
50.41
48.85
55.57
60.30
59.26
62.19
63.90
64.05
62.95
67.95
62.80
67.83
64.91
61.44
45.78
42.84
45.31
32.89
29.83
30.47
31.76
35.03
39.67
47.89
53.30
48.35
48.15
58.69
61.63
55.38
45.91
51.93
50.67
54.69
54.51
60.24
59.96
51.05
50.78
50.11
50.18
37.19
38.35
42.29
38.81
40.26
51.76
61.29
61.00
51.81
49.09
50.05
49.65
30.95
60.55
64.16
62.20
64.71
61.78
66.84
57.01
62.55
50.13
49.24
46.19
35.51
29.22
27.14
26.56
32.49
40.04
46.54
45.20
45.62
60.68
59.77
52.35
58.37
55.82
55.12
50.74
54.82
57.71
58.73
60.54
59.32
52.45
48.41
47.82
34.35
27.92
27.37
29.25
32.97
47.12
46.37
35.74
49.68
46.93
45.22
45.00
55.61
53.34
53.01
53.92
53.87
54.00
59.71
53.60
56.76
47.34
47.25
45.42
37.76
34.68
33.22
34.21
39.99
49.61
57.13
53.81
48.33
48.30
49.53
51.68
53.87
56.58
57.49
56.69
57.31
55.03
59.85
59.41
59.99
48.21
44.54
46.78
37.89
30.83
29.72
31.89
34.37
43.39
49.85
54.33
46.84
59.78
54.31
65.10
53.02
59.87
55.20
56.70
59.56
59.08
61.16
54.26
56.56
46.07
46.07
45.06
34.50
28.89
29.28
31.42
34.13
39.45
45.04
48.78
46.50
49.12
56.02
59.51
58.51
58.95
60.28
56.81
55.42
52.80
49.55
54.16
50.92
47.00
44.28
40.97
36.87
28.69
26.75
27.46
31.82
44.02
48.48
39.76
44.34
53.80
46.31
53.87
49.20
49.82
49.86
49.25
47.51
52.16
52.18
51.91
51.92
47.15
49.76
45.04
35.37
32.30
33.27
34.86
38.21
47.24
52.70
49.35
45.51
45.32
46.57
48.61
51.05
45.87
51.39
45.28
56.85
61.82
65.64
64.86
63.81
47.67
49.46
48.28
36.97
33.32
30.95
30.53
34.96
41.56
47.26
52.17
57.89
60.34
65.84
60.11
67.15
62.22
62.49
60.10
62.16
61.99
66.26
62.06
57.33
48.12
44.06
45.09
34.62
30.36
29.33
30.94
35.13
40.06
44.50
51.02
52.88
55.34
56.57
54.76
60.88
56.69
59.48
58.98
56.54
54.35
60.29
58.76
63.87
49.53
48.50
45.75
36.64
31.09
30.25
30.36
34.99
41.51
45.43
52.30
52.43
52.81
56.03
58.04
57.85
55.84
56.70
56.98
55.86
54.03
61.22
56.26
58.77
44.58
42.76
41.47
35.95
27.39
28.25
26.68
32.77
39.81
49.20
56.23
54.46
49.82
57.74
62.49
58.76
55.63
57.32
56.22
55.31
56.54
58.79
57.65
58.83
47.38
46.39
46.44
35.00
28.72
26.12
27.78
31.75
38.40
47.30
51.50
56.44
57.15
60.97
62.31
62.35
59.15
57.52
60.39
58.91
59.17
59.43
60.41
60.48
42.83
39.38
39.01
31.08
27.60
27.84
26.81
31.87
37.65
44.92
50.07
53.95
53.35
64.90
57.08
59.54
52.68
57.97
59.69
58.69
55.92
61.51
59.54
55.86
46.14
41.12
38.36
31.72
26.28
26.46
26.44
30.78
34.80
38.29
48.77
52.30
53.31
56.62
56.52
54.92
55.81
55.44
56.50
55.62
53.00
61.94
56.38
54.88
43.55
42.40
40.39
31.43
27.78
28.14
29.77
33.60
35.94
41.05
51.20
53.29
54.34
60.23
55.17
59.44
64.50
58.39
56.88
59.25
56.51
60.23
59.47
57.45
46.70
41.67
40.21
32.58
29.02
27.86
28.44
33.95
36.25
38.17
46.53
50.31
49.89
54.95
54.90
63.15
63.60
62.84
62.86
64.90
64.42
72.75
66.83
64.58
47.56
46.28
38.73
33.31
29.90
27.30
27.34
32.00
34.22
38.12
44.29
49.85
48.47
48.61
50.08
53.68
54.09
51.84
52.33
54.31
52.74
57.44
52.95
56.35
41.57
42.04
41.91
35.52
29.53
29.53
29.49
34.25
39.69
39.45
46.51
45.10
47.02
47.76
46.16
48.12
46.56
47.59
48.15
48.04
51.82
51.67
50.35
49.01
42.90
38.61
41.89
30.95
28.52
26.70
26.96
30.85
39.41
45.11
51.21
53.22
54.74
58.43
48.22
55.68
52.53
53.52
52.06
56.58
52.55
57.54
55.32
56.48
44.99
40.26
41.83
32.72
28.84
28.47
28.89
35.16
39.54
46.04
52.54
48.82
55.20
56.99
58.57
56.45
55.75
54.73
58.85
56.25
60.67
58.34
60.55
59.23
49.08
45.85
45.62
35.12
27.51
28.13
26.72
32.51
39.86
45.35
51.60
51.10
55.51
54.96
56.94
55.39
50.87
55.29
52.02
55.99
52.70
58.29
53.88
59.47
47.65
44.39
41.50
31.66
27.58
26.30
27.19
30.85
39.24
41.05
49.01
53.38
52.52
53.04
62.75
63.59
60.75
61.04
70.65
72.17
75.02
77.03
79.85
73.33
55.66
50.78
49.76
41.13
32.52
28.80
30.06
34.14
37.05
43.81
50.83
54.82
58.66
56.52
62.89
80.49
69.99
75.76
74.74
75.68
67.47
72.13
65.03
67.04
53.01
52.35
52.05
40.58
34.51
31.44
31.09
34.77
39.10
43.11
53.43
56.73
59.41
66.68
67.64
69.58
70.63
74.55
73.13
60.04
58.22
59.85
60.54
55.54
47.05
41.30
43.02
34.81
29.12
27.68
26.98
31.66
39.40
41.64
47.36
50.17
50.73
56.56
59.22
54.47
60.31
56.97
62.38
62.53
65.07
70.81
74.53
75.34
60.63
58.54
52.77
33.08
30.43
27.91
29.82
32.98
38.59
44.57
48.16
47.34
49.59
46.11
52.81
49.74
48.89
48.49
56.88
54.75
53.33
57.12
56.81
59.45
46.63
44.16
45.73
36.16
28.99
29.56
29.24
34.11
43.43
47.30
48.53
43.32
47.88
48.55
45.25
45.58
46.31
46.08
45.93
46.80
45.84
46.48
49.75
47.05
44.83
44.79
46.13
36.26
29.79
29.07
28.90
32.92
42.48
46.37
39.33
43.33
45.64
46.97
45.21
45.81
43.79
43.72
43.52
41.49
46.93
46.96
48.67
47.26
46.37
41.89
47.45
34.27
27.65
27.47
27.42
32.38
35.41
41.86
44.98
41.39
24.54
42.33
43.48
41.02
42.24
43.76
39.01
40.70
40.01
46.67
42.26
44.12
42.26
45.28
45.29
36.26
28.30
27.24
27.44
31.81
36.01
44.62
43.72
42.22
41.64
42.12
42.42
39.85
42.96
41.14
41.97
41.00
42.03
46.59
45.44
46.71
44.37
44.30
47.00
36.84
29.57
28.99
29.30
32.46
38.14
45.54
42.66
43.25
40.92
41.70
39.90
43.06
44.47
41.28
45.16
40.81
41.80
44.22
48.07
46.36
46.57
48.10
47.15
38.38
28.82
27.81
29.17
32.42
39.73
45.79
43.05
42.49
40.48
44.59
48.26
50.23
49.54
48.24
55.99
60.59
59.85
70.20
75.47
74.43
69.83
68.26
59.25
43.75
38.76
35.94
33.21
39.67
41.32
44.18
45.42
40.99
40.80
44.85
42.61
47.75
44.93
47.27
48.88
51.83
58.11
60.28
64.05
66.73
59.88
44.78
46.27
34.98
32.00
34.65
30.48
35.74
39.57
39.77
39.06
39.21
42.01
39.95
44.25
42.44
43.66
44.14
41.82
43.92
44.62
47.59
47.96
45.78
42.48
41.16
40.53
30.98
28.71
28.47
27.95
33.01
35.93
39.75
37.77
36.88
37.53
38.57
36.66
39.30
37.27
38.19
38.56
39.34
37.23
42.41
43.06
38.61
41.17
39.90
40.26
31.26
27.81
28.52
27.63
32.56
35.06
39.49
39.39
41.61
40.63
41.80
38.91
40.09
38.97
39.04
38.79
39.00
38.65
42.90
42.09
42.84
41.29
41.24
39.18
30.53
26.43
27.27
27.06
31.95
38.08
45.42
42.82
40.79
42.49
41.15
42.68
39.71
40.85
38.25
37.72
37.92
37.82
42.63
39.15
40.01
42.68
39.29
41.40
29.75
28.07
27.51
29.01
32.77
35.96
39.27
38.97
36.46
37.90
39.84
40.64
39.47
36.61
38.78
34.30
35.52
34.59
41.89
39.85
42.99
40.44
38.09
42.02
34.11
29.49
29.94
29.07
35.05
37.57
44.06
43.89
51.65
52.69
51.79
51.80
51.89
52.26
50.54
49.74
48.13
49.36
54.99
54.38
55.17
45.40
43.44
45.91
33.19
33.14
32.75
33.88
38.37
46.17
58.75
58.81
52.68
40.60
55.01
56.91
54.11
56.70
54.94
50.74
50.40
53.18
57.45
55.63
53.57
44.36
40.72
43.74
34.20
28.43
28.64
28.64
33.98
42.80
47.82
53.44
51.25
48.19
48.13
54.57
55.48
54.93
51.20
52.17
47.03
48.65
57.64
54.55
53.68
48.13
39.99
42.48
33.97
26.83
28.20
58.64
71.62
76.89
75.38
68.94
43.50
47.97
46.67
45.78
40.74
42.57
41.67
40.50
37.69
38.60
41.92
41.59
43.45
43.30
43.09
45.73
35.37
29.99
32.27
31.30
34.48
45.30
49.35
47.75
44.20
46.54
54.00
45.86
44.39
44.84
39.41
41.57
40.43
40.29
46.71
44.33
43.12
41.78
43.39
43.58
31.75
31.08
28.38
28.86
34.68
40.23
47.83
44.12
45.00
42.44
44.42
44.50
47.43
39.40
41.59
38.67
41.37
39.45
45.04
43.71
42.97
42.64
42.79
39.83
29.54
28.07
27.21
27.52
33.15
35.16
41.94
43.06
39.49
38.95
40.67
39.77
38.51
36.71
36.78
37.28
36.55
38.05
39.61
40.01
42.35
39.90
41.92
42.48
32.26
26.55
27.15
28.26
31.71
35.71
39.28
41.97
41.15
40.91
36.81
40.63
41.37
40.37
39.27
38.01
37.54
35.78
41.80
42.23
39.67
44.22
43.95
45.88
31.97
28.95
26.57
27.06
30.49
41.39
54.11
46.96
43.29
41.70
43.51
42.41
43.55
45.37
43.67
45.16
43.49
39.84
49.14
44.33
44.83
44.91
45.27
40.18
33.34
28.80
29.07
27.15
31.97
39.34
45.04
42.14
44.47
43.53
43.75
43.61
45.13
47.74
44.86
45.95
42.93
43.16
46.58
49.31
46.49
46.91
45.08
43.16
34.84
29.61
29.24
30.40
34.05
39.85
46.92
44.04
44.60
44.00
46.40
48.01
43.94
45.09
45.67
43.91
46.72
45.71
56.64
62.14
55.95
47.86
43.28
39.68
32.86
27.99
29.00
27.12
33.56
36.54
42.26
50.35
50.55
49.62
54.74
58.05
57.72
54.78
55.84
57.27
54.59
57.22
59.01
58.71
55.89
46.31
43.32
39.34
33.27
27.10
27.30
28.18
32.23
34.79
40.84
46.62
49.44
50.36
54.39
55.46
54.24
51.43
54.62
50.24
55.15
55.11
55.85
58.18
52.84
45.91
39.87
40.17
33.47
28.14
28.08
28.01
32.81
38.84
39.51
44.16
48.06
48.42
48.31
52.28
48.74
53.44
50.40
55.85
51.89
53.93
58.48
55.23
54.63
45.36
40.55
42.37
30.38
29.24
28.94
27.63
33.62
36.98
38.82
46.28
47.25
53.24
54.73
55.75
53.79
59.72
55.16
58.96
58.09
58.48
64.25
58.66
55.87
42.99
43.33
39.27
32.70
26.69
27.95
26.59
31.94
35.37
39.27
47.27
50.58
55.35
56.41
53.21
56.40
54.08
56.09
56.69
57.24
58.09
57.73
61.37
58.65
47.35
40.85
43.80
31.35
28.47
28.68
28.81
35.05
39.34
41.31
45.50
46.47
48.44
50.45
52.66
48.58
51.94
53.45
54.94
55.47
55.23
57.90
56.46
54.78
43.68
41.22
38.94
29.71
25.16
27.10
24.63
31.17
36.72
39.22
44.39
49.55
51.34
50.52
55.92
55.06
51.81
56.76
59.81
57.18
58.22
59.82
59.84
59.34
45.68
44.24
39.95
32.16
29.75
28.42
28.38
36.14
38.92
43.66
48.39
50.30
48.23
52.37
54.60
54.27
56.81
55.03
57.51
56.89
56.69
59.40
59.74
55.88
45.26
40.36
43.02
28.65
27.11
25.90
25.46
33.54
34.98
36.92
44.79
44.07
49.87
46.49
50.23
46.64
52.65
50.23
52.45
52.85
53.50
56.13
53.42
55.16
42.48
41.97
39.02
33.32
27.37
28.25
26.14
33.78
37.74
38.86
46.94
48.15
50.22
49.00
53.84
54.76
54.74
57.03
58.92
57.01
61.45
60.60
60.56
57.78
42.90
43.52
40.49
31.67
27.24
26.31
26.74
33.24
37.39
41.98
49.20
54.80
52.87
57.77
59.73
61.68
63.75
65.46
66.89
65.98
65.92
65.66
66.76
65.14
61.48
62.34
60.08
46.92
40.82
37.89
35.09
44.28
47.30
48.91
54.29
52.43
55.75
59.59
62.69
60.86
66.23
66.70
67.84
64.58
64.11
67.46
66.22
64.41
62.67
61.43
58.91
40.56
36.67
35.81
35.44
41.57
46.86
47.49
50.12
54.69
54.24
57.27
59.21
63.51
64.96
67.90
67.71
67.68
67.87
69.34
68.89
63.37
60.71
57.90
53.90
45.96
38.86
37.27
32.25
42.43
44.96
43.55
48.92
53.89
56.63
62.16
61.16
58.74
57.94
56.75
62.23
62.50
64.74
62.33
62.28
62.01
61.07
58.23
57.16
43.79
37.63
38.95
38.05
43.99
46.25
51.00
52.17
50.06
55.95
56.79
62.01
59.90
59.65
60.76
60.44
66.44
63.55
61.92
62.27
60.26
56.88
57.10
57.52
44.86
39.46
39.97
39.87
46.07
49.92
52.45
48.44
53.26
47.92
56.37
54.27
59.47
60.91
59.60
60.23
62.57
60.73
61.51
63.13
60.87
58.76
55.06
58.17
45.70
40.37
40.03
41.09
45.21
49.20
51.01
48.15
49.90
47.79
51.58
51.60
53.90
56.25
57.03
60.86
61.22
60.51
58.67
59.64
60.59
59.45
54.17
57.47
42.96
40.11
38.63
38.43
48.45
51.97
52.02
50.62
51.36
50.82
54.77
57.12
55.88
58.82
59.11
59.22
63.54
63.01
63.62
64.32
64.58
62.07
62.40
56.68
48.37
41.70
41.96
41.53
49.15
50.15
53.44
51.23
53.22
53.99
56.77
55.73
60.03
61.95
61.27
65.77
61.67
65.17
63.45
66.00
63.03
60.69
59.79
59.17
46.47
41.91
40.73
41.85
46.22
52.07
54.34
54.37
53.55
59.57
59.68
64.03
64.72
63.66
65.32
67.06
69.17
68.34
69.96
67.12
64.73
60.90
60.19
59.64
45.65
41.43
40.73
40.67
46.64
50.47
56.47
52.57
54.72
61.05
57.09
58.35
61.08
61.76
63.27
67.66
66.14
65.48
64.76
68.58
67.33
62.85
61.94
55.83
46.20
40.47
38.55
39.70
45.66
51.35
52.56
53.33
52.49
51.00
57.09
55.96
58.37
58.36
59.81
58.31
61.62
59.43
60.52
63.00
61.08
59.77
57.77
59.10
45.04
42.13
41.20
41.22
47.20
52.92
54.10
52.86
51.50
47.95
53.34
50.54
55.88
55.73
55.82
55.42
57.51
56.88
59.18
59.16
56.91
54.25
55.96
52.74
45.74
39.17
40.02
38.93
43.65
48.69
52.08
48.65
45.23
46.97
47.34
49.70
49.86
54.13
54.65
54.12
54.79
55.11
54.56
58.35
57.69
53.93
53.43
51.35
41.95
36.79
37.30
38.73
44.84
47.24
49.84
47.97
47.64
52.25
52.05
53.93
59.19
57.59
56.30
57.96
57.23
59.63
60.33
60.09
58.98
52.89
54.71
51.51
42.53
37.30
37.15
36.99
45.04
50.35
52.68
49.66
47.83
47.53
55.79
55.51
58.50
58.87
57.14
56.86
57.05
59.99
59.73
61.57
61.32
57.27
57.24
55.41
44.10
39.56
38.36
38.07
44.24
52.67
51.84
48.86
49.11
51.02
52.90
55.13
56.79
58.13
57.16
57.42
58.27
63.10
61.55
62.83
59.98
59.32
55.44
57.55
42.16
39.23
41.01
39.54
46.94
48.54
53.39
48.96
48.52
50.86
52.90
49.97
54.80
58.40
59.92
58.80
60.80
61.49
65.60
61.74
61.86
60.90
54.99
56.24
42.16
40.24
40.96
39.91
41.67
43.21
57.83
57.86
34.82
53.58
61.15
49.67
56.76
63.52
65.27
65.13
66.35
65.74
67.28
68.17
63.90
63.06
62.07
60.00
47.01
42.21
40.53
39.25
46.55
54.26
50.81
52.13
47.74
54.79
58.46
56.66
61.64
62.38
61.90
62.20
61.94
64.36
66.31
65.35
63.23
61.01
60.92
62.30
50.98
43.20
41.25
43.66
51.93
51.32
55.14
55.13
53.03
55.20
56.09
56.28
59.42
60.98
60.97
63.16
64.19
63.93
65.48
67.42
35.45
7.24
64.36
60.44
45.70
42.13
40.84
39.91
48.55
52.50
50.80
55.42
56.45
54.05
54.23
54.79
59.18
60.74
60.99
63.38
61.52
62.77
62.84
63.00
64.63
61.18
61.93
60.18
50.03
42.40
41.83
38.95
51.56
51.25
51.61
54.20
55.17
51.63
54.12
55.73
62.57
58.89
56.13
58.85
60.80
58.89
57.91
61.67
61.52
57.63
59.28
57.30
40.85
37.60
37.80
38.50
47.72
48.65
50.34
55.04
48.82
49.63
53.53
54.25
55.98
60.48
61.22
60.43
61.12
60.48
59.05
58.51
56.12
58.98
57.52
50.26
43.34
39.83
37.85
34.52
42.33
46.04
47.94
49.94
50.93
45.28
51.00
50.13
52.75
51.52
53.96
60.18
60.53
57.78
56.51
55.58
53.48
55.56
54.56
55.20
41.47
36.29
35.34
37.83
43.38
48.80
48.27
49.02
51.19
48.71
51.54
52.72
54.83
53.43
58.20
58.84
59.23
57.35
58.72
56.16
54.69
53.93
56.15
55.42
42.24
39.57
36.73
37.70
44.71
49.41
50.66
48.24
49.83
47.88
46.98
52.30
49.80
55.35
53.88
57.33
56.91
56.08
54.64
55.88
52.88
57.09
56.83
56.42
43.99
36.67
39.04
39.50
47.45
49.79
52.28
52.97
46.68
52.05
50.69
51.72
52.46
56.79
58.14
59.22
58.04
56.81
56.73
52.40
53.19
55.87
52.83
50.99
39.05
35.54
35.62
35.23
36.77
47.69
51.23
55.94
48.01
50.70
49.66
53.00
54.54
54.17
55.38
53.51
59.49
56.01
55.57
55.65
53.64
56.50
59.13
51.28
47.24
40.44
39.95
38.91
40.65
47.23
49.37
53.39
54.73
51.63
52.16
53.05
55.08
57.32
58.33
58.40
60.17
61.48
59.76
61.47
58.18
57.76
52.27
52.32
39.81
38.53
37.62
32.66
43.68
45.46
46.77
56.08
48.93
50.10
51.15
53.43
58.89
56.77
61.20
60.06
61.67
61.02
59.05
61.14
59.94
63.50
57.79
59.32
46.71
41.53
38.72
40.39
49.98
52.30
56.33
54.37
55.26
50.80
55.04
58.59
56.47
63.72
63.81
63.55
61.96
62.01
59.88
60.48
62.49
62.45
62.47
59.35
43.78
39.12
38.16
35.47
47.29
52.23
53.28
53.92
51.84
51.15
51.75
51.64
57.99
58.56
56.85
59.20
56.47
57.78
57.12
59.10
58.05
55.87
54.80
56.27
44.89
38.07
38.92
39.38
48.63
53.41
50.56
53.98
53.47
50.62
52.98
53.38
53.86
56.13
57.52
58.93
57.69
58.48
57.71
57.42
56.13
60.18
58.57
57.53
43.59
38.82
38.23
38.59
48.99
51.43
51.85
56.60
53.01
50.60
52.55
55.15
56.53
56.42
59.09
58.33
59.81
58.37
57.68
58.15
58.98
59.61
55.91
55.09
45.81
38.96
38.42
38.83
48.62
51.43
52.03
53.16
52.44
52.07
57.16
58.86
59.85
59.63
61.08
62.90
62.71
63.17
62.68
62.50
63.60
63.83
61.06
59.78
48.18
43.46
41.92
40.00
51.53
52.04
52.84
59.22
55.11
54.89
54.60
62.55
62.45
64.05
64.89
64.26
67.56
66.50
61.48
63.66
63.10
64.24
63.78
64.55
49.18
42.13
38.32
39.99
51.57
52.09
50.20
52.04
53.21
52.67
57.65
55.23
57.21
59.13
58.74
60.81
61.75
58.64
58.24
59.23
60.64
59.83
59.51
60.09
48.05
42.64
43.17
41.29
49.46
54.94
52.77
60.41
25.29
49.83
52.64
53.55
60.90
59.02
61.33
62.13
61.59
62.96
61.72
63.99
58.95
64.10
61.93
59.75
50.25
45.42
42.62
45.10
53.29
55.65
54.39
60.42
50.70
48.42
51.04
54.29
56.12
59.36
59.88
61.02
58.86
63.39
61.92
58.84
57.54
57.34
60.04
59.72
46.30
41.83
40.37
38.35
46.60
51.28
51.91
51.02
48.76
52.01
54.48
55.06
60.61
58.53
59.56
58.94
59.37
59.67
62.53
60.94
60.11
59.22
60.49
58.15
44.59
40.25
41.03
41.07
51.01
54.01
52.34
53.97
50.76
51.48
52.65
53.91
57.93
58.34
58.98
62.03
60.06
61.62
62.27
62.63
63.64
64.11
65.22
60.84
46.79
41.01
40.58
41.52
52.27
56.72
55.64
53.70
50.40
51.48
54.08
53.80
57.96
58.93
58.74
59.14
60.41
62.29
63.71
61.93
57.99
56.92
55.14
55.88
44.74
39.58
38.68
38.75
49.12
53.16
54.20
52.82
50.29
52.29
56.26
57.61
55.31
57.73
58.77
60.90
61.82
62.50
65.35
65.59
62.94
68.51
62.43
58.25
44.70
41.49
40.60
41.60
49.22
53.11
54.67
49.85
50.35
50.12
53.10
55.35
52.28
57.99
59.20
61.94
61.06
61.02
59.85
60.68
60.80
58.95
59.54
55.87
43.62
42.57
41.82
43.17
53.07
55.46
56.34
58.47
52.75
55.14
59.28
58.45
59.79
60.11
61.47
60.70
62.90
62.16
63.81
63.65
64.49
64.81
62.62
62.89
51.44
43.73
44.50
45.64
56.53
57.98
58.07
57.44
54.99
55.66
60.25
60.29
60.92
62.97
62.28
61.77
63.56
64.61
65.68
63.48
61.42
64.89
58.00
61.81
46.20
39.68
43.38
41.30
51.62
53.11
55.17
53.57
56.36
54.19
56.72
57.13
57.58
60.16
58.92
60.90
60.15
61.76
63.09
63.05
61.27
62.66
59.52
61.61
46.40
41.45
40.73
41.60
50.61
54.33
54.17
51.79
48.99
52.43
53.02
55.13
56.73
58.29
57.79
60.17
60.02
61.35
61.86
60.91
61.22
61.71
61.41
59.22
46.78
40.40
41.90
40.51
52.40
54.63
57.82
54.37
50.62
49.49
53.52
53.35
56.38
58.11
59.86
59.69
60.55
60.78
62.10
61.47
61.89
60.07
59.38
58.21
45.65
41.36
40.93
41.14
52.10
52.92
58.09
56.29
51.38
54.40
54.60
57.19
58.58
61.39
60.50
62.85
60.24
58.64
54.30
56.24
55.98
56.70
53.75
54.82
43.11
40.42
39.68
39.86
46.42
51.14
54.88
51.73
49.41
50.01
52.09
53.14
51.79
52.58
56.93
55.02
55.66
56.71
55.75
57.64
54.93
59.29
57.09
56.55
42.81
37.68
39.28
37.83
46.71
51.98
56.77
54.15
52.36
51.16
52.49
57.73
61.27
60.12
60.00
58.77
57.84
58.75
60.58
60.39
58.64
57.58
58.44
57.13
45.64
37.50
40.67
37.86
47.48
52.73
53.76
53.69
52.60
53.90
52.76
58.28
58.13
58.49
62.13
61.13
60.41
60.70
61.87
61.47
60.19
60.39
62.82
56.83
46.25
40.55
37.27
38.21
49.69
51.42
54.09
51.50
49.52
51.66
53.21
55.50
56.65
58.70
59.38
59.85
58.79
61.15
60.66
60.26
58.87
56.20
52.69
53.03
45.61
37.81
38.06
36.80
44.87
48.64
53.05
49.58
50.62
52.39
52.45
56.39
55.99
57.63
57.81
58.45
59.47
60.91
61.08
59.79
61.59
65.98
63.91
56.91
46.36
39.04
38.42
39.68
47.48
53.40
54.61
53.85
52.38
56.90
59.13
60.09
62.70
63.41
64.38
66.87
65.24
61.60
64.25
62.12
57.91
58.08
58.23
59.32
46.20
42.30
40.66
42.10
51.38
55.12
55.78
55.38
53.31
52.78
55.14
53.14
55.20
56.32
60.38
63.78
63.95
67.28
68.75
61.51
56.99
61.59
63.66
61.51
46.72
41.43
41.64
39.75
50.89
52.51
56.79
53.75
56.09
57.45
61.53
65.46
65.49
67.10
66.82
67.05
68.27
68.16
64.95
62.33
61.98
68.86
63.32
58.44
45.09
42.27
40.11
39.80
46.57
50.86
55.85
56.60
54.75
53.52
54.91
61.37
60.25
64.05
64.18
64.59
64.46
62.76
62.96
63.02
61.84
67.67
63.76
59.78
46.75
41.00
41.78
42.11
48.56
53.23
55.72
51.34
53.41
54.43
54.11
54.30
55.93
58.01
57.76
57.97
61.75
60.28
58.06
57.28
54.74
56.57
58.42
56.55
45.08
39.44
39.32
38.23
45.74
49.50
49.84
52.81
53.98
54.58
55.77
59.17
59.19
57.36
60.53
60.51
63.01
63.66
59.50
57.81
56.16
60.53
59.04
57.43
45.99
40.45
39.30
38.87
46.71
50.65
54.33
54.08
50.13
50.01
48.38
53.60
54.88
56.45
58.19
56.57
57.63
55.20
55.75
54.43
59.95
62.65
63.89
60.89
46.16
40.30
35.99
38.05
45.37
49.70
49.16
51.36
54.87
56.76
62.58
59.63
59.70
62.34
63.37
62.19
64.42
62.71
66.53
63.05
59.17
61.84
57.91
51.91
42.25
36.84
35.03
35.93
39.44
46.12
47.89
48.23
54.41
59.36
59.97
60.75
68.25
66.25
65.19
67.26
66.73
66.69
69.66
67.44
67.69
68.34
67.49
58.38
46.50
41.70
39.10
37.37
45.98
47.77
46.35
51.60
51.77
56.06
58.04
61.17
63.36
64.71
66.08
65.66
64.23
67.69
64.36
62.96
60.83
60.31
58.43
55.17
37.42
36.21
32.04
35.06
41.39
47.01
52.40
49.38
57.51
60.29
61.56
65.15
67.71
67.13
70.10
72.14
68.30
71.22
71.10
70.45
69.61
62.55
61.80
56.16
43.83
42.14
38.52
39.17
47.84
51.91
53.86
48.86
51.08
53.78
58.12
57.12
59.45
63.49
64.59
62.45
62.67
65.46
66.64
66.52
66.10
65.25
61.09
56.26
48.78
42.07
39.48
37.94
47.32
49.94
49.17
51.84
48.02
55.10
54.05
57.33
56.60
56.34
61.42
62.16
62.39
62.29
61.86
63.94
65.37
63.20
63.03
58.53
44.39
36.10
34.32
36.34
42.36
47.08
49.09
46.62
50.04
47.40
49.06
50.35
52.17
51.98
51.85
56.44
58.58
56.67
60.13
57.54
59.74
60.17
50.72
51.89
37.86
35.07
36.84
36.47
42.61
50.10
48.54
48.60
49.76
56.27
56.07
62.78
64.32
65.86
69.16
70.24
61.97
67.13
68.58
64.37
64.93
57.74
55.19
52.40
36.92
37.69
36.88
35.36
44.17
48.89
51.24
46.66
56.84
54.00
60.15
61.12
68.45
63.76
72.93
74.29
72.05
70.05
70.39
65.21
65.43
67.82
61.63
60.75
43.66
35.86
35.50
35.01
44.58
50.04
49.93
49.90
54.36
52.56
64.95
63.44
61.75
64.30
70.84
69.89
69.20
66.46
68.50
63.31
61.86
60.80
57.21
50.55
42.50
34.97
34.81
33.07
42.54
44.09
52.77
49.62
53.22
52.83
58.48
58.50
60.30
65.21
60.02
62.49
62.95
61.07
63.85
66.66
69.19
69.57
61.88
56.42
44.58
39.74
39.50
40.71
47.63
51.67
52.78
54.06
54.58
53.98
54.63
60.09
59.44
59.26
58.27
62.08
59.67
63.33
66.73
64.87
60.89
62.34
56.37
58.81
41.02
37.44
38.77
36.55
46.28
49.67
53.52
48.23
51.28
57.22
52.91
60.70
63.92
61.63
58.75
61.57
62.19
62.76
59.30
62.64
60.33
62.67
62.11
58.53
45.28
38.67
37.20
37.37
47.32
50.22
53.93
50.38
50.26
57.65
57.87
55.82
55.28
59.39
62.94
60.68
66.65
69.83
71.71
69.50
74.20
71.49
66.41
60.05
47.04
41.80
42.56
41.59
48.58
56.75
58.88
56.52
59.38
59.58
64.86
65.02
63.25
62.06
65.43
66.34
69.23
64.52
67.35
65.40
63.53
69.57
65.27
58.00
43.88
40.14
37.38
40.56
49.19
50.28
52.43
52.58
53.56
57.94
59.84
64.26
62.29
64.44
65.42
68.10
66.93
65.93
68.35
66.44
67.71
67.27
64.38
61.67
45.51
39.92
42.27
40.46
50.16
56.34
54.39
53.90
57.34
60.37
65.09
67.35
68.03
68.22
69.20
69.60
68.54
67.74
66.92
67.45
64.82
57.77
52.48
51.37
51.59
52.09
51.35
49.40
46.95
49.00
55.67
49.51
52.08
59.48
59.23
62.15
62.56
63.32
63.72
70.23
70.00
67.83
64.49
68.39
65.29
64.92
62.69
61.69
58.07
58.55
57.04
59.33
53.24
51.84
55.55
54.67
55.76
58.89
65.70
65.95
67.14
66.44
76.25
79.79
82.80
84.25
85.41
89.53
94.41
87.63
74.54
70.20
66.50
64.16
56.58
56.82
55.81
54.15
55.77
54.87
62.42
66.15
64.10
68.21
70.81
71.76
73.41
67.30
73.15
74.35
73.87
71.81
69.25
63.68
63.56
60.04
61.70
59.55
59.41
60.45
54.82
54.99
57.48
58.99
63.97
70.25
73.91
75.08
75.57
79.18
79.67
80.57
79.26
70.76
69.31
70.56
65.84
65.09
58.81
59.79
61.26
57.10
55.76
55.07
53.61
55.18
54.40
55.52
49.00
59.17
60.78
59.14
63.78
64.03
63.70
65.23
63.27
66.16
65.93
67.08
64.74
63.22
65.28
60.82
60.88
59.91
60.03
60.57
57.15
56.18
55.06
56.73
60.18
60.48
65.21
70.41
63.93
70.51
66.92
67.02
64.65
64.59
67.02
67.94
63.36
63.48
63.30
58.55
44.90
41.86
43.37
38.60
46.11
50.31
52.95
54.02
55.88
55.93
62.02
67.29
63.67
64.14
64.40
70.22
72.13
68.40
68.53
66.10
62.94
64.42
70.53
65.57
48.78
43.18
39.54
40.46
48.01
52.74
55.34
50.82
57.95
61.41
64.97
67.04
68.82
65.86
72.81
70.45
67.00
64.50
65.94
71.48
70.49
69.75
69.00
62.04
51.04
44.04
42.40
43.97
51.87
52.15
63.39
59.69
58.05
61.85
61.32
66.70
68.11
67.61
64.82
62.52
68.02
64.20
64.25
67.78
66.85
64.94
64.99
64.68
47.20
44.00
43.89
41.58
50.34
54.02
59.63
54.78
53.69
58.28
58.79
62.35
60.25
59.11
61.04
60.27
63.30
63.07
64.31
66.35
64.30
64.82
59.89
63.40
48.97
42.64
44.42
42.79
47.27
53.30
55.11
54.49
56.28
56.30
60.58
61.00
62.80
63.79
63.46
69.13
71.35
72.93
74.64
76.02
66.33
61.43
64.32
60.60
49.42
44.84
44.74
42.06
47.93
50.27
57.17
53.66
57.86
57.80
59.96
69.10
67.28
64.27
64.21
65.32
65.25
64.07
66.69
67.37
61.73
63.44
61.38
64.67
49.59
41.87
44.71
43.63
50.07
58.30
59.70
53.75
55.83
61.68
60.50
65.27
64.49
62.02
65.76
64.86
63.09
63.46
61.50
59.72
62.92
59.18
62.41
57.00
45.92
40.69
40.79
39.68
46.48
55.34
57.84
52.28
54.30
59.45
61.35
64.29
62.57
65.07
58.41
68.36
65.64
61.31
61.70
64.43
57.72
55.16
57.80
60.40
46.28
40.03
40.84
39.80
45.70
53.04
49.04
53.69
54.44
60.78
58.84
64.90
63.05
60.74
60.23
62.42
63.73
58.47
59.76
62.05
61.51
60.46
62.77
59.45
45.39
40.99
42.59
40.68
44.41
48.86
50.80
54.46
54.82
59.89
63.01
63.00
65.74
65.27
67.85
67.93
64.00
64.56
66.45
62.48
63.43
62.85
64.45
58.48
46.95
38.92
39.75
41.99
47.60
51.82
53.67
51.69
51.18
58.37
57.09
53.03
54.27
59.30
58.09
59.66
56.97
54.85
55.64
57.36
56.49
55.41
58.53
55.57
41.63
40.83
40.00
39.76
47.93
46.59
48.35
50.16
54.01
53.89
55.10
55.89
55.22
53.88
53.80
57.76
57.02
56.85
60.67
59.30
61.38
55.77
55.56
58.85
44.45
41.83
41.22
40.54
46.08
51.48
51.14
52.26
59.87
57.14
60.91
67.69
66.10
63.05
64.57
64.31
61.55
60.93
59.51
59.76
58.97
58.30
55.15
54.90
39.73
38.20
36.38
36.10
44.11
47.25
55.32
54.34
56.35
56.96
62.91
61.66
62.60
64.77
66.16
64.47
65.02
65.03
64.10
63.96
59.36
55.51
54.63
55.85
41.93
35.35
38.45
38.01
44.99
48.51
56.70
57.05
56.96
65.42
65.88
67.80
69.07
67.92
65.58
69.72
65.67
64.98
67.03
63.99
62.79
58.21
55.56
53.19
44.93
38.90
37.54
36.28
42.40
46.10
51.06
50.85
58.53
55.59
59.33
64.68
62.16
62.07
65.62
64.26
64.25
64.15
64.57
59.72
59.85
57.98
57.96
58.62
47.30
41.56
41.70
42.82
48.42
53.70
49.74
55.50
58.50
59.55
60.31
67.37
65.89
61.98
63.76
64.66
67.40
70.52
70.83
74.57
70.86
67.94
66.78
55.22
45.91
41.45
40.21
41.59
43.64
50.09
48.32
48.71
52.19
57.68
60.07
56.73
62.95
60.04
58.12
61.78
62.37
60.85
62.10
62.63
57.27
56.52
54.84
48.12
43.81
38.88
37.14
30.36
40.95
49.70
44.60
50.55
50.56
55.83
55.03
57.60
58.44
55.93
60.17
58.10
54.93
59.39
60.27
58.30
57.91
55.63
53.19
56.58
41.54
39.24
35.52
35.65
46.08
46.98
52.65
52.74
54.93
53.50
57.11
57.44
57.70
55.78
55.51
59.20
52.69
57.51
61.07
56.34
56.31
52.10
50.78
42.50
33.44
30.81
31.35
22.98
33.71
45.21
52.33
53.80
45.61
56.24
52.37
56.22
48.76
54.34
56.16
57.40
58.08
56.04
53.31
56.15
58.98
60.13
58.14
53.93
36.33
36.34
38.31
30.07
38.22
48.23
53.53
48.67
57.90
60.26
50.78
65.58
59.86
61.32
59.67
60.66
55.37
57.52
55.48
63.29
61.02
53.49
57.36
50.93
46.44
36.35
42.51
36.45
42.15
53.28
52.59
58.88
59.88
58.83
56.54
61.82
58.54
61.73
57.81
59.48
65.14
54.99
56.47
57.59
60.41
56.64
59.00
55.73
43.22
39.99
37.74
37.56
44.94
49.89
57.65
62.65
48.22
62.05
62.08
62.03
66.01
66.92
60.44
66.31
62.44
64.56
55.69
61.25
44.59
57.93
55.53
51.09
42.78
39.69
39.29
28.14
34.10
47.14
45.03
48.77
44.79
56.53
58.79
63.99
60.94
64.27
68.36
64.20
64.03
61.40
49.55
38.19
54.77
58.19
54.48
50.30
44.58
36.17
36.51
32.47
33.31
33.33
35.34
38.70
38.96
35.07
32.19
39.90
40.13
37.90
40.55
41.80
34.33
39.47
45.18
34.63
43.22
31.61
31.30
31.99
30.62
25.99
23.98
24.41
28.24
33.56
37.46
39.10
43.06
51.08
52.20
58.28
45.02
31.30
45.61
52.43
55.89
47.58
48.13
57.52
45.79
40.81
45.01
30.62
31.50
36.56
30.29
23.18
35.81
47.84
51.83
26.59
33.93
45.64
48.24
37.75
46.47
44.12
45.75
51.10
50.83
53.56
44.34
54.51
42.68
44.66
50.91
56.69
43.81
33.70
22.43
28.35
33.93
32.41
35.53
29.04
39.88
53.63
55.83
60.71
57.52
48.51
52.36
55.47
65.37
40.95
44.12
47.60
50.70
54.66
52.22
49.93
29.33
33.25
27.40
14.57
27.25
32.52
41.35
35.27
40.75
32.63
57.28
40.08
39.93
52.44
54.85
46.62
60.95
63.02
62.58
60.90
68.45
66.60
60.54
46.88
45.01
40.12
32.89
36.19
41.82
37.70
46.84
42.53
37.81
47.49
38.44
54.54
55.53
55.87
57.11
38.82
60.22
53.28
47.64
43.01
42.15
54.38
53.14
49.25
33.01
37.11
32.05
33.80
40.88
33.41
31.12
36.59
44.55
47.97
36.33
39.43
53.44
29.49
52.62
55.77
48.31
48.64
46.79
48.32
72.25
72.01
48.16
49.38
46.42
36.60
48.20
33.91
37.74
28.07
39.12
38.93
54.07
46.90
60.49
42.29
48.62
58.15
58.65
50.66
51.04
49.23
47.87
28.45
25.04
53.91
54.89
36.85
40.35
43.37
31.85
35.32
20.71
20.53
25.17
49.86
28.83
33.40
37.93
43.79
38.53
42.35
43.49
32.84
49.91
39.49
51.18
52.64
49.18
58.09
50.35
29.71
30.11
24.38
20.89
32.36
31.06
35.48
48.23
38.79
52.23
52.62
38.15
48.59
41.08
26.27
38.54
56.73
65.82
62.93
61.05
59.84
61.73
61.94
58.88
57.64
39.83
33.93
33.84
32.04
38.39
39.50
41.11
45.29
47.83
60.38
61.97
62.39
60.05
59.61
61.58
57.39
52.90
54.46
61.25
56.70
56.47
62.56
63.48
56.55
40.41
35.04
29.57
30.27
34.88
39.27
46.90
48.77
47.34
63.25
60.23
61.54
59.84
63.07
59.89
62.70
56.26
54.13
60.90
59.48
60.64
57.21
52.99
52.90
34.53
30.65
32.17
31.39
37.29
43.93
50.93
60.83
57.87
56.83
60.06
67.54
57.95
62.65
62.57
59.79
61.75
62.65
73.27
75.76
78.48
68.25
53.60
52.08
34.58
31.38
30.91
34.38
36.69
39.88
43.40
49.20
47.27
52.81
53.31
54.53
47.43
46.35
45.45
42.56
42.30
42.84
47.14
48.62
49.09
50.49
50.38
49.03
35.90
31.15
30.09
28.90
32.37
39.46
47.39
51.36
46.77
50.81
47.27
52.72
46.76
50.22
48.31
46.14
43.87
46.16
45.76
50.56
49.93
50.07
52.13
48.29
37.23
29.41
28.31
28.16
33.33
39.08
47.49
55.14
56.12
49.24
59.80
61.21
55.11
62.07
60.24
54.56
55.26
57.70
66.89
60.35
62.07
63.84
66.10
62.31
38.28
36.51
33.47
32.16
35.11
36.95
47.61
50.99
50.14
55.07
50.63
50.16
45.50
52.01
51.13
49.94
58.29
48.01
49.61
52.53
51.46
50.46
51.80
50.69
34.95
30.28
31.52
29.91
34.61
40.31
47.14
49.47
50.85
55.18
52.23
66.67
67.99
67.72
67.23
63.64
61.80
62.35
66.14
61.69
59.59
57.90
60.70
62.67
47.14
35.76
36.81
31.52
46.72
52.45
59.86
63.13
62.50
64.47
70.00
68.76
65.66
65.47
64.84
61.27
60.66
61.09
62.82
62.20
60.09
63.58
62.98
59.37
47.79
33.72
41.86
38.54
36.58
47.77
58.61
62.33
50.83
71.26
61.18
58.60
53.95
61.00
58.53
60.09
62.47
69.01
72.60
78.21
74.01
75.83
65.08
58.24
38.39
36.13
33.98
31.88
35.38
40.85
51.92
52.08
51.34
53.30
50.16
52.52
50.87
54.76
47.47
49.90
47.98
47.42
51.64
54.88
47.36
56.84
51.91
56.69
39.01
32.16
31.94
33.60
36.97
52.00
61.32
62.17
51.09
53.69
49.24
54.10
49.93
51.89
49.33
50.33
48.97
51.16
55.49
53.02
55.34
54.13
54.39
54.78
41.47
32.94
33.03
32.13
37.34
48.65
58.24
55.07
56.85
54.89
54.80
54.60
56.17
51.35
50.99
61.96
60.73
56.42
65.81
62.55
60.13
64.22
63.26
57.09
40.49
30.62
31.81
31.12
34.72
47.33
54.68
52.78
62.82
69.32
60.08
66.33
64.35
70.98
61.28
64.75
58.85
59.97
62.84
57.60
61.63
58.94
57.49
55.27
33.87
31.65
32.43
28.87
33.50
42.29
48.74
36.83
42.70
56.66
51.20
58.27
50.52
63.65
58.21
58.75
60.26
64.35
70.61
66.75
68.77
65.68
61.01
54.86
38.42
31.61
31.46
31.68
34.37
44.35
53.69
57.44
67.77
67.89
65.98
70.14
66.43
67.70
70.00
68.42
65.07
70.41
76.95
80.11
69.00
67.12
66.37
57.48
36.88
28.92
29.72
30.76
29.18
29.94
31.27
39.91
62.77
63.60
68.68
71.06
64.42
66.70
61.80
61.92
59.04
71.72
79.86
79.37
76.55
68.15
57.37
49.42
35.58
26.19
27.08
26.83
32.14
51.44
57.71
57.19
51.23
48.80
53.71
52.41
52.89
49.49
51.58
52.42
51.51
49.30
57.60
55.40
54.72
57.09
54.19
54.74
38.87
31.86
30.93
31.45
36.14
55.14
63.59
60.03
58.15
52.59
54.37
67.82
77.72
69.91
79.45
66.99
61.80
64.48
64.48
68.82
66.94
69.64
59.58
51.72
37.75
30.30
27.06
27.22
32.81
50.29
61.98
60.67
47.90
52.73
56.84
62.37
52.21
50.97
53.50
55.48
59.35
56.44
60.66
54.50
56.25
53.44
51.76
56.55
40.53
35.98
31.75
33.61
40.03
56.21
72.69
61.76
59.56
63.09
62.10
68.55
58.48
60.11
52.58
57.78
48.81
50.52
53.76
56.06
57.44
51.85
58.70
54.17
37.67
31.62
30.17
29.03
34.78
55.50
56.94
60.82
59.18
57.88
60.93
81.05
53.26
54.91
55.96
54.12
55.09
61.30
67.04
72.89
72.33
70.33
71.37
62.55
46.39
38.78
35.39
37.96
41.43
69.16
74.83
70.99
61.01
67.67
72.74
70.05
63.15
64.44
56.81
57.32
49.96
53.68
58.67
59.61
62.54
60.42
64.30
55.74
39.40
35.73
33.21
32.61
34.93
55.28
67.04
66.08
64.07
68.78
63.78
62.40
60.91
61.61
57.04
56.26
52.61
73.00
76.05
79.98
82.46
81.00
80.18
67.71
44.57
36.77
35.48
34.95
43.06
60.27
74.01
70.68
70.18
68.28
64.15
55.92
58.18
56.83
54.68
55.07
48.79
52.10
53.84
56.71
54.08
65.22
57.94
54.19
46.38
38.95
33.73
36.06
40.41
55.85
71.04
66.63
65.82
59.14
57.61
55.71
55.68
51.13
52.54
51.36
48.16
51.30
50.95
55.29
55.83
65.63
56.91
56.67
43.39
37.73
34.44
33.85
41.44
56.65
70.13
67.15
67.16
64.55
71.09
64.38
60.01
59.35
55.12
54.82
53.02
55.40
66.50
61.71
62.80
60.40
65.54
57.10
43.49
35.45
33.99
33.06
40.39
55.48
70.63
67.02
63.97
61.23
64.97
65.34
58.99
58.91
58.59
57.27
54.30
56.67
62.39
59.42
63.01
57.98
63.89
56.82
42.01
31.72
30.31
27.62
35.13
48.86
53.71
39.42
42.74
47.19
59.99
60.26
63.32
59.37
55.12
54.36
48.68
57.39
57.85
58.67
55.45
59.20
64.21
59.21
43.18
38.78
34.49
34.25
40.54
50.48
73.13
61.58
61.10
54.82
64.52
54.42
56.15
54.19
55.80
52.59
54.00
55.51
58.06
55.97
59.43
57.23
60.76
54.42
43.29
39.22
29.61
29.26
35.00
50.60
62.89
63.61
64.68
58.90
59.10
57.23
59.90
54.95
61.59
59.22
56.20
53.10
58.10
59.20
54.21
60.32
56.53
61.44
42.90
35.53
36.20
35.20
39.87
50.48
67.85
65.83
61.11
61.94
63.10
54.27
57.33
52.85
53.65
49.60
51.99
52.27
56.22
56.81
56.96
61.38
58.35
58.88
44.22
37.44
33.59
32.03
37.02
49.79
66.66
61.28
63.67
59.32
57.79
54.70
54.29
55.06
50.34
53.83
51.66
51.62
55.60
56.29
57.96
56.30
51.23
57.81
41.33
36.57
31.79
33.64
37.86
50.71
64.42
60.83
60.35
60.64
57.53
57.81
53.60
57.95
55.12
54.07
50.77
52.75
56.41
57.22
55.50
57.03
59.40
59.98
43.09
37.89
35.33
36.17
39.82
52.13
71.25
68.01
64.52
59.98
58.51
58.15
57.26
54.60
52.99
55.48
52.31
52.89
58.86
61.29
61.48
63.67
61.30
57.92
41.55
33.15
28.47
28.36
29.00
38.70
52.80
39.20
39.35
50.21
65.47
54.67
62.16
68.35
56.68
50.64
49.82
47.68
61.09
61.90
65.63
62.47
65.27
60.97
43.52
30.16
28.74
29.78
35.43
54.65
56.89
47.18
42.39
52.17
67.97
62.21
62.46
56.67
57.04
55.38
50.83
53.76
61.69
62.19
64.55
62.09
63.72
59.75
41.21
31.46
29.58
29.57
28.30
45.70
53.56
48.52
44.83
39.31
64.89
65.11
64.36
55.88
57.61
54.48
53.25
54.14
60.61
58.58
67.26
63.07
65.30
59.86
43.19
35.80
31.46
30.67
31.53
51.33
75.78
70.85
70.86
72.47
63.48
65.32
54.88
58.87
58.58
53.68
53.22
59.91
62.52
63.06
67.61
64.10
62.15
57.47
44.32
37.79
35.25
34.81
36.51
58.70
64.35
70.77
70.53
68.38
62.60
57.89
57.86
52.98
53.25
53.53
50.24
51.84
57.06
60.23
58.56
64.78
58.33
55.40
46.05
39.18
37.20
39.19
39.62
56.53
68.95
77.36
66.68
65.13
64.47
65.28
62.66
56.78
61.10
55.85
50.16
49.74
62.50
57.42
68.08
65.47
64.37
62.84
43.93
41.36
36.81
37.15
40.42
61.72
76.12
73.38
71.14
71.02
68.66
64.34
62.61
64.39
62.17
65.26
63.20
68.34
71.63
75.24
74.42
72.36
71.43
64.69
40.93
32.89
31.56
28.28
31.36
55.85
55.99
71.38
67.73
62.14
68.52
66.66
67.05
70.35
65.44
67.70
63.67
67.42
71.08
74.20
75.52
78.36
77.09
67.69
46.11
40.50
40.39
34.23
31.16
51.06
66.83
62.41
49.98
48.14
59.18
74.78
74.17
75.38
67.52
66.34
65.84
70.01
72.85
77.47
67.93
63.61
70.12
65.05
44.38
39.53
36.62
36.07
37.45
62.26
76.59
79.12
72.34
63.90
55.92
71.33
67.49
70.27
60.53
59.90
59.11
64.39
74.63
71.50
74.43
71.47
74.31
54.30
39.80
36.91
33.74
33.91
34.54
64.79
75.02
69.50
70.39
62.16
47.99
43.60
59.06
47.90
53.54
55.21
54.20
60.37
63.93
67.34
70.34
70.42
63.07
58.44
44.74
38.49
36.84
37.99
37.33
66.82
68.78
71.20
69.03
64.93
75.17
71.65
72.31
68.83
60.54
61.07
50.69
57.08
67.69
70.36
72.04
73.11
59.26
61.46
43.74
38.29
35.88
38.20
37.26
60.36
70.09
71.64
59.21
58.60
57.36
75.91
73.03
70.80
65.43
61.41
59.88
63.47
71.21
72.66
74.89
79.64
75.66
60.34
45.99
36.15
36.84
37.11
37.38
64.76
70.83
77.08
75.02
69.25
67.26
55.64
62.01
57.94
61.86
61.49
59.70
68.61
72.30
74.05
66.25
60.67
63.38
55.16
45.42
38.91
37.97
36.35
38.65
66.06
75.16
68.13
70.58
69.83
61.19
70.82
70.98
69.30
69.19
65.78
66.30
67.18
69.45
74.53
75.48
73.01
74.99
65.80
42.83
36.89
36.84
36.31
29.61
62.25
74.82
72.13
70.85
69.94
68.09
69.51
69.91
63.29
64.36
59.69
65.22
66.22
67.52
76.81
71.39
71.50
73.66
61.83
44.06
36.87
32.26
30.74
32.53
61.73
67.87
62.52
58.59
56.69
57.21
59.34
60.25
69.59
65.79
55.21
46.76
51.30
65.35
68.15
61.24
65.31
61.92
50.97
41.59
35.03
36.96
36.27
36.22
64.19
76.72
68.69
71.01
65.44
66.00
64.29
61.39
68.39
66.42
60.85
62.02
64.92
66.31
60.69
70.64
75.64
61.73
56.03
43.32
38.64
37.05
35.34
35.98
64.86
71.77
67.01
69.69
66.29
68.11
66.92
70.59
67.31
65.74
62.34
58.45
61.58
67.24
71.61
71.43
72.31
55.13
51.19
43.89
36.06
36.33
37.72
34.85
65.67
74.09
66.66
68.59
66.89
71.32
74.59
73.64
75.73
72.90
66.12
59.07
69.20
77.39
81.55
80.75
80.36
80.57
65.80
47.86
42.63
41.72
41.85
43.09
72.07
80.25
76.81
76.14
89.10
82.64
83.84
78.47
84.37
75.49
70.49
71.60
74.21
75.36
82.11
80.37
80.55
80.73
71.27
47.98
42.82
41.52
39.81
38.46
75.37
77.57
79.91
79.34
78.29
90.54
84.92
71.50
64.89
66.22
58.43
64.95
62.61
70.69
68.95
69.07
72.88
69.46
66.11
39.59
35.08
31.96
27.53
28.99
59.43
78.11
72.87
74.60
71.17
71.67
68.96
60.77
62.57
59.74
53.57
54.86
62.61
64.98
69.14
69.89
70.60
72.10
60.52
44.49
36.29
37.49
38.04
33.82
64.83
71.52
68.61
65.18
77.61
79.35
80.91
69.42
71.93
59.70
67.60
56.48
62.24
66.96
69.14
73.73
70.21
75.14
63.48
43.74
36.41
36.98
37.24
35.65
62.44
68.07
64.88
66.47
59.63
50.85
63.60
70.51
64.13
61.51
57.86
63.89
69.54
72.08
69.33
70.92
74.60
61.83
60.24
41.36
37.26
34.17
29.21
32.80
58.49
65.94
62.41
61.56
53.91
64.36
69.86
66.79
70.38
68.36
71.79
67.92
68.35
70.06
75.58
72.31
74.21
63.61
61.51
40.96
37.62
35.71
30.45
28.94
55.91
62.28
58.76
61.99
65.79
67.18
71.34
74.09
79.10
69.39
69.16
68.70
70.39
74.93
75.05
72.23
63.74
56.91
48.04
40.16
36.56
35.30
33.85
35.76
62.94
76.68
70.87
69.27
65.45
63.87
65.08
68.26
66.15
63.14
64.49
57.77
67.99
71.63
71.86
70.45
63.50
61.96
45.81
34.25
33.35
35.83
34.85
35.64
68.38
75.96
70.92
69.23
65.71
63.79
55.28
48.17
65.09
66.09
57.39
59.34
61.78
66.55
71.62
71.43
68.74
61.22
42.89
35.47
33.82
33.31
34.63
33.82
61.35
70.11
72.43
65.56
61.22
50.12
52.80
47.72
57.65
63.50
60.04
63.38
60.90
69.34
70.38
71.61
70.48
64.30
49.65
33.10
32.79
33.96
34.40
34.20
59.15
70.32
69.43
65.11
56.91
58.32
65.47
71.37
67.50
66.14
61.60
58.28
64.73
71.31
72.27
74.39
74.07
68.23
52.00
35.71
32.85
33.37
34.71
34.50
59.87
66.96
64.40
60.48
64.41
60.07
50.74
43.67
40.97
60.59
58.72
62.73
61.00
67.50
72.09
73.27
72.21
62.26
53.22
38.61
32.83
33.49
36.60
34.10
58.55
69.18
65.01
64.11
60.18
46.30
45.96
45.00
43.26
44.77
41.35
51.40
62.33
69.51
64.53
57.84
57.36
43.93
51.63
41.28
37.04
36.41
37.27
38.96
68.17
76.83
71.84
71.69
68.90
66.59
64.67
61.59
54.56
60.62
77.70
62.56
67.86
63.62
57.71
61.32
61.31
71.00
59.28
41.94
36.71
35.68
37.37
38.19
64.32
78.15
78.02
73.33
76.47
73.80
70.41
65.13
57.63
50.03
43.66
49.19
56.75
61.36
58.31
62.82
64.44
73.49
62.54
43.53
36.51
37.25
37.28
36.93
68.69
79.37
75.99
76.37
73.11
67.62
63.11
56.37
65.11
67.53
55.92
63.12
63.24
74.07
69.14
59.37
77.49
76.37
62.86
44.16
38.21
38.75
37.96
38.93
69.50
80.00
72.36
70.69
69.61
68.59
74.18
68.24
66.91
64.19
66.24
59.43
63.75
68.00
60.66
58.12
61.30
59.85
49.52
38.85
40.86
38.03
40.45
40.20
66.38
76.98
73.51
72.08
75.26
72.50
67.45
59.87
56.40
71.35
59.89
63.37
63.93
67.12
68.66
65.65
64.35
68.19
54.36
43.19
36.96
37.18
37.15
36.62
63.66
75.07
67.70
68.93
67.61
75.57
69.44
56.42
53.22
58.33
62.21
59.38
63.93
67.14
72.51
70.20
77.80
61.15
51.62
41.18
36.61
36.81
36.93
38.53
63.52
69.72
68.50
67.07
75.59
71.60
68.61
68.03
66.12
62.49
68.15
58.87
67.41
73.49
71.86
73.53
73.34
63.47
60.44
43.59
39.17
36.55
37.23
36.93
64.80
72.74
77.17
80.77
70.74
73.38
71.89
72.80
71.11
68.66
70.41
71.23
69.32
73.31
75.03
77.54
73.26
71.01
57.21
41.48
34.64
36.38
35.46
37.23
66.83
74.21
68.24
65.67
69.38
74.91
68.93
64.90
63.85
65.21
73.62
69.79
70.28
70.49
68.15
69.17
68.81
65.88
61.09
45.63
36.76
37.70
37.20
36.58
65.67
75.27
69.89
65.32
70.14
72.64
66.54
65.93
61.77
50.08
57.86
63.54
57.60
63.22
63.81
66.03
68.10
70.96
60.43
42.79
35.98
35.44
36.66
36.74
64.75
74.36
71.85
68.21
72.47
68.83
67.06
67.35
59.24
65.00
72.14
67.69
63.43
65.22
75.76
75.47
70.84
68.09
61.11
42.45
33.86
36.58
36.61
37.10
64.94
71.78
69.74
66.08
67.33
70.21
65.42
68.34
72.64
69.74
66.35
64.84
64.40
67.84
63.73
68.67
68.71
73.51
64.86
41.72
36.09
34.95
36.04
36.47
62.70
72.95
70.66
67.16
69.23
66.14
68.21
67.41
59.45
57.75
51.15
55.50
56.72
64.28
72.78
72.21
70.96
60.99
56.73
41.71
36.38
36.29
36.42
36.58
68.20
77.51
76.22
75.30
72.96
71.21
72.17
72.83
66.42
60.97
58.99
57.51
58.63
64.27
66.82
71.71
69.33
64.04
60.67
43.93
38.75
39.98
40.23
39.73
67.83
77.16
81.98
74.52
73.79
71.70
75.15
74.56
76.03
70.82
69.19
70.69
78.33
75.30
74.11
74.26
74.00
73.42
58.96
43.26
37.07
38.93
37.73
38.03
66.58
80.07
75.68
72.94
75.72
73.87
71.52
68.79
60.78
64.02
76.83
75.93
73.30
71.96
64.90
71.02
73.00
71.81
59.35
