16.62
17.30
16.88
16.78
18.67
16.88
16.80
20.90
22.72
23.26
22.18
24.43
22.20
22.81
22.71
16.98
14.87
22.66
27.03
28.30
20.72
18.49
16.83
16.67
17.05
16.91
18.20
16.54
16.90
16.51
16.54
21.01
21.99
24.02
22.98
22.95
22.41
23.01
22.88
21.32
15.07
22.26
27.49
25.87
23.73
18.29
16.64
16.93
17.34
18.15
16.89
16.65
16.78
16.53
16.63
20.81
23.27
25.27
23.17
23.16
22.63
23.19
23.67
21.63
16.71
19.24
26.42
23.44
23.51
18.69
16.84
16.52
18.75
16.69
17.10
17.06
16.76
16.58
17.23
20.80
23.75
22.14
23.09
23.86
24.37
23.47
23.95
18.71
14.98
16.42
20.81
24.37
19.11
19.26
17.17
17.50
16.67
16.50
17.08
17.26
17.33
18.66
17.22
21.67
21.93
22.34
22.27
23.59
22.36
18.60
15.34
17.76
21.43
17.47
16.31
17.28
22.27
17.32
12.97
18.98
16.89
14.30
17.13
17.61
18.08
18.32
16.80
22.12
22.81
22.00
21.19
15.62
19.46
20.59
14.68
23.26
16.90
21.12
22.45
20.27
23.90
17.97
17.47
19.04
17.67
17.38
17.24
16.87
17.02
17.36
16.48
22.08
22.70
21.59
22.22
23.48
24.45
20.45
14.82
16.04
11.66
13.53
20.42
15.54
23.69
19.28
17.06
18.90
17.23
17.26
17.08
16.72
16.58
17.54
18.43
22.33
22.39
23.18
23.58
22.98
17.92
22.85
22.72
22.17
24.26
25.26
28.46
24.83
18.24
15.91
16.51
18.47
14.99
17.23
17.22
17.49
17.22
17.48
18.34
22.15
25.25
24.70
26.06
20.55
13.55
13.06
14.99
13.63
16.19
21.09
23.53
21.76
14.05
14.26
17.51
15.28
18.50
15.14
17.64
14.80
16.99
17.03
16.77
19.86
23.10
22.19
9.93
15.36
20.42
16.95
12.14
11.31
15.40
12.88
15.47
23.76
15.18
18.91
15.59
19.71
19.20
18.67
18.36
18.32
18.13
18.68
17.99
26.97
27.80
26.47
28.77
23.61
18.63
18.06
22.54
29.33
27.45
27.25
22.70
17.01
21.92
18.53
19.93
17.45
19.54
19.37
19.94
19.70
19.19
19.81
20.26
24.90
24.52
25.30
25.48
23.08
26.03
24.39
24.63
28.23
28.19
32.35
31.19
32.64
23.05
17.41
16.33
17.64
18.12
18.53
19.78
21.31
19.55
19.14
20.01
25.07
25.46
24.77
25.85
25.52
25.25
25.98
20.33
26.27
20.81
23.59
23.35
28.90
23.15
21.21
18.23
20.20
19.65
19.90
20.29
19.55
19.97
19.42
20.78
26.24
27.95
27.50
25.81
25.21
22.40
25.17
27.86
26.84
26.40
26.91
28.22
26.17
22.22
16.05
14.28
16.50
13.81
15.04
16.01
15.26
15.43
16.15
14.53
22.79
20.30
21.61
14.58
13.90
15.60
17.19
13.92
14.02
12.45
13.24
22.43
17.42
18.43
17.97
18.13
16.88
20.13
19.07
19.44
17.75
19.08
19.18
19.18
23.45
25.38
27.37
23.04
21.04
26.75
30.30
15.82
14.78
24.25
25.92
27.71
22.22
16.63
15.97
15.52
17.64
17.07
17.92
17.71
17.68
17.65
17.21
16.86
20.68
22.31
24.30
21.15
16.46
14.80
18.40
27.82
27.34
34.32
27.54
28.92
28.69
22.64
15.14
12.35
12.69
19.03
18.68
13.26
17.01
15.91
16.22
17.80
20.95
21.98
21.34
13.65
15.39
18.82
18.74
23.49
23.53
25.59
26.91
28.46
27.78
27.68
17.56
13.70
14.71
18.19
18.31
18.35
17.90
18.01
18.93
17.62
21.45
23.24
22.52
22.67
17.52
18.08
22.86
22.96
20.15
24.84
25.14
29.38
28.52
27.62
17.06
12.05
14.36
17.33
17.41
18.73
18.49
17.64
18.39
16.71
20.89
22.36
21.81
22.85
19.25
15.45
15.37
26.40
25.32
24.13
24.34
27.15
28.14
25.08
17.81
14.32
15.87
18.74
14.42
17.04
17.35
15.34
17.66
17.45
22.34
23.05
21.77
20.51
14.64
17.97
16.73
14.87
12.77
11.22
11.50
16.50
22.22
13.93
17.71
16.92
16.93
17.14
16.80
17.90
17.36
16.21
16.39
16.61
21.31
23.62
23.98
25.42
24.62
20.35
17.16
25.48
28.84
29.77
26.13
28.27
24.79
20.90
13.17
17.66
17.05
17.90
17.90
17.27
16.98
18.74
16.92
16.78
21.19
26.53
29.59
31.76
23.90
22.37
16.67
22.17
21.62
24.50
28.65
26.28
20.45
22.12
21.47
19.63
19.75
19.64
19.52
19.53
20.67
19.51
19.11
18.34
23.44
26.14
25.39
26.83
25.24
24.41
24.71
20.04
19.61
27.87
30.63
31.27
30.23
23.70
15.56
14.90
18.94
19.23
18.85
20.43
18.64
18.82
18.78
18.87
23.68
26.73
25.94
28.97
28.52
21.66
15.29
17.44
23.24
23.08
25.12
27.61
19.95
15.45
15.02
16.36
15.37
17.14
18.93
18.19
17.52
17.43
17.03
17.47
21.50
22.23
23.21
22.82
23.95
18.34
16.79
14.28
22.35
24.43
24.84
32.07
26.97
21.98
14.63
12.75
17.03
17.98
16.86
19.05
17.43
16.84
17.01
17.08
21.16
22.92
22.83
24.68
20.59
16.77
17.16
23.29
25.54
24.29
27.04
30.88
28.78
21.63
13.82
11.70
17.00
17.10
17.33
17.35
19.30
17.76
18.31
16.52
22.53
24.52
24.73
24.81
25.54
16.23
20.28
22.55
25.85
26.55
27.52
29.66
28.19
22.99
17.71
15.08
12.99
16.13
14.73
18.68
14.71
17.11
17.40
17.61
23.61
21.83
21.13
20.79
12.98
9.38
12.40
12.61
28.93
25.90
26.71
27.84
28.32
27.24
15.17
11.89
12.09
17.82
17.80
13.64
18.52
15.84
17.20
16.88
18.56
22.82
21.99
15.75
16.40
9.89
9.32
17.10
26.38
28.05
25.73
27.33
27.83
29.02
15.88
11.40
11.47
11.47
11.75
16.81
16.57
15.78
14.88
18.56
19.60
20.99
19.00
20.19
12.71
10.02
10.79
20.66
26.53
29.71
26.41
28.56
32.07
28.39
15.78
11.92
13.09
12.32
12.65
15.81
16.97
13.54
16.98
15.89
19.54
21.64
21.68
16.57
23.64
28.29
20.79
19.76
24.62
21.69
23.48
27.12
27.45
27.45
16.43
13.32
11.78
11.57
11.81
16.56
16.86
15.25
15.27
16.54
17.23
22.96
16.66
17.08
11.23
9.54
9.74
9.82
12.78
15.46
26.42
28.13
27.24
28.06
16.33
12.21
11.91
11.82
12.07
15.04
13.57
14.84
11.94
14.56
16.49
16.23
15.99
10.91
15.39
10.91
12.54
13.96
10.86
12.29
12.85
15.59
16.55
18.32
13.69
14.04
16.29
16.48
15.04
17.09
17.27
13.87
18.74
17.16
21.15
22.35
16.37
17.27
24.76
11.24
11.44
12.35
11.98
9.39
12.09
14.25
17.89
20.54
15.68
15.05
16.10
16.98
15.14
17.17
17.28
16.94
17.09
18.87
20.83
21.30
21.42
20.05
22.65
17.26
18.81
22.19
23.36
23.93
22.71
23.20
21.91
23.42
14.96
15.01
14.83
16.79
17.40
15.66
16.44
17.48
17.35
17.50
22.82
24.54
24.41
27.23
23.19
20.09
26.10
19.13
13.80
10.05
14.46
19.73
23.37
19.84
19.27
18.66
16.88
16.90
16.79
16.81
17.01
16.85
18.38
16.58
20.57
25.03
23.18
23.87
24.80
25.00
21.15
21.55
24.67
20.00
21.07
23.48
26.46
20.90
21.93
18.45
18.41
18.46
18.31
18.12
17.99
18.88
18.39
19.70
23.36
24.44
23.58
25.96
31.09
28.01
24.97
22.44
17.38
24.25
31.85
36.48
27.24
27.81
21.69
18.68
16.67
19.00
16.53
16.53
16.86
16.65
15.94
16.78
20.53
21.99
22.80
22.75
21.88
21.92
16.23
16.57
22.30
17.77
20.97
23.39
19.72
24.73
19.23
17.68
17.00
17.91
16.98
18.98
17.37
16.95
17.04
16.85
21.09
22.72
22.82
23.29
22.66
22.51
21.75
18.08
14.66
17.78
14.22
22.76
22.57
22.82
18.57
17.07
17.27
17.29
16.91
16.91
17.73
16.89
18.25
18.09
27.45
27.13
28.17
27.52
25.03
25.32
16.89
14.79
19.26
19.30
20.85
23.38
22.31
22.98
18.83
18.52
17.80
17.73
17.15
18.01
17.61
17.20
17.72
17.39
21.36
26.12
24.56
24.22
23.23
23.33
22.41
17.05
18.50
34.29
25.28
28.34
24.16
22.81
13.50
14.75
17.86
18.11
19.07
18.12
18.47
17.46
17.36
17.43
21.95
24.25
23.38
22.77
20.78
22.22
21.31
14.29
10.50
10.09
11.12
15.81
18.12
22.62
13.03
15.87
17.25
12.00
16.52
17.96
13.44
15.67
16.97
18.73
19.68
18.00
21.73
18.32
14.76
11.15
21.05
15.47
12.31
19.46
17.11
23.41
18.10
17.01
18.06
14.04
15.40
17.69
17.28
13.70
17.46
8.92
15.70
17.61
21.17
20.48
20.84
15.37
15.77
16.92
11.39
9.22
9.41
12.71
9.75
12.19
16.49
18.80
13.89
14.05
15.88
13.47
16.67
13.85
16.63
14.38
18.03
16.71
20.53
21.02
20.88
14.26
14.40
14.30
13.00
12.99
11.51
11.90
9.57
13.64
17.06
17.84
16.99
14.33
18.30
16.61
17.25
16.60
16.97
16.77
16.96
16.92
21.01
22.44
23.94
21.88
21.26
19.00
14.60
20.39
18.44
11.84
13.28
17.66
20.81
17.59
16.72
16.34
16.87
16.89
18.59
16.92
16.82
16.42
16.57
16.60
20.44
25.61
26.96
21.06
33.32
25.67
18.85
22.62
17.39
17.52
18.52
25.23
20.44
24.96
20.00
18.10
18.15
18.25
17.85
17.76
18.09
19.62
17.95
17.91
22.21
24.01
26.03
25.46
23.94
23.30
25.71
24.62
18.34
13.75
21.26
27.06
24.40
17.93
18.72
17.20
16.93
16.66
19.33
16.41
16.66
16.77
16.55
16.23
20.84
22.34
24.53
22.32
27.05
22.53
19.81
17.06
17.24
14.93
17.77
23.45
19.56
23.45
19.31
18.23
17.84
17.08
18.32
18.23
17.01
17.01
16.41
16.02
20.22
21.99
21.37
15.88
22.43
20.39
18.86
26.76
26.24
25.35
30.58
26.14
23.86
26.15
20.64
18.70
19.17
19.19
21.58
19.44
19.39
19.18
18.83
19.99
23.81
27.71
28.01
33.71
33.40
31.13
31.46
28.46
28.95
25.31
24.00
30.87
28.96
29.32
22.83
20.73
22.78
20.57
20.79
20.55
20.70
20.67
20.47
20.29
25.41
28.72
27.44
27.33
27.78
28.51
21.39
25.03
26.41
19.60
20.30
22.51
24.29
28.37
22.31
20.59
20.67
23.13
20.76
20.85
20.94
20.88
20.56
20.78
25.22
26.73
30.47
30.70
32.56
32.19
26.62
23.58
25.18
19.85
16.22
18.35
21.14
22.89
22.22
20.57
20.61
20.56
22.48
20.35
20.57
19.91
20.19
19.99
24.88
27.43
26.23
28.57
38.19
27.39
20.34
13.40
16.07
13.68
14.88
17.12
19.51
18.69
18.40
20.33
20.65
19.50
18.84
20.93
18.71
18.59
19.78
18.44
23.59
24.64
24.85
23.81
25.16
17.82
13.73
13.24
11.97
12.45
19.76
15.08
14.56
14.90
13.83
12.15
10.74
10.55
11.14
10.80
14.07
15.67
13.90
13.97
20.01
18.72
14.74
14.39
25.92
12.33
11.75
11.78
12.64
12.50
12.37
14.04
13.12
13.62
14.38
11.56
11.19
11.50
12.92
15.81
16.54
16.45
16.15
16.42
20.60
20.70
19.58
10.58
10.14
10.55
11.47
12.15
13.20
12.84
21.24
16.07
14.15
15.01
14.14
13.12
13.60
14.24
11.13
11.07
12.59
11.25
10.70
11.20
19.14
19.43
12.71
12.56
10.43
9.63
10.95
12.01
11.56
21.27
20.48
27.33
27.69
27.02
16.23
13.22
13.97
15.31
13.39
14.26
13.42
13.19
12.75
12.79
19.32
15.19
13.05
17.19
15.93
11.24
14.43
24.37
24.24
22.29
25.78
28.59
27.87
26.81
17.72
12.04
12.05
11.37
11.42
12.39
17.63
16.25
13.77
17.50
18.93
21.47
17.67
13.16
9.88
9.93
9.61
18.63
23.73
21.38
22.61
26.45
30.14
28.62
16.08
12.34
12.09
11.79
11.67
12.81
12.19
18.70
16.69
13.80
21.17
20.22
16.40
13.49
10.27
11.95
9.97
18.32
23.33
22.26
24.23
26.56
27.44
27.47
15.90
11.76
13.62
11.98
11.89
15.32
18.13
14.61
15.98
17.29
19.01
21.98
18.08
13.70
11.83
11.84
24.10
31.31
28.67
25.44
25.22
30.66
28.85
28.74
16.58
12.88
11.72
12.36
11.03
10.97
10.97
11.10
11.12
17.27
18.44
14.21
17.28
11.21
11.47
15.34
25.31
23.41
23.48
21.13
21.82
25.95
27.67
27.08
16.37
12.50
11.58
12.18
11.44
12.74
11.47
11.83
11.20
11.14
15.78
14.31
13.22
11.88
12.42
12.14
13.61
21.60
23.84
26.67
24.19
26.09
26.06
27.97
17.35
12.38
11.28
11.37
10.99
11.08
12.00
11.22
10.93
10.94
14.77
16.32
12.30
11.00
13.84
11.36
13.25
12.76
16.08
22.76
25.46
32.69
32.74
29.58
18.19
11.98
15.93
17.40
12.56
17.52
16.91
14.73
16.93
16.45
20.13
21.63
20.12
14.13
15.27
10.61
10.52
8.92
10.01
11.63
10.04
12.59
15.79
12.57
14.06
15.40
14.54
14.30
17.09
15.84
16.18
18.67
17.61
16.85
20.79
22.54
22.85
20.91
10.54
10.53
11.81
10.51
13.47
20.55
23.21
32.16
29.66
27.84
16.06
11.73
11.45
13.23
11.92
12.85
11.54
16.93
14.92
13.76
20.29
18.98
14.50
16.40
19.45
24.42
24.85
25.06
25.82
24.25
13.47
14.38
12.88
15.74
15.19
13.95
15.58
15.61
13.51
16.36
14.52
15.58
16.17
17.30
13.43
22.13
13.55
16.72
16.08
14.27
16.13
16.55
12.29
13.96
20.73
20.16
20.97
16.14
20.14
15.42
20.74
18.17
18.23
15.73
18.99
18.25
17.88
18.94
21.27
21.69
24.23
21.95
19.41
19.46
13.25
16.30
14.09
14.26
19.02
27.08
24.24
23.42
18.28
13.30
18.30
16.36
17.97
18.73
16.28
18.19
17.92
17.90
21.29
24.48
24.72
24.82
22.13
16.09
13.08
12.23
22.08
25.98
29.67
30.41
27.55
25.01
15.93
11.46
13.64
16.52
16.49
15.34
16.12
16.56
18.35
16.10
20.13
23.50
23.26
29.82
28.11
29.08
26.89
28.04
24.41
23.60
23.01
27.32
27.26
28.40
15.35
12.77
11.36
11.30
11.83
16.83
16.86
11.91
15.65
13.48
17.70
19.17
16.98
11.87
10.07
8.94
24.09
24.85
22.39
19.55
21.17
26.34
26.22
26.52
16.71
11.44
12.13
12.85
11.57
11.09
11.15
11.07
10.55
12.32
19.46
17.12
11.90
8.99
9.28
11.99
24.38
24.19
23.08
20.57
19.58
25.12
27.56
26.45
15.23
11.13
11.03
11.69
11.69
11.33
10.59
10.60
10.70
14.48
20.22
15.46
11.86
8.12
9.60
22.74
24.23
25.59
23.88
21.63
20.66
23.71
25.79
25.03
16.81
10.90
10.82
11.58
12.06
11.23
10.75
10.92
12.00
10.45
16.44
15.31
11.45
12.86
20.53
24.54
26.59
24.82
22.82
27.40
26.19
27.21
26.83
24.81
14.43
11.42
11.00
11.10
11.10
11.70
10.96
11.02
10.76
12.04
10.84
11.36
14.94
21.93
25.58
31.27
26.40
25.46
24.17
25.92
23.81
27.95
28.80
27.32
17.28
13.95
13.64
15.60
14.60
13.50
13.94
13.92
13.89
13.64
17.32
21.62
18.50
19.69
23.35
26.93
25.13
26.55
27.45
25.15
30.12
32.52
27.55
26.18
15.94
11.29
11.53
10.89
11.20
12.12
11.23
14.42
16.47
16.56
18.41
21.98
14.62
12.22
12.67
10.10
11.11
22.74
23.45
22.71
22.02
25.88
26.77
27.74
15.93
11.42
11.37
11.22
11.78
12.32
10.99
14.42
16.44
14.17
18.69
19.91
17.73
15.82
16.41
19.12
30.48
27.31
26.23
24.02
26.42
30.18
30.33
30.33
21.87
14.67
13.70
12.84
11.90
12.98
11.77
11.67
11.46
13.98
21.16
20.97
12.87
9.41
10.09
13.13
23.93
23.13
23.10
22.95
20.58
24.49
25.81
26.47
16.46
11.89
12.95
12.20
11.66
11.64
11.50
12.46
12.27
15.82
19.36
18.03
15.29
19.32
35.26
28.53
28.94
32.23
28.90
27.41
27.65
27.04
29.32
27.35
18.19
13.55
15.18
13.41
13.22
12.73
12.55
11.35
10.99
10.89
11.61
9.57
9.21
11.13
23.58
24.69
23.44
23.09
23.70
24.19
30.33
28.42
29.26
27.25
16.52
12.88
13.53
12.98
12.71
12.84
13.62
12.55
12.72
13.56
18.41
19.43
19.50
22.74
27.80
25.25
27.97
25.78
26.25
24.67
23.82
26.79
25.46
26.68
15.68
11.11
10.97
12.91
11.97
12.57
11.07
10.73
10.66
11.52
13.38
12.83
8.80
9.36
23.26
22.80
24.80
22.25
26.25
22.86
28.11
26.29
26.99
28.92
18.29
14.43
10.33
6.73
15.07
13.75
13.63
13.73
13.72
14.36
19.13
22.14
24.51
30.23
26.79
25.73
27.14
25.66
24.55
22.15
22.67
25.86
25.89
26.93
13.14
11.71
11.15
10.93
11.19
12.31
11.21
11.11
11.23
11.54
14.74
13.49
10.73
10.37
17.30
23.73
23.14
27.57
30.71
28.64
29.60
31.05
33.73
36.39
18.60
14.96
12.96
14.01
13.23
13.18
13.34
13.52
11.03
11.53
14.55
13.24
9.99
9.15
11.54
23.05
15.77
21.47
19.57
20.86
21.77
23.43
25.96
25.54
11.51
11.26
11.64
12.04
11.40
11.07
11.21
11.26
11.55
12.15
14.24
9.64
9.22
18.65
32.66
28.78
20.02
23.72
23.21
22.59
21.60
24.71
25.99
25.00
12.39
11.45
11.04
11.75
11.62
11.71
12.64
11.14
11.00
11.15
14.67
10.28
15.04
19.97
24.08
25.02
26.89
25.20
27.31
29.56
27.98
30.65
28.61
27.97
16.64
13.52
13.84
14.16
14.48
14.52
13.36
13.34
13.39
13.57
20.83
24.88
16.17
27.24
23.43
26.19
27.15
26.28
24.63
26.11
24.50
26.28
26.91
19.14
15.11
11.26
11.48
11.43
11.21
12.24
11.16
12.21
11.35
11.15
14.48
8.96
13.27
18.18
15.26
20.83
22.30
27.11
25.39
28.79
32.86
27.92
30.88
25.48
17.59
14.33
14.75
13.92
12.90
12.11
12.29
12.60
11.44
11.50
14.25
11.69
10.19
22.38
27.98
22.14
31.85
32.22
29.96
28.64
29.67
29.00
27.74
28.34
16.92
13.04
14.01
15.02
14.92
13.50
12.89
12.02
13.01
13.01
20.16
17.48
11.00
22.59
25.39
21.58
30.09
28.86
25.83
25.12
25.12
27.30
27.29
25.85
15.64
12.15
11.71
12.30
11.89
11.97
11.27
11.11
11.70
11.13
14.82
14.22
13.33
24.63
25.81
32.09
29.28
28.83
28.50
26.97
26.46
28.25
27.45
27.79
18.80
13.09
13.57
13.89
13.38
12.21
12.39
12.34
13.17
11.87
17.27
11.78
17.12
25.95
23.90
24.62
26.60
22.31
26.24
25.94
25.92
27.26
26.61
28.73
15.57
11.79
12.04
15.32
12.40
13.23
12.27
12.09
12.02
12.75
18.43
16.51
20.62
22.52
24.43
24.44
25.64
28.57
28.17
30.06
27.23
28.39
27.41
26.87
15.53
12.41
13.83
13.07
12.87
13.09
15.00
13.06
12.76
13.07
19.90
15.37
16.80
25.75
27.41
25.24
14.66
20.53
19.44
23.16
23.40
26.19
24.35
14.64
14.93
11.98
11.65
12.13
12.95
14.15
11.87
11.59
11.65
11.83
15.06
10.56
9.49
9.73
9.40
8.84
22.68
25.30
24.51
28.78
24.58
27.98
19.32
23.80
13.84
12.78
11.96
14.00
13.80
11.93
12.48
11.84
11.73
11.62
13.87
16.17
27.84
23.40
17.10
23.46
23.37
24.26
20.50
23.92
26.27
28.44
28.29
24.04
19.24
14.59
12.88
12.51
12.45
12.64
12.84
12.79
14.57
18.10
12.46
12.98
11.72
10.40
10.64
22.62
19.44
22.79
21.16
21.63
23.09
25.16
18.61
24.63
14.03
12.89
12.82
13.96
13.27
12.81
13.05
14.47
15.17
16.14
13.60
10.75
12.95
13.28
17.11
19.77
23.63
25.50
23.94
24.69
23.62
24.43
25.78
26.51
14.77
12.17
12.56
13.74
12.72
12.52
14.43
12.24
12.35
12.08
16.11
12.29
24.23
21.03
32.97
20.16
23.99
25.22
24.80
26.63
26.38
26.98
24.95
26.33
15.39
11.81
12.31
12.46
12.17
12.13
14.52
11.98
12.03
11.81
17.60
16.20
13.68
19.85
26.17
26.40
24.42
24.16
24.31
27.05
25.22
18.46
22.12
14.79
11.48
11.16
11.75
11.04
11.71
10.77
11.05
10.87
11.45
10.93
11.77
12.70
17.55
14.68
17.97
14.37
15.39
17.09
16.84
17.36
16.01
17.56
16.93
16.82
15.34
16.59
14.35
13.27
12.57
12.52
13.62
12.72
12.70
13.33
12.21
11.11
12.38
11.61
12.30
12.16
12.68
12.97
13.16
22.01
29.60
29.49
30.40
27.96
16.64
13.67
13.42
13.13
14.05
13.48
13.35
13.44
13.30
13.33
19.90
23.52
29.31
31.58
27.28
27.35
28.60
27.15
27.08
26.33
26.01
31.85
26.06
25.79
15.87
13.21
12.24
12.49
13.21
12.12
12.90
12.51
12.26
12.17
20.28
20.20
21.06
23.18
24.13
24.20
23.05
24.63
26.13
24.56
24.44
27.00
26.61
27.07
16.97
13.21
12.16
14.00
12.26
13.12
13.22
12.19
13.15
12.59
20.05
20.42
20.59
24.28
23.65
24.52
22.65
22.97
24.84
23.81
25.43
27.93
25.18
26.06
14.56
12.05
13.08
13.01
12.13
12.90
11.88
13.51
12.15
12.06
19.10
20.71
16.71
22.81
27.15
23.71
23.86
24.08
24.55
24.63
24.29
26.57
24.28
25.37
15.26
12.62
12.30
12.72
13.36
12.06
13.22
11.95
12.25
12.15
19.04
21.35
22.68
23.91
24.75
24.55
21.78
23.31
25.68
24.64
24.95
23.39
24.87
26.85
15.26
11.75
11.48
11.48
12.77
12.85
12.39
13.31
12.24
12.28
18.18
22.59
18.71
28.09
24.79
23.25
22.50
23.80
27.01
24.50
25.09
26.33
25.87
23.99
13.92
11.84
11.54
13.28
11.04
12.09
11.39
11.26
12.26
11.15
17.75
19.93
22.20
25.24
24.66
26.34
24.84
26.12
26.93
26.24
26.41
29.08
28.21
25.12
17.61
13.82
13.85
14.34
13.02
12.73
13.90
13.00
13.19
13.70
20.47
22.30
23.16
25.65
27.30
25.64
27.86
24.70
24.98
26.23
26.62
26.84
27.13
27.55
16.58
11.52
11.54
12.37
11.39
11.46
12.38
12.31
11.25
11.88
20.72
21.88
22.06
23.53
24.48
25.57
26.00
24.77
26.59
26.62
27.71
30.48
27.15
25.12
15.30
12.64
11.17
11.86
12.40
11.20
11.39
11.01
11.41
12.85
18.60
21.53
19.21
20.65
20.85
24.70
25.10
23.99
24.56
25.25
25.67
26.13
26.42
25.74
15.79
11.86
13.04
13.22
11.80
11.82
11.96
11.31
12.17
11.87
22.59
21.19
21.66
21.37
20.79
21.43
20.28
20.07
20.68
22.73
23.53
24.24
23.48
22.22
16.10
11.24
11.56
12.61
11.91
10.85
11.72
11.46
12.67
11.25
17.44
21.28
25.12
25.31
14.39
21.88
22.70
21.63
21.94
24.51
23.59
24.34
24.92
23.41
14.19
12.00
11.88
11.62
12.42
11.45
11.84
13.68
11.48
11.73
18.74
18.63
22.37
23.08
22.84
23.10
22.81
22.41
24.36
24.35
25.36
25.62
24.77
25.96
14.33
11.39
11.55
12.76
11.69
12.58
11.37
11.75
11.71
13.68
18.40
19.93
23.32
21.66
22.60
23.38
21.19
22.80
23.07
22.41
22.22
25.18
23.45
25.94
14.58
11.74
11.99
12.30
13.60
11.68
12.49
11.64
12.46
11.72
18.34
21.24
21.37
20.08
23.14
25.35
22.76
23.09
24.15
25.76
25.60
26.87
25.07
24.81
15.07
12.97
11.86
12.14
11.06
11.49
11.15
12.08
11.33
11.38
19.33
18.84
22.97
18.81
21.29
22.90
22.15
23.81
24.66
23.63
24.61
26.27
25.90
25.83
14.40
11.24
13.22
11.75
11.71
11.72
12.19
11.14
11.29
11.47
19.38
20.65
20.25
21.96
21.41
21.31
22.25
26.07
23.11
22.84
23.78
24.96
25.23
25.33
15.08
11.35
11.14
11.50
12.48
11.06
11.12
11.41
12.59
11.00
18.80
19.44
19.55
21.38
24.37
22.42
22.58
22.14
23.39
22.50
23.67
26.39
23.87
22.58
14.66
12.10
11.76
12.71
13.11
11.61
12.66
11.58
11.50
12.41
17.51
19.54
18.94
10.12
17.70
16.09
17.02
15.68
21.55
19.80
21.75
24.05
22.94
26.66
13.46
11.12
11.50
11.67
11.32
12.07
11.15
10.60
11.92
12.48
13.44
10.42
11.82
10.28
9.91
10.32
11.50
10.47
10.05
11.26
10.99
13.18
14.15
14.08
11.88
11.94
12.86
11.75
12.15
12.43
12.24
11.76
11.88
11.94
11.06
11.41
10.89
10.68
11.04
10.46
9.56
9.93
9.34
11.09
11.88
14.94
14.60
14.06
13.52
13.35
14.14
13.31
13.35
13.00
12.80
12.96
12.54
12.31
12.03
9.80
5.32
9.61
11.59
9.81
9.77
11.06
10.20
9.60
11.13
13.32
12.63
13.84
13.40
13.84
13.81
13.87
13.96
13.03
13.21
12.48
11.90
11.96
11.84
10.64
10.19
11.02
10.05
10.85
10.48
10.24
10.07
11.28
11.88
14.68
13.08
13.44
12.97
12.56
13.15
12.21
12.13
12.81
12.61
11.59
11.70
12.87
11.25
12.54
9.88
10.10
11.45
9.93
9.90
10.17
10.74
10.24
10.55
12.66
14.19
12.60
12.18
13.43
13.47
13.41
11.96
12.01
12.67
11.64
11.96
12.85
11.29
11.07
10.08
11.00
11.98
13.63
11.33
11.24
12.36
12.88
13.58
16.12
16.29
15.93
15.61
15.44
15.24
14.86
14.32
14.49
13.49
14.69
13.39
13.43
14.62
11.60
11.34
11.67
11.00
12.24
11.45
12.10
11.42
11.63
12.08
14.26
14.38
14.12
14.99
12.92
14.23
13.37
12.97
15.72
12.81
12.91
14.38
13.03
12.17
11.42
11.42
11.23
12.53
12.21
11.06
12.32
11.10
11.29
12.19
14.58
14.89
13.92
14.08
14.71
13.25
14.38
13.28
13.39
13.68
13.00
13.53
13.44
12.29
12.21
11.53
10.75
12.26
10.83
11.03
11.22
12.42
12.39
11.43
15.21
13.99
13.64
13.22
14.07
14.91
14.12
13.04
14.26
13.08
13.76
13.11
12.86
12.04
11.13
12.02
12.40
11.18
11.43
12.42
11.58
12.07
11.25
12.43
13.98
13.67
14.91
13.18
12.84
14.14
13.02
12.60
12.76
12.85
13.78
14.12
12.68
12.03
10.95
12.23
10.55
11.66
11.15
10.82
11.11
11.67
11.18
12.17
14.59
13.62
13.85
14.54
12.97
13.99
13.62
13.13
13.14
14.98
14.24
13.65
13.65
12.98
10.77
11.71
11.12
11.12
11.67
11.14
11.80
11.71
11.25
11.20
13.87
13.80
14.78
13.26
12.75
12.96
13.88
13.34
13.10
12.48
14.10
13.02
12.86
11.90
16.26
19.50
19.81
21.01
19.81
21.46
21.29
21.15
21.00
21.25
24.12
25.80
23.86
14.68
13.60
13.60
13.19
12.43
13.29
13.63
12.68
12.59
13.44
20.14
18.25
10.96
21.55
22.32
20.24
21.97
22.62
22.75
22.61
23.34
25.76
25.89
25.08
15.70
13.01
14.98
13.32
12.68
13.16
13.65
14.37
13.22
13.52
18.83
19.30
16.20
16.42
21.24
20.54
22.51
19.59
20.14
19.05
22.92
24.71
24.61
22.33
15.78
12.26
11.73
12.60
12.04
12.01
12.72
13.55
12.25
11.79
12.57
9.71
10.80
10.82
10.20
9.54
10.00
10.18
10.04
9.89
10.68
12.60
12.42
13.97
13.43
12.44
12.20
12.36
12.85
13.20
13.23
12.23
12.15
13.20
11.57
9.66
9.65
9.71
9.45
10.61
12.88
10.71
9.82
9.72
11.13
14.76
13.42
13.03
12.57
13.70
13.12
12.76
13.84
12.40
12.30
13.11
12.42
12.46
10.90
9.80
9.78
9.78
10.83
11.26
9.42
10.50
10.49
9.66
11.18
13.09
13.70
13.26
12.82
13.98
12.66
12.77
13.81
12.95
13.55
14.03
12.79
13.52
11.65
9.68
9.65
9.70
9.99
10.29
9.68
9.74
9.59
10.75
10.18
12.68
12.42
13.64
12.69
14.20
13.41
13.23
12.58
13.26
13.53
12.82
13.48
12.52
10.88
9.58
9.33
10.83
10.73
9.77
11.04
9.70
9.80
9.62
10.81
13.05
12.53
12.34
12.77
13.72
12.96
12.61
13.61
12.63
12.30
11.86
12.29
12.85
12.25
9.44
9.86
10.83
10.40
9.84
10.65
11.21
11.19
10.55
10.73
13.75
12.55
13.71
12.74
13.42
13.31
12.37
13.95
13.42
12.30
11.98
12.31
11.84
10.78
10.47
10.25
9.73
11.00
10.98
11.05
11.76
11.43
12.06
11.68
15.07
16.15
14.68
15.69
13.97
13.68
14.42
14.01
13.68
14.27
13.80
14.64
15.24
12.73
11.32
10.76
11.11
11.70
10.81
11.62
11.03
11.06
12.78
12.28
23.99
27.22
25.91
16.89
14.99
13.92
13.82
13.77
14.90
13.47
13.76
14.57
13.66
19.97
21.43
21.45
21.65
25.29
25.85
25.50
25.69
25.82
27.15
28.28
29.28
27.67
27.79
17.92
13.42
13.12
14.29
13.28
12.96
14.29
13.16
13.21
15.62
21.65
22.96
21.55
22.28
23.32
24.47
25.05
24.84
25.30
26.19
26.67
28.01
27.90
26.79
16.72
13.18
14.01
13.85
14.02
14.50
14.53
13.17
13.43
14.01
20.87
22.07
22.65
22.74
23.25
23.65
25.40
24.43
26.12
25.80
26.73
27.31
27.39
27.14
17.17
13.18
14.07
13.79
14.64
14.00
13.13
13.36
14.21
13.05
21.55
21.68
23.63
23.68
23.89
24.98
26.39
26.19
25.86
26.51
28.01
30.96
28.76
26.75
17.04
15.11
13.92
15.58
13.54
14.49
13.77
13.65
14.48
13.84
21.63
24.56
26.35
26.82
24.89
25.56
25.66
25.90
27.14
27.04
28.60
30.69
30.12
27.48
18.84
14.27
14.47
13.77
13.61
14.33
14.44
13.69
13.99
14.48
21.57
21.65
22.15
25.43
23.79
24.69
24.58
25.36
26.23
26.92
25.67
29.38
27.21
27.23
16.84
13.53
13.09
12.86
12.48
13.25
12.33
12.31
13.15
13.46
21.29
24.70
24.68
25.12
25.90
26.20
26.22
27.01
27.97
27.21
29.10
31.54
29.24
29.81
18.17
14.62
14.19
13.87
15.49
14.32
14.71
16.63
15.23
14.42
22.56
24.43
24.16
25.49
25.45
25.27
26.25
27.05
28.46
26.72
28.17
30.44
28.68
27.97
16.57
13.63
14.32
13.00
14.13
13.23
12.99
14.12
13.40
12.87
20.99
22.07
22.51
22.74
23.57
22.97
24.50
26.16
24.84
24.48
25.70
29.47
26.88
26.30
16.92
12.86
12.64
13.78
12.81
13.56
12.28
13.57
12.69
12.45
21.23
22.57
22.19
22.91
23.79
25.39
24.93
26.57
25.77
26.53
27.10
30.92
28.63
26.56
16.26
13.72
12.94
13.75
13.74
12.80
13.82
13.54
12.98
13.11
22.61
27.21
28.15
28.98
30.37
30.77
31.70
32.06
31.76
31.61
32.50
35.25
34.91
33.80
32.26
30.42
29.08
29.51
26.99
25.40
22.62
22.80
19.90
22.56
26.99
27.51
28.36
28.37
30.04
29.87
30.79
31.58
32.04
31.93
32.15
34.54
33.22
33.04
32.15
30.54
27.89
25.22
24.43
22.40
21.85
19.86
20.17
20.88
23.64
27.08
26.69
29.02
29.56
30.89
31.08
31.47
31.98
32.70
33.33
34.92
33.51
31.96
31.06
27.20
27.18
26.11
25.37
23.06
18.28
21.94
20.31
15.57
22.93
26.66
28.19
30.01
29.63
29.24
28.73
26.30
28.27
30.42
29.61
32.24
31.40
31.01
30.99
30.59
27.40
27.60
25.56
24.37
24.26
24.83
23.75
25.54
25.26
26.86
27.28
28.64
31.45
29.61
28.69
28.24
29.14
29.93
28.58
30.95
29.50
27.66
26.53
27.10
28.17
26.68
24.16
24.65
24.22
22.92
22.94
23.43
23.24
24.93
22.34
26.67
26.92
28.98
29.22
29.07
28.50
28.73
28.48
30.06
29.88
29.13
28.54
27.79
29.21
27.45
26.14
27.85
27.01
24.76
25.56
24.90
24.71
23.73
24.62
24.46
26.91
25.55
27.41
27.91
28.21
28.36
28.30
30.21
29.45
30.26
28.16
27.96
28.72
26.45
27.49
25.79
25.88
26.83
26.62
24.97
24.29
24.05
26.11
27.55
28.45
27.70
27.83
26.84
28.09
30.01
30.00
33.48
33.23
32.17
31.98
31.42
30.81
29.54
29.00
28.28
27.31
27.33
26.83
26.86
25.94
26.58
27.23
28.30
28.92
28.23
29.12
29.55
30.88
30.70
31.32
32.82
31.93
31.48
31.63
30.56
30.00
30.29
28.36
27.65
27.07
26.71
28.47
28.22
26.19
24.74
25.33
26.36
26.71
27.54
26.13
27.78
29.00
30.27
29.90
33.40
32.17
31.00
31.55
29.05
29.10
26.85
25.54
24.30
24.85
23.66
23.78
24.88
24.86
24.86
29.43
26.40
26.33
26.98
28.81
29.42
30.02
31.66
30.83
33.62
34.29
33.12
32.81
31.23
29.29
26.85
25.42
24.50
24.50
25.26
25.68
24.67
24.93
25.77
25.29
27.96
29.19
27.25
27.59
29.46
27.96
28.58
29.35
30.48
30.40
28.53
27.68
27.87
28.35
27.98
26.11
25.49
25.31
24.79
25.97
27.50
27.62
24.18
23.75
24.66
25.11
26.95
26.07
27.89
27.85
27.71
27.83
29.78
26.81
25.54
26.61
25.25
26.04
26.85
25.62
25.09
24.04
22.68
25.29
24.65
24.45
22.64
22.18
22.43
23.61
24.02
25.14
24.91
24.97
27.14
26.21
27.44
28.13
26.91
26.53
24.73
24.58
23.88
22.97
22.45
24.53
25.45
23.79
24.18
23.55
23.92
25.21
26.24
25.52
25.71
27.16
26.59
26.57
25.88
26.02
29.96
28.42
28.00
25.54
25.03
24.63
24.22
22.98
22.85
22.70
23.10
26.26
25.61
24.36
23.67
22.43
25.32
24.38
26.41
26.36
25.24
25.90
26.52
27.44
28.96
29.48
28.27
27.49
26.87
26.01
25.14
25.02
24.95
23.18
22.75
25.42
25.26
24.13
23.31
23.26
25.30
26.55
26.07
25.54
26.01
25.87
27.20
29.19
28.57
28.95
28.09
27.92
26.00
26.38
25.92
24.50
25.97
23.57
25.43
23.20
26.45
25.03
22.39
23.91
21.96
21.81
24.41
26.59
26.36
26.79
26.63
27.87
31.27
28.65
28.07
29.70
26.10
25.80
24.78
24.60
25.57
25.79
23.44
20.07
10.77
17.67
19.08
25.88
24.25
27.99
30.51
24.04
29.86
29.23
28.54
30.87
32.49
30.44
30.47
28.15
28.04
27.97
24.77
25.22
26.30
24.28
23.79
25.69
25.45
24.90
23.07
25.11
26.38
27.86
28.65
28.30
28.36
27.40
29.83
30.05
32.99
29.66
30.62
28.32
28.72
30.33
28.98
27.36
26.17
28.87
25.36
25.62
25.79
25.38
23.69
24.75
25.51
25.84
25.56
25.51
28.38
28.11
27.55
29.35
30.76
32.08
17.18
3.10
27.89
28.63
29.13
27.23
26.65
26.66
24.43
25.85
24.15
24.43
27.82
24.39
26.95
27.03
27.12
28.75
29.16
32.49
30.95
30.41
30.82
32.08
31.19
31.10
32.23
30.23
29.78
26.85
27.85
26.25
27.34
26.18
25.42
28.07
29.02
24.65
28.44
28.37
28.74
28.12
26.08
28.13
30.12
28.39
27.72
29.50
30.03
28.40
30.18
28.20
26.54
24.67
25.64
27.13
26.53
24.57
25.93
26.79
25.82
24.74
25.41
27.61
24.52
27.93
29.71
28.93
28.61
29.13
27.38
30.97
30.57
28.68
29.22
26.01
24.37
27.32
24.99
23.01
21.62
23.12
22.84
26.17
24.94
21.15
25.55
23.43
25.14
24.58
26.26
27.61
26.78
26.95
27.14
27.52
27.43
27.48
27.27
27.35
25.76
24.20
22.59
25.03
21.38
24.73
22.94
24.42
25.44
23.24
23.35
25.97
27.39
25.53
27.56
28.94
29.03
26.58
29.13
29.78
28.22
25.17
28.17
27.26
26.25
26.26
24.20
23.96
24.26
26.73
24.55
21.61
24.71
23.02
22.67
26.61
24.98
25.56
27.24
27.11
26.88
26.61
27.59
28.66
26.92
28.33
28.51
27.02
29.53
23.81
24.72
26.89
25.00
25.09
25.72
23.90
24.76
26.10
24.86
25.60
27.24
26.41
27.16
28.04
27.85
25.96
27.47
28.03
28.37
26.62
25.80
25.55
24.88
24.46
23.50
22.67
18.66
28.19
24.70
24.77
23.26
22.77
23.30
25.03
25.78
24.82
26.47
24.61
27.92
26.76
27.87
27.25
28.86
30.08
30.05
27.13
27.48
25.54
25.62
26.01
20.96
21.94
24.64
24.79
29.32
23.73
25.30
27.01
25.74
27.20
26.08
26.71
27.63
26.70
24.26
31.17
29.92
29.75
27.41
23.92
23.98
27.77
22.91
20.34
23.37
22.08
21.58
26.55
23.88
24.38
21.83
24.61
26.48
26.64
26.74
27.53
27.31
27.05
26.98
29.52
29.99
28.91
26.59
28.06
26.90
26.84
23.39
26.60
26.97
21.60
27.12
26.94
29.39
24.68
26.00
26.82
27.65
29.94
30.18
30.83
28.91
29.46
28.17
27.81
30.16
28.64
28.67
29.73
28.79
27.29
26.48
25.99
25.00
25.24
24.86
23.62
26.03
24.03
25.53
22.71
27.45
27.78
24.67
27.83
25.56
27.03
27.07
28.56
30.65
26.26
24.83
26.27
26.80
26.65
25.64
26.39
26.02
25.03
25.39
26.64
26.19
24.59
23.93
25.70
25.11
26.56
26.01
28.97
27.98
29.11
27.20
28.90
29.87
27.90
29.49
26.39
25.48
26.02
26.06
26.63
25.80
26.32
26.23
27.77
27.29
23.85
25.99
26.54
26.69
26.52
27.06
27.88
29.25
27.97
27.39
28.85
27.45
27.51
26.97
27.10
28.20
27.34
26.34
25.10
26.42
25.48
25.51
27.98
27.18
24.47
27.22
25.86
27.41
27.57
29.48
30.70
31.26
30.79
30.35
31.54
32.36
31.90
29.88
29.64
30.65
31.58
29.38
25.48
27.17
27.80
26.74
30.18
29.65
27.39
27.13
29.39
29.59
29.86
31.40
29.46
29.58
30.76
29.76
32.60
31.43
30.69
31.65
30.87
29.20
28.58
26.22
26.45
27.14
25.96
24.34
23.69
26.85
22.05
26.23
25.40
26.11
28.08
28.21
28.63
29.75
28.15
28.19
29.52
30.49
29.43
30.41
31.64
29.99
28.80
28.87
29.91
26.58
26.80
26.75
30.63
12.74
24.59
24.16
24.16
27.34
26.12
27.37
29.16
28.22
29.42
28.98
32.08
29.82
31.55
29.62
29.05
30.21
30.53
26.47
27.50
25.95
26.73
27.14
28.89
24.84
24.09
26.85
27.03
26.96
27.88
28.24
28.88
27.46
30.55
28.79
29.94
29.91
29.00
29.37
30.03
28.29
27.64
26.57
26.50
26.63
26.94
24.09
25.06
24.35
25.00
27.39
27.55
28.21
29.32
28.80
28.64
28.58
30.27
32.21
30.46
29.72
29.30
28.57
29.39
27.46
29.39
28.08
28.86
28.02
27.61
26.02
25.73
25.51
25.17
26.15
27.20
27.88
28.23
28.56
29.32
29.62
30.57
32.07
30.22
30.92
30.92
29.24
27.90
27.26
27.32
27.38
27.70
27.14
25.81
26.39
24.19
23.24
23.59
25.51
26.50
26.49
27.44
26.64
27.54
28.00
30.15
31.87
31.88
30.72
27.03
26.65
27.61
25.67
25.65
27.28
26.53
26.21
25.87
26.44
26.57
24.30
24.86
25.48
26.52
27.43
27.90
28.15
28.76
28.54
29.19
31.11
31.69
30.47
30.14
29.68
29.12
28.98
27.87
29.01
27.46
27.60
25.49
23.74
23.68
23.22
23.55
25.13
25.56
24.38
26.67
28.27
29.15
30.11
30.01
32.33
30.74
28.97
27.32
28.45
26.95
26.07
27.14
25.66
27.49
24.88
27.62
25.31
26.44
24.47
24.31
25.21
25.80
26.88
27.17
27.68
27.68
28.97
29.70
28.86
29.85
31.26
30.48
28.98
29.14
29.17
29.25
28.20
28.37
27.11
26.34
26.88
26.58
24.37
26.08
27.69
26.41
27.31
28.71
28.57
28.76
28.69
30.52
33.09
32.25
30.14
30.30
28.36
28.02
28.99
26.96
29.28
27.40
27.27
26.84
27.28
26.66
27.69
26.66
27.47
27.65
28.31
29.03
28.32
29.78
28.98
30.92
31.41
31.55
30.10
29.83
30.10
28.47
27.99
27.92
28.33
27.33
26.19
28.00
26.60
24.66
24.00
23.74
25.63
27.06
27.30
28.33
28.22
29.27
28.33
30.43
31.89
31.24
31.16
29.79
30.21
28.42
28.72
28.61
29.05
25.68
26.64
26.75
27.78
25.41
24.52
23.93
25.76
26.19
26.56
27.86
29.18
28.80
29.03
29.30
31.55
31.14
30.62
29.40
27.63
28.73
28.68
27.04
28.02
26.73
27.23
26.51
28.27
25.38
24.09
25.77
25.29
27.28
25.95
28.30
27.03
28.27
27.87
26.93
28.10
28.56
27.43
26.07
26.94
26.62
26.84
26.32
26.94
26.24
26.04
26.82
26.60
24.36
22.37
22.95
21.78
24.09
24.30
24.62
24.97
25.80
24.32
27.07
27.92
28.17
29.24
27.74
26.97
27.07
26.62
25.79
27.04
26.53
26.29
27.24
26.38
25.65
23.30
24.53
24.17
25.79
25.57
26.12
26.70
25.95
27.20
28.02
30.30
29.20
29.25
27.63
27.30
26.68
27.89
26.04
27.65
26.01
26.64
25.43
27.28
25.40
24.22
25.53
25.11
27.08
25.78
27.60
28.60
28.23
28.03
29.57
32.17
29.75
28.30
28.42
29.64
27.57
28.26
28.79
25.89
26.78
25.23
26.05
27.67
23.74
22.80
26.21
25.11
26.90
27.28
27.69
28.97
28.57
28.40
30.18
30.79
31.57
29.29
28.04
25.86
25.27
26.50
25.05
25.94
25.61
25.65
25.42
25.64
23.73
23.73
24.41
23.95
25.61
26.45
25.66
28.50
27.75
29.13
30.09
31.20
29.70
30.81
28.58
28.30
26.65
26.92
27.46
26.83
27.96
25.47
26.71
25.30
24.03
25.30
27.04
26.34
27.65
30.23
28.94
29.99
32.02
30.94
31.26
32.05
31.25
29.04
28.29
27.64
27.69
27.98
26.87
27.28
27.15
26.22
27.54
24.70
27.62
28.07
27.40
27.90
28.37
28.72
28.74
28.76
32.07
30.34
32.68
34.84
32.14
30.27
31.24
33.05
32.74
29.70
28.89
29.34
28.36
29.24
27.72
28.99
28.06
29.08
28.99
29.29
31.41
31.50
32.43
32.18
33.28
33.30
32.94
35.04
31.76
31.72
31.38
30.33
29.54
29.20
29.46
28.57
28.03
27.61
26.76
27.04
27.26
28.09
29.92
28.97
29.92
30.52
31.87
31.80
31.55
32.24
33.33
33.02
32.20
31.22
30.09
31.89
31.36
28.29
28.69
28.73
29.64
27.38
27.62
26.07
26.50
28.23
26.95
27.64
28.30
30.11
29.47
30.79
31.15
30.70
33.35
32.53
30.26
28.80
28.65
27.88
27.27
27.29
25.92
27.36
26.29
25.26
26.52
25.98
26.62
27.76
27.06
29.03
30.64
28.75
30.25
31.25
29.90
31.12
32.73
33.92
32.42
31.66
33.17
31.67
29.58
28.39
26.28
27.23
27.09
26.08
26.27
27.59
25.72
24.97
24.27
23.31
26.46
27.73
27.06
29.34
29.04
29.02
30.15
30.89
28.47
28.80
28.29
27.58
27.91
28.42
28.74
24.48
27.07
24.88
24.26
25.74
24.34
27.39
28.25
28.83
30.76
31.07
32.11
31.66
30.35
31.27
33.62
35.26
34.00
32.93
32.24
29.59
28.65
27.44
25.70
27.14
24.11
24.78
24.14
27.08
25.81
27.13
27.43
27.89
31.20
30.58
32.22
31.80
33.27
32.78
34.33
36.05
34.28
36.88
35.23
32.19
31.27
29.24
30.59
28.56
28.06
27.45
26.38
26.98
28.49
26.86
27.72
26.58
32.26
30.58
31.35
32.20
32.68
33.08
35.26
33.67
32.38
33.92
30.53
31.10
29.24
28.27
25.83
26.03
25.46
25.26
23.28
24.55
25.34
27.06
29.72
30.86
32.12
31.14
31.33
33.22
34.78
34.43
36.54
36.86
34.49
32.94
33.47
30.59
30.66
28.79
30.26
28.72
27.06
26.66
27.48
29.88
25.54
25.89
28.83
32.24
31.69
30.61
32.98
32.73
29.60
32.15
35.23
36.52
35.14
35.07
34.68
34.42
31.02
30.94
29.35
29.52
28.88
28.65
27.72
27.87
26.29
25.25
28.75
30.81
31.04
31.31
28.91
29.15
31.62
30.26
31.51
28.99
32.63
30.23
31.05
30.57
29.52
29.63
26.66
27.54
25.28
26.70
23.85
27.16
25.61
25.53
24.62
24.76
25.29
25.44
27.51
27.68
26.56
27.71
27.36
29.99
28.47
30.04
27.38
28.37
26.23
27.12
26.29
27.26
26.91
25.86
27.33
27.45
27.74
25.60
28.24
29.42
30.92
31.21
31.94
33.04
34.84
33.08
32.56
34.97
33.74
31.36
31.71
28.44
26.90
26.78
25.40
26.49
27.55
27.38
26.15
26.03
25.97
27.97
29.10
28.86
31.73
32.27
33.75
32.58
33.63
34.12
34.76
33.58
32.29
30.16
28.18
28.29
28.09
27.64
27.35
24.93
24.97
24.64
24.82
27.28
23.71
26.86
27.12
34.04
30.20
30.65
30.33
31.57
32.95
31.75
33.15
32.92
31.10
30.76
28.76
29.04
25.34
25.27
26.13
26.31
24.23
21.95
25.91
28.39
24.00
28.61
26.38
27.34
28.51
27.46
28.25
28.55
29.79
30.17
29.63
30.59
30.63
32.24
30.40
30.39
29.08
26.40
27.68
27.42
26.57
25.36
25.00
26.17
25.49
24.72
26.14
25.79
25.34
26.22
25.74
27.59
28.24
28.25
30.09
32.33
34.10
31.56
30.69
31.74
29.88
29.56
28.88
29.57
25.45
28.42
26.55
27.09
24.06
25.70
28.31
29.53
29.64
31.59
30.17
30.18
31.11
31.22
31.86
32.07
33.40
33.24
32.94
31.29
32.57
31.42
29.21
27.98
29.81
28.91
27.60
28.87
26.04
25.65
28.56
30.84
28.35
28.38
28.88
31.47
33.22
34.93
37.44
38.11
38.12
36.27
35.38
33.84
33.18
33.50
32.55
31.64
29.84
29.83
31.23
30.63
27.46
29.80
29.05
33.84
32.47
33.34
30.14
31.86
30.88
31.15
31.54
33.46
33.97
33.48
31.45
30.72
29.50
27.38
29.70
27.23
29.50
28.81
29.30
27.32
25.16
26.17
29.69
28.78
31.53
30.45
31.54
32.56
32.96
33.65
33.25
34.84
32.18
33.70
33.43
32.28
32.52
31.78
30.60
31.69
29.54
30.78
28.79
31.19
28.64
30.06
28.78
32.66
35.05
33.15
32.10
36.39
35.55
35.35
33.80
33.91
31.80
32.54
29.33
26.95
26.69
26.66
26.69
26.22
27.73
26.25
27.33
26.55
26.27
27.45
28.21
29.97
30.22
30.96
32.19
33.75
32.40
32.38
32.51
33.10
31.40
32.21
31.11
29.66
29.06
27.39
28.03
29.32
28.64
27.58
28.07
28.46
26.74
27.10
28.75
30.85
31.03
27.66
31.42
34.19
39.06
37.97
40.66
40.97
41.02
38.26
37.27
36.07
33.48
33.34
31.53
29.83
27.92
29.22
27.34
29.13
28.75
28.28
30.03
31.08
31.39
32.72
31.81
32.86
30.74
30.17
31.71
32.18
34.00
30.46
30.27
30.00
31.39
29.09
29.30
31.00
29.70
28.87
28.81
29.06
27.53
30.27
33.13
35.89
34.46
34.49
34.82
35.79
36.80
35.98
33.92
33.48
34.06
31.32
32.00
29.84
29.78
29.02
28.30
29.13
28.97
28.89
28.44
27.29
27.31
26.59
27.58
29.90
29.59
31.06
31.40
30.63
31.68
31.71
34.28
34.00
35.02
33.81
34.46
32.77
33.54
31.45
30.08
31.02
29.74
28.77
28.56
28.70
28.97
28.02
30.54
31.19
33.44
31.07
33.17
32.51
31.20
31.98
33.13
33.12
33.49
31.05
31.49
31.16
29.69
28.54
27.32
29.98
27.51
27.17
27.45
27.28
25.73
26.67
30.98
31.25
32.58
32.60
31.32
30.03
31.75
31.35
32.91
31.65
32.51
31.77
30.61
31.41
31.16
31.65
28.30
28.86
27.54
27.49
27.51
27.11
25.57
26.49
28.26
31.69
30.49
33.00
32.33
32.00
33.58
29.24
31.45
32.81
32.00
33.35
32.78
30.95
30.15
30.47
28.97
30.04
29.50
27.46
27.99
26.86
25.37
25.99
26.86
27.42
28.08
29.53
31.93
28.84
30.31
29.45
30.33
33.16
31.21
32.16
32.83
31.09
29.30
30.75
30.45
30.43
29.01
28.09
30.50
29.31
25.21
26.73
27.45
30.41
30.93
29.45
30.22
29.89
31.11
30.26
31.51
32.14
32.72
31.50
31.83
28.93
31.04
31.03
30.94
30.23
29.38
29.24
29.80
26.48
26.84
26.61
30.52
29.59
30.45
32.03
31.48
33.78
36.08
36.76
36.32
39.93
37.98
32.87
31.20
31.49
30.82
30.58
29.93
29.48
28.21
26.89
26.95
28.38
25.39
24.56
26.95
29.76
32.66
31.95
30.11
29.66
27.88
30.47
31.43
33.34
30.57
30.09
29.19
31.59
30.97
30.16
29.28
29.81
27.44
29.01
29.98
29.55
28.17
30.72
28.18
29.25
30.31
27.64
28.12
28.83
28.15
28.84
29.53
29.16
28.64
28.45
27.43
28.87
27.69
27.90
26.33
26.87
24.19
27.17
26.84
25.20
25.39
25.29
28.60
28.50
26.82
26.28
26.34
26.01
28.14
29.11
27.12
29.63
28.68
28.05
29.04
25.05
25.92
27.60
26.67
27.75
26.29
27.35
28.26
23.04
24.44
27.30
27.47
30.16
28.86
28.60
27.34
27.13
29.00
26.27
30.37
29.47
31.38
28.58
29.99
30.23
25.57
25.68
27.31
27.22
25.94
26.06
26.72
28.03
27.03
24.04
28.23
29.53
27.30
29.88
30.51
30.28
30.20
30.08
29.70
31.34
30.21
29.88
29.89
27.77
28.37
26.81
27.03
26.06
28.96
28.94
28.12
28.41
26.09
28.27
28.26
27.62
28.06
24.88
27.70
26.79
30.18
27.78
25.26
27.56
27.60
28.12
26.41
26.92
25.82
26.57
26.33
28.05
27.81
29.59
29.08
28.05
26.71
25.48
26.91
27.55
26.25
25.72
25.76
26.68
27.40
27.20
27.49
28.55
26.58
28.58
27.91
27.23
26.26
27.22
27.42
25.59
26.75
25.07
29.11
28.00
28.15
27.23
30.18
29.45
32.97
31.37
28.50
29.81
29.33
29.50
28.84
30.51
27.79
26.59
25.62
27.35
27.30
25.84
26.92
27.33
25.89
27.00
26.22
27.51
24.99
25.44
26.88
28.01
27.96
27.84
28.33
28.45
28.03
29.34
27.81
30.66
27.05
28.60
25.36
27.63
27.20
23.94
27.64
26.90
28.15
24.51
25.31
28.81
25.73
27.04
29.88
29.62
30.93
29.51
26.72
29.49
29.91
28.53
27.69
30.79
28.04
30.27
28.39
23.46
26.66
26.39
27.57
28.87
26.00
25.55
28.22
26.76
24.38
24.78
28.25
28.97
30.15
28.99
26.95
26.85
30.06
27.63
28.92
31.40
29.66
30.32
29.99
30.21
29.09
31.55
30.91
30.71
29.58
31.40
30.67
31.13
29.04
28.21
28.19
32.34
30.62
29.42
28.31
29.53
32.74
31.96
35.11
35.39
35.22
33.82
35.23
30.26
27.63
28.48
28.18
26.32
28.63
26.73
28.57
23.32
20.12
21.98
27.66
26.66
29.75
30.39
27.99
28.03
26.04
28.08
28.55
30.21
30.18
24.83
29.45
27.98
27.55
28.03
26.84
26.32
20.97
24.51
25.75
23.03
20.44
25.64
26.26
25.78
30.61
29.61
27.74
31.13
29.12
27.05
29.36
30.03
27.46
26.51
25.17
24.95
26.82
24.53
25.52
26.20
26.78
25.56
26.07
27.18
25.21
24.21
23.54
26.00
26.79
26.17
24.87
25.38
22.86
23.04
26.63
29.76
26.18
24.87
23.53
21.23
15.87
17.54
22.07
22.25
15.04
17.53
26.46
25.69
27.72
15.38
23.91
18.74
26.12
16.75
23.85
27.81
28.53
27.98
27.38
27.53
27.06
29.11
27.21
26.35
22.04
21.71
28.40
29.72
22.87
21.64
25.87
28.79
17.49
26.76
26.22
24.17
31.24
27.51
23.26
26.46
26.33
27.77
27.93
26.51
30.02
26.20
27.35
27.11
27.82
29.15
25.67
28.38
25.49
27.03
24.96
30.50
28.97
27.63
26.13
26.48
26.93
26.17
27.53
28.55
26.95
28.07
27.97
30.90
27.96
29.43
28.50
31.65
28.77
28.68
28.78
30.45
27.15
28.45
30.04
27.35
25.42
24.86
29.89
28.07
29.44
31.95
34.23
29.72
29.49
29.21
33.43
28.46
28.70
21.24
29.54
27.66
25.72
27.71
28.71
25.41
17.41
19.31
27.39
24.80
19.99
17.43
26.37
20.50
29.17
27.73
27.78
25.40
27.87
25.84
26.25
26.93
18.68
28.44
27.93
21.00
28.31
26.56
25.71
23.90
22.63
18.30
13.23
12.62
11.47
9.38
10.12
9.17
10.73
12.75
12.93
12.80
12.43
12.89
12.99
15.06
12.13
13.52
10.80
12.49
11.65
15.06
15.38
14.05
14.30
14.02
15.16
13.49
12.57
18.27
22.84
23.81
26.95
19.28
13.34
20.85
22.88
26.04
23.46
20.85
25.87
20.29
16.52
21.50
14.52
18.65
23.43
19.48
13.56
17.26
25.37
17.89
8.37
9.56
13.52
14.36
12.80
12.40
13.12
14.74
23.02
24.17
23.36
20.80
23.87
20.94
19.13
26.10
25.19
24.14
18.16
13.57
18.59
17.04
14.06
14.44
9.36
20.08
24.97
26.39
27.41
23.22
23.07
23.36
23.18
26.24
21.28
17.92
23.46
25.75
24.42
23.13
20.22
16.29
18.06
12.84
7.73
14.50
14.41
20.79
13.67
14.70
10.57
22.10
17.25
19.91
23.12
21.72
23.88
32.82
29.28
30.33
30.80
33.87
27.05
30.84
26.34
26.33
25.18
21.90
22.74
24.49
22.92
24.48
19.92
18.96
22.62
17.53
23.85
23.87
23.26
26.46
18.93
27.66
26.61
25.59
15.62
19.80
23.52
24.34
21.28
23.56
23.79
23.08
20.42
20.36
18.61
22.91
18.70
17.49
19.63
16.47
17.15
25.94
14.94
25.18
23.74
18.91
19.32
20.37
17.77
26.35
26.28
18.75
23.07
24.13
25.15
26.96
15.98
17.03
8.95
14.28
10.86
22.28
22.60
24.32
17.27
24.24
28.00
26.75
21.18
22.49
21.17
21.12
12.25
11.07
28.72
25.20
20.39
25.34
26.82
19.45
21.67
10.15
11.42
14.79
14.26
9.90
13.02
15.50
17.44
18.11
17.41
16.95
15.20
22.22
14.91
23.36
24.05
22.82
26.41
18.21
13.31
14.40
13.81
11.75
15.99
14.99
15.38
22.54
12.25
17.47
21.70
14.71
21.40
17.90
13.44
18.12
27.08
29.25
27.72
27.88
26.58
28.05
27.47
28.75
23.26
16.19
14.75
14.12
13.30
13.48
13.12
13.54
11.58
18.81
25.29
26.02
25.97
24.40
25.03
26.68
24.19
24.41
25.59
27.22
26.00
25.15
25.97
27.57
21.62
19.33
16.90
13.06
12.87
13.01
13.18
13.41
11.38
13.44
25.56
27.25
25.60
24.40
24.15
26.57
24.45
23.67
23.40
24.55
26.07
27.13
23.21
19.13
13.00
12.38
12.88
13.54
13.26
12.78
13.06
12.97
17.01
20.70
16.65
22.88
27.74
24.77
25.99
26.16
23.95
24.38
24.87
23.99
22.95
25.52
22.29
18.06
17.00
13.20
13.27
13.61
15.95
14.67
14.03
13.46
11.23
12.32
14.29
13.76
12.35
12.64
12.99
13.54
11.82
11.21
11.98
13.59
13.96
13.77
14.11
14.28
13.57
13.22
13.96
14.34
14.00
13.14
13.30
13.54
12.46
12.64
12.37
12.39
12.73
13.17
13.39
12.83
13.19
12.86
13.63
13.50
14.50
14.10
14.05
13.92
13.11
13.38
13.75
13.12
12.66
13.86
12.80
13.39
16.65
20.86
16.67
21.04
23.38
23.73
25.07
24.93
24.74
23.72
23.79
26.91
24.46
27.78
24.89
26.32
22.80
19.60
19.57
17.84
15.98
12.31
12.62
13.11
12.01
11.22
12.46
12.17
13.07
13.27
13.56
13.64
13.86
12.98
14.15
14.46
15.46
15.90
14.68
15.22
14.46
15.35
14.62
15.24
14.74
14.32
14.25
14.48
13.49
12.96
13.67
14.33
30.05
28.96
26.70
28.64
28.78
25.90
25.33
26.54
26.05
24.56
24.28
25.00
27.16
22.27
19.38
21.16
14.17
21.48
25.23
26.33
26.82
28.04
28.82
32.98
30.75
29.06
27.09
28.28
28.91
25.92
27.60
27.62
27.63
26.37
27.83
27.48
27.01
25.66
19.16
28.67
23.90
16.56
22.66
23.35
24.89
20.68
33.62
26.53
23.22
22.15
26.35
23.95
24.55
22.93
24.06
24.83
28.13
26.02
27.32
23.59
21.26
14.26
14.71
14.19
14.87
13.99
13.44
13.68
12.84
12.11
12.87
12.78
14.92
14.06
13.82
12.47
11.92
11.33
13.07
13.92
14.69
13.81
16.71
15.51
16.65
15.47
16.28
15.60
15.57
16.12
16.87
16.78
14.86
13.62
12.70
13.03
13.78
13.27
13.51
13.00
12.99
14.11
14.74
17.34
15.38
15.86
16.22
15.57
16.25
15.53
15.52
16.18
15.54
15.39
15.85
17.17
13.90
14.81
15.29
14.99
17.76
16.80
15.92
15.59
26.20
24.67
23.59
24.70
24.46
23.48
25.43
26.25
16.77
16.80
13.54
15.00
14.61
13.93
13.94
13.95
14.22
20.70
28.25
23.14
31.19
28.02
27.43
26.30
27.34
24.61
25.37
24.88
27.10
24.44
22.54
21.62
15.82
15.00
17.15
17.11
12.51
13.88
13.37
13.06
13.42
13.32
14.10
13.27
16.92
14.36
25.89
23.88
24.74
26.07
28.52
29.24
28.59
29.72
28.11
25.82
17.96
15.76
17.13
15.11
14.90
14.82
16.10
14.70
17.36
27.05
26.14
29.27
30.61
29.67
29.11
33.00
32.61
32.59
32.28
35.06
36.84
32.06
30.72
31.31
17.87
13.59
13.73
13.36
14.44
13.68
15.07
15.30
18.86
27.33
23.49
32.73
30.91
26.28
26.03
25.01
23.32
23.80
25.35
28.00
25.71
25.25
18.52
14.93
12.32
12.27
11.20
11.61
12.24
11.99
14.01
13.64
11.98
11.64
13.62
12.64
16.12
16.00
15.14
15.25
14.58
14.61
14.03
15.89
18.02
17.40
17.60
16.43
15.68
14.12
13.97
13.30
13.39
13.44
16.14
15.99
13.63
14.92
15.30
17.35
30.75
34.49
34.52
33.90
30.96
27.56
26.21
28.20
29.88
29.73
29.36
23.03
14.83
13.20
13.27
11.50
11.93
12.89
18.75
26.78
17.98
11.42
12.23
18.66
26.40
16.47
14.36
13.45
20.44
21.70
22.22
21.25
17.17
18.27
15.56
14.16
12.29
11.07
11.87
11.29
11.69
12.86
14.90
23.16
18.28
15.20
19.37
18.84
24.78
20.22
19.20
17.51
18.32
13.76
15.36
17.46
16.37
17.45
15.38
21.30
15.09
12.10
12.65
12.11
12.42
13.28
18.49
21.63
17.01
16.72
16.76
17.77
37.01
17.24
14.43
15.64
17.98
13.75
14.36
14.24
21.22
14.03
13.72
19.51
14.23
15.49
12.89
11.95
12.24
12.10
21.28
25.13
19.94
16.41
23.33
23.55
23.76
18.63
22.87
18.21
18.14
13.93
16.24
21.83
20.77
22.94
22.35
21.93
16.44
11.76
13.23
12.05
12.90
11.84
20.91
27.02
22.84
22.69
26.21
22.24
21.75
23.40
20.37
17.99
15.07
15.84
16.82
19.91
21.01
22.98
21.73
21.95
15.55
11.83
11.16
11.95
11.66
12.96
21.91
25.65
23.32
23.94
20.50
23.65
18.25
20.43
17.12
20.27
20.73
16.25
16.94
18.57
17.98
18.73
21.87
13.86
12.01
14.19
13.12
11.85
13.75
12.72
15.30
24.62
20.83
21.08
18.42
20.24
21.95
18.44
16.53
17.46
17.07
15.52
17.89
16.14
18.69
16.70
20.99
14.97
11.93
13.25
12.50
11.94
12.57
13.11
16.93
22.87
20.50
20.60
21.06
23.10
19.47
19.47
20.92
18.70
18.54
19.12
19.16
20.27
20.26
21.60
18.87
22.51
14.83
13.35
11.98
13.24
12.78
13.45
17.78
24.53
23.94
21.13
21.09
22.65
26.21
19.03
21.46
20.30
20.13
21.01
22.10
23.95
21.01
22.70
19.34
21.26
15.76
13.17
12.49
13.79
11.76
13.17
15.40
19.35
21.38
22.29
19.35
20.59
22.02
23.68
21.38
17.86
19.05
17.41
19.88
22.62
18.42
22.40
19.09
22.24
14.25
12.15
13.85
12.13
13.40
13.15
17.14
23.65
21.84
19.09
19.15
22.76
20.58
18.89
19.05
18.45
18.56
21.77
22.37
21.27
20.03
22.89
21.71
20.36
16.68
13.47
14.87
13.09
13.98
13.07
17.96
20.48
22.63
20.31
22.39
18.98
21.08
20.73
19.30
21.64
22.41
23.47
20.17
20.64
21.65
19.85
21.06
21.29
17.22
14.44
13.82
15.82
14.87
13.35
16.44
22.45
23.89
18.25
20.84
22.70
21.65
20.79
20.53
19.28
18.63
18.92
19.78
20.85
19.95
21.94
21.12
18.01
13.30
14.82
15.00
14.97
13.66
15.50
16.91
20.48
21.82
21.47
21.22
22.55
18.15
20.40
20.17
19.45
20.19
21.23
20.60
20.18
21.90
23.36
20.15
16.88
14.86
13.62
15.06
13.14
14.76
13.88
18.43
20.16
20.69
19.45
21.38
20.82
22.89
18.57
22.65
19.92
20.21
18.74
20.93
20.73
20.70
22.55
20.80
23.68
17.21
13.20
14.94
13.91
14.43
13.45
17.98
21.78
22.11
21.07
23.63
21.14
19.96
21.76
19.30
16.69
19.19
20.19
19.11
23.78
21.55
21.09
21.45
22.05
16.83
13.97
13.69
13.18
14.84
14.55
18.21
27.63
21.74
22.03
22.32
23.20
16.77
22.43
18.94
19.36
18.44
17.83
18.93
23.57
20.76
24.22
22.48
23.51
17.06
14.88
13.07
14.25
13.03
13.04
21.30
25.36
23.48
23.20
22.72
24.76
22.48
22.45
18.73
18.58
19.32
17.36
19.59
21.32
22.64
24.01
21.80
23.37
17.78
13.05
13.50
13.50
13.56
12.92
21.39
25.14
24.18
24.89
22.00
23.60
19.73
23.87
18.75
19.46
20.00
18.23
19.27
22.28
19.99
25.32
22.22
23.20
17.40
15.00
15.60
14.38
14.20
13.01
17.13
26.17
22.01
23.64
24.37
20.88
24.46
18.32
20.96
20.79
17.82
19.12
22.41
22.33
21.89
26.40
22.07
17.59
13.32
13.22
14.08
13.05
13.60
14.50
21.04
24.24
25.83
24.25
24.84
21.54
22.75
21.11
19.33
19.99
19.89
17.02
18.47
23.75
22.00
21.19
22.12
15.45
12.84
13.70
13.46
13.11
16.10
12.93
18.62
24.69
26.67
23.33
23.28
25.08
22.83
23.44
20.19
18.01
20.62
18.15
17.46
24.00
20.98
24.47
22.68
23.31
18.36
13.41
15.89
14.77
14.91
13.45
21.93
25.56
24.01
25.19
23.25
23.90
20.14
21.98
20.99
21.57
18.29
21.62
21.89
24.03
24.36
25.30
25.06
24.51
17.35
12.37
12.50
14.82
12.26
12.02
23.35
25.97
25.73
23.76
23.28
22.75
20.01
21.23
24.23
20.41
22.34
23.24
22.85
24.84
22.83
26.32
26.04
27.14
16.32
12.44
14.07
12.29
14.12
12.15
21.30
29.32
26.84
25.50
27.45
22.40
25.89
24.21
26.13
20.71
21.40
21.34
24.31
26.06
26.68
26.64
26.55
27.09
15.51
12.82
13.85
12.05
12.87
12.53
21.52
28.17
27.23
27.76
26.10
26.82
29.60
22.38
25.41
19.36
20.20
20.50
24.42
28.36
25.95
26.91
24.56
26.81
15.74
13.10
13.34
12.36
11.93
11.81
21.56
28.19
25.48
28.20
27.91
26.52
24.88
25.96
25.14
19.92
20.54
18.89
24.38
24.84
25.43
25.79
25.66
14.87
11.42
12.58
12.90
12.26
11.79
12.86
22.52
26.64
26.58
25.91
26.22
26.42
25.56
25.90
22.86
21.41
20.24
19.49
23.10
25.09
27.58
26.80
27.58
15.09
12.52
12.53
13.75
12.47
12.62
12.57
21.52
28.69
27.63
24.79
27.02
26.47
31.52
27.81
22.88
23.89
19.87
21.48
26.05
25.65
28.30
28.20
29.50
28.44
15.51
14.15
12.39
12.10
12.26
13.11
23.58
27.70
28.56
28.70
27.53
27.18
32.35
24.24
24.30
22.85
22.11
21.63
25.78
27.38
29.05
26.95
25.31
27.85
17.09
14.83
14.03
12.49
12.95
13.51
21.85
28.77
25.08
26.32
25.95
26.56
27.65
24.13
27.15
25.95
24.81
25.29
24.44
25.67
27.76
26.86
25.78
25.81
18.46
12.53
12.42
12.58
14.09
12.28
23.93
29.88
24.33
23.74
25.35
23.62
24.92
25.20
21.47
22.69
20.75
24.51
23.07
23.84
30.14
26.40
24.66
26.05
16.79
12.62
13.60
12.12
12.29
12.97
22.14
27.76
24.82
23.04
24.12
22.35
24.79
25.92
24.00
23.96
23.36
23.98
26.24
26.30
27.41
25.71
28.63
26.41
15.76
11.76
11.94
12.11
11.74
11.68
22.12
27.23
25.27
27.08
25.50
25.87
26.84
26.81
24.73
26.56
23.41
24.77
26.24
25.46
27.26
27.39
27.05
15.61
12.66
12.32
12.66
12.21
11.77
11.74
22.29
25.84
24.76
27.25
26.07
26.65
27.67
26.50
25.90
26.60
23.58
21.78
24.68
25.71
27.93
26.22
26.93
16.84
11.84
13.03
11.71
11.91
12.74
11.06
21.10
27.57
23.80
25.55
25.60
25.19
27.94
25.11
29.54
25.87
22.21
22.24
27.11
27.07
27.39
25.83
27.12
25.09
16.36
12.53
11.78
11.26
11.81
12.59
21.53
28.54
24.61
25.42
28.34
29.25
28.54
27.22
33.71
25.32
22.96
23.52
26.91
24.81
26.90
27.08
25.17
27.78
16.05
11.84
12.87
11.60
11.29
12.26
23.10
27.36
25.92
26.41
24.78
24.64
24.33
24.68
23.21
20.76
19.81
23.09
23.47
25.10
24.23
25.56
26.33
24.67
16.08
11.51
12.33
14.00
11.59
12.04
21.74
26.21
23.52
24.04
23.77
23.84
24.33
22.01
23.07
20.42
19.08
21.79
23.47
23.61
24.92
24.09
25.73
24.73
14.29
12.01
11.99
12.49
12.01
11.58
23.76
25.57
24.51
24.18
23.43
25.26
25.26
20.42
26.86
21.05
24.47
19.24
23.15
26.48
25.32
25.78
24.77
25.29
17.14
11.25
12.46
12.17
12.54
12.81
20.87
28.66
25.49
24.41
25.06
24.05
24.98
26.07
22.87
22.40
21.52
23.00
24.24
25.77
23.01
24.76
27.22
15.19
11.69
11.67
13.09
11.62
12.02
13.01
23.09
28.43
24.13
23.98
23.18
23.23
24.64
23.55
23.57
24.68
24.20
24.02
24.06
24.79
26.14
25.60
26.81
16.40
11.88
12.49
13.39
12.74
11.65
11.77
23.16
26.94
24.66
25.68
23.62
27.09
24.23
24.05
23.11
23.96
21.31
24.26
25.41
25.66
25.33
27.80
25.22
26.34
16.43
14.66
13.53
11.53
11.29
11.59
21.79
29.40
24.37
26.31
27.50
24.75
24.56
24.99
26.49
22.77
24.18
19.89
26.00
27.97
26.91
25.82
27.20
25.61
15.46
13.52
11.20
11.70
11.34
11.88
22.00
28.25
25.57
24.72
26.03
26.55
25.52
25.04
26.02
24.56
20.40
21.32
24.42
26.34
26.37
28.14
27.81
25.36
15.78
12.48
11.61
11.81
11.48
11.60
22.87
27.21
26.55
24.01
25.39
26.70
25.41
24.95
27.68
27.43
20.41
25.33
23.72
23.74
26.16
25.51
25.60
27.41
16.26
12.22
12.33
11.68
12.43
11.59
21.26
27.73
26.26
23.93
25.64
25.28
24.44
25.25
25.02
23.90
22.14
18.83
24.96
27.22
25.95
24.45
25.30
26.44
14.77
11.31
11.21
13.30
12.76
11.97
21.40
27.68
25.84
22.99
25.29
24.10
26.04
27.30
22.87
25.41
20.94
23.64
21.73
26.30
26.06
27.66
24.91
14.48
11.42
11.47
12.03
11.51
11.22
12.39
21.38
27.18
24.50
24.73
24.66
24.45
25.17
24.45
24.49
24.67
23.47
22.42
25.69
27.17
26.12
26.13
25.77
15.40
11.67
11.66
12.91
12.53
12.64
11.33
21.48
24.47
22.80
23.99
24.65
27.31
24.75
25.12
24.30
24.67
23.48
22.86
25.98
25.83
26.82
26.18
24.17
27.09
14.94
11.99
11.53
11.21
11.57
13.01
21.15
25.25
24.17
23.56
26.37
25.45
25.48
26.23
28.06
25.60
25.03
23.86
26.35
25.59
25.90
27.22
26.56
26.37
17.45
11.87
11.22
11.52
11.47
11.52
22.18
28.39
25.63
26.53
25.55
25.80
27.39
26.58
25.34
29.44
22.59
26.60
27.65
27.05
26.06
25.72
26.27
25.21
16.66
13.21
11.37
11.37
11.16
11.47
22.51
26.81
26.18
25.11
27.08
26.37
28.59
28.81
25.79
24.84
24.45
23.01
25.56
27.80
27.18
28.20
25.43
26.89
14.86
12.66
13.00
11.73
11.32
11.60
21.45
26.36
23.72
23.97
26.75
26.51
25.89
26.11
25.64
29.19
22.64
26.81
25.72
25.76
26.80
26.71
27.19
26.94
14.96
13.21
11.34
11.44
11.29
11.33
21.66
27.85
24.45
25.68
25.51
29.18
26.18
24.34
27.43
23.91
25.16
20.52
25.75
25.15
26.57
24.69
29.65
18.16
11.25
11.39
11.37
11.41
12.76
11.50
22.38
27.61
26.08
25.88
24.33
24.76
25.79
24.37
26.63
24.77
26.60
19.86
24.59
26.25
25.08
25.22
26.28
17.08
11.66
12.49
14.50
12.10
12.91
11.41
21.28
27.14
25.61
24.73
24.02
24.55
25.27
26.16
24.36
23.19
25.75
26.35
23.82
26.66
25.71
28.84
26.96
24.65
14.79
13.30
11.75
11.51
11.90
12.47
21.00
28.40
26.92
24.96
24.50
24.45
23.99
24.16
23.51
24.84
24.55
23.74
24.67
27.22
26.11
26.37
27.04
26.60
14.96
12.82
12.09
12.45
12.34
11.28
21.78
26.94
26.31
23.51
25.74
27.50
24.37
25.56
24.56
24.16
23.89
23.47
24.86
26.56
27.05
25.97
25.37
28.74
17.13
12.14
11.49
11.22
11.54
11.18
22.16
26.91
27.21
24.87
29.82
27.22
26.86
25.21
24.47
25.14
26.19
25.01
25.13
27.23
27.06
26.71
26.44
24.87
16.79
12.03
11.20
10.92
11.49
11.41
22.90
25.41
25.74
24.88
24.93
27.52
23.34
26.99
25.89
24.99
24.66
24.24
24.14
27.34
27.06
26.68
27.49
25.94
18.81
11.77
11.54
11.73
11.21
11.53
21.04
26.31
26.47
23.88
27.47
24.78
26.45
28.28
23.44
24.99
24.37
24.89
25.03
27.88
27.96
27.56
25.65
16.62
11.48
11.24
11.47
11.48
11.52
11.59
23.26
27.04
25.28
24.56
25.12
25.22
27.16
28.55
27.00
26.84
24.77
23.78
28.08
28.34
27.39
27.72
24.96
18.46
11.58
12.09
11.59
11.48
11.47
11.65
22.50
26.90
26.56
25.36
26.81
25.27
28.36
27.80
28.58
28.67
28.37
28.66
31.14
30.84
30.46
29.98
30.44
30.31
19.71
13.20
12.79
14.63
12.73
12.48
23.89
30.28
29.27
27.88
26.86
27.99
27.65
29.13
27.05
26.94
27.43
27.16
26.84
27.67
27.84
25.51
27.68
28.58
15.66
