22.17
23.21
22.52
21.73
22.53
22.67
22.30
22.29
22.28
22.30
23.47
21.48
13.48
13.61
12.91
14.44
16.32
18.19
24.66
24.67
24.68
16.54
16.35
16.70
16.46
17.95
16.10
16.22
17.67
24.47
23.61
22.04
22.09
25.49
16.38
14.85
13.39
13.69
13.85
15.76
17.22
22.54
24.43
17.43
15.50
11.87
11.96
15.96
13.00
10.20
10.32
10.67
14.14
19.12
16.77
16.57
16.61
17.09
18.71
18.36
16.62
17.06
16.31
16.00
16.32
15.76
16.05
17.62
18.66
9.72
8.97
9.19
9.36
9.84
11.13
9.84
10.40
17.30
17.09
17.05
10.20
17.74
16.61
10.07
10.20
11.12
6.41
11.48
13.20
11.25
10.91
20.54
15.20
11.39
11.30
6.05
3.49
4.60
4.15
4.04
4.03
3.91
4.89
4.48
3.91
5.68
11.90
12.46
10.24
10.31
10.46
10.87
10.20
11.55
17.41
10.88
10.39
10.22
10.51
10.34
10.39
10.59
11.33
10.32
10.41
10.54
10.44
10.76
10.37
10.13
10.41
10.95
10.16
8.12
3.60
3.47
3.52
3.48
3.94
5.33
3.93
3.94
4.29
4.25
4.57
4.39
4.80
6.94
6.62
9.95
13.70
13.51
18.11
12.15
14.62
3.69
4.01
3.64
8.52
10.69
11.80
14.76
20.83
12.09
9.30
4.13
4.60
3.68
3.76
4.01
5.38
3.78
6.84
15.82
11.19
11.20
13.93
19.06
20.90
10.88
10.44
10.78
10.74
12.91
14.47
23.21
16.78
14.79
12.88
5.34
2.82
3.09
2.90
3.21
4.83
3.25
5.41
12.90
10.43
9.31
2.98
3.01
4.46
5.85
2.53
3.62
2.67
9.79
16.75
10.73
10.93
10.86
10.06
6.56
3.42
3.60
3.32
2.94
3.22
2.98
3.12
11.26
9.78
2.80
5.32
10.07
5.95
10.34
9.93
10.21
4.40
8.11
10.62
12.46
11.12
12.88
12.10
7.49
3.46
3.31
3.40
3.65
4.83
3.69
3.64
9.52
11.27
11.54
12.13
3.14
3.03
2.69
2.60
2.50
3.01
10.00
12.58
12.49
3.51
3.31
3.42
3.72
3.23
3.79
3.69
4.46
4.32
3.96
3.89
4.01
5.00
7.46
12.42
12.81
12.34
14.52
17.30
15.98
14.31
15.88
15.47
14.84
11.83
12.76
7.78
3.57
3.91
4.97
3.84
3.87
3.77
4.06
3.68
3.79
3.81
5.29
3.86
3.71
3.57
3.60
3.17
3.25
8.02
10.16
10.27
9.89
9.99
6.09
2.89
2.78
2.76
3.06
3.22
3.25
3.34
3.10
4.36
11.86
10.95
10.49
14.61
14.38
13.90
10.24
11.52
10.78
10.65
11.16
13.13
15.80
22.55
13.30
9.56
3.16
3.20
4.33
3.18
3.26
3.02
3.07
6.70
12.59
11.08
10.64
10.23
17.10
12.33
16.28
10.56
10.27
10.19
11.38
11.40
17.90
16.74
11.01
9.48
3.40
3.29
3.00
4.58
3.07
3.30
3.46
3.94
12.86
11.67
7.58
2.80
6.06
6.14
6.33
6.09
6.07
7.14
9.75
12.39
10.06
10.88
11.79
10.43
4.43
3.32
3.55
3.37
3.89
3.78
3.78
8.76
11.72
5.28
5.44
12.49
13.23
15.91
12.05
10.57
10.57
11.68
10.63
10.98
20.54
11.60
10.90
10.94
10.32
4.21
3.28
3.14
3.15
3.22
3.10
3.38
5.83
11.67
10.63
12.37
12.75
9.79
10.01
10.23
10.51
10.36
11.33
13.29
21.54
9.28
13.56
11.62
6.48
3.79
4.29
3.41
4.82
3.85
3.88
3.89
4.13
4.07
9.80
10.42
9.96
4.54
9.98
11.56
9.92
10.14
10.10
10.60
6.22
5.70
3.39
2.99
3.75
3.19
2.78
2.91
3.15
3.20
3.42
3.66
3.44
5.64
5.72
5.20
3.07
2.86
2.81
2.49
2.52
3.01
2.90
3.03
4.32
2.74
2.98
2.67
2.94
2.90
2.76
3.14
4.31
3.19
3.04
3.21
3.65
3.32
3.18
3.23
9.53
14.32
12.89
10.53
9.83
9.85
10.14
10.62
11.65
12.66
11.63
8.25
3.52
3.64
3.79
4.96
4.22
4.00
4.07
5.72
11.92
11.86
8.60
15.00
13.87
17.44
12.08
12.18
10.42
10.62
11.57
12.08
21.98
14.92
10.73
10.69
5.47
3.69
4.53
3.30
3.79
3.98
3.81
5.26
9.93
15.95
14.45
10.43
5.29
10.11
12.76
9.67
9.80
9.85
10.17
12.79
11.71
11.32
12.08
9.24
3.42
4.61
3.81
3.83
3.94
3.87
5.83
6.34
13.26
14.53
12.73
9.33
10.18
14.37
9.75
9.57
9.69
9.86
10.27
10.61
17.86
10.59
10.74
11.38
4.08
3.94
3.46
3.50
3.98
4.01
4.00
6.91
11.86
11.95
13.54
12.25
13.00
9.87
9.44
9.48
3.14
2.98
9.02
12.34
7.79
9.40
3.09
2.85
2.77
3.01
2.99
3.10
3.31
4.67
3.64
5.01
5.81
5.83
5.79
5.53
3.79
2.97
3.02
3.91
2.49
8.75
9.69
10.19
9.57
9.91
9.71
9.91
9.57
9.63
9.83
9.66
11.50
9.86
9.93
10.11
10.09
10.01
10.01
9.95
9.82
9.36
9.44
9.75
9.85
11.02
11.23
12.97
12.51
18.29
6.13
3.32
2.80
2.92
2.74
2.83
3.13
3.46
4.74
3.41
10.85
10.84
10.06
3.36
3.04
2.79
2.66
8.33
9.30
9.53
11.25
9.99
10.67
13.19
13.13
9.49
3.80
3.83
3.73
6.53
3.52
3.67
4.01
3.79
3.84
3.75
6.32
7.08
16.55
12.55
10.23
12.09
10.25
10.70
12.61
6.95
14.55
24.78
14.13
12.56
3.60
3.64
3.48
3.47
5.05
3.60
3.72
4.49
11.60
10.82
12.50
12.04
12.60
13.73
11.71
14.21
14.69
12.95
13.18
13.13
19.32
18.44
14.45
10.49
3.65
3.69
3.31
2.87
3.92
2.96
3.27
5.66
12.87
11.66
10.25
8.01
10.18
12.06
13.46
10.37
10.71
11.81
13.90
14.34
13.62
15.07
13.00
12.39
8.42
10.12
9.51
9.52
9.93
9.55
9.69
9.97
9.99
11.57
10.77
2.69
3.04
6.28
9.76
9.81
10.67
12.22
12.14
12.99
17.24
8.63
5.84
4.53
3.87
3.56
3.43
4.63
3.54
3.64
3.52
3.52
3.75
3.74
4.98
12.81
13.16
13.78
13.32
12.94
15.89
15.77
15.33
14.41
9.07
5.74
6.63
4.02
3.48
4.07
10.00
9.89
10.37
9.91
11.18
10.20
9.96
10.04
10.30
9.90
10.11
10.06
9.96
10.24
11.14
9.85
9.94
11.41
10.11
9.77
9.78
9.90
10.10
9.97
9.88
9.70
9.85
10.01
9.36
10.91
9.96
10.31
10.01
10.23
10.06
10.64
14.35
10.49
10.24
10.05
11.49
11.80
18.86
15.60
12.74
10.97
3.68
3.90
2.95
4.19
2.92
3.07
3.24
4.53
13.06
11.87
10.53
11.10
15.16
15.46
14.23
10.68
11.32
10.30
11.33
11.44
16.29
18.95
11.70
11.13
3.68
3.03
3.35
3.39
4.50
3.24
3.47
3.84
10.32
10.44
10.52
11.81
4.63
10.13
10.19
13.72
10.39
9.70
11.70
12.70
15.88
17.60
11.60
8.41
3.49
3.85
5.19
3.89
4.00
5.74
6.31
8.48
16.01
14.94
12.69
8.63
10.87
10.80
13.25
14.22
10.44
10.26
11.33
14.13
19.58
11.58
11.20
11.42
5.27
3.76
3.28
3.87
4.12
5.56
7.54
9.71
13.74
13.06
14.03
8.50
10.15
11.41
10.20
12.10
10.32
10.37
11.92
15.99
13.89
14.96
6.11
4.75
4.10
3.76
4.36
4.22
4.55
5.58
4.38
5.57
6.53
6.38
6.56
9.04
12.70
16.74
10.27
10.28
10.53
7.22
3.38
3.23
3.38
3.83
4.69
3.84
3.87
4.27
4.23
5.47
6.55
7.68
6.94
6.52
6.69
6.60
6.45
6.42
6.24
10.11
3.74
3.25
3.53
3.22
3.66
4.26
3.47
3.40
3.40
4.00
2.69
3.07
3.33
4.01
4.95
5.55
6.91
6.88
11.73
13.97
10.57
10.61
12.23
11.17
13.95
10.09
10.10
10.13
11.01
16.49
14.48
21.88
12.81
9.36
3.47
4.28
2.99
3.37
3.63
4.91
6.94
10.41
16.48
12.67
12.07
16.77
15.08
15.83
11.37
9.71
5.80
10.87
12.85
16.35
22.73
16.87
14.27
11.47
3.93
3.48
3.27
3.65
5.03
3.92
3.47
3.48
11.23
13.86
10.45
7.86
12.88
13.63
12.84
10.20
10.28
10.40
12.42
11.38
20.22
15.60
11.52
10.29
3.10
2.85
7.46
11.12
10.16
8.83
3.36
6.60
11.90
11.13
9.92
3.43
9.72
10.33
16.03
10.25
10.40
10.21
11.42
13.08
17.78
13.25
10.87
13.19
3.62
3.88
3.48
4.80
3.56
3.62
3.85
1.88
7.04
11.60
9.77
4.21
4.60
11.85
12.27
10.26
10.34
11.61
11.08
14.43
23.11
13.93
10.64
10.10
8.14
3.09
3.04
3.27
3.37
3.21
3.43
3.30
4.49
3.29
3.20
3.09
9.55
10.15
13.78
22.44
12.56
12.15
11.41
11.45
10.98
12.15
11.07
10.52
10.66
7.78
3.95
5.14
4.16
4.19
4.24
4.67
7.13
6.44
6.50
5.87
4.27
4.90
3.35
3.46
3.64
3.40
4.38
4.01
3.47
3.34
3.80
3.22
4.21
3.77
3.36
3.37
3.51
4.64
3.64
6.68
13.20
12.03
6.99
16.52
12.74
11.20
17.36
10.67
11.03
10.90
12.23
11.61
14.99
19.68
11.24
7.87
3.59
5.22
3.52
3.61
3.66
6.97
14.05
13.04
16.55
15.21
13.97
16.99
18.24
12.91
13.61
10.41
10.51
10.54
10.81
14.65
17.69
17.03
11.70
11.71
3.49
3.89
5.21
4.77
4.11
5.94
7.10
6.55
11.63
17.44
11.82
5.82
3.86
3.87
3.42
7.58
9.79
9.62
11.58
17.75
13.77
12.22
12.38
9.56
4.64
3.64
3.70
3.74
3.74
3.37
4.24
4.55
14.49
10.81
7.34
12.79
10.37
10.63
10.58
14.86
10.28
10.63
10.74
10.81
11.34
17.46
18.75
11.52
5.87
4.76
5.46
6.64
7.47
6.62
6.54
8.38
13.43
16.48
12.97
11.74
9.71
12.79
12.72
11.83
8.26
4.25
11.61
14.42
19.31
5.24
5.98
4.97
7.93
9.23
9.93
11.51
10.11
9.94
9.92
10.27
9.85
10.17
10.01
11.35
8.72
10.84
14.83
9.28
3.69
3.66
3.70
4.14
3.77
4.67
3.84
3.74
4.04
4.31
5.66
8.00
6.51
6.71
6.55
6.50
6.89
7.75
6.62
6.67
5.55
3.98
3.66
4.66
5.88
5.53
6.14
4.11
3.88
4.72
3.75
3.67
3.97
4.29
4.26
5.35
5.30
6.58
6.89
9.28
17.05
14.86
13.50
13.27
23.69
26.13
28.71
19.39
14.88
16.12
15.40
17.55
24.47
22.70
13.94
17.09
23.27
15.76
11.33
22.01
19.69
9.68
22.56
17.73
26.11
31.06
28.31
17.14
11.98
16.96
16.13
15.04
15.91
9.80
17.40
18.63
23.62
24.77
14.33
14.65
7.46
16.40
12.56
5.89
13.62
8.28
12.05
18.45
7.93
17.74
24.73
6.62
3.00
2.76
2.79
4.94
11.08
16.49
17.06
22.16
21.98
16.86
14.06
12.04
5.92
23.34
11.49
5.81
17.96
14.10
11.11
31.89
21.91
16.53
16.18
8.22
20.59
16.47
14.24
16.94
16.06
19.95
20.49
24.58
26.85
21.98
14.67
14.32
9.19
15.62
7.02
10.49
13.65
7.40
16.03
7.20
18.43
8.39
20.27
13.32
15.63
23.17
17.70
17.08
8.46
16.24
21.39
22.99
30.25
16.95
14.80
6.78
6.48
5.14
17.22
5.01
7.77
10.75
4.61
13.33
6.29
15.33
4.94
5.14
3.69
5.58
10.56
15.06
12.83
17.41
16.39
17.31
14.40
14.22
15.53
13.08
13.31
19.36
12.33
10.76
15.70
6.38
17.01
8.92
14.29
17.37
5.33
3.98
6.38
6.81
4.95
10.37
7.12
6.12
7.72
8.97
8.97
6.78
8.17
13.57
9.13
16.91
5.16
13.04
8.79
8.31
16.98
8.16
28.41
11.63
11.39
12.48
9.85
14.12
15.27
16.36
15.81
16.95
18.23
17.15
21.21
23.09
23.83
13.14
7.17
14.87
15.87
5.95
19.20
9.28
9.24
16.64
13.90
28.44
27.06
9.14
15.77
26.91
23.69
12.41
18.13
18.12
20.79
17.68
20.06
25.21
24.04
14.30
6.67
12.21
11.92
3.14
12.56
5.60
7.04
19.98
12.83
12.07
11.48
4.07
6.04
12.67
19.83
15.78
18.23
17.35
16.80
17.99
17.97
18.57
17.64
16.34
6.04
5.53
6.33
13.18
5.52
7.24
13.18
7.09
14.76
13.59
18.99
3.83
10.00
15.13
18.71
18.87
23.78
14.70
9.01
14.72
17.54
20.81
13.34
13.50
9.03
5.75
11.14
7.91
4.15
8.06
4.34
7.91
9.84
13.13
13.32
13.84
7.70
11.62
13.48
12.01
13.12
13.61
14.23
14.32
20.60
20.87
13.87
14.01
10.41
20.49
4.69
17.75
7.81
23.61
13.05
11.39
21.45
21.72
16.61
18.30
11.07
10.84
12.07
11.76
10.35
10.05
15.06
16.11
14.40
12.74
12.60
12.63
19.34
12.10
18.28
9.12
19.83
10.20
19.76
12.76
18.69
13.48
17.00
13.30
14.80
7.37
11.67
14.12
11.72
13.08
15.46
15.26
12.86
11.42
10.96
11.47
11.38
12.79
12.73
12.52
13.01
13.58
12.21
14.27
12.52
21.65
15.35
10.86
15.75
20.92
19.19
13.42
12.39
11.61
11.75
16.56
14.28
12.30
14.50
12.02
10.00
12.02
9.37
11.68
5.42
13.71
6.62
13.20
16.70
18.34
23.18
3.11
11.68
13.89
12.48
11.37
11.23
9.98
11.27
12.09
13.74
22.67
14.80
18.17
8.92
14.16
7.18
11.06
12.39
7.09
8.34
19.20
13.62
13.60
23.70
9.53
12.27
13.20
14.71
12.75
12.21
11.38
12.18
13.75
20.43
16.95
15.19
14.47
7.87
13.98
11.50
12.10
11.20
19.08
11.03
20.93
16.89
27.40
24.29
10.00
15.99
18.22
21.87
17.02
17.42
15.83
14.28
17.64
28.83
17.93
14.37
16.91
11.68
15.15
10.21
16.93
12.02
18.30
8.88
21.93
10.40
20.24
22.06
13.52
18.10
12.28
18.18
20.58
14.61
19.36
19.71
17.64
20.01
15.99
14.03
13.01
17.54
6.84
10.37
9.98
10.64
11.22
9.46
15.76
7.85
10.40
6.61
8.74
10.06
9.42
16.25
24.01
28.17
18.30
25.63
18.95
9.82
8.20
5.76
5.48
13.36
8.39
6.48
14.03
11.12
9.19
8.40
18.63
7.82
14.34
10.92
12.80
8.98
10.15
23.42
25.76
26.39
19.37
20.04
18.85
20.05
16.43
7.49
5.20
14.72
5.45
10.72
10.16
11.70
11.07
11.86
11.86
13.02
11.25
8.58
10.60
22.12
18.76
21.56
19.40
19.63
23.89
21.14
18.49
20.24
20.92
19.41
15.23
7.75
14.14
7.67
9.74
12.95
7.90
12.43
13.28
17.38
18.96
10.21
14.34
15.39
19.88
20.85
20.05
19.91
19.87
20.76
21.33
25.37
19.06
19.07
16.71
7.37
8.53
8.53
6.20
10.52
8.85
10.28
11.39
14.98
13.66
18.89
5.07
6.64
7.73
8.86
19.82
20.79
18.78
20.43
14.05
15.43
19.90
16.87
13.90
7.83
8.51
11.43
7.34
10.86
6.94
8.60
13.60
13.37
14.74
10.39
6.37
15.44
16.65
16.50
17.26
16.83
16.37
16.79
15.16
18.72
16.49
14.49
13.64
9.37
17.54
7.06
12.67
12.40
15.75
12.14
17.98
15.08
27.99
11.85
8.63
12.74
17.05
18.33
19.63
13.28
13.01
17.03
19.82
19.52
17.02
15.64
13.35
12.90
17.55
14.55
11.53
13.87
8.92
14.56
9.14
14.24
9.02
7.95
5.08
10.21
10.93
9.42
14.74
14.06
13.71
13.80
13.61
12.99
12.27
11.26
6.99
11.96
7.98
8.05
10.69
9.17
10.85
9.99
15.53
9.09
16.61
6.83
7.88
9.65
11.15
14.11
14.28
13.61
14.60
14.07
13.09
14.28
13.12
11.20
10.52
9.11
11.99
12.81
8.71
15.42
8.09
13.91
11.30
16.15
15.86
9.97
9.81
11.45
10.01
7.19
16.10
20.77
20.71
22.97
22.57
20.93
23.25
19.40
17.26
9.48
7.12
11.89
8.36
9.91
11.18
9.62
12.43
10.89
24.56
12.06
9.90
17.70
22.82
19.29
22.40
20.64
20.90
20.84
22.42
23.49
17.34
18.24
19.61
9.18
5.78
10.11
8.38
8.48
9.64
8.28
13.17
12.68
16.60
11.53
7.64
15.39
20.80
17.61
17.50
18.54
19.41
17.70
18.54
17.14
19.21
18.38
14.48
6.96
6.61
12.77
8.35
12.97
9.62
14.33
9.85
14.27
20.04
8.43
10.17
22.38
25.78
30.38
25.41
22.28
21.05
19.06
20.77
23.42
19.07
19.23
18.45
10.79
9.70
7.02
4.23
11.22
7.26
8.69
15.28
19.65
18.55
18.02
11.67
17.82
20.77
19.08
20.98
18.72
18.11
19.01
21.68
25.88
17.36
14.14
6.99
7.34
8.52
11.26
9.34
13.14
14.28
12.49
13.62
13.17
15.05
11.37
6.36
11.48
19.17
21.19
26.82
20.79
20.06
18.97
19.89
18.63
16.39
16.15
15.67
14.07
10.80
11.06
9.76
6.60
10.41
15.08
13.29
13.92
19.22
6.80
9.84
13.39
15.04
16.91
18.88
22.69
19.17
19.37
17.42
17.41
17.46
11.93
6.37
5.66
10.15
11.83
8.46
12.56
12.05
10.28
12.28
14.66
16.84
16.32
8.32
14.13
13.15
13.79
16.86
17.56
12.64
22.06
22.08
28.72
28.96
20.81
13.57
8.28
8.95
12.83
10.48
11.96
11.74
11.47
14.35
20.15
15.91
17.95
11.66
19.22
19.47
22.92
24.55
17.98
20.90
20.24
23.32
22.99
26.66
20.62
21.44
10.01
7.54
6.49
10.16
9.38
10.84
7.76
8.37
14.67
13.10
7.84
5.87
5.92
10.72
11.73
16.45
10.66
16.83
17.54
18.38
18.21
18.82
18.32
15.86
6.88
12.76
10.24
12.06
12.95
12.97
11.55
17.66
18.57
20.96
15.26
15.52
16.61
20.00
23.88
24.98
24.87
24.58
22.54
24.95
24.68
31.29
22.14
21.70
13.07
10.73
10.37
11.60
10.51
13.18
13.24
13.10
15.60
14.21
9.72
20.44
22.23
27.65
23.30
23.65
15.01
12.92
21.37
24.50
24.86
23.14
9.80
6.27
7.90
10.64
8.18
7.39
8.20
10.54
8.26
8.56
10.21
8.13
8.71
5.55
5.28
12.98
19.26
19.56
19.53
19.93
20.03
20.00
20.17
19.77
19.53
20.84
19.63
13.78
12.31
12.15
12.36
11.31
6.58
6.93
10.82
10.91
11.71
7.90
11.91
11.98
11.99
12.96
19.14
19.97
15.43
14.32
13.09
12.89
12.89
12.50
12.40
12.49
12.44
12.42
12.49
12.41
8.26
6.84
10.90
17.41
15.30
20.68
22.09
24.67
20.50
21.45
20.49
20.40
21.36
56.24
39.64
30.34
25.60
18.70
10.13
9.73
8.06
6.97
8.75
6.27
9.47
7.60
8.05
12.12
12.92
15.16
36.38
20.93
28.97
26.21
24.57
24.73
25.89
28.33
31.00
26.22
24.02
21.55
10.56
7.51
7.30
6.40
6.50
6.52
6.26
9.99
15.54
14.00
11.30
5.98
13.00
14.83
14.63
15.86
14.55
8.64
7.63
9.77
11.99
18.98
17.98
14.09
6.96
8.49
6.61
6.57
6.03
5.89
6.02
10.10
13.22
7.23
7.04
7.14
14.80
17.71
19.89
13.99
18.00
18.63
19.85
20.62
25.88
18.84
17.94
18.51
10.80
7.85
6.87
7.21
6.83
6.72
6.81
8.15
14.95
13.69
12.93
6.72
15.49
27.15
23.67
16.16
17.85
21.46
20.12
19.80
29.62
8.41
9.82
10.75
9.38
7.24
7.11
8.14
7.09
7.14
7.05
7.06
7.02
6.98
6.83
6.89
16.51
17.75
21.82
21.53
20.84
18.90
20.02
21.64
17.67
18.82
17.52
11.49
8.04
6.70
6.48
6.51
6.69
6.30
6.51
6.42
6.34
6.52
7.43
6.35
7.21
10.07
17.59
20.46
18.62
13.63
12.17
13.90
11.59
11.09
9.36
8.07
7.18
6.78
6.84
6.68
6.54
6.27
7.51
9.81
13.96
9.96
5.69
15.32
24.66
26.95
27.76
24.87
21.00
24.04
22.30
25.32
29.07
21.56
19.29
15.93
9.27
10.36
7.34
6.42
6.22
6.39
6.16
10.27
16.02
13.88
13.18
15.16
17.43
26.73
21.15
18.85
19.02
16.92
17.01
18.33
19.45
27.80
19.25
15.75
9.88
8.83
6.88
6.56
6.08
6.95
6.21
6.08
5.98
5.73
5.92
8.21
16.24
19.23
22.12
19.25
18.03
19.41
19.78
19.39
18.59
18.57
19.04
15.91
7.88
6.20
7.13
6.20
6.22
7.21
6.12
6.06
5.91
5.79
5.83
12.46
17.89
21.20
25.44
23.60
21.45
22.96
24.95
28.71
31.14
27.75
18.64
18.69
17.83
10.86
7.33
6.34
7.39
6.18
6.16
6.01
7.19
5.70
5.91
16.73
27.59
35.03
24.42
29.28
29.41
28.45
31.68
38.62
39.98
28.63
18.65
17.09
9.92
13.26
12.50
8.14
7.32
6.49
6.54
6.46
6.44
6.19
6.55
7.24
21.52
22.80
23.05
26.17
27.79
25.61
23.71
25.47
24.28
20.01
19.34
18.97
17.80
16.89
18.67
17.52
16.49
14.59
13.93
14.71
13.74
13.58
15.95
17.94
21.42
24.22
25.85
24.45
20.91
15.46
17.36
15.57
20.90
21.14
10.85
7.98
6.39
10.80
9.63
6.47
6.24
6.24
6.98
5.88
6.05
5.99
6.76
6.89
17.35
24.39
26.99
19.04
13.26
20.11
23.51
28.54
31.75
24.03
22.83
15.18
8.01
7.69
11.21
7.68
6.11
6.16
6.06
6.29
6.04
5.89
9.24
18.27
23.82
24.33
18.64
19.14
19.39
21.55
22.54
20.11
28.35
19.22
20.74
18.18
9.12
5.81
5.56
6.24
5.23
5.30
5.25
11.40
14.05
8.91
5.15
6.41
16.67
26.45
23.36
22.13
20.55
14.64
13.69
23.52
21.18
21.94
22.32
18.39
8.78
7.00
6.94
5.93
5.90
5.88
6.06
11.23
13.10
10.03
5.00
11.18
14.67
17.86
26.74
24.83
25.42
24.69
26.61
26.67
24.62
23.84
19.89
19.10
17.21
16.88
11.75
6.84
5.95
6.16
6.18
8.83
17.60
6.10
5.75
11.75
12.14
14.34
13.75
15.63
17.77
29.08
27.73
25.55
21.19
13.47
14.50
14.62
10.47
7.64
9.62
7.34
7.48
7.18
5.99
6.06
7.17
5.72
5.94
12.07
11.97
12.59
15.40
15.11
15.32
16.72
16.46
24.99
23.13
21.26
19.08
17.81
16.21
10.40
8.04
7.25
6.18
5.88
5.94
5.84
6.17
7.13
5.61
10.47
11.74
15.52
21.98
27.69
18.35
15.33
16.33
14.81
13.62
12.64
10.91
9.30
7.05
7.51
7.42
9.30
9.82
9.05
9.15
13.67
16.66
17.02
18.56
11.50
16.94
18.39
21.60
18.51
18.06
16.18
20.24
17.92
20.57
21.34
21.66
20.27
12.50
8.45
9.76
7.18
7.72
6.78
6.48
15.36
14.65
6.72
5.85
7.33
13.26
19.34
20.74
15.71
15.42
18.07
20.30
11.93
15.57
20.64
20.48
19.85
11.10
7.45
6.85
6.67
7.21
7.19
7.19
15.17
14.67
11.30
7.00
9.99
13.19
12.66
16.61
21.24
21.89
22.23
32.19
32.44
34.33
26.52
24.20
23.55
11.73
9.13
8.18
10.00
6.40
6.16
7.27
10.99
13.70
9.50
14.82
15.40
18.48
17.13
14.60
18.09
16.53
25.40
26.17
26.32
31.05
25.36
23.83
22.41
15.52
10.05
10.61
6.12
6.08
7.67
13.12
14.87
13.75
14.75
26.79
24.69
18.59
18.21
16.06
16.30
19.82
16.57
23.66
29.70
34.01
18.75
16.43
13.05
10.44
10.92
8.49
6.75
6.90
6.74
7.92
6.72
6.56
6.78
12.54
14.78
23.67
23.54
23.50
24.25
34.79
31.65
25.70
18.90
18.60
16.35
15.17
13.52
10.14
8.98
8.45
10.13
9.68
7.79
7.05
7.11
6.88
8.00
11.28
16.54
17.50
20.98
30.74
29.02
31.36
27.67
25.57
20.71
26.02
24.71
15.90
11.52
8.70
9.70
11.08
12.13
7.70
7.46
6.87
12.23
14.53
13.91
9.04
10.08
24.39
26.82
24.85
20.88
22.51
22.59
25.62
28.50
30.03
28.90
28.06
23.33
8.67
10.85
10.51
8.23
6.92
7.03
7.01
12.42
14.45
16.74
10.59
6.12
18.84
25.60
28.10
23.99
23.62
25.48
21.53
26.23
31.02
28.59
24.27
20.94
9.02
6.68
6.54
6.67
7.48
6.78
6.74
8.25
15.65
16.39
13.16
11.44
18.51
14.06
19.21
25.06
23.76
26.38
25.30
33.21
28.18
17.20
23.37
20.27
10.01
8.78
7.45
7.22
7.40
6.83
7.12
6.79
6.63
9.31
21.05
22.32
25.18
29.19
22.85
24.50
28.47
28.77
29.20
28.54
33.51
25.62
24.02
22.36
11.08
9.64
7.92
7.69
8.40
8.38
9.66
6.96
12.90
14.66
18.16
17.37
21.12
29.21
26.61
27.38
24.53
26.52
26.48
30.01
26.39
18.90
10.25
9.43
8.17
7.72
8.38
9.35
9.21
7.75
6.99
7.26
8.33
6.86
8.59
14.74
22.63
15.88
18.21
21.73
14.51
15.82
12.88
17.22
13.79
15.46
7.06
7.01
6.79
9.62
9.83
9.73
10.68
9.56
9.70
9.65
9.81
9.67
9.47
9.77
14.30
14.66
15.73
15.16
17.01
20.59
17.60
12.08
12.11
13.08
11.97
9.70
9.66
9.76
9.49
9.75
9.85
10.75
9.67
9.80
12.02
14.28
10.02
12.20
18.95
22.56
27.88
24.90
24.68
23.53
24.39
24.52
23.77
23.91
23.94
19.70
9.79
10.04
9.28
8.77
7.18
6.98
6.87
9.04
15.47
13.28
12.98
12.29
20.47
25.12
32.30
25.75
17.59
21.13
29.22
25.76
26.73
26.11
23.11
21.19
12.02
9.69
7.80
6.76
7.53
8.48
10.49
13.23
13.76
13.28
15.49
14.46
19.93
27.18
31.71
31.16
26.20
19.91
22.85
17.25
24.57
25.30
24.27
20.23
10.33
11.37
10.21
8.25
8.02
7.30
6.16
9.34
15.03
9.75
5.98
9.44
13.36
13.97
13.51
8.14
12.83
20.41
18.38
21.99
23.04
22.06
20.21
18.61
11.22
7.34
7.13
7.82
6.93
6.93
6.86
9.86
12.80
6.16
5.49
7.06
12.23
9.68
13.25
16.19
14.33
9.52
11.43
11.23
10.13
9.74
9.07
8.56
6.77
6.23
6.25
7.65
6.34
6.27
5.63
5.95
6.14
5.97
6.05
7.87
15.90
17.96
12.81
12.70
13.27
12.14
13.47
13.47
12.24
10.76
9.82
8.93
8.68
7.15
6.16
7.34
6.44
6.25
6.11
6.64
5.61
5.14
4.95
5.75
5.48
8.55
7.72
8.91
10.15
9.87
8.93
9.19
9.48
7.61
6.27
6.31
6.48
6.07
6.40
6.36
6.53
5.33
6.45
6.51
12.91
12.05
5.68
6.24
6.91
7.44
5.75
6.46
14.39
20.83
19.11
17.13
18.77
14.24
17.05
15.05
9.13
7.14
6.83
5.79
7.51
6.76
6.67
9.08
15.60
15.15
9.84
13.90
17.71
16.92
20.43
18.80
18.24
21.57
22.30
19.09
19.33
19.66
18.54
16.35
8.21
6.69
6.75
6.79
6.77
6.42
5.86
10.75
13.64
12.36
12.74
7.09
5.07
8.45
8.76
11.63
12.14
18.73
14.29
10.58
11.49
17.54
17.22
16.37
15.86
12.36
6.45
6.34
7.26
6.11
6.31
6.98
13.30
7.74
6.07
7.90
15.63
18.82
21.46
18.71
22.77
24.02
21.64
24.20
24.14
21.17
20.31
18.25
12.29
9.64
9.61
7.59
7.47
7.65
7.13
8.98
15.89
14.21
13.34
13.99
17.20
18.46
22.93
25.40
21.61
22.76
23.72
27.23
21.23
11.29
10.72
8.70
9.18
9.93
8.69
7.73
6.77
6.52
6.01
6.26
7.61
6.60
6.28
9.07
17.54
13.46
14.25
14.87
16.73
17.22
17.55
14.16
16.15
12.06
12.43
11.75
9.09
8.98
9.16
11.02
9.06
8.57
7.13
7.13
7.23
6.02
5.70
10.38
12.27
13.69
18.23
11.81
12.12
12.99
12.74
13.10
19.06
12.33
10.92
9.70
9.79
10.37
9.30
9.20
9.31
7.38
9.09
7.37
7.18
7.05
6.87
6.20
7.71
11.42
9.25
14.59
14.25
11.41
13.01
18.09
20.50
20.11
18.02
20.32
17.33
9.61
8.24
7.16
6.97
7.15
7.03
8.90
13.15
9.34
5.62
10.16
15.97
17.64
18.07
16.86
22.54
23.15
25.76
23.68
25.05
22.12
20.77
19.55
18.69
12.36
9.12
8.57
6.68
6.26
6.50
8.96
15.63
12.36
8.09
13.54
21.18
22.65
25.02
25.89
26.85
24.93
25.70
25.07
26.56
26.41
22.05
20.95
19.03
17.71
12.70
8.91
9.00
8.11
7.05
7.04
12.86
14.52
14.53
15.90
11.39
26.07
28.19
27.91
28.93
29.42
29.41
29.70
31.10
22.60
16.87
13.74
12.63
11.36
11.43
9.91
10.35
11.84
10.25
15.49
19.53
17.62
17.24
16.11
23.16
28.21
31.43
28.78
29.42
22.82
27.66
29.41
29.67
28.64
25.32
22.67
23.16
20.78
20.83
22.42
11.30
10.14
10.06
9.95
8.43
6.05
11.67
13.74
18.76
18.37
18.90
19.37
18.81
24.91
24.47
21.94
25.43
23.23
16.03
14.44
13.59
13.53
12.57
14.61
14.75
13.54
14.13
12.00
11.81
11.52
15.56
18.59
17.78
21.44
21.96
20.97
20.04
24.66
21.47
27.23
21.68
16.95
13.08
12.01
11.68
10.59
11.14
10.74
11.35
12.18
13.92
12.62
19.84
12.69
18.30
24.67
29.15
28.65
32.65
30.45
41.38
35.69
29.50
25.85
27.68
26.29
23.10
20.90
19.19
17.88
18.95
18.03
17.73
18.69
18.06
20.25
18.26
14.55
14.88
19.00
26.84
27.73
30.63
25.49
25.88
29.95
30.26
30.91
27.63
26.86
21.47
11.98
13.29
9.71
8.23
8.09
8.57
9.32
8.47
7.04
14.04
14.26
18.24
20.14
25.88
28.78
27.14
28.34
27.55
30.13
31.72
31.36
29.01
24.63
13.62
11.52
10.58
10.06
9.96
10.78
9.64
8.65
8.96
7.30
15.93
15.50
21.82
20.77
27.62
25.39
33.24
27.23
30.77
31.14
32.16
30.84
22.37
15.89
12.79
12.67
10.43
9.39
8.90
11.07
10.84
9.56
8.64
8.28
11.98
13.86
18.57
16.66
28.04
33.45
30.53
28.06
31.87
37.01
32.24
26.99
25.11
19.62
23.15
13.24
10.40
9.80
9.01
10.54
8.82
7.57
6.32
6.63
6.43
6.27
9.75
14.81
14.37
23.31
28.88
28.33
20.33
18.82
18.40
20.55
16.46
14.73
12.70
11.95
9.82
8.75
8.22
7.90
7.72
6.63
9.05
7.56
6.91
6.18
10.26
13.11
13.95
17.26
19.99
21.32
20.44
21.52
21.69
30.37
22.28
17.46
14.55
12.65
10.81
12.17
9.32
8.60
8.24
8.15
6.94
8.09
15.19
17.22
24.96
22.47
36.79
38.90
36.26
34.16
34.91
39.89
39.10
33.43
25.47
18.40
15.40
18.50
18.12
17.05
13.85
10.03
10.43
11.25
8.45
8.33
19.52
19.42
31.63
32.39
30.85
34.45
33.02
33.41
35.38
37.52
37.28
35.11
25.26
17.40
16.23
12.47
10.07
9.88
8.91
10.33
9.21
8.41
7.76
13.54
18.38
15.03
22.75
23.12
27.40
30.69
34.73
36.11
35.36
39.95
39.73
39.29
25.20
23.09
17.65
13.40
11.95
11.73
10.40
10.14
8.80
9.16
8.71
9.71
15.62
15.23
17.89
14.96
33.94
35.44
32.24
30.88
33.76
39.00
39.79
33.02
28.63
25.87
14.50
12.08
10.23
10.73
10.17
8.98
8.40
8.29
7.07
8.35
10.06
5.79
7.70
18.74
29.68
38.61
31.83
33.10
31.69
34.81
33.23
27.21
26.21
28.85
29.59
20.48
10.03
10.30
8.48
9.78
8.26
7.59
7.40
7.45
6.80
7.12
10.13
19.08
28.38
29.36
32.16
32.18
32.96
36.00
34.59
33.85
31.19
30.72
28.49
22.91
9.87
8.77
7.53
10.02
10.08
8.67
7.61
8.00
7.29
6.03
8.84
20.21
28.78
30.78
35.67
33.48
35.29
36.20
37.08
34.80
26.89
18.53
13.33
15.90
12.05
9.27
8.86
10.92
9.00
8.83
7.35
10.24
17.33
16.50
16.39
27.29
30.46
34.61
35.49
39.59
34.97
37.76
37.49
35.07
31.75
29.72
28.40
18.14
10.47
10.10
11.03
10.40
10.10
7.84
8.01
11.02
18.24
13.64
22.05
25.40
28.08
32.59
36.86
34.19
34.30
37.23
34.77
32.03
26.57
30.47
27.77
18.45
9.34
8.41
9.31
9.86
9.06
8.12
6.89
10.06
13.83
14.41
22.82
22.73
32.95
34.58
29.18
35.20
25.91
35.29
36.26
36.22
28.95
33.31
27.92
20.12
10.14
8.67
7.64
8.74
9.15
9.02
7.28
10.95
16.67
14.64
23.28
15.95
29.34
32.00
34.04
35.12
36.16
37.78
37.73
30.51
21.04
18.32
14.98
11.52
10.99
11.00
11.40
9.75
9.42
8.51
8.24
8.28
17.13
15.31
21.25
19.61
27.68
28.33
31.96
26.54
27.69
32.44
32.07
22.76
24.54
22.24
19.56
16.08
14.55
14.33
14.93
13.40
13.92
12.51
12.26
11.73
13.00
9.46
15.65
24.82
23.95
26.25
29.36
27.42
28.91
28.46
30.40
28.44
31.35
25.46
22.30
19.93
15.01
7.73
8.69
7.23
10.11
8.51
8.30
7.03
5.98
6.97
10.00
12.41
15.09
22.82
25.41
23.75
24.56
26.25
23.21
20.69
21.50
16.85
16.52
11.54
14.15
11.04
9.85
9.70
9.20
8.30
8.35
8.37
7.92
7.27
9.39
18.59
18.98
21.66
30.17
29.61
27.89
25.46
21.81
21.12
19.99
17.39
16.50
12.41
10.67
9.28
9.75
8.48
8.42
7.93
7.38
6.91
6.65
8.70
23.49
16.56
19.65
19.74
35.12
34.40
23.27
22.23
25.07
28.15
25.67
23.05
14.49
13.81
11.04
10.78
11.14
10.86
12.10
10.48
9.23
13.12
20.86
13.37
5.99
14.69
25.78
28.17
29.55
27.99
22.62
22.64
29.87
33.11
32.00
21.97
16.77
11.66
11.44
12.00
11.14
10.94
10.05
9.33
9.07
8.43
14.55
13.90
21.60
24.77
26.31
28.00
34.00
32.12
30.91
32.55
28.40
28.99
18.35
18.79
19.08
15.34
21.46
13.84
14.72
14.20
13.71
13.09
12.79
13.83
4.65
4.62
13.98
19.05
7.13
10.40
6.71
5.18
5.26
62.19
54.57
47.28
33.98
31.09
26.51
23.48
24.05
20.34
21.18
19.07
17.59
9.12
9.00
8.63
8.30
8.11
16.17
15.41
18.74
27.96
11.48
7.64
20.28
50.55
42.56
44.79
34.56
31.04
27.75
22.43
18.75
13.25
12.53
13.88
11.03
8.76
8.94
13.52
9.74
8.29
11.55
17.86
22.53
24.11
11.84
26.67
27.57
19.65
35.35
39.37
36.48
30.16
19.03
10.96
1.26
17.67
12.60
9.45
11.42
10.88
9.24
9.07
10.83
14.02
23.28
27.16
26.63
30.42
30.39
28.71
43.41
50.94
42.22
36.60
34.42
41.52
40.60
28.81
10.74
11.20
10.46
10.94
11.36
9.54
8.61
10.47
7.27
5.10
15.92
23.10
33.91
37.19
33.18
32.50
41.53
43.52
46.91
37.61
37.00
37.44
39.16
21.38
17.37
10.84
9.32
8.66
9.24
8.03
7.49
6.58
15.61
13.24
21.96
22.52
28.92
30.59
29.59
31.93
36.25
43.12
40.29
32.30
32.66
34.60
37.52
17.82
9.89
9.94
8.44
7.35
7.91
7.31
6.64
6.04
5.24
9.88
21.66
32.16
26.16
31.48
27.11
24.08
15.79
19.55
22.12
19.58
18.51
16.44
14.82
12.17
9.13
9.69
8.44
8.90
7.34
8.47
6.48
7.79
8.09
12.56
20.78
29.24
34.89
39.06
44.19
39.48
33.60
41.65
35.69
46.14
46.43
45.58
49.71
34.55
13.86
10.92
9.10
10.04
12.56
8.31
8.17
8.66
7.36
7.63
9.14
33.77
45.52
47.44
52.13
33.21
21.51
22.23
25.53
21.41
21.97
17.29
15.00
11.81
11.82
10.24
10.29
10.91
9.19
8.64
9.47
8.45
7.89
6.96
9.85
13.39
26.60
30.60
31.42
28.56
31.61
31.63
33.06
30.74
26.89
25.50
20.92
12.91
12.92
12.94
10.39
10.47
9.36
8.11
8.58
10.33
14.04
15.00
21.82
35.06
38.39
34.08
37.49
36.08
37.37
37.58
37.51
33.73
28.76
36.23
33.97
15.74
10.65
10.51
9.47
9.07
8.74
8.17
8.11
8.52
14.66
15.44
23.10
29.21
34.82
36.22
37.76
35.61
37.22
36.93
36.55
32.73
31.55
30.15
31.67
17.03
10.89
10.30
9.86
10.05
7.80
7.85
8.31
9.88
16.31
13.68
21.43
26.82
30.81
30.49
30.06
31.34
37.26
34.78
34.65
30.42
32.26
38.71
39.24
24.87
22.89
19.34
15.64
10.94
8.90
10.36
10.47
8.48
8.86
13.51
17.97
17.99
29.86
34.38
35.27
26.53
32.74
35.43
36.76
30.57
22.02
31.21
26.97
12.91
12.98
13.73
12.52
12.90
12.44
12.12
12.63
9.96
10.76
9.23
11.44
20.06
37.59
39.07
40.85
38.07
39.17
36.71
36.82
33.81
26.43
25.93
26.81
15.62
12.21
12.84
11.35
11.64
10.30
10.26
10.17
9.53
9.46
7.88
13.15
18.32
22.48
17.33
22.50
21.20
21.13
29.01
30.90
33.71
28.58
33.09
31.21
22.20
12.50
11.44
18.32
14.06
11.55
9.77
10.19
9.33
8.76
8.22
10.78
17.81
30.99
34.06
34.94
34.95
35.12
34.94
34.97
37.77
32.97
34.17
32.43
20.51
10.77
11.62
9.95
9.92
9.86
8.82
8.58
8.48
7.80
7.44
21.54
34.82
37.47
39.50
42.56
43.08
47.77
44.37
43.34
36.78
30.09
35.57
31.72
23.97
11.77
11.72
11.74
11.41
11.31
11.77
10.68
9.01
17.36
17.64
19.48
16.14
32.76
35.89
38.82
42.15
44.37
40.21
41.37
40.82
31.01
32.58
32.47
22.16
12.47
12.09
12.44
10.75
10.84
10.77
9.44
9.69
17.89
18.45
24.22
18.20
31.63
39.02
40.83
34.25
39.17
35.20
34.56
31.89
28.42
27.92
27.07
18.98
10.27
9.70
9.98
8.93
10.00
10.50
9.37
9.00
9.85
14.16
22.78
13.60
30.51
32.56
35.50
38.03
33.41
38.42
33.77
32.68
29.60
29.43
27.11
24.69
12.22
19.22
17.73
10.04
9.76
9.15
8.79
9.07
14.23
14.99
25.86
29.87
33.03
37.34
39.14
37.81
37.19
35.23
34.98
32.48
20.13
14.02
13.41
10.70
10.45
8.44
8.99
8.32
8.93
8.22
9.50
8.25
7.01
5.68
7.66
15.18
19.77
22.38
20.74
17.95
18.24
20.66
19.60
20.33
19.08
16.15
13.84
11.48
10.54
9.79
9.75
9.59
7.94
8.55
8.24
8.57
8.81
7.94
10.04
15.48
16.18
19.01
19.17
21.47
18.83
20.83
20.95
19.10
19.07
15.27
13.09
13.20
11.08
10.34
10.06
10.50
9.78
9.81
11.98
9.33
15.04
19.78
20.19
14.88
33.88
29.69
32.54
33.41
35.89
31.93
28.77
27.23
19.44
18.17
14.58
18.20
25.25
10.01
8.49
9.60
9.45
9.22
9.07
7.93
9.31
8.85
8.85
18.09
19.93
29.92
37.69
40.45
43.36
41.89
41.17
39.63
29.37
19.87
15.96
13.44
14.12
18.80
19.52
18.99
17.26
20.48
6.97
9.61
14.87
10.08
6.58
8.44
29.45
28.48
28.47
32.63
28.54
35.19
33.62
29.09
20.35
20.93
19.68
13.06
13.27
11.07
11.34
11.89
11.90
10.30
10.74
11.07
11.07
20.77
25.10
34.87
36.48
37.67
38.92
42.63
41.62
40.65
40.92
37.67
27.74
23.37
24.68
18.85
17.39
16.73
16.24
18.20
16.24
16.46
16.88
15.64
21.39
20.56
18.74
23.30
33.44
34.57
35.33
35.79
36.25
42.00
38.90
30.46
22.38
20.14
16.11
12.57
13.03
12.07
12.24
11.97
11.60
11.51
11.49
11.50
9.47
8.97
12.92
20.11
21.77
23.18
24.70
24.99
24.35
24.89
24.39
24.83
21.53
20.79
18.04
15.66
13.16
12.88
12.17
11.53
11.38
10.42
10.09
11.02
10.47
10.76
9.69
14.49
17.27
20.24
22.99
23.51
23.05
24.68
24.88
23.03
21.28
20.87
16.82
13.11
12.85
12.65
11.16
11.13
10.63
10.27
11.99
11.48
21.69
20.64
22.89
11.98
24.43
29.34
37.47
34.77
24.25
24.06
30.03
35.83
35.01
31.65
27.49
26.80
27.49
13.69
14.25
12.40
17.29
18.51
10.19
9.39
11.11
22.16
16.11
11.70
35.38
40.48
38.74
37.28
35.81
31.72
28.01
23.25
37.12
22.21
19.26
14.10
13.69
9.94
8.85
7.30
9.14
8.50
8.18
8.21
18.73
17.58
18.63
15.76
16.81
22.28
35.08
31.69
23.89
28.12
24.39
29.96
24.02
20.23
21.19
12.34
12.07
10.42
10.34
10.82
10.65
10.79
9.83
10.21
17.62
16.89
10.43
19.62
32.72
38.40
39.42
34.29
36.58
40.18
40.48
39.71
35.46
37.10
22.16
17.59
11.93
11.18
11.66
10.94
10.99
10.82
11.72
10.29
15.87
18.35
11.52
17.12
30.59
35.25
36.42
35.45
36.50
35.00
36.36
34.59
34.71
32.64
26.48
13.38
12.34
14.00
11.01
10.95
10.01
11.28
9.74
9.86
10.25
10.59
9.31
10.96
18.84
28.36
34.42
42.37
40.62
41.25
42.00
41.47
38.59
29.99
19.79
24.95
25.38
6.02
12.19
13.46
12.57
11.30
5.79
7.19
8.65
9.30
7.87
18.10
22.85
24.56
27.72
29.74
27.50
30.55
26.62
22.91
21.55
20.78
19.51
13.61
11.70
11.05
10.67
9.94
9.96
10.15
9.33
9.25
21.38
18.33
26.84
22.81
26.60
39.73
40.47
40.14
40.88
41.24
39.35
36.88
40.65
42.86
40.72
37.08
20.02
17.18
16.76
16.70
10.19
10.25
11.37
10.14
22.87
21.44
16.81
10.78
16.66
20.10
14.60
14.45
14.44
14.92
20.04
25.90
30.38
30.59
26.69
23.44
10.77
10.83
11.09
13.25
8.64
10.52
10.37
11.19
9.58
9.92
8.39
31.17
17.61
30.74
28.33
30.70
29.92
31.62
31.29
23.78
25.56
29.90
29.03
23.22
10.97
9.67
9.40
10.10
9.43
8.70
8.37
10.44
9.65
19.81
22.05
22.42
29.28
32.11
38.42
34.89
23.26
23.66
22.28
23.01
20.00
32.13
28.12
26.34
13.21
11.85
11.72
10.31
10.50
8.31
8.84
10.02
10.57
10.18
8.53
16.12
15.63
21.49
22.40
28.73
30.05
27.91
30.14
29.00
27.57
26.97
14.71
10.89
10.04
9.45
9.46
8.49
8.88
8.99
8.71
8.56
8.58
8.91
8.22
9.24
16.67
16.99
17.32
19.35
17.73
18.88
18.95
16.72
16.16
15.85
18.79
18.14
11.71
7.42
10.84
9.99
7.47
9.02
9.07
9.66
8.60
8.12
5.84
18.10
20.51
20.38
26.83
20.79
19.42
20.89
20.16
18.15
14.24
14.80
12.94
12.01
11.21
9.08
8.51
9.67
10.08
11.64
9.55
11.07
21.50
16.86
10.59
15.59
22.65
30.87
33.53
31.68
30.19
31.85
31.36
30.43
26.28
31.58
30.21
22.75
11.04
10.34
10.24
9.43
10.34
9.50
9.77
9.18
17.23
14.87
12.27
15.00
21.47
28.85
31.55
29.49
30.66
33.64
30.49
32.66
30.81
30.10
28.01
23.69
11.65
10.24
11.12
10.71
9.46
9.44
8.79
10.03
8.59
7.15
6.56
24.86
31.49
36.20
40.07
43.99
35.94
36.29
36.70
36.50
34.60
32.56
32.13
27.76
11.24
10.52
10.29
9.71
9.45
9.26
8.72
8.95
11.34
16.42
18.39
26.60
29.40
38.16
38.97
39.12
41.39
40.73
36.67
34.46
33.70
34.24
29.38
24.82
12.11
10.92
10.67
9.52
9.72
9.26
9.04
11.08
16.47
17.37
12.33
14.69
16.11
27.23
34.74
33.20
30.09
35.05
27.12
23.36
19.29
22.47
14.12
11.57
11.94
10.62
9.63
10.87
9.93
10.14
9.71
8.81
8.60
7.09
7.04
17.91
18.42
25.90
24.35
24.35
23.73
28.49
24.71
21.89
30.33
20.97
14.67
12.27
11.22
11.22
11.04
11.01
10.84
9.52
9.50
9.20
10.24
8.23
7.63
13.55
17.17
26.38
26.71
26.15
24.40
20.10
24.07
24.32
17.47
18.59
13.78
12.43
11.32
9.73
9.50
10.72
9.84
9.16
10.54
8.65
16.94
16.47
16.27
13.89
20.22
31.13
31.51
30.86
31.92
32.64
33.59
33.40
30.55
31.49
30.39
19.78
11.02
10.91
10.03
9.51
9.17
8.55
9.58
8.57
8.83
12.08
17.69
27.75
24.77
31.31
37.62
40.71
40.79
42.18
39.21
39.10
30.89
29.56
28.36
20.35
11.51
10.26
9.62
10.30
10.19
8.78
8.39
13.80
9.76
7.17
11.95
27.21
26.97
30.61
34.60
35.17
38.04
35.92
35.70
34.15
32.60
33.56
31.40
25.34
12.77
11.26
10.17
9.51
9.02
8.94
8.86
8.84
7.76
6.72
6.00
17.20
30.91
32.98
36.12
38.66
38.37
38.62
37.69
37.36
31.95
28.66
28.09
23.19
17.70
17.49
12.08
11.26
9.87
15.50
8.18
8.76
8.08
6.80
8.28
21.11
29.75
28.81
31.85
29.74
29.47
31.20
30.98
32.16
27.76
23.36
19.52
11.05
10.87
10.30
9.91
11.14
10.81
9.19
9.84
9.18
10.09
9.15
7.79
10.80
17.76
27.33
24.91
17.44
15.48
26.14
27.62
25.39
16.54
13.84
11.68
10.28
10.84
10.76
8.71
10.67
8.92
8.38
8.63
9.65
9.38
8.44
7.44
13.71
15.99
17.18
17.69
25.90
27.40
29.34
27.44
17.40
17.36
20.41
20.94
24.91
20.09
18.98
13.75
10.75
10.79
10.13
9.83
10.19
10.58
14.22
19.93
31.80
34.74
30.12
22.31
22.85
22.06
31.94
35.71
36.95
43.72
37.89
33.24
23.49
12.61
10.61
13.42
10.72
9.78
10.72
10.40
10.89
9.76
8.72
13.57
28.37
30.19
34.12
33.44
35.00
34.25
36.19
38.90
39.42
42.05
38.76
31.12
24.87
12.77
12.06
11.74
12.31
11.86
14.30
12.18
9.75
9.11
9.27
8.89
14.85
20.58
25.78
31.16
33.76
33.50
34.28
33.94
34.12
25.64
29.42
32.44
29.90
23.43
17.58
5.86
7.30
13.26
8.29
11.02
8.78
8.51
7.19
11.11
26.06
28.89
30.50
33.02
24.66
32.93
31.48
32.74
38.17
39.22
33.86
27.46
23.16
12.91
11.01
10.52
9.62
13.23
8.61
8.71
9.30
9.22
8.97
6.24
26.49
30.91
30.04
32.60
30.74
32.23
35.25
37.02
39.00
39.27
32.30
28.17
13.80
13.02
11.06
11.15
12.30
13.26
13.37
12.47
12.60
14.17
12.10
14.63
21.85
34.56
35.40
23.53
23.42
22.67
22.48
23.73
23.43
21.80
17.09
15.45
17.02
14.69
12.57
12.12
11.99
11.23
11.83
12.41
12.38
13.38
10.82
9.47
15.87
19.87
22.10
21.92
29.56
31.70
31.04
33.41
35.49
33.84
34.34
25.92
9.42
9.53
9.45
10.91
12.89
7.82
8.57
10.23
8.87
8.85
8.31
5.91
13.32
17.62
20.51
21.49
21.15
29.99
19.91
23.57
33.93
20.70
27.73
25.84
16.94
11.40
10.58
11.36
13.02
10.70
11.68
10.35
9.87
9.40
19.02
20.36
28.40
31.04
31.44
32.47
32.35
21.50
34.80
39.27
39.33
44.48
37.08
29.65
22.96
15.03
11.18
11.71
11.99
9.77
11.43
9.06
13.80
21.63
18.68
18.63
26.80
33.82
34.70
36.70
39.66
39.29
40.97
41.82
41.25
44.68
43.00
40.20
32.37
10.76
12.20
11.34
13.80
12.08
11.90
9.70
16.88
13.19
10.74
11.85
24.22
35.84
34.20
38.38
37.73
40.19
40.15
41.62
42.01
42.31
39.12
25.47
25.33
15.29
14.44
11.69
11.50
12.18
11.20
10.58
17.63
14.49
8.78
13.12
15.20
19.47
35.78
32.87
35.81
35.28
36.43
38.57
38.47
38.90
38.45
31.45
21.04
22.17
21.78
22.39
20.44
14.88
11.99
11.56
11.27
14.62
15.60
14.94
15.73
17.67
28.36
28.92
30.51
31.40
31.28
36.21
35.41
25.80
18.89
15.12
14.30
13.54
13.21
13.58
13.01
14.27
7.73
10.93
10.49
9.50
9.17
7.22
17.20
21.91
25.70
23.09
20.04
15.62
20.59
19.60
16.83
18.71
15.18
12.03
11.38
11.64
11.21
11.62
10.17
10.07
10.05
12.36
16.80
16.53
11.65
15.33
26.75
34.91
31.63
36.60
37.60
33.92
35.87
37.54
35.43
38.72
38.00
30.17
24.24
12.13
9.83
11.45
11.91
13.13
11.78
11.11
16.82
17.01
16.38
16.52
25.68
33.74
34.26
34.04
33.82
33.06
32.57
37.64
36.58
38.24
30.08
22.88
20.47
13.19
11.58
9.79
12.10
10.16
12.39
7.81
18.58
19.12
9.85
12.30
17.92
18.87
22.37
29.88
36.03
37.25
31.93
35.69
34.45
37.76
27.75
28.54
25.56
12.12
11.34
10.16
9.44
9.41
8.47
9.51
18.02
18.21
10.96
14.40
27.91
35.53
34.50
36.19
37.91
40.51
39.22
43.82
42.63
38.18
33.91
22.99
21.26
13.25
11.89
13.58
12.65
9.74
8.03
9.12
10.42
7.93
7.49
9.21
29.21
34.80
33.27
36.12
36.61
30.68
34.87
34.65
38.49
38.78
26.34
14.87
11.36
10.76
11.44
10.68
9.31
8.98
9.92
9.30
10.28
13.47
17.27
12.25
14.63
31.29
35.85
37.37
33.67
32.51
22.76
28.10
29.08
29.93
18.03
12.29
10.52
11.42
8.79
11.39
9.96
9.25
8.95
8.96
8.44
8.94
7.86
7.98
8.31
12.05
21.21
32.16
28.78
17.42
31.54
18.93
19.17
20.88
21.53
12.02
9.85
9.29
8.80
10.48
9.57
9.16
7.95
8.20
16.04
17.46
11.81
13.63
15.94
38.43
31.28
31.46
28.81
29.05
31.66
29.94
31.21
35.75
39.91
30.86
20.36
9.45
7.56
7.87
9.71
8.63
8.38
7.43
14.14
14.33
8.10
10.59
19.40
26.03
21.50
23.78
22.23
22.30
31.19
30.86
33.94
37.44
31.15
22.39
20.16
10.38
9.21
7.88
9.87
8.62
8.44
7.89
14.20
13.97
8.68
6.87
12.03
25.14
30.36
32.22
31.39
18.98
22.28
30.32
28.77
29.12
26.12
25.20
19.66
10.70
9.23
7.64
8.37
9.87
9.16
8.21
14.28
12.49
7.59
6.57
18.72
28.46
31.63
32.23
33.25
19.35
27.01
31.62
31.36
33.04
23.78
23.08
18.39
9.99
10.30
10.30
10.76
8.40
8.09
6.98
11.52
9.61
5.53
6.33
11.36
25.24
24.39
25.06
24.43
26.45
27.68
28.38
29.22
32.07
25.45
16.21
9.88
9.41
8.78
9.06
9.86
8.79
7.42
6.39
6.30
10.57
16.24
14.93
20.04
29.95
32.06
32.60
29.74
29.97
24.42
26.30
25.77
23.75
18.69
19.12
17.36
13.23
9.30
7.24
6.99
8.01
5.90
5.83
5.95
6.32
6.02
5.85
19.39
27.17
30.65
26.34
28.41
25.69
22.95
25.12
25.93
17.47
18.72
18.24
10.53
9.68
8.77
8.89
9.18
9.29
10.30
9.04
12.98
14.91
10.34
9.67
13.05
18.70
27.51
33.96
21.16
26.90
14.61
24.73
23.51
25.02
21.50
16.10
13.88
6.84
6.61
7.19
6.73
7.07
5.63
5.86
10.34
11.02
5.22
8.88
13.13
21.07
22.57
14.57
27.96
25.77
30.07
32.84
39.19
37.49
26.84
18.72
16.52
9.31
6.89
6.42
7.21
7.11
6.35
7.77
11.12
12.00
5.99
7.70
8.68
14.34
16.73
22.11
19.57
19.29
21.94
23.19
22.53
22.68
24.79
23.89
16.42
8.82
10.55
9.72
6.78
7.20
7.84
7.66
11.59
12.43
9.69
7.45
14.07
25.95
30.19
27.90
23.35
23.96
24.30
23.82
29.20
23.62
16.95
17.00
16.32
8.02
6.71
7.22
6.74
5.75
5.44
5.49
12.69
11.45
11.66
12.95
8.29
28.07
29.09
26.40
19.36
19.26
22.55
24.81
27.70
25.54
20.65
14.92
9.09
9.93
7.79
7.42
6.23
6.66
6.64
6.13
5.46
6.58
8.88
13.00
25.49
33.22
33.19
35.89
35.52
38.85
37.49
34.96
35.06
37.10
22.98
20.42
10.83
9.08
7.04
8.93
8.78
7.33
7.55
7.38
6.08
6.91
7.95
5.85
9.10
15.19
19.20
21.23
23.82
15.98
18.14
18.92
20.28
14.36
18.40
9.16
8.03
8.83
7.97
7.63
7.53
6.03
5.47
5.03
12.37
14.10
8.30
9.12
12.72
21.75
20.20
25.05
23.35
15.68
6.08
20.92
29.03
26.64
25.66
18.85
13.05
9.20
7.83
9.12
6.12
5.11
5.28
8.22
18.62
11.29
5.62
3.84
14.31
23.59
23.45
22.56
22.95
20.45
27.38
21.43
30.23
25.64
24.29
17.19
14.78
9.11
5.12
6.09
4.90
5.36
5.14
6.77
17.51
11.43
5.05
4.74
8.36
15.24
20.30
23.05
21.86
16.35
19.19
16.98
20.33
22.33
19.70
18.15
12.44
8.83
5.40
4.89
2.98
3.99
6.17
7.55
9.35
9.34
4.38
2.91
8.53
22.21
23.25
16.20
18.12
16.09
19.46
26.02
19.38
29.40
18.24
9.93
12.83
8.45
7.74
7.63
4.47
6.22
4.97
5.89
11.22
10.24
7.11
13.32
17.61
21.15
33.15
27.62
17.80
17.21
18.69
23.88
24.62
22.24
14.60
11.28
10.04
7.21
7.57
5.40
4.84
6.04
6.02
6.19
5.51
10.83
7.97
4.51
11.87
27.59
20.47
24.20
13.10
17.07
11.91
16.62
16.63
18.53
16.02
12.39
6.03
15.63
13.88
10.68
11.24
11.36
13.84
7.47
5.09
6.07
9.90
5.88
11.88
15.29
8.17
12.45
17.42
18.09
10.34
12.65
17.42
19.72
15.49
7.00
7.00
4.53
6.28
4.15
4.15
3.23
4.13
8.77
10.99
6.85
5.30
5.34
15.55
19.07
15.70
20.34
20.38
22.35
22.58
15.53
20.96
16.59
26.81
12.69
14.61
10.09
7.70
5.99
6.48
3.34
3.69
5.20
5.38
5.88
4.11
4.64
4.39
20.49
16.82
12.29
21.23
13.16
17.91
25.62
28.76
29.28
29.12
20.18
15.90
10.51
10.62
7.65
6.88
6.76
10.94
13.44
12.09
11.95
5.48
5.63
6.50
21.25
27.84
25.97
26.38
32.59
28.28
24.95
25.71
24.21
22.10
22.76
18.99
8.92
9.50
9.65
7.41
6.91
6.99
11.52
13.06
12.84
5.82
5.87
8.54
19.46
25.20
23.31
22.45
18.22
21.40
23.48
27.16
26.58
22.33
18.18
14.21
7.50
7.26
6.90
7.65
15.79
14.16
6.56
11.20
11.73
16.54
18.60
30.92
33.52
28.53
29.33
22.53
21.54
21.80
21.98
21.32
20.25
18.20
18.49
17.03
15.77
14.31
13.88
13.37
13.70
13.41
13.37
13.71
14.47
14.21
15.96
19.78
29.86
26.60
25.86
28.27
19.53
18.60
15.22
13.85
12.28
11.38
9.63
9.76
8.92
8.82
6.54
6.53
14.47
14.82
6.85
6.60
9.46
15.34
12.53
16.82
16.61
17.29
17.72
23.68
21.96
21.67
16.34
13.81
14.95
16.90
9.78
15.70
13.22
6.91
5.99
5.79
7.49
13.62
7.61
11.48
14.81
8.53
13.64
14.58
17.72
19.95
20.12
27.77
19.96
24.28
17.12
15.71
14.86
19.74
21.13
17.12
9.47
8.14
7.35
6.32
6.48
6.43
7.64
17.33
10.42
5.82
6.16
17.64
28.56
28.15
30.71
22.93
31.03
30.31
27.17
22.31
20.47
20.76
19.96
16.64
10.55
7.77
7.24
6.61
6.25
9.24
13.09
12.38
8.65
9.51
14.18
19.55
35.40
36.89
29.77
32.01
31.61
33.03
36.17
32.53
35.39
30.26
25.93
19.32
9.81
8.23
6.48
6.24
6.28
5.64
5.65
11.27
10.57
7.55
12.72
21.61
33.57
29.58
29.51
29.81
27.09
27.68
31.21
26.55
31.53
21.92
20.32
16.29
11.91
8.54
6.76
10.03
8.11
6.30
6.17
11.17
10.17
10.28
17.00
22.81
25.54
25.33
21.63
21.10
19.50
21.88
22.72
24.10
27.26
24.04
9.51
9.52
10.56
8.98
8.98
6.87
12.04
16.52
11.07
6.34
8.31
16.69
20.05
24.97
37.57
32.44
33.95
32.34
30.12
25.85
14.78
10.93
10.08
8.92
9.57
7.04
6.44
13.40
15.23
7.33
5.83
12.09
14.77
15.23
15.30
15.11
13.19
15.17
16.50
15.46
15.19
14.33
11.66
12.44
11.38
10.54
14.03
18.38
11.88
7.18
6.12
9.11
7.06
11.50
15.19
14.64
7.12
11.72
21.37
18.97
17.00
24.54
27.77
31.24
23.97
24.20
20.66
20.55
22.80
22.70
25.12
29.20
19.69
15.20
6.85
7.27
14.29
13.27
6.56
6.86
14.73
19.21
18.62
7.17
13.71
23.24
35.06
30.47
26.02
19.55
13.31
22.97
26.26
28.42
31.48
21.68
18.61
15.10
9.46
6.48
7.47
13.71
11.21
7.39
7.08
16.89
18.23
6.93
5.58
6.24
17.38
27.99
25.53
26.64
20.38
21.94
22.95
27.62
25.48
27.40
24.55
18.68
9.34
6.83
6.59
11.72
13.72
6.03
6.43
19.04
18.67
5.94
8.79
16.64
34.35
20.02
20.31
15.92
15.16
21.74
24.12
23.64
24.03
26.15
16.18
12.86
7.64
8.23
7.84
8.93
13.11
14.40
7.81
16.43
18.31
6.06
12.16
17.97
31.02
33.23
28.61
26.56
26.26
23.37
24.61
27.84
30.52
24.83
21.61
15.88
13.95
9.25
14.98
14.26
7.04
8.07
15.04
15.91
15.21
15.21
12.75
15.73
28.26
32.38
30.51
29.70
28.23
28.87
23.32
20.73
19.35
18.30
10.85
8.01
8.01
14.34
13.24
6.09
5.87
10.72
14.72
14.68
14.72
17.57
17.09
17.10
21.09
22.67
23.47
23.71
19.30
18.29
18.50
18.08
20.87
21.72
17.84
12.84
8.38
8.56
7.45
6.94
6.44
6.16
6.52
12.01
10.07
9.47
14.52
13.37
15.63
20.74
26.84
25.96
23.85
23.57
23.47
26.59
25.28
28.72
16.22
11.66
11.94
15.67
15.72
15.63
16.37
15.46
15.33
17.32
22.00
15.26
22.73
27.00
29.86
30.40
25.03
22.88
26.57
23.84
24.45
25.83
31.24
21.92
16.82
13.63
15.05
15.40
16.42
15.07
15.09
15.62
8.04
11.30
19.18
14.37
14.43
17.53
25.88
24.32
25.78
20.73
19.73
23.96
24.05
19.87
26.39
17.14
14.76
19.56
15.74
14.89
15.05
15.08
15.05
15.05
15.08
16.95
21.62
17.38
14.87
18.95
23.87
24.38
27.66
27.93
29.99
24.87
28.14
26.29
28.41
18.55
12.15
14.29
15.41
15.67
16.20
15.58
15.58
15.48
15.26
20.04
21.13
14.52
14.25
16.85
26.21
10.83
8.10
26.13
22.76
23.08
22.40
25.87
12.53
5.68
14.11
22.66
6.85
6.90
20.70
13.83
19.59
12.54
22.37
8.37
24.65
8.63
19.12
10.33
19.04
21.52
25.24
21.40
20.40
21.15
23.05
22.14
19.69
18.57
15.18
8.07
6.34
12.52
18.02
4.42
7.81
22.03
7.83
17.86
4.37
7.21
20.37
9.81
13.84
9.82
9.63
12.03
11.42
13.35
13.35
13.68
15.04
17.64
10.75
5.83
6.81
14.63
15.97
8.09
6.07
14.44
16.70
20.21
20.96
7.14
12.29
18.33
26.35
20.89
21.40
20.57
22.14
22.53
23.85
26.61
29.08
30.73
21.72
11.88
7.37
7.68
8.05
16.09
11.90
7.69
7.99
20.74
15.55
6.98
13.71
17.92
27.40
22.75
22.89
23.19
21.18
22.31
26.19
31.70
29.32
22.13
17.72
11.80
6.71
6.70
6.43
5.44
8.96
9.88
5.64
8.99
12.79
6.24
7.21
13.33
10.10
11.34
15.98
20.69
17.63
17.99
15.36
22.64
29.02
27.12
20.45
18.03
14.79
10.00
8.66
7.93
22.12
4.97
7.42
11.91
27.61
10.54
13.28
9.14
16.63
17.67
17.18
19.09
15.26
17.27
18.99
22.66
23.20
17.00
17.41
14.79
6.91
6.45
6.17
8.94
13.03
6.37
6.02
10.76
11.62
7.52
6.28
5.15
10.13
13.35
20.35
14.48
20.31
21.74
25.32
22.78
22.21
10.40
8.01
5.97
6.02
5.87
5.85
6.31
13.84
12.94
6.75
5.86
14.02
15.94
12.41
10.24
17.73
13.98
16.61
15.19
17.48
16.30
15.85
15.40
14.57
13.79
10.77
9.52
9.67
9.62
9.38
10.07
9.33
13.16
13.71
9.04
9.22
14.66
14.75
10.48
21.11
14.33
17.95
20.23
15.92
17.28
16.75
16.45
14.91
12.78
15.53
11.10
10.69
9.29
8.86
5.63
8.01
14.93
10.90
5.84
6.19
14.42
16.98
6.99
11.79
14.04
9.91
11.42
18.08
21.21
19.98
21.83
18.74
18.37
18.89
15.08
7.18
6.35
9.19
16.20
7.50
6.02
10.89
20.51
18.79
10.93
13.19
15.21
22.93
20.96
19.36
20.60
17.10
21.93
24.49
24.85
27.85
19.96
16.52
10.71
6.26
10.74
16.50
8.94
6.41
10.20
17.36
20.05
20.35
6.80
14.83
20.72
24.69
22.84
21.23
12.76
9.64
11.68
20.37
23.01
29.84
24.75
15.20
11.93
10.03
16.44
16.26
6.18
6.99
14.93
15.22
21.44
20.32
14.00
5.67
5.61
11.47
17.73
22.95
19.57
19.06
20.02
21.14
22.00
27.01
23.60
15.98
10.30
8.02
15.49
18.08
6.71
6.69
14.99
16.96
20.91
19.62
5.55
10.58
18.39
27.82
22.73
26.11
21.43
25.75
22.45
22.38
24.31
30.52
17.25
8.20
5.57
6.39
13.63
12.58
5.58
5.98
13.88
15.53
15.87
8.80
6.63
12.10
21.90
24.48
21.33
19.69
19.82
20.10
19.55
15.60
12.73
13.94
7.29
6.46
13.30
16.67
10.54
6.70
10.35
17.22
16.40
16.73
13.48
6.69
14.84
16.09
17.18
14.83
17.41
10.98
12.09
10.49
13.76
13.01
11.34
10.81
8.18
6.46
6.65
6.46
12.31
16.48
16.93
8.80
7.92
15.15
20.20
21.86
15.61
12.96
9.99
19.56
23.31
13.00
14.76
16.02
19.05
23.36
24.85
26.78
26.69
15.12
13.46
7.36
16.00
16.48
7.31
7.15
25.78
17.04
21.94
15.97
10.49
17.13
17.21
20.57
23.33
19.40
16.53
17.26
17.33
25.65
22.83
21.04
14.36
14.99
10.92
11.48
17.54
10.73
7.60
9.48
16.21
11.86
11.78
10.18
7.47
16.06
15.90
15.51
16.32
15.48
13.30
15.10
15.84
16.08
18.65
24.97
18.71
16.19
13.31
16.71
15.47
16.31
15.90
16.22
12.42
6.57
18.58
22.72
16.53
17.70
11.00
10.51
15.52
13.91
23.01
22.43
19.77
15.51
14.68
28.72
25.00
16.38
11.59
15.75
17.64
16.68
16.64
16.76
16.64
16.97
22.03
20.70
16.70
15.79
17.11
17.31
18.61
19.52
22.94
13.54
13.83
17.71
21.05
19.10
16.37
13.39
15.56
22.67
19.16
17.50
16.69
16.69
16.58
16.56
16.52
17.01
16.21
16.04
23.75
39.58
30.57
35.09
24.84
18.67
14.76
11.11
7.97
13.03
13.37
12.99
15.21
15.74
22.98
20.27
13.39
18.02
23.01
22.95
23.21
22.75
13.46
13.32
22.05
19.91
22.78
14.74
15.80
17.39
16.97
17.24
17.85
16.17
13.30
13.52
20.59
20.87
13.63
11.21
15.57
15.87
15.81
15.88
20.27
21.78
15.50
22.31
23.33
23.40
19.68
17.38
7.49
6.56
9.58
17.58
18.93
19.99
18.84
15.19
14.49
15.63
10.54
5.85
8.48
13.14
15.15
16.16
19.59
20.55
14.97
21.99
25.59
27.11
22.60
18.67
16.35
14.37
15.93
16.21
20.05
19.75
16.73
22.35
21.84
19.84
17.84
16.97
16.07
15.08
14.83
14.80
20.21
17.51
14.59
16.22
17.12
22.11
22.34
22.68
17.75
13.61
16.96
20.04
20.66
17.34
16.70
14.83
11.01
6.46
13.33
16.07
12.24
6.02
7.11
13.19
15.99
16.40
10.22
6.09
8.92
17.76
12.71
12.28
10.11
9.82
9.74
10.11
9.05
6.86
6.34
7.98
14.97
8.20
6.28
8.04
16.00
10.44
7.78
8.45
11.42
11.81
15.23
15.37
20.47
23.03
28.28
25.67
17.09
16.40
13.07
13.36
14.44
19.99
17.98
16.40
22.19
24.02
16.21
15.87
15.79
15.86
15.75
15.46
15.39
15.20
15.10
15.79
15.98
29.09
34.17
29.23
17.59
10.89
8.25
11.64
7.22
9.17
16.88
17.63
17.51
17.70
17.77
17.95
17.22
17.07
17.18
16.99
17.24
16.75
16.95
16.41
15.43
24.50
24.69
20.92
17.78
11.52
11.76
13.33
17.07
11.42
9.01
15.82
15.44
16.49
15.82
15.21
15.39
15.16
15.21
15.37
19.73
21.59
15.19
18.77
19.52
27.44
13.94
18.99
12.81
12.99
18.03
18.49
14.63
21.35
23.64
14.72
10.34
15.47
15.85
15.74
15.57
16.91
15.67
15.62
20.86
20.65
15.11
20.67
24.09
36.18
22.04
12.87
17.04
16.61
17.59
18.65
18.79
23.12
16.20
13.96
9.40
7.89
16.02
15.84
8.97
5.81
8.13
15.53
20.40
14.24
5.42
9.69
15.35
12.12
15.28
19.45
17.08
17.73
16.42
16.40
16.69
19.62
16.25
17.11
10.97
6.29
6.22
13.31
16.24
9.07
7.21
6.98
19.75
23.72
6.74
6.05
13.94
15.52
8.40
9.45
11.22
13.66
10.10
12.98
16.02
18.44
18.12
13.48
9.00
12.34
15.76
15.89
15.84
16.27
17.12
16.59
20.00
17.65
11.42
13.64
15.49
11.50
12.95
5.46
5.74
5.49
6.20
12.65
19.57
19.24
14.88
13.31
16.85
21.28
14.21
14.42
22.94
23.81
16.22
14.05
21.92
22.94
23.37
24.49
19.76
21.52
16.82
14.87
18.19
18.08
18.04
15.94
15.46
13.98
14.38
12.93
21.07
16.02
5.70
6.92
15.35
16.69
13.31
7.19
6.14
15.09
16.66
11.90
6.12
7.69
16.50
10.18
8.57
6.04
6.00
6.14
7.14
12.63
16.52
7.33
6.93
10.73
16.23
16.33
6.30
6.62
10.82
15.84
19.19
7.45
7.81
16.45
22.98
18.09
14.30
18.43
18.21
14.25
14.42
16.38
17.50
29.87
19.28
14.74
15.63
16.02
16.42
16.47
16.50
16.10
16.25
16.10
21.84
20.33
15.75
15.34
15.50
33.03
34.04
28.92
15.94
15.48
15.63
18.95
18.29
24.84
18.60
16.14
16.56
15.43
15.57
15.45
15.67
16.71
15.60
15.40
20.30
19.05
15.23
20.34
22.21
19.06
16.94
15.84
19.21
18.46
17.58
18.98
18.61
15.94
15.79
14.75
12.05
15.84
15.89
14.96
15.26
15.27
15.31
15.29
20.38
21.47
15.61
15.08
15.17
33.64
31.24
22.36
16.47
16.77
14.95
18.32
19.61
27.67
18.02
18.48
20.02
16.33
16.53
16.36
16.25
16.37
16.31
16.62
18.51
20.95
16.03
15.06
14.88
32.58
31.52
18.76
18.49
16.10
19.66
20.64
19.93
21.00
8.14
13.94
15.53
15.88
15.92
16.50
15.67
15.79
15.70
15.32
16.26
15.10
15.58
24.00
25.21
20.39
22.07
23.66
23.60
22.19
18.56
18.59
10.38
6.56
5.33
13.00
15.17
14.80
7.39
9.67
14.91
15.05
15.31
16.30
15.16
15.14
15.20
15.29
14.91
24.79
25.95
16.16
11.35
12.64
11.27
12.74
13.28
6.86
5.83
14.20
14.62
14.87
14.82
14.92
16.03
22.39
17.91
14.91
14.89
14.74
14.44
15.96
19.69
20.24
21.19
21.81
12.81
12.54
12.81
14.62
16.53
22.90
16.75
18.43
19.90
15.37
15.17
15.26
16.18
14.93
15.20
14.85
19.78
21.38
16.58
20.96
21.09
24.56
38.38
24.23
25.48
24.32
17.52
14.78
19.39
18.93
15.99
21.80
19.12
15.28
15.21
15.46
15.23
15.40
16.31
15.50
19.94
21.88
14.90
14.72
15.73
17.41
14.29
4.74
10.02
21.81
20.23
16.17
27.25
21.46
16.62
17.99
28.60
27.02
11.74
20.34
25.36
25.72
25.95
25.88
30.46
30.63
27.29
30.93
34.02
32.54
24.19
29.37
14.67
16.63
13.24
15.59
22.48
14.41
13.64
18.85
29.75
18.24
10.57
16.03
14.75
14.97
14.35
14.41
20.34
18.21
13.68
13.43
13.23
12.60
17.35
16.41
9.84
5.34
11.92
12.89
16.99
13.41
17.41
21.99
21.88
22.07
21.81
22.07
21.61
22.24
22.44
23.37
21.88
22.09
22.29
21.78
21.84
27.42
18.02
14.98
17.25
16.34
14.73
16.91
17.06
15.08
13.76
22.44
22.75
18.32
12.40
13.69
21.99
22.82
15.86
12.36
17.63
22.42
21.43
13.51
13.93
21.04
18.99
17.16
16.91
17.26
17.10
15.05
15.22
13.16
12.36
13.90
19.53
11.79
5.31
11.09
15.43
15.34
15.89
15.60
21.10
8.21
7.52
14.96
15.50
15.20
11.37
14.48
13.76
11.73
11.77
12.10
11.99
8.58
13.50
14.04
10.74
10.76
15.17
15.48
15.85
15.77
16.07
16.24
15.87
5.52
6.79
11.75
15.35
15.49
15.79
15.83
17.24
7.17
5.55
6.10
12.06
16.34
12.46
10.98
17.67
19.34
10.39
7.71
14.06
17.52
17.56
17.93
17.85
18.97
18.34
18.19
18.05
17.73
18.00
17.98
18.09
15.03
9.70
8.93
6.56
14.92
16.02
15.61
15.48
15.49
15.30
15.26
15.96
15.31
14.96
14.92
21.57
18.70
14.92
14.60
15.21
14.79
15.19
18.11
6.16
12.62
14.90
12.78
12.00
13.98
22.12
16.56
22.91
26.23
23.09
22.53
22.79
22.81
22.84
22.85
23.52
23.85
16.79
15.39
16.44
22.56
28.71
23.30
23.90
23.42
15.50
15.36
14.04
19.90
26.99
24.13
24.32
16.82
19.78
25.84
20.90
16.08
15.88
15.88
16.79
15.55
16.86
22.28
23.24
26.07
15.61
13.96
13.59
15.70
15.79
13.93
16.30
23.40
22.20
21.47
16.04
16.77
15.66
15.48
14.79
14.28
14.38
14.15
13.06
13.34
12.07
11.96
16.47
18.38
19.48
19.40
22.74
21.20
20.60
20.17
20.25
13.76
17.27
17.95
13.33
13.83
12.69
12.32
12.34
12.11
12.07
12.25
17.47
15.82
11.34
11.20
12.78
19.07
20.74
21.26
20.68
19.83
21.36
20.46
28.58
27.12
22.90
22.07
17.23
13.10
13.62
12.77
12.57
12.46
12.00
12.12
14.92
19.17
11.62
14.70
19.28
19.66
20.98
14.90
12.63
21.35
13.29
9.97
10.66
10.57
13.15
15.13
12.63
10.01
12.16
10.03
