45.74
48.43
45.54
45.86
46.98
43.14
45.24
43.01
41.66
51.26
74.76
99.01
130.66
125.25
96.78
76.43
50.94
46.41
48.03
47.94
44.16
44.89
40.81
40.11
41.15
47.35
49.65
50.75
51.12
52.07
52.81
50.84
49.56
55.45
100.68
119.35
82.39
136.13
115.59
69.99
41.27
55.03
53.64
50.16
48.00
44.65
44.05
42.09
42.11
51.03
51.47
53.19
53.80
52.28
59.09
57.77
49.27
56.22
96.85
136.45
148.07
140.73
114.44
69.39
48.11
50.09
50.43
48.05
50.22
47.64
46.79
48.49
52.34
51.56
54.21
55.71
59.74
54.31
52.38
49.69
51.27
56.56
96.06
123.77
146.70
138.95
116.30
75.84
58.88
54.93
55.83
51.43
47.81
51.42
50.15
48.72
48.39
46.86
44.88
48.89
46.65
45.73
48.46
44.12
44.88
47.18
56.00
68.33
91.01
74.57
48.67
41.00
52.50
55.13
48.16
46.33
48.41
47.19
48.07
48.77
46.77
48.61
49.29
45.61
50.39
44.54
51.25
46.77
45.41
47.76
42.32
48.18
41.20
73.76
43.29
49.28
45.24
45.73
47.77
48.71
45.53
49.91
49.57
48.46
49.02
57.56
54.81
57.11
60.67
59.90
65.62
64.62
53.16
68.51
92.20
128.09
147.73
128.42
119.51
71.54
56.39
55.01
57.66
56.54
46.53
51.05
45.95
49.98
48.25
54.42
54.89
58.07
61.32
59.01
57.42
64.69
57.40
62.83
96.53
128.91
145.74
134.82
110.36
73.73
66.81
58.96
57.22
59.79
46.58
50.27
46.25
48.83
48.45
47.72
60.46
53.68
58.77
56.03
58.02
59.79
51.71
63.48
57.90
65.31
53.01
98.54
115.17
70.90
63.58
56.79
57.47
48.08
47.94
45.01
47.72
43.29
46.94
50.92
55.78
56.66
55.63
58.44
58.24
56.40
60.59
52.77
32.62
52.30
57.70
54.08
53.95
59.14
49.21
56.17
45.29
51.14
44.91
48.84
47.18
48.69
47.63
56.83
55.18
57.37
60.03
54.84
60.89
56.72
56.74
54.52
85.35
124.97
137.41
133.12
114.66
72.90
53.41
55.36
48.87
50.30
41.75
50.14
46.77
50.02
50.22
45.82
48.94
47.19
48.98
50.24
44.70
46.56
47.31
54.53
86.91
144.10
153.74
134.19
93.70
73.28
47.35
47.61
43.71
48.04
46.36
48.79
50.03
46.31
50.52
46.10
47.40
47.43
44.21
49.35
47.05
51.90
52.66
49.82
91.18
107.65
67.95
94.48
142.64
68.61
44.02
46.20
48.50
43.67
49.72
44.46
46.43
44.20
46.17
42.35
56.02
53.60
59.39
54.65
62.25
62.65
63.54
62.12
93.70
134.88
135.21
142.15
81.27
58.51
52.20
61.63
54.11
50.49
50.30
44.19
46.63
46.37
41.74
46.18
51.13
54.90
55.76
56.31
57.35
59.94
59.79
51.43
60.41
54.42
56.71
57.06
52.27
56.77
54.22
53.21
57.44
52.25
49.16
47.41
44.14
45.38
47.43
45.83
51.80
54.40
56.51
57.77
55.56
62.84
57.13
60.80
86.78
115.92
134.86
105.20
111.98
79.81
58.95
56.31
58.43
51.35
48.19
46.20
47.19
45.30
47.27
46.72
50.63
59.58
55.03
60.96
58.19
53.64
57.33
57.26
86.95
113.60
124.06
105.97
112.42
73.32
48.71
47.65
49.06
47.21
44.56
45.49
45.99
42.11
48.63
44.07
54.43
55.23
53.94
59.18
57.37
60.33
54.29
66.71
83.93
114.91
136.53
131.79
109.87
77.06
74.47
68.39
56.66
56.89
57.88
48.76
51.62
48.01
50.98
50.58
46.85
48.22
47.97
49.87
48.57
47.75
48.06
57.86
103.12
137.35
164.28
141.88
128.14
84.02
63.11
55.86
55.64
59.29
51.68
54.01
47.92
51.12
50.87
48.94
50.15
49.54
47.21
48.72
49.12
48.82
46.66
49.55
104.80
134.85
124.08
105.88
90.58
68.30
55.15
55.53
46.84
50.36
46.89
45.24
51.10
44.44
51.15
52.42
60.92
59.64
58.55
59.12
60.86
53.54
56.59
57.94
92.22
131.78
147.70
141.69
109.21
79.62
64.17
59.59
61.05
50.95
53.11
49.45
49.87
46.72
49.84
50.61
56.98
59.73
57.45
56.72
57.35
57.68
56.06
61.77
98.90
135.97
153.16
148.40
127.96
87.52
66.31
59.10
61.50
56.80
50.93
47.42
47.25
46.16
47.79
47.41
54.19
57.60
56.60
60.87
52.67
55.86
55.36
64.80
104.87
136.38
159.92
149.77
134.41
86.21
59.59
60.45
53.92
55.72
48.40
47.96
49.83
46.95
48.91
46.62
52.10
53.84
56.64
53.66
51.13
49.30
52.59
63.99
104.69
141.38
153.07
149.01
127.86
82.87
65.58
65.59
53.27
54.03
54.70
48.64
51.80
47.16
49.29
51.86
56.90
56.96
58.21
59.46
55.52
59.08
56.87
62.94
107.29
142.01
154.08
149.87
115.46
84.87
62.99
66.99
56.90
59.41
55.40
57.09
56.37
51.34
50.28
49.73
47.43
45.67
47.18
47.85
44.02
48.05
48.12
63.45
106.49
140.49
158.51
150.94
125.98
94.43
60.20
56.11
47.78
50.38
47.73
48.52
51.52
45.01
49.30
48.43
48.19
50.28
47.87
49.67
47.01
47.29
45.82
50.30
76.26
143.75
146.88
125.98
98.41
78.54
60.01
59.03
54.48
44.60
50.01
43.96
46.93
49.16
42.41
48.19
52.24
56.88
54.34
58.45
61.89
58.10
59.47
64.61
94.63
126.64
134.28
144.22
104.05
77.20
63.59
61.90
57.64
50.28
50.89
50.38
51.93
50.23
51.02
46.56
57.52
57.20
61.19
60.77
57.83
63.54
68.13
72.95
78.79
77.25
71.55
72.81
75.57
71.22
122.44
63.67
54.70
56.42
48.00
47.18
52.76
47.42
51.36
47.78
51.07
58.34
62.91
60.85
62.08
56.12
60.88
56.15
88.72
71.72
109.46
109.66
100.31
83.90
71.78
61.99
66.32
58.64
52.72
51.24
46.33
44.97
50.00
45.12
55.41
54.70
60.69
58.97
60.05
60.35
53.37
63.91
76.84
77.35
82.44
123.97
87.97
62.79
69.03
76.36
54.57
53.95
50.11
47.88
52.36
47.45
50.61
51.67
52.38
65.21
59.25
63.07
58.70
58.80
61.64
59.37
90.65
126.59
137.59
123.61
112.37
85.19
69.81
69.92
57.96
47.38
53.46
46.89
46.05
53.53
46.97
50.00
48.37
49.73
46.38
51.39
44.35
49.58
44.52
52.30
54.03
67.83
74.88
109.93
81.54
87.68
70.65
52.42
55.15
52.32
49.03
49.37
50.85
52.18
47.68
53.75
49.75
47.81
53.39
48.88
52.03
47.48
49.32
59.38
54.35
59.83
56.62
56.76
61.87
54.77
55.73
51.59
48.80
52.98
50.58
48.55
53.32
50.00
48.24
54.33
51.19
62.51
58.94
59.32
64.35
56.07
66.02
69.04
74.42
64.15
72.52
94.50
67.78
70.69
56.57
55.48
49.60
49.96
50.86
46.45
52.13
49.56
44.77
50.73
53.58
54.77
62.12
58.79
57.14
65.18
53.31
64.24
86.88
71.07
120.55
66.06
80.29
105.25
70.51
60.03
58.00
48.50
50.16
53.15
49.89
50.11
51.16
47.71
52.33
56.88
57.60
60.50
58.82
60.01
59.19
72.46
116.48
150.54
178.17
180.79
161.67
117.19
66.95
58.05
57.89
51.98
47.66
46.51
47.56
47.07
46.47
46.62
53.58
50.76
48.99
49.50
50.09
49.58
47.24
74.58
129.55
165.72
177.29
177.32
155.60
117.13
69.53
60.58
60.26
52.52
52.45
51.76
49.81
49.11
50.66
46.32
49.44
52.52
48.66
50.32
51.23
48.49
53.15
77.27
121.10
151.28
174.23
164.93
142.05
101.68
72.52
63.91
59.26
58.95
58.59
53.95
50.46
48.41
47.88
47.24
47.85
46.76
43.94
46.78
46.36
43.51
48.36
56.04
64.66
55.76
51.33
51.33
45.55
52.24
48.79
43.35
49.22
48.60
46.80
47.29
47.25
48.34
48.32
43.87
44.58
43.63
41.01
40.46
39.21
38.59
46.24
63.91
142.96
160.35
148.09
163.97
150.54
110.46
67.64
58.27
52.82
48.14
55.55
46.41
47.92
47.22
46.31
52.59
58.23
55.58
57.32
58.22
57.64
58.30
61.91
76.49
122.99
164.22
175.37
175.49
156.06
119.16
70.97
60.70
52.10
44.92
49.04
46.98
46.65
46.12
42.60
47.49
52.53
54.35
49.16
54.00
52.74
49.95
52.59
77.53
126.07
155.24
168.33
167.47
134.51
95.69
68.64
62.93
55.14
45.21
49.08
46.62
46.54
46.36
43.38
51.06
56.77
58.00
56.74
58.44
59.28
58.87
55.41
62.38
68.02
103.98
80.07
61.98
57.17
54.08
62.39
52.58
55.83
50.49
47.94
46.32
48.32
49.29
45.90
47.85
49.68
59.52
54.05
62.26
59.17
59.56
52.46
62.49
54.20
64.44
63.96
58.52
60.00
54.10
56.39
54.33
52.34
48.18
47.64
47.58
46.49
46.50
46.10
55.99
57.91
57.96
27.03
42.47
61.62
54.19
59.51
60.00
94.68
129.46
109.48
76.98
84.00
86.57
70.33
58.41
55.00
51.61
46.97
48.32
51.64
44.19
48.27
46.14
48.87
44.51
49.02
49.39
48.35
43.44
48.00
79.02
131.40
152.21
113.07
154.15
162.93
133.92
75.23
52.74
52.12
49.87
47.71
47.98
49.57
44.46
47.19
46.88
48.63
46.55
44.70
48.28
43.47
41.46
44.70
86.29
139.59
130.40
48.87
83.43
56.70
87.02
80.41
51.39
48.60
47.69
46.27
47.16
46.62
47.02
46.42
45.81
51.55
56.01
58.25
58.25
63.73
66.02
64.45
63.85
60.89
55.14
79.17
59.46
140.44
118.14
66.02
57.76
57.73
50.31
47.84
49.24
46.94
46.64
46.68
46.85
45.93
48.72
51.71
51.93
49.04
49.13
54.84
78.77
128.22
167.39
168.97
159.63
119.18
109.77
69.03
56.41
56.06
50.50
50.29
47.18
47.08
47.42
49.34
46.41
41.26
40.46
39.43
43.38
47.44
49.89
49.63
88.92
91.65
173.10
181.28
182.01
170.23
127.51
76.35
67.25
62.47
52.83
50.75
47.50
47.71
46.33
47.18
49.99
52.52
56.28
58.49
60.85
59.13
56.72
57.30
56.43
56.71
69.60
97.17
62.13
58.72
55.89
65.47
59.34
51.53
48.88
44.01
39.70
40.04
43.85
37.75
39.04
41.89
49.24
49.15
48.67
49.49
47.93
48.62
50.23
58.13
65.48
71.42
52.56
110.91
62.43
52.37
51.01
54.65
52.69
50.53
49.39
43.59
38.62
38.56
37.70
39.45
37.31
37.43
37.29
38.70
37.00
44.65
106.51
157.19
185.52
190.91
188.12
175.49
135.87
78.69
55.04
53.53
50.44
46.47
44.46
42.41
42.77
42.86
42.04
40.17
37.72
37.96
40.62
38.38
42.25
48.90
76.70
134.11
170.95
151.01
173.23
154.52
107.56
77.73
62.87
56.15
48.02
47.88
49.50
48.58
48.91
47.18
48.26
56.57
57.68
56.44
52.96
55.44
55.45
52.83
67.92
106.43
135.37
163.13
148.06
162.06
107.84
75.51
64.41
59.32
50.49
49.12
45.18
50.87
47.12
43.10
46.31
53.57
57.15
55.54
57.05
56.35
58.18
59.75
82.82
133.06
163.80
176.16
144.84
99.34
101.95
61.86
61.79
60.56
56.28
48.03
42.52
47.26
45.23
51.63
44.41
52.89
54.62
61.17
54.92
57.83
56.49
53.69
58.82
58.08
132.84
179.60
156.96
145.79
114.69
77.07
82.26
62.60
54.99
50.17
41.77
46.29
45.80
47.05
46.11
49.62
56.74
55.05
57.65
59.38
53.70
57.42
78.41
130.66
153.69
169.32
162.82
135.38
111.53
78.17
74.31
62.35
54.79
47.56
46.92
43.53
49.17
44.63
51.00
52.50
58.50
60.05
59.86
60.96
54.50
56.73
75.01
102.41
160.15
159.86
149.61
119.87
108.46
79.96
67.44
65.13
59.11
46.51
49.77
47.65
43.16
50.42
42.00
47.25
45.71
45.78
49.06
46.01
45.81
46.21
57.37
119.78
64.72
53.36
80.86
142.18
86.51
80.78
53.92
55.86
48.32
45.23
48.98
43.76
46.52
45.90
47.96
45.68
49.20
44.35
50.09
43.24
47.63
51.00
92.41
144.21
171.19
171.21
167.42
158.37
115.33
77.63
57.52
59.45
47.35
49.68
50.00
45.02
51.01
50.10
58.59
61.01
59.86
59.28
59.45
55.06
57.99
56.22
76.65
126.21
162.38
171.47
162.95
135.36
99.57
74.89
67.96
64.82
51.08
51.09
47.52
45.37
50.14
45.45
51.65
57.14
56.21
58.38
59.81
56.69
55.86
63.02
90.25
132.30
150.66
158.40
161.15
137.86
112.03
80.85
76.71
58.08
61.17
53.20
43.64
49.64
41.06
45.15
44.17
52.32
56.89
57.41
53.96
62.47
54.40
66.47
75.75
115.49
140.14
84.29
131.29
113.70
100.60
90.92
85.26
68.57
63.84
56.25
51.75
51.66
44.30
49.02
54.34
55.28
54.47
58.22
56.94
55.52
58.21
50.83
61.12
62.29
81.94
90.86
97.92
82.78
67.95
73.48
64.61
54.00
52.02
45.00
45.61
43.96
43.89
45.28
58.59
54.05
54.64
60.04
53.35
61.75
52.17
55.99
60.54
61.26
93.26
122.15
83.26
160.03
129.21
80.36
63.63
61.10
60.91
50.39
45.89
50.82
49.78
44.51
52.05
48.85
46.18
47.21
49.35
48.25
46.49
52.66
108.90
148.57
180.39
182.48
164.58
110.57
73.11
54.06
52.67
39.24
49.01
42.90
47.68
48.60
44.52
45.67
47.30
40.09
45.90
45.16
44.69
47.26
44.39
50.70
111.79
158.36
189.92
194.65
186.00
170.14
111.66
74.37
54.95
47.52
49.64
48.09
45.87
41.81
47.90
43.98
44.88
55.61
53.26
60.21
58.59
55.79
56.74
61.73
98.73
138.60
123.34
67.87
62.93
60.84
57.18
53.83
47.94
43.62
44.78
45.72
43.47
46.20
43.11
46.83
46.72
52.49
57.79
59.88
53.74
63.50
62.48
70.24
56.87
68.29
65.09
57.18
56.19
101.20
111.22
68.06
56.34
54.22
50.84
54.51
48.51
47.76
49.15
52.50
50.19
50.50
59.22
61.41
60.20
60.43
60.80
59.58
105.09
135.92
169.74
178.17
111.30
142.40
134.39
88.16
58.00
56.16
46.91
49.21
48.74
47.89
50.11
42.79
49.40
52.96
57.64
59.62
58.27
59.88
63.50
63.06
95.32
163.39
182.16
191.92
183.51
180.31
145.97
90.36
55.97
55.84
43.42
41.68
40.69
38.45
40.86
38.34
38.69
48.69
48.20
51.55
51.51
52.13
53.11
56.67
103.76
165.02
185.79
180.96
153.54
152.27
79.53
62.05
64.38
54.97
42.94
42.38
37.82
38.60
41.93
38.84
38.87
41.36
38.84
39.49
40.62
38.53
38.09
58.03
113.39
152.08
174.60
175.64
174.19
160.91
120.76
78.66
55.15
54.07
51.40
44.45
42.23
41.13
38.56
41.71
39.84
38.96
42.33
38.97
38.75
41.34
38.14
55.91
121.57
167.12
182.14
190.60
183.05
163.52
126.98
78.77
52.39
54.22
48.88
43.90
44.56
40.11
38.28
41.99
38.92
47.61
54.45
51.76
55.64
53.06
49.43
59.19
109.18
147.58
161.41
156.02
150.80
130.10
103.94
85.00
78.64
77.14
63.08
57.39
56.14
47.67
49.88
51.26
45.89
55.27
57.19
59.35
65.19
58.00
60.04
62.42
106.38
126.89
154.13
148.57
140.44
124.28
108.01
87.02
78.09
66.30
66.39
56.59
51.40
47.96
49.27
46.53
47.14
56.02
57.19
62.00
60.05
61.30
60.08
57.12
72.85
83.03
146.41
151.03
144.94
123.03
93.18
84.03
80.32
63.45
53.76
58.87
50.70
51.43
53.78
52.29
48.41
61.84
55.40
64.11
62.05
58.49
61.90
58.70
88.70
160.67
151.84
178.74
143.80
64.56
62.48
57.28
63.79
53.81
47.15
42.25
48.89
40.61
45.88
43.63
47.65
61.04
54.92
58.66
61.04
56.60
57.48
63.20
112.17
155.84
184.48
177.93
177.42
162.94
126.39
83.44
56.67
59.36
46.13
51.35
44.45
44.32
46.74
47.72
43.08
48.49
44.43
46.15
46.51
45.48
47.95
64.99
92.33
134.77
180.43
179.66
173.48
153.74
113.18
70.99
61.13
62.17
48.37
48.75
43.80
46.34
44.61
48.45
41.93
50.27
42.27
48.90
47.39
42.20
47.24
62.14
118.15
166.97
183.86
179.61
175.16
144.95
113.18
82.54
62.80
68.18
55.98
54.13
51.59
46.84
46.18
51.15
44.38
56.44
53.11
60.62
62.16
56.60
61.80
66.23
108.80
154.94
161.73
162.73
154.64
127.51
108.26
92.99
83.71
77.77
71.84
62.98
57.09
51.65
51.69
43.58
50.15
55.46
58.51
59.79
56.59
64.51
54.00
60.69
98.28
110.35
125.27
146.93
136.22
109.51
94.94
92.98
87.04
71.16
65.43
62.47
58.86
51.25
49.64
50.15
43.59
58.84
57.62
60.60
62.37
58.94
61.84
59.74
67.98
81.74
72.75
90.70
89.64
95.00
83.45
78.79
85.35
68.56
65.59
65.08
59.35
58.16
55.19
52.87
51.98
59.22
59.82
58.27
61.03
56.63
59.76
58.42
99.50
146.37
155.01
158.37
150.59
130.35
105.40
91.18
80.45
73.55
75.70
68.28
58.26
62.89
42.87
24.22
58.17
48.79
51.66
47.35
47.46
48.69
53.26
60.27
109.66
145.33
163.41
172.08
159.21
148.99
114.80
87.45
75.06
75.89
61.84
62.78
61.42
52.61
58.46
54.08
49.52
53.34
45.75
50.25
44.81
47.46
45.21
57.17
110.79
161.37
171.72
171.26
163.27
157.02
120.58
81.95
77.37
70.40
65.84
70.68
58.56
55.19
61.17
50.72
52.30
50.30
44.22
49.75
42.66
47.15
41.61
63.04
120.71
152.89
170.93
175.34
174.19
151.70
123.37
78.47
72.92
69.13
61.13
60.28
56.20
52.50
53.54
50.17
52.14
64.26
57.04
62.19
57.98
57.66
60.59
64.51
89.62
120.01
127.60
159.77
142.88
136.64
102.49
88.49
91.76
83.19
66.00
67.19
67.44
55.48
55.14
53.93
48.99
62.55
59.09
60.88
59.89
58.19
61.79
72.31
96.68
134.23
146.21
150.67
144.66
122.90
110.84
101.99
95.11
86.25
79.34
72.55
69.15
62.97
55.28
58.85
53.73
61.49
62.14
62.52
63.05
60.58
64.48
69.34
116.38
141.88
159.15
150.14
142.75
125.05
110.16
101.53
87.56
76.27
69.52
64.92
55.33
60.45
56.78
49.67
51.89
59.80
61.46
60.58
62.07
59.90
59.67
63.12
81.72
108.63
113.06
127.77
106.35
99.28
100.04
91.02
85.95
79.92
69.22
63.68
67.32
60.12
54.41
53.87
54.47
59.85
58.84
57.90
61.04
55.86
61.38
72.90
105.05
122.49
148.82
148.24
148.17
132.71
104.10
91.35
86.77
82.33
78.90
69.02
58.59
64.42
58.37
54.53
54.92
50.92
52.35
48.00
48.41
52.24
45.68
51.61
114.46
150.16
162.36
161.34
140.38
117.00
112.53
80.63
74.74
74.53
69.01
66.90
65.31
57.69
56.74
56.30
47.71
49.34
47.59
48.01
46.08
42.46
51.52
66.84
118.71
144.94
163.75
149.87
152.29
139.40
106.21
92.85
88.09
82.78
79.38
69.21
68.67
68.32
57.65
56.94
56.86
55.34
64.27
57.76
62.12
63.46
60.38
71.94
103.03
136.02
143.73
136.98
130.01
118.64
122.42
112.71
102.90
94.21
82.95
80.45
76.20
69.73
60.19
60.44
55.59
57.79
66.63
64.19
61.93
66.07
62.96
81.04
95.14
125.47
118.78
134.36
117.07
117.91
117.56
111.53
109.41
104.89
97.29
81.76
80.44
77.81
72.29
64.95
61.43
67.23
65.16
63.74
64.45
66.04
58.59
70.96
119.58
155.59
165.19
169.05
167.96
157.32
132.44
88.79
76.75
63.05
59.97
56.98
48.39
57.09
46.25
49.01
48.51
58.73
56.88
58.39
56.66
57.26
56.84
68.92
114.53
157.55
166.39
96.92
143.91
111.57
104.12
83.46
79.71
67.20
57.89
60.00
54.43
54.59
56.78
50.99
56.93
58.73
59.92
65.97
59.28
68.10
59.78
68.72
101.88
108.34
129.81
154.43
149.76
144.05
110.12
86.12
79.01
65.63
59.84
59.98
53.78
50.85
48.27
49.50
46.29
48.14
47.46
47.97
46.75
47.19
45.12
75.43
121.09
156.38
172.89
172.16
169.88
158.39
128.22
81.90
74.17
66.59
72.62
65.15
56.49
61.37
54.19
49.97
54.70
47.97
49.61
49.39
46.78
50.21
45.98
75.22
133.91
153.40
161.37
164.70
151.21
135.99
109.44
83.84
73.57
73.54
74.33
65.03
61.74
54.72
54.97
52.04
51.90
62.40
62.04
64.28
58.87
61.87
60.31
75.50
102.60
159.96
141.00
120.99
118.22
108.35
115.09
100.80
101.42
94.06
79.17
70.45
68.38
63.83
60.79
58.15
54.95
63.59
62.48
62.56
62.18
61.04
65.51
77.28
106.10
133.96
142.63
139.27
116.62
100.94
87.62
79.32
68.13
55.24
50.48
49.92
44.07
52.42
42.82
46.08
48.93
53.82
57.08
57.08
59.48
58.58
57.42
67.48
114.52
152.56
157.53
168.91
165.55
145.71
122.50
88.29
82.40
76.40
69.53
56.68
52.79
55.99
47.91
50.83
49.47
53.98
59.60
54.08
58.23
58.21
55.82
75.99
109.51
132.73
150.56
150.89
144.88
130.78
110.51
102.26
94.45
88.71
78.02
76.63
70.23
63.27
63.84
56.51
55.47
53.11
53.16
51.82
50.84
50.12
56.54
75.40
103.76
127.64
142.26
133.85
131.02
126.44
119.17
116.55
116.21
100.61
96.91
86.76
81.37
81.40
71.49
68.48
63.18
61.39
61.01
52.22
58.29
50.95
54.38
72.56
116.90
139.74
153.54
151.32
145.71
129.57
107.91
97.21
93.13
94.58
82.35
83.60
79.24
75.07
71.14
62.22
66.83
56.87
57.77
57.27
50.59
57.14
53.24
74.49
115.99
157.87
165.18
161.77
157.30
145.37
113.72
92.09
92.05
81.01
75.67
67.88
69.24
67.44
52.61
58.37
52.33
60.19
65.83
60.16
61.36
56.41
60.65
73.33
107.52
134.10
146.37
151.77
143.92
137.58
109.96
91.78
96.70
84.95
85.05
81.55
73.17
74.34
63.83
55.22
51.03
67.24
67.49
64.69
70.52
57.97
67.41
71.72
98.27
101.68
128.94
146.00
100.58
89.60
91.99
90.11
96.35
78.82
78.29
73.70
61.57
63.94
56.56
52.66
59.29
59.35
61.12
65.38
59.14
62.84
66.92
70.55
100.26
136.58
145.71
148.78
140.65
127.76
112.47
104.70
100.91
93.67
89.26
78.68
76.82
65.67
59.04
63.94
52.13
66.64
68.16
62.50
68.60
60.93
65.32
82.07
102.60
131.82
140.30
133.74
129.07
121.98
122.03
120.12
120.19
107.71
98.49
90.29
80.54
80.12
70.73
67.43
63.71
76.48
68.55
65.05
73.07
64.10
74.41
87.67
102.23
126.42
127.56
125.86
125.99
130.31
128.88
120.63
118.91
113.86
104.50
101.63
90.26
88.51
82.59
74.96
76.36
63.32
61.01
63.17
56.25
57.92
60.76
77.29
114.86
135.12
149.13
144.92
138.57
125.65
113.30
101.62
100.07
92.40
92.83
82.06
81.01
78.32
71.55
67.99
58.12
60.61
55.88
49.95
58.56
47.76
54.14
71.30
125.08
146.62
152.23
154.00
145.81
129.53
111.72
98.39
99.19
88.38
86.77
81.94
80.60
83.41
75.51
79.10
81.00
79.24
78.31
79.31
79.57
76.72
69.55
87.46
85.88
84.72
84.15
87.83
79.29
77.06
97.54
89.71
82.55
78.61
67.81
63.71
58.82
58.23
53.14
57.09
48.94
66.81
58.54
66.58
60.14
63.15
65.18
75.98
103.88
145.84
134.29
130.41
138.81
135.66
107.26
94.84
89.87
79.44
77.33
77.24
68.73
59.54
61.44
63.04
56.78
69.88
67.42
62.64
71.56
63.33
66.80
74.40
115.89
138.73
155.37
155.75
152.56
127.36
106.24
97.84
91.86
89.03
78.46
70.36
69.58
62.12
59.04
53.65
57.60
60.29
58.84
61.78
57.42
61.38
60.48
76.76
107.89
105.07
103.70
107.85
93.96
87.63
90.41
85.67
79.91
83.72
77.82
75.21
66.65
53.56
60.67
51.57
54.51
62.72
58.25
64.24
58.32
60.94
63.88
79.35
120.32
133.52
151.35
151.62
148.97
129.52
106.41
97.41
98.06
90.79
83.55
81.80
71.38
72.11
58.85
57.48
60.05
50.76
57.03
49.23
50.46
52.20
49.30
75.03
125.36
150.69
154.30
153.67
146.50
129.00
108.28
98.68
98.33
90.50
89.82
81.51
78.12
77.67
68.74
64.38
56.14
58.35
53.38
51.01
54.77
48.10
59.55
79.97
121.47
142.82
141.33
141.20
127.08
118.67
106.09
94.72
94.92
82.76
85.39
78.84
81.40
78.22
68.02
61.76
63.06
69.76
62.21
68.31
62.45
63.20
64.06
67.56
89.67
89.00
97.70
95.12
101.77
113.00
117.87
95.00
79.98
73.97
76.26
71.99
69.74
65.65
56.16
58.61
57.20
63.70
62.13
61.71
61.83
61.68
61.43
62.38
70.41
145.09
170.82
178.74
153.74
100.77
94.89
87.79
72.45
67.82
68.82
59.22
52.48
60.62
51.94
52.76
55.78
57.00
65.98
55.73
66.45
57.14
61.37
67.49
114.87
128.29
160.22
164.06
158.28
138.38
115.18
97.15
70.59
70.37
61.06
54.27
60.28
52.53
56.83
48.85
52.88
60.06
56.05
64.39
62.07
64.25
65.58
78.75
125.45
140.66
142.40
130.22
113.24
128.66
101.08
87.60
88.41
79.23
76.17
70.61
69.63
69.15
63.11
66.85
62.22
63.89
65.26
56.98
64.40
58.45
67.19
76.79
48.95
113.81
119.62
133.55
129.52
147.80
108.57
91.04
81.55
75.70
66.77
72.13
61.72
60.46
59.68
59.15
51.40
56.76
52.03
50.81
52.80
45.52
58.10
90.58
130.94
162.56
175.95
166.51
162.58
149.33
117.20
87.59
78.67
77.56
74.85
72.35
67.11
64.50
62.59
61.76
52.70
59.48
50.57
54.20
50.74
49.10
57.07
90.53
100.71
99.44
174.46
155.56
145.13
113.57
80.52
70.02
76.96
77.87
67.96
72.08
60.35
59.22
53.50
58.60
58.92
67.60
64.16
67.18
64.72
61.78
70.01
76.00
102.37
140.81
155.50
149.33
145.98
126.00
105.23
102.02
106.20
99.00
93.07
82.83
82.78
78.75
69.82
66.67
67.37
68.97
63.16
72.34
62.57
68.26
73.44
76.05
99.49
126.33
135.91
134.18
131.58
117.83
115.13
107.22
102.40
104.28
92.88
89.03
82.71
81.90
80.43
76.64
89.52
83.27
78.60
71.28
73.29
69.31
72.99
89.91
101.57
115.98
127.24
121.28
123.78
114.61
110.11
113.09
102.68
107.19
94.45
91.38
85.51
81.65
81.95
72.37
82.02
72.52
71.77
70.91
70.48
64.11
74.65
94.04
93.90
111.00
123.58
129.70
135.17
125.46
108.82
101.70
93.57
91.98
82.96
76.72
78.48
71.61
68.45
60.46
72.66
63.20
66.86
59.23
64.51
62.96
60.32
85.80
137.58
156.53
170.56
152.37
156.77
163.89
129.08
83.98
77.36
73.21
74.37
56.96
63.58
54.73
48.96
49.68
47.93
43.81
46.02
40.31
41.79
42.96
48.02
98.43
148.16
168.96
172.01
174.01
164.03
149.61
123.97
90.64
77.72
74.78
63.92
63.77
64.09
57.76
51.74
54.19
53.98
49.23
51.08
44.62
43.14
48.62
42.89
50.49
84.93
56.25
76.77
76.37
72.79
79.97
68.86
67.83
61.15
60.15
60.47
52.63
54.03
54.90
49.02
52.42
61.38
56.56
60.64
56.90
58.43
54.82
53.69
57.77
146.49
153.89
104.26
150.42
157.29
149.58
132.73
71.05
62.66
66.68
58.01
57.36
58.22
53.00
54.58
51.69
59.82
61.26
60.07
62.67
58.93
65.02
62.35
82.90
142.68
149.86
151.22
141.12
171.81
159.89
126.55
88.52
72.26
66.88
63.24
56.93
50.19
58.85
51.28
53.81
66.27
56.83
63.05
60.06
57.13
60.74
57.02
70.82
142.15
120.19
131.41
172.27
130.47
90.95
65.95
57.13
50.16
58.85
48.59
53.49
47.82
50.37
50.54
43.79
48.75
48.85
45.50
47.12
42.11
50.04
48.12
91.60
162.45
142.47
150.10
164.21
170.30
109.45
126.86
83.46
60.17
63.73
53.62
51.27
45.27
49.66
41.10
49.59
40.04
47.02
43.72
43.39
48.54
45.12
52.55
102.92
143.83
173.31
174.84
177.85
174.36
152.13
128.74
92.33
77.29
80.13
63.52
63.62
60.36
57.93
48.95
49.37
47.68
41.99
50.41
40.54
48.55
47.42
50.78
97.51
151.01
168.16
175.52
173.93
158.43
150.12
119.81
90.91
84.92
84.15
82.57
70.92
65.81
57.88
55.69
60.38
45.87
48.71
48.33
43.88
45.52
49.99
54.20
75.40
142.34
166.82
160.22
176.99
172.29
168.63
142.72
90.87
78.27
73.91
69.11
56.46
64.77
56.45
52.98
55.77
48.08
51.97
50.93
50.38
53.12
48.32
47.52
75.87
122.55
128.19
193.24
192.48
179.21
177.88
149.10
103.54
71.49
59.65
57.77
57.64
50.72
48.32
49.06
45.35
57.08
61.12
53.19
63.47
55.37
64.64
62.74
90.03
126.51
154.07
154.14
162.43
148.55
137.36
118.43
92.76
81.07
86.96
74.07
70.69
60.36
56.77
56.50
47.99
59.13
63.20
63.40
61.87
65.02
63.02
72.95
82.45
116.89
147.24
156.82
150.40
141.97
128.10
107.01
97.96
91.32
96.56
83.38
81.48
71.02
67.66
64.92
59.63
66.87
61.16
69.24
63.87
66.01
68.89
70.52
78.92
115.19
138.91
146.10
147.26
142.45
124.91
106.00
95.21
94.04
88.72
84.64
82.22
75.84
70.94
63.96
68.32
75.26
68.31
69.53
64.03
66.72
62.58
71.75
80.35
101.58
129.73
141.79
142.94
137.58
126.89
112.18
108.39
110.68
103.63
102.29
97.50
84.07
82.91
76.27
72.86
73.24
64.51
66.20
61.56
58.28
64.93
61.34
76.69
115.28
142.31
151.95
153.61
146.94
134.26
113.87
98.33
101.06
92.82
92.98
85.23
80.69
82.19
74.28
76.79
73.75
70.06
71.72
63.11
64.14
65.86
72.78
83.16
109.86
138.65
149.50
148.92
150.29
129.52
114.02
99.41
97.31
88.85
91.21
83.48
79.49
80.91
73.65
74.94
81.74
81.33
86.04
74.64
75.21
79.69
71.28
81.58
104.07
123.84
134.65
134.74
134.01
124.43
115.01
114.71
106.77
107.26
95.09
90.81
86.88
80.05
80.81
78.06
81.35
86.06
79.61
79.24
71.00
77.72
81.63
80.27
104.31
129.06
141.94
138.91
133.15
122.15
114.62
104.13
106.45
95.85
95.10
85.28
84.67
77.22
80.23
76.64
81.11
84.53
76.59
75.64
71.83
75.72
83.64
84.18
105.54
129.62
139.58
133.26
131.87
121.85
113.24
112.15
111.47
107.17
100.44
95.11
86.00
85.92
83.72
77.02
85.78
83.12
83.21
85.63
77.76
87.90
78.92
84.69
100.16
118.47
130.39
131.37
126.83
121.38
115.98
112.70
108.74
105.84
103.82
94.77
94.65
87.08
82.24
83.45
84.13
85.92
85.51
79.56
83.44
85.07
86.82
97.35
102.09
116.19
128.21
121.49
125.34
121.71
115.07
110.87
110.51
104.52
105.37
93.51
90.17
86.33
77.81
77.10
72.86
67.30
71.80
64.31
56.83
64.92
66.86
82.89
118.18
145.06
154.71
152.50
143.54
128.51
110.16
104.37
97.54
98.94
91.73
88.53
81.91
76.21
75.66
70.65
72.13
73.41
66.36
63.66
55.65
70.08
74.20
73.48
92.81
121.38
125.73
129.27
134.12
123.87
116.52
113.09
105.02
108.01
100.65
99.59
89.10
89.05
79.62
76.33
85.55
83.32
85.05
84.48
81.46
90.05
90.78
94.64
102.40
118.75
127.24
129.59
131.79
130.89
129.85
122.79
120.61
119.09
107.92
109.94
106.23
98.85
98.25
92.87
90.95
95.93
92.31
85.75
87.89
89.66
100.31
107.23
104.54
119.06
121.53
129.49
127.33
125.35
122.75
115.94
117.81
113.46
111.40
105.48
99.01
95.37
87.84
87.63
89.68
85.77
85.60
81.29
84.38
90.08
88.43
95.22
103.48
118.90
126.69
127.63
131.93
134.89
137.49
133.19
130.92
116.83
116.95
104.11
101.04
89.23
88.58
78.77
86.47
85.77
79.22
82.76
83.50
83.34
88.56
90.55
107.96
121.32
119.96
119.23
119.73
129.10
134.91
129.45
130.48
118.16
116.22
105.85
97.94
94.58
88.27
90.48
89.52
83.38
84.14
80.68
75.03
88.31
90.15
96.67
109.45
121.52
127.49
128.74
130.58
126.23
127.70
121.72
120.67
114.40
113.92
105.18
94.04
94.98
90.34
85.45
84.33
72.42
73.23
72.49
66.83
78.43
80.01
86.28
104.43
121.94
131.99
133.27
127.63
121.16
122.95
117.19
113.79
115.45
108.93
103.29
95.73
90.95
93.78
88.96
87.81
84.36
72.60
78.33
72.47
77.30
82.83
82.51
100.93
119.16
127.82
128.48
124.65
123.36
122.62
125.90
119.06
119.38
111.58
109.46
98.27
91.24
93.38
87.76
85.58
90.81
85.70
88.74
83.05
82.90
91.06
94.48
104.98
116.42
122.92
129.08
128.72
130.57
132.32
135.46
127.74
122.80
113.88
108.77
104.83
97.20
94.77
90.54
87.74
92.65
86.98
89.46
85.66
87.68
94.94
92.15
99.49
115.13
124.11
126.32
126.47
131.38
126.36
126.41
124.96
112.53
109.80
104.68
94.40
94.06
84.11
81.79
89.54
78.56
82.32
80.01
73.35
85.17
81.85
89.95
97.58
116.42
125.16
127.21
127.01
128.59
133.30
128.10
125.73
117.76
113.15
102.37
101.50
90.49
86.40
87.05
90.50
84.71
83.43
76.00
81.77
87.46
84.66
91.84
100.38
122.47
128.21
128.23
128.08
127.31
131.10
129.97
124.56
120.20
117.55
107.79
106.71
98.65
84.04
83.05
89.07
83.39
83.69
79.47
83.92
88.80
88.48
94.65
104.18
122.22
123.87
126.05
126.93
132.57
130.35
127.66
123.61
112.58
106.50
106.29
98.12
95.47
89.94
82.05
83.47
78.66
74.75
77.13
70.38
72.94
79.89
81.52
101.48
128.02
145.61
140.02
133.83
121.81
112.29
109.77
108.19
106.94
102.30
100.63
90.50
88.36
86.39
79.34
79.85
76.45
68.10
68.63
60.51
61.21
67.61
81.62
106.37
134.95
150.23
148.32
137.03
123.70
110.11
106.52
108.31
102.38
102.90
96.41
80.24
82.28
72.34
69.70
76.96
71.93
71.50
63.58
71.40
74.22
77.47
92.76
103.31
115.69
124.71
129.39
133.89
135.05
132.29
124.21
121.00
121.58
115.78
102.04
95.75
85.72
85.97
80.06
84.92
86.63
81.19
80.27
78.72
84.11
90.06
92.89
99.71
114.61
124.41
124.29
127.02
121.04
116.70
119.13
115.43
113.94
115.13
105.27
103.96
97.86
88.25
87.62
84.86
76.84
80.64
75.36
72.89
82.03
80.34
91.43
98.81
116.50
121.66
126.25
121.40
120.56
119.72
119.46
121.92
116.28
116.88
109.30
101.81
100.92
91.36
83.83
84.66
82.97
88.04
84.48
80.93
84.60
80.68
88.85
97.61
114.89
124.91
126.94
126.16
123.29
120.14
118.96
122.14
114.63
115.57
108.67
102.62
98.44
85.16
85.53
84.35
87.22
88.60
26.24
0.05
5.13
40.80
70.79
102.61
100.18
126.62
127.85
132.65
138.33
136.98
138.78
136.23
131.87
126.02
120.60
104.65
104.93
98.46
91.76
87.25
81.74
83.22
78.34
81.75
76.62
81.07
84.82
100.91
111.69
123.66
125.70
125.80
127.26
125.39
129.71
122.82
124.76
116.71
115.43
114.77
104.43
107.07
103.28
98.81
99.13
94.73
93.36
86.74
95.63
96.53
94.41
103.55
109.37
121.83
127.10
125.54
128.37
128.41
128.27
122.33
121.39
121.17
69.62
0.00
0.00
94.22
110.76
112.37
107.28
96.38
91.95
96.11
96.96
100.79
105.16
113.19
117.84
129.00
139.43
140.08
135.25
132.07
129.61
124.28
114.01
114.19
106.30
101.94
101.16
94.00
96.28
94.61
95.71
90.38
87.42
87.25
88.03
101.22
106.55
113.54
119.42
126.63
133.68
136.31
134.63
131.71
126.31
120.45
118.51
111.13
109.05
98.95
101.02
92.33
87.11
94.14
90.47
90.16
86.92
89.10
92.47
97.75
111.30
113.17
120.35
131.19
137.75
137.57
133.71
131.52
132.16
135.25
126.63
119.10
105.14
95.80
93.73
81.72
82.69
77.31
69.37
69.21
62.00
61.78
69.07
70.37
82.63
99.46
126.18
134.50
132.46
130.30
123.86
118.19
117.67
115.57
110.22
109.65
98.95
94.51
94.76
86.05
85.28
75.60
76.09
74.58
66.02
68.11
71.11
76.44
85.01
99.57
122.34
130.89
132.30
132.73
122.68
123.03
117.74
117.69
110.88
110.89
99.18
98.67
89.16
89.42
89.87
84.58
83.78
76.22
75.38
74.36
74.29
80.61
79.73
93.49
114.91
128.61
131.64
126.61
121.34
118.42
114.72
117.31
108.40
109.62
99.75
101.49
95.98
97.01
88.31
89.24
83.70
80.88
81.22
72.32
79.78
77.05
90.32
101.24
114.87
123.76
125.27
126.43
121.20
117.20
120.28
112.76
111.34
105.06
97.13
95.70
82.59
83.14
76.51
70.64
81.96
74.59
78.47
73.62
73.00
91.18
91.24
102.78
116.32
128.01
127.15
129.41
127.07
129.94
127.38
123.34
113.03
107.37
105.23
94.65
85.50
81.32
75.45
82.26
75.76
80.12
74.51
69.49
73.35
81.30
88.07
96.09
116.82
127.87
128.31
124.76
127.88
125.57
128.31
127.98
120.57
119.36
107.61
96.69
95.47
82.72
83.59
76.33
84.18
86.85
81.34
83.97
86.13
93.69
103.62
103.26
116.63
118.69
130.02
135.41
137.37
142.49
137.40
134.41
127.94
121.55
119.52
114.47
107.46
102.85
94.26
97.41
96.59
100.36
93.61
100.00
98.64
96.68
107.23
110.09
122.10
120.53
136.42
140.49
141.02
141.13
143.05
132.04
127.78
122.64
115.97
113.63
107.75
108.95
101.33
102.45
108.60
104.29
105.94
96.74
101.15
98.23
115.99
123.66
138.10
133.23
135.31
137.52
140.40
136.91
135.79
130.77
122.66
121.63
113.17
109.02
103.79
103.45
102.14
95.78
94.82
88.44
91.43
82.21
90.22
85.69
100.72
104.99
114.58
120.98
126.65
129.90
131.14
128.56
130.21
124.06
122.97
119.46
117.87
106.20
108.80
103.36
104.93
97.78
100.87
93.32
94.54
86.82
92.78
97.86
101.20
104.19
112.55
120.95
127.05
129.00
129.67
131.09
128.94
130.87
120.49
123.08
110.87
110.21
102.19
105.36
99.16
98.04
95.35
84.85
88.69
83.22
94.33
92.98
104.91
117.12
127.65
131.03
136.19
137.53
138.91
138.42
136.25
136.47
129.21
129.52
123.68
118.56
110.26
108.89
109.08
104.72
108.56
107.96
102.41
100.72
94.05
99.68
113.32
115.67
126.57
135.11
137.74
141.66
143.35
142.48
144.74
135.79
136.54
126.88
126.63
115.76
116.93
104.32
106.63
99.80
109.52
105.11
107.91
103.33
103.97
107.41
119.02
122.30
137.15
146.79
140.98
137.65
134.28
134.79
138.00
129.75
123.64
115.94
114.31
104.48
106.61
102.03
98.92
99.60
94.27
95.79
91.53
93.50
93.81
97.07
56.15
116.26
119.07
127.78
133.39
134.19
133.46
134.18
134.52
128.19
129.93
119.22
115.01
101.92
101.55
94.57
97.97
90.21
89.96
98.03
99.68
94.76
97.27
104.66
110.91
117.06
132.06
128.10
128.58
133.56
132.23
140.20
131.06
132.89
115.21
115.81
103.84
101.92
100.31
94.51
97.05
91.28
85.03
84.27
78.74
76.70
79.77
79.86
88.87
94.09
109.51
122.85
125.99
128.13
127.13
128.43
131.29
122.35
122.04
118.48
110.37
106.11
99.24
101.60
93.55
94.74
93.69
92.65
88.03
89.68
88.45
95.15
95.54
100.83
108.98
120.14
124.67
125.95
127.17
128.43
125.44
123.72
118.05
116.22
111.19
108.90
106.78
104.31
100.73
100.68
107.53
107.02
104.41
102.19
101.94
105.18
114.03
120.38
123.19
120.15
122.17
131.51
127.99
126.79
124.98
125.28
118.90
111.49
103.86
94.04
87.69
83.15
78.14
77.55
90.60
88.18
88.78
90.54
85.37
89.56
91.44
108.53
116.38
123.02
127.83
131.52
132.63
131.79
130.41
126.37
122.11
118.07
115.39
112.86
107.58
105.76
99.73
98.38
103.91
99.61
100.40
92.85
88.89
88.88
104.69
105.51
115.05
124.15
123.86
132.76
132.02
130.48
130.41
126.74
119.62
109.46
103.67
98.83
96.30
95.63
93.14
92.79
94.67
90.31
92.88
90.14
93.93
106.29
111.41
126.43
131.81
137.41
134.42
137.79
138.17
136.07
133.94
133.87
121.04
120.71
116.00
111.97
109.28
106.07
103.02
101.43
102.24
103.44
105.44
108.35
99.92
106.20
103.22
115.84
118.54
122.04
127.24
130.56
130.27
128.45
132.40
131.48
121.58
119.61
115.62
110.09
106.97
102.28
100.94
96.72
94.66
94.84
88.31
88.67
88.99
91.75
96.58
99.40
111.66
119.15
125.09
127.78
127.73
124.01
114.85
114.08
107.15
111.79
104.93
103.28
94.60
94.68
88.76
87.59
84.19
86.02
84.82
78.44
78.32
78.18
86.55
89.09
111.34
124.93
129.46
126.02
119.20
114.59
111.94
113.37
107.05
110.67
103.40
101.17
93.17
92.59
87.37
91.06
98.07
94.45
94.64
91.74
91.93
92.67
90.07
97.05
115.35
125.92
133.10
127.81
128.95
129.66
124.62
123.84
117.11
113.19
110.08
103.03
92.86
92.43
84.95
91.74
94.98
98.11
94.89
95.46
95.95
93.51
104.44
106.11
119.23
131.06
129.71
128.99
130.08
128.96
127.18
121.32
99.35
96.66
85.66
82.11
74.71
72.49
68.39
67.20
78.02
79.00
75.14
76.89
82.45
82.71
87.76
99.99
107.92
113.19
118.49
106.39
122.57
112.26
105.46
100.55
93.04
87.59
92.81
91.30
85.75
87.59
85.88
76.32
93.94
93.78
88.25
94.46
98.75
99.98
111.94
107.85
116.73
124.74
125.59
130.62
132.71
132.71
125.38
120.36
116.71
114.20
103.64
94.56
94.84
92.19
91.49
88.82
96.12
97.83
94.77
98.43
96.44
102.00
110.95
115.99
122.37
133.85
137.27
131.83
127.47
132.28
133.02
130.07
123.32
115.82
107.33
101.43
93.37
93.92
89.61
86.18
85.38
80.04
81.17
78.78
77.00
82.13
89.05
96.78
109.44
116.84
121.47
122.17
122.42
123.09
120.59
120.29
114.94
116.28
111.11
99.44
87.98
81.74
85.27
82.51
78.19
72.08
71.31
66.71
66.46
72.66
82.85
92.86
106.18
117.96
124.64
123.37
118.25
118.62
117.29
116.68
117.73
110.53
106.66
95.70
90.22
90.98
85.09
87.87
89.59
94.02
90.57
92.67
92.93
97.34
104.23
111.70
125.23
132.84
140.63
134.05
134.85
133.97
133.27
132.70
122.32
117.19
114.74
104.21
96.26
88.69
89.17
84.58
87.60
93.06
89.21
91.23
89.87
94.41
98.97
99.05
98.73
102.13
108.65
118.75
115.45
130.79
133.73
133.31
125.34
120.11
105.26
96.65
100.39
96.51
93.38
91.83
96.73
97.73
101.14
102.41
98.47
104.36
120.12
121.57
140.95
141.46
141.33
143.66
149.06
145.81
148.68
135.08
118.60
119.29
104.52
95.68
99.29
97.06
86.43
86.64
96.05
97.39
93.41
95.21
95.15
99.72
108.86
116.92
134.13
142.78
140.65
144.40
150.52
147.74
147.98
146.89
139.15
126.63
123.28
112.25
109.04
105.05
96.90
97.80
102.12
105.32
103.35
100.91
100.62
107.48
122.25
117.74
127.13
133.86
128.55
128.46
130.68
128.69
130.79
127.36
121.04
104.77
98.46
93.44
87.44
87.66
83.86
80.84
82.57
79.57
78.93
75.30
79.19
82.57
87.07
105.49
108.71
124.39
130.02
127.47
132.26
125.60
122.63
118.15
107.50
99.60
93.18
91.36
88.10
86.87
85.35
82.74
78.43
81.54
79.83
75.03
76.43
83.13
81.74
95.82
111.94
120.65
128.50
125.07
126.61
123.98
116.29
117.86
109.41
107.26
99.57
96.38
94.50
95.26
88.33
88.87
82.59
80.84
80.51
78.91
77.55
82.23
100.09
119.95
124.37
134.37
136.29
136.19
139.40
141.59
138.95
143.01
124.10
117.69
96.84
92.34
92.71
87.36
80.06
87.15
93.55
85.42
89.74
85.56
88.26
91.85
92.06
106.88
117.20
127.44
135.67
137.10
148.45
144.78
150.23
143.55
144.88
135.61
116.05
103.12
97.65
95.29
91.27
93.19
93.92
87.90
93.15
89.28
87.71
92.35
97.23
100.14
113.83
126.96
132.66
152.56
147.51
147.44
148.09
143.97
138.73
128.50
118.45
106.20
101.90
90.87
84.87
90.86
94.07
87.69
83.45
84.23
83.78
94.22
110.86
126.02
132.75
147.31
148.71
151.66
157.12
150.63
157.73
144.90
134.04
143.63
129.79
116.46
102.59
93.77
87.07
91.51
91.75
91.02
87.47
83.43
88.24
93.33
107.15
119.48
128.15
141.33
144.08
152.89
148.28
152.21
152.20
149.87
138.49
131.19
124.93
113.87
105.60
102.47
96.78
92.93
87.92
79.51
74.63
74.88
73.74
82.09
87.57
100.93
109.49
121.73
127.07
126.05
128.30
129.01
128.22
126.70
119.46
121.30
111.96
103.52
95.22
91.44
89.02
79.88
77.15
71.34
72.43
74.46
74.53
75.46
81.95
92.26
98.69
116.41
108.62
128.85
122.09
122.67
121.86
119.92
117.45
102.38
94.54
85.76
84.50
79.83
78.94
77.87
84.79
82.48
75.73
77.13
74.57
79.98
88.30
101.83
114.06
133.68
151.53
146.46
145.36
147.62
142.49
137.91
133.20
129.05
114.60
104.44
97.79
93.84
88.12
87.34
89.37
81.77
84.35
84.25
84.26
88.07
99.57
111.22
130.05
129.25
149.41
153.35
156.35
151.52
148.11
146.92
140.36
130.02
118.53
110.75
105.61
99.17
99.29
87.35
90.22
89.35
89.07
90.45
91.47
89.80
99.56
107.09
119.18
127.67
142.25
152.13
152.20
151.30
148.51
148.59
140.55
130.23
115.32
102.55
99.51
89.94
85.68
80.54
86.41
83.27
82.94
82.53
81.45
91.75
103.05
119.87
132.58
132.44
149.23
144.62
154.73
154.33
149.12
142.53
134.57
127.69
131.10
123.93
110.75
109.40
96.04
100.51
110.19
99.03
96.51
95.40
99.66
102.32
109.36
118.65
115.61
126.69
143.29
143.92
151.20
147.85
143.86
139.10
137.10
129.42
122.60
104.63
95.86
101.87
103.19
102.21
92.88
91.74
100.45
90.83
88.43
92.11
106.05
107.85
124.84
130.58
136.41
136.27
141.84
140.89
142.42
137.54
135.85
123.70
116.53
113.04
106.75
98.67
98.73
99.52
93.00
93.30
90.10
90.55
92.44
102.12
105.51
114.55
126.69
129.67
138.55
135.00
137.67
139.45
139.72
132.81
125.06
128.39
115.57
108.22
105.60
98.53
100.12
96.87
110.68
106.69
109.90
112.43
105.44
110.16
127.03
133.46
136.07
138.61
148.05
149.95
154.01
156.13
157.24
133.34
133.33
129.12
115.08
111.92
111.94
105.13
99.37
95.22
106.15
100.68
107.76
99.47
101.98
106.54
128.98
140.51
146.00
144.44
158.38
159.55
157.62
163.28
156.56
152.02
146.92
131.04
130.55
123.13
114.18
106.71
110.88
112.59
108.41
112.53
103.12
108.77
107.99
115.09
126.08
131.44
138.90
142.88
148.21
163.13
160.24
163.05
160.89
154.70
145.31
136.17
124.79
119.56
89.43
83.21
84.56
89.03
100.03
97.77
96.17
91.07
92.40
96.75
113.61
125.14
131.98
129.50
133.84
140.06
139.26
150.68
141.01
142.58
134.92
126.98
116.36
112.76
103.26
99.44
96.53
93.12
86.66
83.34
84.14
84.38
85.35
97.78
115.51
133.79
133.14
139.19
140.47
146.90
150.28
149.28
154.11
145.63
126.12
121.20
120.02
114.55
108.08
100.67
99.68
97.08
90.58
87.62
85.26
83.74
86.94
86.80
95.38
98.76
108.37
123.56
130.50
128.37
130.77
132.36
127.84
125.07
126.18
114.97
106.90
100.29
90.48
95.72
94.04
90.41
91.60
85.37
84.65
83.10
82.51
83.37
91.68
100.34
104.13
120.46
123.83
127.30
132.62
135.58
146.99
126.41
119.46
112.73
103.28
95.01
88.27
81.24
86.98
87.44
85.06
84.73
81.79
77.56
79.03
77.20
95.11
96.10
106.89
122.56
125.40
125.19
129.22
129.69
125.18
125.44
112.14
108.99
109.71
107.06
101.43
100.28
97.72
89.71
98.97
99.44
89.76
92.95
95.03
98.00
115.56
122.99
128.49
143.04
144.76
145.54
150.73
150.57
151.26
149.63
143.45
137.50
132.46
120.75
109.04
100.05
99.40
87.03
103.05
98.76
92.38
95.51
101.54
100.41
124.08
132.77
149.03
146.13
143.24
148.16
149.35
153.41
144.18
145.81
132.49
130.42
113.89
104.05
103.33
104.54
101.35
98.97
103.36
101.36
98.73
98.93
95.48
105.38
124.44
118.60
128.79
137.92
136.27
139.48
136.32
141.10
134.72
128.44
112.22
116.09
109.34
106.82
92.26
92.96
97.20
97.98
101.97
101.09
99.94
95.14
86.19
98.16
114.74
112.79
128.14
121.76
123.22
124.11
132.61
136.94
142.11
134.58
129.22
111.05
111.12
105.08
107.82
105.27
100.49
100.49
97.25
93.89
96.43
92.34
91.62
102.79
106.41
116.52
119.92
122.29
126.06
130.72
137.81
139.96
134.20
134.20
121.82
121.19
109.63
107.09
97.94
93.69
93.26
91.10
86.72
83.61
74.99
82.59
82.38
76.49
88.30
99.98
109.92
118.48
126.42
129.10
121.75
121.87
119.30
120.03
113.78
103.20
92.79
86.23
80.37
79.24
77.42
71.93
85.36
86.57
88.47
85.40
80.62
84.68
105.10
103.41
116.12
124.87
130.89
129.63
129.70
122.55
123.85
126.07
111.25
99.15
92.55
92.07
91.00
92.69
85.13
86.49
94.67
92.44
96.42
95.19
91.52
96.22
112.25
119.85
128.52
122.39
132.23
128.87
129.51
128.18
128.13
116.77
107.83
103.57
100.37
90.99
87.59
89.30
85.84
82.33
72.83
84.34
86.75
87.29
85.81
87.69
89.30
94.31
115.75
120.13
128.59
122.54
121.97
118.65
119.75
107.44
104.55
96.76
88.95
75.25
75.29
75.10
69.39
70.23
77.16
76.28
72.98
80.31
69.13
76.83
85.04
94.22
107.18
120.65
124.57
128.64
129.65
131.88
122.93
119.00
116.33
101.79
91.82
90.15
83.68
79.98
74.92
75.91
78.39
84.02
83.34
80.62
73.10
74.76
97.45
106.32
117.52
116.92
125.68
122.74
138.89
139.11
136.24
127.95
118.75
115.21
104.54
99.23
91.19
87.69
85.61
84.61
78.11
75.42
83.23
82.24
87.77
82.22
90.64
100.96
116.02
113.79
117.83
120.21
121.88
131.90
126.08
124.69
100.37
93.20
86.40
85.83
85.12
77.40
77.72
74.97
75.02
75.32
75.90
78.03
66.47
66.23
72.08
87.17
105.26
118.54
118.57
112.51
108.64
108.20
103.22
105.70
96.17
91.30
88.64
88.34
82.33
81.34
83.54
86.42
82.05
80.88
83.64
85.33
84.35
88.06
98.09
95.05
121.55
120.69
114.89
118.28
125.36
113.44
115.98
115.36
95.96
88.51
77.19
76.96
72.76
69.35
70.23
71.86
69.02
71.55
73.30
65.35
77.38
72.35
75.70
97.38
103.49
117.31
119.55
110.84
119.74
122.14
122.28
118.94
105.69
91.61
85.92
78.74
71.30
77.72
74.70
78.66
82.29
71.01
74.27
74.68
76.81
80.59
84.25
101.42
116.22
117.34
115.10
123.88
127.55
121.34
122.75
116.78
98.78
88.96
85.42
81.03
69.40
75.73
72.68
71.47
78.09
74.33
74.85
70.62
75.23
72.32
76.86
94.41
103.92
115.76
117.24
121.22
125.90
121.66
120.54
114.30
99.28
98.79
86.35
84.39
82.89
75.64
67.94
64.30
63.21
69.49
64.14
66.22
52.89
67.02
83.02
85.18
112.95
115.64
121.92
117.43
107.20
110.57
107.72
101.19
97.80
81.61
77.57
73.94
68.35
67.49
63.86
57.34
56.48
48.92
49.46
46.12
42.79
54.65
63.95
85.02
111.59
128.08
127.04
119.91
113.77
99.99
102.30
92.72
87.96
80.06
75.78
68.31
60.02
60.87
55.47
49.61
50.91
50.13
51.57
52.19
48.71
47.19
67.46
84.96
112.30
125.35
126.65
119.14
109.48
103.09
94.72
88.60
80.10
77.32
74.33
71.21
72.45
71.96
72.72
76.23
79.82
76.11
68.77
74.67
74.62
73.57
79.20
89.40
111.86
106.16
109.91
123.90
102.93
93.23
85.34
75.30
66.45
61.54
57.46
54.76
46.48
44.74
53.84
42.83
50.52
60.24
58.28
57.69
58.87
64.36
71.22
72.42
79.64
101.47
127.38
124.99
108.47
98.65
93.32
83.30
78.48
65.86
60.80
68.40
52.38
51.21
52.43
53.00
45.77
64.00
55.73
58.39
63.99
58.29
62.98
85.06
73.33
82.33
83.43
102.29
116.01
96.34
94.04
93.29
85.48
74.50
70.45
71.32
52.36
50.72
49.70
50.61
66.61
69.39
64.26
61.43
64.59
61.78
83.72
87.56
100.67
119.87
119.84
104.05
105.53
87.39
84.45
70.78
60.15
55.42
59.11
51.47
50.49
53.94
44.05
47.08
57.26
54.51
51.24
56.99
52.95
53.44
68.03
82.71
96.83
117.64
116.39
122.84
109.39
93.84
86.39
82.87
67.79
62.41
60.05
56.23
49.89
57.17
45.39
47.43
44.50
43.80
43.82
37.48
42.20
44.05
59.34
86.52
111.41
127.36
131.57
121.94
100.54
91.32
77.09
77.85
59.69
66.98
68.13
58.71
60.18
51.52
49.66
52.40
47.48
51.37
46.06
43.82
44.36
39.98
62.13
92.62
114.69
139.63
135.15
125.43
112.25
86.43
70.52
68.45
62.26
61.88
54.65
54.59
52.02
47.46
49.39
41.84
51.64
51.04
47.63
49.45
42.78
51.66
52.08
80.58
108.59
123.20
126.64
114.42
106.66
86.66
89.62
88.67
75.54
65.94
61.63
64.06
52.80
45.53
45.67
41.69
53.61
47.91
49.60
53.48
46.93
54.44
64.32
85.78
121.49
127.55
119.35
122.14
96.84
81.73
87.88
80.08
60.59
65.29
58.13
54.64
44.18
47.23
47.58
39.48
53.69
49.89
46.54
52.62
47.17
51.19
57.98
82.46
106.15
109.41
110.51
104.03
105.29
83.88
76.44
84.03
43.53
49.29
61.01
52.75
45.64
34.41
45.20
48.44
36.55
49.11
49.14
50.32
48.49
52.25
36.14
69.70
94.38
110.53
103.79
79.26
88.74
75.61
68.48
82.75
77.18
70.75
58.32
54.06
44.09
21.80
37.93
52.66
50.89
52.76
49.92
41.08
34.96
43.79
60.90
73.86
90.44
109.35
102.70
104.60
95.27
95.36
105.17
97.25
81.72
71.16
66.41
61.76
57.42
51.78
53.40
37.15
40.32
46.54
39.71
37.40
43.67
43.31
61.04
82.06
90.86
109.20
119.47
109.10
93.01
95.50
83.46
65.74
84.34
57.43
52.69
54.16
48.57
46.35
35.54
34.81
38.44
33.19
22.57
35.36
32.70
32.94
54.96
94.22
111.62
123.08
91.05
98.17
93.46
69.66
53.41
72.50
61.84
51.19
35.95
52.33
42.77
40.72
36.54
37.42
45.97
42.56
40.00
41.26
40.10
47.94
26.92
66.49
87.10
111.39
94.58
73.27
52.38
53.76
76.04
92.83
74.60
64.30
27.23
50.33
60.79
19.28
44.12
43.38
42.02
50.49
33.15
33.55
27.43
33.01
66.37
52.47
22.57
100.92
84.36
89.47
95.54
95.31
98.25
93.13
85.94
71.71
60.78
59.49
56.75
51.10
40.51
41.27
51.51
46.62
49.21
46.53
47.45
51.44
58.12
87.75
115.11
126.02
126.33
114.10
107.94
113.78
109.61
102.13
97.52
84.34
74.41
68.42
64.79
54.72
54.59
55.02
54.81
61.91
55.73
53.47
56.87
45.93
67.42
86.93
111.95
126.23
128.56
121.78
108.35
97.99
95.36
85.86
72.71
67.07
59.10
57.97
52.69
46.97
51.53
56.17
56.24
60.76
56.00
57.95
55.23
57.38
65.58
104.96
133.58
144.06
147.39
131.47
113.45
98.41
94.34
79.92
71.58
59.71
55.13
55.36
46.93
46.17
48.18
39.85
40.71
43.92
36.98
45.57
51.45
50.12
64.73
92.84
120.29
135.44
132.86
122.53
105.15
97.38
94.73
84.87
74.21
68.46
59.85
56.06
52.05
45.73
45.94
42.32
42.20
43.24
39.14
43.97
40.14
43.97
58.17
101.65
128.73
139.53
140.47
126.02
109.22
88.74
80.17
74.21
68.39
60.40
53.34
50.46
46.79
49.89
47.65
41.47
55.21
51.14
47.30
53.88
45.97
50.50
61.77
72.25
110.46
120.32
127.04
116.69
103.37
91.14
77.47
81.19
71.14
62.00
63.99
56.05
53.44
53.38
43.92
47.61
56.15
51.50
56.63
50.32
54.70
54.13
65.18
84.14
109.28
124.08
126.03
117.85
104.63
94.32
99.72
89.22
84.36
73.29
63.64
63.08
54.90
54.30
50.21
51.70
57.65
52.99
57.96
55.16
58.37
61.13
72.85
91.82
105.01
114.95
118.05
113.90
103.92
105.00
98.10
91.96
79.94
66.22
62.35
57.75
53.63
54.31
48.64
54.58
57.81
58.82
60.90
56.72
55.65
57.14
67.96
81.97
107.15
114.97
117.18
107.37
105.37
98.01
102.51
94.25
83.03
75.69
69.67
66.46
61.47
59.05
56.58
51.54
59.46
58.76
57.39
57.65
51.62
62.87
77.51
88.46
110.55
123.22
133.32
119.22
100.47
89.03
83.65
79.73
74.59
63.39
67.05
59.28
51.64
51.19
44.87
50.52
42.09
51.93
45.03
49.99
57.16
64.74
59.45
88.32
128.36
133.75
143.43
129.03
104.38
87.64
88.65
84.75
75.73
65.75
59.52
52.06
56.87
48.27
52.86
47.78
52.66
47.94
51.91
46.44
51.62
50.06
55.43
103.35
142.78
157.24
147.71
132.89
110.81
82.96
68.46
65.67
60.96
53.62
56.11
49.63
51.06
47.93
43.90
44.98
51.47
56.07
50.23
50.04
53.42
57.03
62.88
85.72
121.34
127.94
132.34
116.60
98.53
95.71
89.81
89.76
77.84
63.60
61.76
50.75
54.23
47.48
50.74
42.49
61.68
52.83
54.50
49.85
64.33
61.23
66.61
80.62
108.60
118.12
122.20
113.51
100.95
102.16
94.80
97.83
87.70
78.17
67.82
56.53
50.27
52.27
44.03
48.75
55.68
55.12
55.08
54.25
52.65
58.55
60.93
77.02
108.73
120.72
122.10
112.47
101.95
93.48
99.34
92.93
79.02
72.09
62.29
56.73
53.58
48.43
46.75
45.10
55.82
52.90
51.43
47.86
54.44
54.99
61.00
82.28
119.93
140.80
133.03
121.94
102.97
92.38
93.65
78.81
65.17
61.82
60.91
48.88
55.43
50.32
51.14
48.59
49.69
48.88
53.14
48.68
50.89
58.84
62.64
86.17
122.24
138.52
143.55
123.92
105.05
92.57
82.75
72.14
69.09
56.42
52.74
46.46
51.73
42.78
49.86
43.43
48.00
45.29
47.86
44.45
47.29
45.90
54.44
97.79
128.38
142.49
150.15
135.27
105.41
80.28
73.25
61.67
61.43
55.86
51.85
46.34
49.08
43.99
50.10
44.51
48.21
45.08
47.53
43.88
45.80
46.16
50.46
95.86
128.66
142.21
148.80
121.97
99.80
86.61
85.41
76.59
68.49
59.38
65.49
61.24
54.35
52.21
52.12
53.40
61.77
56.33
53.15
49.73
55.33
57.02
66.50
90.57
131.77
151.15
156.46
142.44
122.04
83.19
69.71
63.62
61.50
52.59
43.37
50.55
41.44
49.25
41.33
46.11
57.79
52.71
52.04
47.90
55.06
51.81
59.26
92.72
137.42
155.78
162.43
140.19
118.25
80.33
68.58
62.04
65.16
49.25
41.16
48.69
40.07
46.84
45.79
42.07
56.26
53.38
46.71
49.06
52.45
58.47
53.27
94.76
148.57
165.54
174.58
163.08
124.47
83.74
69.49
61.01
52.64
52.55
45.46
48.22
44.73
45.48
46.35
45.84
57.30
51.82
49.15
49.88
49.32
54.65
59.08
94.82
141.91
161.22
154.43
138.68
111.85
81.19
74.94
62.26
55.47
44.82
45.36
44.47
44.70
45.16
42.15
49.58
56.04
45.37
49.31
48.62
46.17
55.65
61.86
88.11
135.51
149.48
146.20
130.02
106.20
87.23
74.67
62.31
50.13
53.65
41.11
45.95
44.81
46.24
41.82
47.00
42.95
44.73
44.92
42.41
44.26
45.88
52.17
90.58
125.06
132.04
140.42
125.73
98.24
80.48
80.66
67.92
58.84
60.43
52.22
50.01
45.41
49.23
43.21
45.52
44.08
43.93
46.53
43.47
43.97
45.07
46.88
88.50
119.59
142.98
118.66
117.03
99.57
74.38
67.64
67.70
58.95
49.05
52.77
44.61
46.33
43.06
46.89
40.60
58.76
54.12
56.90
47.34
48.42
56.71
55.29
77.36
115.98
129.73
126.85
109.82
90.81
89.65
75.70
75.61
65.98
63.92
59.80
47.31
49.10
47.74
44.97
48.31
55.45
51.18
51.71
48.08
53.67
58.72
58.77
73.17
106.10
120.00
117.08
106.41
94.30
93.62
87.74
85.83
69.82
60.77
60.60
52.96
52.01
45.84
50.62
45.43
55.26
58.17
45.64
54.24
50.43
56.42
56.11
80.95
97.57
110.98
112.07
109.65
89.55
86.26
91.39
75.33
70.12
65.17
57.47
52.03
42.10
52.94
42.01
45.03
56.47
53.79
54.21
53.03
47.36
60.02
52.68
70.94
106.08
117.26
120.39
105.26
96.50
101.87
93.37
73.19
64.26
59.87
63.69
54.28
50.22
44.67
47.21
49.55
51.48
60.23
46.18
52.39
54.48
57.72
62.96
81.93
97.90
107.30
119.06
105.46
100.39
105.75
96.06
89.79
72.69
67.79
58.34
54.69
55.47
45.16
51.79
44.54
47.23
43.71
46.67
42.46
48.81
43.23
52.23
61.79
74.14
92.41
120.61
103.04
87.44
81.25
75.32
68.56
68.50
62.47
47.32
52.00
47.82
44.95
47.09
43.41
46.46
45.98
45.37
45.27
47.07
44.56
47.14
71.79
112.15
110.76
120.06
109.07
88.88
78.71
70.12
64.90
60.48
65.54
58.71
58.54
48.65
45.25
52.58
48.20
60.07
54.51
47.67
57.19
47.28
50.80
53.82
73.83
94.26
103.68
116.92
105.01
87.86
91.08
83.88
82.19
66.93
58.03
62.97
51.04
48.65
48.01
46.10
45.63
54.95
55.08
45.91
52.07
49.93
57.98
70.48
68.37
88.05
108.04
117.06
107.14
90.27
74.47
79.28
66.83
67.00
57.91
46.74
48.81
41.97
48.11
43.38
48.94
54.66
61.06
58.37
51.52
62.18
53.08
57.69
71.51
110.93
95.54
132.01
115.89
91.43
77.95
69.17
70.50
58.68
48.30
45.68
42.92
46.25
43.86
52.53
53.99
58.78
55.55
46.94
52.26
46.90
52.12
58.77
63.13
95.25
121.10
115.10
100.00
95.06
75.97
71.30
64.12
53.82
52.43
43.29
47.69
43.36
53.06
47.88
56.81
55.52
57.12
56.70
49.53
55.32
57.01
60.49
74.21
76.57
91.35
117.97
98.04
81.67
82.68
82.34
71.82
63.64
49.78
50.52
42.32
45.52
44.15
45.03
46.36
44.21
46.41
44.41
44.79
46.28
42.78
46.25
45.87
60.42
122.65
145.21
78.27
68.04
59.66
52.63
54.82
45.78
48.87
41.55
45.69
46.90
51.54
46.17
47.92
41.98
46.87
42.18
46.24
42.70
44.29
44.18
68.94
115.29
127.45
133.26
113.96
92.25
77.97
64.32
61.72
59.40
52.86
55.82
43.46
50.50
42.27
50.70
42.91
58.59
51.21
52.26
50.40
48.30
60.36
63.91
76.25
98.25
105.84
122.48
96.23
83.00
84.53
73.87
72.61
66.11
52.79
51.59
41.07
50.23
42.26
50.49
51.48
56.64
50.94
47.81
50.90
58.95
63.43
56.74
63.75
69.60
70.92
73.92
68.86
56.04
55.88
57.14
62.15
64.90
52.67
51.88
44.87
47.78
44.25
45.01
53.59
52.50
56.26
50.45
51.20
49.55
53.56
57.08
66.90
76.89
80.28
85.33
87.77
56.31
59.63
55.44
53.48
48.34
42.56
45.40
44.25
43.77
47.61
40.46
50.26
49.18
52.41
45.88
49.50
56.83
50.89
64.82
64.87
69.47
63.89
95.44
126.83
103.95
66.40
57.04
53.83
50.61
46.83
45.52
41.51
46.73
45.28
41.70
50.67
51.24
51.42
49.54
44.51
51.12
49.52
48.67
69.42
115.46
133.96
150.61
141.73
106.92
69.85
60.59
53.53
47.00
48.41
47.63
41.64
46.17
43.95
45.84
44.93
41.47
48.21
43.18
42.83
45.66
42.65
45.28
72.17
110.28
145.29
136.55
104.00
104.36
70.02
57.56
56.26
46.97
46.48
40.41
46.88
45.68
50.61
43.61
45.10
45.34
44.28
46.48
41.54
44.20
49.10
44.23
77.81
47.58
57.76
125.88
145.29
115.64
64.94
51.94
47.49
45.64
44.32
46.22
48.41
42.56
50.76
45.74
50.31
53.63
46.19
52.64
49.55
44.68
53.84
58.85
60.39
67.46
71.32
98.68
94.47
79.88
61.23
59.75
51.15
46.70
40.91
47.97
52.16
46.65
48.47
45.87
52.42
55.27
48.96
51.38
50.08
52.18
56.70
53.70
69.32
116.38
141.98
163.12
146.70
115.01
69.51
55.13
49.22
50.08
50.65
48.27
44.31
45.70
46.21
45.05
53.08
53.52
53.21
49.08
50.72
48.79
47.89
53.69
51.76
64.20
94.70
100.13
101.01
65.56
50.25
52.99
54.68
57.63
45.01
47.53
43.20
51.04
47.18
51.21
40.93
48.38
41.13
47.08
45.86
40.83
45.27
44.65
50.02
51.91
51.28
60.38
140.79
82.69
56.85
52.16
47.75
51.28
54.31
52.07
56.16
52.50
55.58
53.62
54.84
56.46
55.38
53.64
50.09
43.41
42.65
45.11
45.89
49.87
55.28
88.20
126.46
92.41
67.30
47.34
49.41
47.73
43.81
42.83
45.40
44.93
44.27
44.48
44.28
46.63
44.96
41.32
44.58
46.69
43.90
42.75
71.74
122.62
140.17
163.15
142.44
122.70
65.69
46.80
38.85
49.87
49.45
40.29
46.90
46.98
46.09
44.87
40.98
46.06
44.37
44.34
46.45
44.33
44.31
39.97
66.77
123.81
150.94
164.60
145.80
115.96
62.71
49.61
39.88
46.00
40.75
45.50
48.96
44.25
45.53
43.69
42.79
51.53
51.48
49.12
50.55
44.00
56.05
64.20
49.81
79.60
66.18
61.37
76.92
53.47
66.80
54.38
54.43
47.39
43.18
49.29
41.74
46.77
48.41
40.56
48.47
53.94
47.34
52.55
49.93
49.77
49.11
55.65
71.52
62.11
101.59
141.44
66.46
48.63
55.12
48.81
52.13
47.44
48.62
45.52
49.19
43.71
50.82
45.10
49.52
54.65
50.56
51.88
46.49
51.48
44.52
57.51
61.73
91.03
108.62
123.20
104.22
84.80
66.67
61.48
55.02
52.25
43.69
53.01
44.25
51.84
43.75
48.62
52.51
56.55
52.68
48.85
50.05
47.97
50.52
53.46
68.73
87.78
125.94
118.15
123.48
98.20
62.58
52.23
48.14
36.28
40.01
32.85
39.15
35.46
35.89
37.37
43.99
47.64
40.86
44.01
36.30
41.90
41.64
43.65
53.80
74.14
81.43
58.01
61.10
91.09
61.24
58.47
54.69
54.49
45.08
42.66
46.63
40.88
47.67
42.44
46.16
44.87
43.49
47.48
40.31
48.19
44.04
40.71
57.93
48.60
72.32
132.55
72.36
47.21
50.17
37.52
48.93
43.43
44.09
45.52
44.20
47.55
41.51
49.86
43.42
47.31
43.07
47.36
43.43
47.70
43.60
44.31
41.65
44.79
40.43
45.25
45.66
44.50
45.12
41.58
46.76
43.09
44.87
44.05
44.62
45.29
44.12
46.62
43.03
53.74
50.41
51.02
47.93
50.61
51.01
51.97
58.13
76.23
102.37
73.27
58.32
68.24
56.16
51.78
49.60
49.27
46.12
49.09
46.64
45.96
48.38
43.09
47.46
53.19
53.76
54.21
50.39
47.07
47.64
53.41
58.40
100.87
136.03
142.64
136.21
99.43
65.89
57.64
52.68
51.88
45.55
51.82
46.36
50.52
49.47
44.71
48.63
53.83
55.17
54.45
52.64
51.02
56.14
54.27
50.32
62.91
121.03
143.44
125.20
98.87
64.90
57.54
56.74
51.26
55.26
42.28
48.01
43.96
42.38
47.78
43.19
56.49
52.04
47.88
50.36
50.44
48.43
52.08
69.16
96.59
114.39
124.62
117.58
80.99
64.12
46.88
46.80
44.40
46.10
44.93
47.16
44.17
47.65
46.91
49.30
55.83
50.11
48.39
50.03
48.32
47.53
59.94
60.95
92.41
124.01
137.45
123.25
99.45
64.88
51.63
57.03
45.18
48.88
42.35
47.34
44.80
45.89
46.96
40.86
45.35
42.04
44.62
45.51
40.05
45.36
45.88
51.12
94.75
125.02
139.53
108.12
64.16
45.36
47.12
44.44
42.28
45.81
42.32
45.62
45.99
43.31
49.31
41.65
47.53
40.04
45.55
45.19
38.96
45.28
41.04
47.77
101.14
136.62
149.67
145.47
109.94
61.01
48.24
38.86
47.58
45.47
41.80
45.71
45.11
43.71
41.93
52.82
53.29
51.63
46.38
48.80
50.45
51.37
50.88
64.52
87.78
125.35
142.73
128.29
109.56
73.08
54.08
54.73
51.37
47.76
49.04
46.46
47.81
45.89
46.14
49.80
55.60
52.60
50.63
49.59
52.15
47.28
53.27
59.80
101.27
127.57
146.16
138.82
110.24
67.54
57.59
52.14
50.38
47.18
48.37
46.44
47.07
47.00
46.15
48.68
53.35
54.15
50.98
49.86
51.43
47.19
52.12
59.61
102.89
128.79
146.25
140.59
107.30
62.14
47.83
45.51
47.97
45.04
45.62
45.94
44.13
45.73
39.39
46.48
55.10
51.42
52.23
49.74
49.45
48.18
50.53
56.45
103.50
118.91
137.07
135.66
102.15
62.15
50.72
39.90
47.49
47.60
42.55
47.08
46.42
45.93
46.71
41.15
54.29
48.80
50.10
49.01
49.11
49.81
49.64
56.96
96.21
135.61
144.42
130.22
103.14
65.29
51.07
55.87
46.95
47.08
48.73
41.95
46.88
45.54
45.58
45.64
41.89
46.74
44.92
44.96
47.10
45.36
43.91
53.38
105.82
127.55
130.38
117.54
104.76
63.20
47.29
46.57
44.83
45.07
48.77
48.45
42.80
49.73
46.96
46.44
43.64
45.95
48.00
44.57
42.62
46.14
43.10
40.17
72.86
94.79
110.66
81.61
48.70
44.17
41.18
44.26
43.62
49.75
41.21
47.90
43.83
46.15
48.10
46.46
55.64
52.79
50.47
46.93
47.91
46.65
42.73
43.99
47.86
43.79
47.80
43.89
42.03
47.14
39.32
47.84
42.65
45.38
47.98
42.02
48.03
42.06
46.53
47.08
45.07
47.92
45.59
47.29
42.17
44.33
45.64
44.38
46.80
50.30
53.96
54.40
56.20
50.09
44.90
44.08
43.88
47.96
41.67
46.64
41.41
45.95
44.64
42.94
46.12
40.84
46.08
46.90
40.65
46.33
39.11
41.89
44.71
43.59
131.09
148.22
94.26
65.45
46.42
46.89
41.19
48.64
45.96
40.26
45.21
43.79
45.39
41.67
52.37
51.49
49.91
51.03
49.32
48.40
47.27
53.53
106.80
142.03
157.21
67.13
35.93
38.58
36.15
37.87
48.44
48.72
40.68
36.70
36.58
38.53
36.77
40.60
44.27
41.80
43.49
41.11
42.15
41.55
37.40
44.49
43.23
45.04
39.91
36.99
44.42
65.22
43.10
46.17
43.63
44.60
42.51
42.98
45.61
44.21
45.79
44.44
44.37
46.93
45.58
45.81
46.52
44.29
43.92
53.05
101.99
137.01
157.47
91.93
89.41
77.05
50.63
50.47
52.85
50.41
46.14
45.95
44.26
44.20
45.65
44.13
38.98
37.51
36.55
36.56
37.70
37.00
34.83
53.05
111.74
145.33
160.88
152.87
120.49
70.55
46.81
42.70
45.01
45.51
43.87
44.07
43.85
43.87
43.17
40.70
41.08
38.98
37.00
37.82
41.48
41.53
45.55
50.67
52.09
55.78
53.56
55.64
64.68
54.02
54.35
52.65
46.55
46.08
47.55
45.28
45.26
47.09
45.34
45.34
46.46
44.83
45.95
45.65
44.94
46.03
49.64
50.99
52.70
57.26
53.70
46.05
50.09
50.29
42.99
41.36
49.64
51.83
44.12
43.70
42.29
43.35
