26.38
26.50
26.11
27.01
25.82
25.61
26.97
25.62
25.32
25.53
18.95
23.23
13.05
22.12
18.68
18.14
22.43
23.27
23.70
22.09
23.69
26.70
25.66
25.39
26.28
24.92
24.96
25.10
24.26
39.97
42.83
43.23
40.53
31.22
37.20
32.19
29.18
26.22
30.54
29.91
28.37
22.47
24.98
22.39
23.59
26.32
25.69
25.89
24.84
25.77
24.36
24.36
34.11
41.54
43.35
41.66
33.20
30.55
36.27
32.99
34.08
27.10
31.11
31.46
30.89
19.03
29.40
31.05
23.68
26.59
28.92
25.72
26.27
24.51
25.21
24.59
24.18
25.18
24.19
24.39
37.70
33.41
16.77
12.87
12.92
7.56
8.26
12.56
11.87
11.02
16.42
23.89
26.80
23.87
24.22
21.32
27.54
26.07
25.66
26.12
22.04
22.40
21.22
23.38
22.31
10.02
11.83
9.67
8.52
10.16
9.94
9.44
7.94
9.07
12.69
12.68
13.11
12.46
16.76
18.74
22.96
22.93
23.11
25.30
23.48
24.56
25.10
23.20
40.54
33.13
33.98
29.42
29.62
31.53
29.17
27.55
27.60
33.29
34.26
37.98
37.59
40.49
27.69
26.12
24.45
25.51
22.48
21.71
24.33
37.41
39.75
40.44
38.20
33.56
31.13
31.61
38.94
29.96
32.25
34.55
32.92
22.53
22.63
31.22
24.85
31.18
30.02
35.95
34.04
40.71
21.44
25.14
29.13
38.66
38.90
39.21
33.11
29.77
19.69
17.35
16.90
12.43
11.51
11.48
11.58
9.50
9.03
12.20
16.13
20.92
23.09
24.35
25.24
24.64
24.62
25.21
30.89
41.98
35.72
38.73
34.87
28.55
14.49
23.29
33.42
33.02
34.07
35.95
34.30
30.75
31.30
30.38
28.56
14.62
13.85
15.21
13.69
16.79
19.29
16.15
18.55
33.82
32.10
29.85
27.92
24.72
5.16
9.17
24.14
30.99
31.48
29.56
30.83
21.37
9.76
19.07
23.29
23.88
23.79
26.17
25.06
27.03
25.66
25.94
22.37
28.65
39.35
38.55
32.79
30.41
23.29
18.60
16.21
11.59
9.11
12.10
12.10
9.66
14.64
18.79
22.23
22.15
26.14
25.40
25.61
25.98
27.06
27.31
25.95
24.97
25.12
22.67
14.58
13.65
12.82
13.22
11.35
10.13
8.44
10.72
10.98
8.64
9.13
14.53
11.07
18.60
21.09
21.99
21.93
24.08
19.77
22.00
21.70
23.41
26.51
26.12
21.84
13.59
7.88
9.37
8.77
8.84
7.41
7.74
9.21
7.43
19.99
17.54
21.78
24.61
25.20
25.34
21.42
22.40
21.87
24.32
26.54
36.04
35.59
28.29
27.35
34.08
9.69
11.07
35.39
37.28
34.74
35.52
30.64
21.94
9.53
9.38
16.24
13.96
13.45
14.52
14.34
15.39
13.79
13.85
15.74
14.33
15.63
30.86
27.64
22.82
9.16
9.13
29.58
30.28
31.59
32.06
31.50
24.19
12.44
15.73
18.43
15.71
17.69
22.77
22.70
22.26
23.08
23.47
26.27
37.97
37.13
31.26
26.92
31.26
28.68
19.15
31.91
35.90
33.69
33.80
36.62
20.77
12.45
17.16
15.91
20.46
23.68
23.91
26.26
25.71
28.75
27.79
33.01
40.45
39.31
41.02
31.02
16.11
15.28
16.33
26.42
13.91
12.16
11.41
9.22
7.90
9.09
9.48
11.54
13.85
12.91
12.85
12.86
14.70
16.79
14.35
17.73
22.54
34.90
35.25
28.32
28.87
19.56
16.24
41.48
37.62
37.04
36.34
32.21
21.54
10.86
8.95
13.27
15.61
18.09
22.50
25.04
27.59
25.02
23.24
23.41
25.64
25.43
22.73
30.63
34.43
40.43
39.53
41.30
19.05
11.10
12.08
10.96
9.24
10.25
12.35
12.03
20.42
24.90
22.89
27.39
26.09
27.45
26.50
25.49
22.60
21.27
24.88
25.63
9.84
10.22
13.11
14.45
11.52
12.47
11.84
12.04
8.77
8.26
10.09
13.63
15.14
18.06
23.46
20.45
21.61
22.06
27.15
24.77
26.39
26.42
26.33
18.04
8.83
13.41
13.39
13.71
10.86
8.45
7.00
7.84
7.74
19.75
18.74
24.34
24.20
22.98
25.97
21.88
26.40
26.92
26.55
34.40
43.09
41.33
42.44
28.98
29.62
33.72
39.18
39.83
31.04
30.83
13.85
12.40
10.69
15.16
17.21
23.10
23.90
25.51
24.48
22.10
23.05
28.02
26.75
26.63
36.77
44.64
45.36
34.49
33.12
21.04
16.10
41.35
34.25
32.66
35.06
31.44
29.64
11.44
20.69
24.25
25.85
34.35
23.27
25.53
28.39
27.25
26.84
27.66
44.50
44.82
43.96
35.40
32.67
34.00
36.98
42.24
36.37
41.89
40.98
35.34
23.44
11.03
13.86
15.51
20.17
24.44
24.73
26.95
29.27
30.03
31.16
34.46
46.86
46.12
45.27
37.30
34.75
31.45
18.66
30.99
38.42
33.87
33.47
23.99
7.62
8.10
12.16
16.52
20.87
26.11
24.07
23.47
28.75
28.77
27.86
28.02
27.25
27.23
26.29
17.31
13.38
13.34
16.84
19.77
13.86
10.78
11.95
10.74
11.63
11.58
16.37
18.41
18.76
24.30
16.17
27.76
29.70
27.98
16.18
27.98
29.34
29.58
28.24
19.18
11.92
11.54
11.79
37.49
35.88
37.18
36.18
31.05
10.91
8.81
17.60
18.21
23.72
23.07
24.38
28.97
29.54
29.04
29.92
28.77
27.58
29.28
27.41
36.84
34.83
31.01
20.11
19.65
15.76
12.85
12.29
11.19
7.28
9.19
10.09
14.09
13.07
14.18
18.00
21.63
17.17
22.13
26.14
23.67
24.58
23.36
31.96
30.03
20.20
15.70
13.31
36.11
34.24
36.13
34.96
8.70
16.71
8.29
11.08
11.14
15.20
17.96
14.85
16.31
16.73
16.10
19.79
15.89
24.11
27.03
25.58
26.91
23.64
11.42
11.47
34.47
36.66
37.46
36.71
36.03
25.41
9.38
7.97
9.24
13.66
15.64
14.09
13.47
18.36
25.87
29.44
31.17
45.33
39.70
39.49
36.22
27.43
18.54
15.23
23.75
35.44
37.19
37.64
36.25
20.15
8.46
8.61
13.38
15.16
13.30
11.70
11.56
14.09
12.59
16.95
15.84
35.34
37.92
36.61
30.21
25.24
16.01
14.95
14.78
30.71
13.48
12.11
12.99
9.25
8.17
8.69
13.60
12.66
20.31
15.50
21.83
22.47
18.19
20.16
20.80
19.86
20.75
18.18
15.17
8.82
9.06
8.59
9.01
12.30
11.37
11.26
9.65
14.30
12.50
9.02
8.65
8.32
8.17
9.07
9.20
9.89
10.87
14.33
12.24
22.09
15.33
13.90
13.09
9.57
9.79
17.29
16.15
15.98
15.74
16.21
15.52
15.46
19.48
20.74
12.98
14.44
15.12
18.06
18.80
22.07
22.77
21.78
22.28
21.46
21.01
16.65
12.67
11.91
8.00
7.22
6.89
8.48
7.69
7.74
7.72
17.46
16.51
14.91
14.83
16.08
15.66
18.74
23.65
25.03
25.60
26.59
28.64
39.35
41.89
37.72
31.38
31.17
28.23
11.07
34.20
29.79
32.39
34.50
33.69
24.11
12.05
11.36
16.48
14.69
15.43
15.95
22.68
26.89
29.14
23.58
27.49
45.74
40.02
45.89
35.32
36.93
25.33
15.43
14.90
13.72
14.38
14.60
16.02
18.20
27.52
31.98
29.98
30.94
30.64
28.65
29.34
27.58
27.05
27.88
26.24
28.47
44.46
43.62
36.20
27.89
21.42
13.74
27.65
32.38
28.33
27.70
29.19
22.81
19.97
32.12
29.64
30.69
28.06
30.16
28.60
27.47
28.09
26.48
32.81
44.79
44.09
44.64
35.27
31.24
15.41
15.59
38.69
32.98
31.80
35.58
35.78
17.05
10.76
27.61
37.11
32.20
29.12
30.70
31.46
33.16
32.30
29.41
28.40
29.22
29.09
28.57
27.37
16.66
27.81
26.58
17.93
9.98
7.72
7.45
12.64
20.76
26.92
30.66
25.14
30.90
32.48
29.15
30.08
34.78
33.52
27.63
26.46
26.90
26.51
25.86
26.67
14.82
12.89
15.60
32.51
19.63
10.16
12.11
12.55
11.56
11.19
32.16
32.10
31.79
38.18
29.69
29.83
28.26
29.76
31.83
30.48
48.74
49.65
45.25
27.52
15.05
14.75
16.88
16.41
14.48
9.95
6.88
6.97
7.47
23.20
31.83
30.72
30.13
30.61
29.36
29.00
29.47
28.13
27.42
28.30
26.83
37.63
45.04
35.48
25.50
14.04
17.44
44.54
41.45
32.81
40.47
35.87
30.03
12.76
23.61
23.68
22.47
31.76
23.87
30.76
32.18
32.43
32.14
30.69
40.97
48.68
37.40
34.44
24.58
8.12
21.03
10.72
9.80
10.50
9.37
8.01
9.17
7.71
23.52
15.15
15.59
18.42
17.86
17.24
18.79
22.41
19.06
25.05
33.75
33.89
33.11
32.21
10.16
7.66
6.82
16.08
28.14
10.62
12.61
11.82
24.86
18.62
18.68
17.31
16.16
20.75
18.79
19.09
18.07
17.90
20.81
12.33
31.78
40.16
35.37
31.39
41.19
27.21
18.53
17.09
11.59
9.24
9.91
8.68
7.88
8.51
12.19
22.17
21.44
25.22
24.13
23.08
26.17
26.12
23.30
22.09
25.14
25.65
28.42
16.28
15.34
17.43
19.21
19.46
13.71
7.41
7.28
8.09
7.07
20.04
22.62
27.76
25.46
30.85
27.01
30.86
30.80
29.78
28.96
29.59
28.70
27.91
27.92
32.63
32.50
37.40
39.75
35.43
20.65
6.96
7.07
7.54
9.28
30.49
20.82
26.27
31.67
29.51
26.34
27.88
26.09
28.66
25.27
34.55
49.12
47.98
39.98
33.87
32.62
30.66
20.78
26.85
30.74
32.73
32.87
25.43
18.89
23.53
33.02
32.58
32.07
31.89
32.48
30.39
29.53
29.04
29.13
34.06
45.37
45.07
43.45
35.39
33.42
18.00
15.53
15.67
14.51
14.46
13.90
13.50
24.58
26.02
32.20
31.84
31.91
31.45
30.78
29.19
29.37
28.66
27.22
27.49
39.42
42.99
43.66
33.35
19.63
12.18
13.60
27.95
36.88
28.45
26.38
25.74
21.42
15.12
29.32
25.96
24.28
26.46
32.87
25.12
26.29
25.68
28.78
34.70
49.96
50.59
50.23
45.01
28.47
18.19
17.22
13.32
19.81
49.28
40.37
50.05
33.12
34.00
29.99
29.57
28.74
27.43
28.47
28.16
27.26
27.98
27.70
26.62
29.97
46.40
44.84
45.06
46.38
44.60
36.66
35.64
35.82
46.15
44.23
45.80
39.26
46.37
43.03
32.75
31.31
29.78
41.16
30.37
27.41
27.40
26.71
26.42
26.54
26.01
25.50
22.96
17.39
12.98
14.67
14.06
16.41
21.32
16.59
14.87
22.41
28.43
29.18
32.20
31.63
30.27
29.83
29.07
27.88
28.34
27.96
27.89
28.92
27.39
26.32
40.22
32.51
35.95
38.92
38.97
18.25
7.36
9.89
11.80
7.98
10.83
29.01
20.95
30.25
32.07
31.97
31.94
30.42
29.87
28.56
34.23
46.15
44.83
45.22
35.11
33.51
32.63
18.87
37.66
38.21
32.98
32.08
33.37
19.36
7.46
15.28
32.52
26.66
31.86
27.74
32.83
33.28
32.10
32.81
40.16
44.90
49.06
43.49
40.08
36.60
20.01
18.92
21.84
23.81
16.70
13.97
13.00
9.15
8.04
11.69
15.95
18.28
17.50
25.56
18.31
23.15
22.59
25.08
26.05
25.55
38.32
34.18
24.06
10.19
19.71
29.82
40.39
37.23
37.27
39.97
40.86
40.23
28.01
8.57
9.67
21.74
21.87
31.02
27.12
24.24
34.24
26.47
32.97
31.02
26.86
19.62
20.86
24.16
19.77
23.28
37.51
37.58
40.96
41.85
39.73
33.35
21.30
12.77
8.56
21.67
15.52
28.57
20.54
22.07
21.77
25.75
27.01
34.13
24.64
20.52
14.21
11.47
8.79
13.30
16.76
17.37
17.42
18.11
18.18
13.15
9.47
8.76
7.76
7.71
9.88
20.65
15.80
17.56
18.11
20.38
19.69
26.38
19.13
16.21
13.66
10.76
10.22
13.24
10.68
9.03
11.15
12.68
13.47
12.03
8.32
8.81
9.96
19.47
21.85
18.99
22.51
19.82
22.51
28.95
25.85
26.33
27.61
20.50
17.35
18.30
20.19
23.24
25.13
22.42
18.24
18.27
25.37
22.08
8.42
8.53
7.75
18.22
17.28
22.12
18.03
22.24
23.14
24.95
27.89
39.99
36.67
34.86
36.21
34.72
20.19
29.46
18.67
17.58
15.36
14.89
12.69
11.62
8.19
7.74
8.75
23.05
21.04
21.03
25.91
26.63
24.16
29.31
31.03
38.11
45.78
33.13
39.28
40.27
23.55
39.59
37.40
40.73
42.46
41.89
40.74
21.48
13.97
8.43
7.77
15.42
17.40
19.52
20.45
18.76
21.48
17.66
25.90
32.80
31.90
31.63
37.42
31.11
17.26
16.46
20.06
19.51
19.05
18.86
19.53
19.44
15.06
10.74
7.71
7.73
9.26
7.84
10.16
16.53
21.29
21.31
28.26
33.06
33.90
33.43
21.01
9.57
10.42
23.09
36.61
37.86
38.73
37.67
36.32
16.23
9.95
10.21
9.61
9.62
12.68
15.07
14.22
14.29
14.96
13.66
13.13
14.51
28.81
26.03
26.15
24.64
25.29
33.61
34.78
33.92
34.41
33.61
29.98
11.37
9.20
11.05
17.36
15.39
17.33
19.24
18.47
22.15
24.88
25.73
24.70
24.61
21.79
16.54
13.66
13.22
13.81
33.88
27.89
19.30
14.48
13.34
12.48
9.78
9.53
11.32
16.50
16.33
19.42
20.06
25.08
26.56
25.64
25.06
23.96
21.66
22.28
17.34
13.23
14.17
14.90
18.74
19.42
15.98
13.96
14.30
12.87
11.41
10.14
10.07
9.15
13.55
15.76
17.90
15.66
13.41
13.73
13.60
15.73
17.00
23.58
14.86
9.95
20.92
21.94
18.81
15.94
11.63
10.00
9.46
8.25
11.87
13.38
15.68
13.78
14.22
14.75
14.98
20.34
16.28
22.58
18.42
28.30
35.37
37.92
34.92
19.95
10.17
11.62
12.02
32.02
27.70
27.73
32.06
29.24
11.67
9.99
17.18
17.06
17.63
21.30
22.20
24.30
24.03
21.25
20.97
31.29
34.62
35.74
33.26
24.90
9.91
11.56
24.15
27.64
28.37
29.84
29.22
26.93
27.01
24.53
15.81
13.91
19.30
26.51
25.73
26.63
23.39
24.37
22.27
21.34
36.21
37.70
31.24
29.52
15.98
16.05
18.22
18.58
14.14
9.83
12.75
12.27
13.11
9.98
11.10
19.80
16.75
22.49
22.90
24.08
24.07
25.96
24.12
25.13
34.29
38.55
30.06
32.44
32.83
16.66
22.64
41.34
36.89
37.99
39.79
25.94
12.84
10.01
9.48
10.17
14.66
14.49
14.46
13.84
14.08
13.84
13.25
12.33
14.22
13.83
10.26
32.18
35.08
37.71
38.51
32.47
17.43
15.29
14.94
15.67
14.64
12.64
10.66
9.80
9.44
10.71
14.84
15.13
14.76
12.09
16.40
12.92
13.81
13.37
10.18
11.66
10.24
12.25
14.74
16.93
16.37
16.38
17.45
16.59
15.51
13.44
10.05
9.10
9.11
14.54
16.10
13.90
16.33
15.49
18.28
19.29
22.11
22.03
10.72
11.23
15.54
28.88
17.57
37.57
39.73
39.70
44.28
44.67
31.21
16.55
11.58
9.09
9.14
11.78
13.95
14.79
17.40
13.28
15.18
22.81
29.07
26.64
27.44
30.44
13.52
15.06
17.87
39.84
40.21
43.59
45.31
31.36
19.90
15.09
11.93
9.68
9.38
9.16
10.38
14.21
14.18
16.52
13.94
19.45
27.37
27.20
25.63
28.15
33.29
14.88
18.10
42.30
40.21
43.73
46.17
36.07
18.59
14.93
12.06
10.07
9.93
9.20
9.17
10.90
13.44
14.31
16.02
20.01
28.17
27.51
25.86
24.47
11.65
14.16
33.92
22.13
15.06
12.96
11.42
9.59
8.72
9.48
9.76
11.80
15.53
15.95
14.23
14.62
19.72
21.32
24.58
30.76
37.93
36.46
18.09
10.48
14.21
17.15
18.79
18.61
15.69
15.67
14.34
13.34
12.88
10.17
9.30
10.01
12.62
16.99
13.87
16.51
17.10
19.93
19.83
20.27
23.23
21.31
10.80
13.83
10.57
11.17
14.60
15.73
16.02
16.69
16.11
15.56
15.58
11.98
10.00
10.36
10.18
13.57
16.19
13.91
14.09
13.76
18.97
21.65
23.03
23.52
10.91
10.85
13.93
16.67
18.03
19.03
22.71
23.43
23.52
22.63
22.08
20.26
12.06
9.12
9.87
12.69
16.12
15.49
15.71
15.10
19.10
20.28
36.08
31.37
25.95
11.67
15.16
16.55
17.50
19.67
19.49
20.84
41.06
40.61
22.78
17.69
12.81
10.69
10.51
9.59
9.59
14.20
15.68
16.25
17.14
15.21
27.99
28.86
26.94
31.43
20.21
15.37
21.87
43.90
42.82
45.86
46.04
45.24
23.12
15.18
12.81
11.48
10.72
9.06
9.09
9.78
13.33
14.52
15.17
23.15
26.12
25.27
25.20
28.87
32.80
22.50
14.83
15.81
17.59
17.97
17.67
15.68
12.76
11.37
10.51
10.41
9.05
9.06
10.32
13.45
17.09
15.56
17.74
19.27
32.84
34.90
27.45
32.60
35.04
27.69
27.28
39.96
41.92
45.63
47.21
46.34
24.36
15.76
13.57
11.10
9.56
9.56
7.97
4.77
10.68
14.57
17.42
23.59
30.87
31.47
27.89
32.43
28.73
19.79
31.04
44.71
41.92
40.47
41.24
36.20
22.03
13.99
12.55
10.80
9.69
10.19
13.49
16.49
15.25
13.95
16.46
12.82
16.50
16.86
11.22
12.94
13.25
17.59
17.26
18.75
19.24
19.02
18.98
18.94
18.25
15.71
11.93
10.80
9.64
10.15
10.49
14.56
14.77
17.43
15.18
15.56
19.63
20.71
10.38
11.23
14.73
18.57
19.18
19.94
18.84
19.51
18.55
18.22
17.31
14.38
11.16
10.15
11.03
9.83
13.05
15.22
16.29
14.57
16.36
17.59
19.89
27.46
26.37
28.59
25.00
21.37
17.24
33.66
39.85
40.72
45.45
44.56
31.66
17.04
12.75
9.82
12.08
10.28
11.58
17.10
14.19
14.58
13.29
17.63
30.25
26.91
25.69
31.83
35.32
17.62
23.22
43.83
41.30
44.99
46.44
45.23
26.03
17.03
13.66
11.39
10.80
9.49
9.42
9.46
12.61
14.47
15.22
15.59
17.06
23.30
9.54
10.15
14.44
18.05
24.91
42.52
39.67
39.55
40.16
38.50
19.57
14.21
11.24
9.34
10.20
11.08
14.41
17.16
15.07
11.35
14.64
25.46
27.16
26.93
26.26
27.18
25.37
13.24
15.05
16.59
17.61
17.41
17.03
19.18
17.72
14.90
13.14
9.47
9.50
10.21
12.22
14.48
17.24
13.73
14.32
15.11
18.01
14.07
8.46
11.40
14.04
16.68
18.69
18.79
19.19
19.60
18.22
18.12
17.30
15.57
13.13
11.33
11.36
9.47
9.51
10.26
9.40
12.37
13.61
14.22
13.45
13.71
12.92
9.00
12.69
16.88
17.11
18.75
18.12
17.98
17.60
17.39
16.45
15.65
12.09
10.87
10.67
10.23
9.55
10.03
14.24
16.99
12.44
15.28
14.64
12.94
8.81
11.47
14.17
16.40
19.69
21.33
22.19
22.03
22.78
21.12
20.56
18.63
14.35
12.01
9.61
10.09
9.53
10.02
14.62
14.77
16.66
16.15
14.52
14.30
13.08
23.70
16.52
18.81
22.02
22.28
24.10
28.10
29.42
28.69
28.05
22.32
16.94
13.82
12.39
11.36
9.90
9.54
10.87
10.27
11.60
15.18
15.33
30.04
26.20
32.32
23.09
19.50
22.84
42.50
46.47
40.95
29.86
29.76
28.01
20.61
18.85
15.23
13.42
12.48
12.65
11.32
9.40
10.20
9.38
12.89
16.72
12.68
12.36
26.82
14.60
15.16
15.13
16.16
14.68
14.20
14.84
12.88
12.01
11.19
10.56
9.44
10.05
10.71
15.42
14.78
14.68
13.42
13.04
15.74
25.60
26.53
12.86
11.28
13.43
17.12
16.91
21.94
38.54
25.05
16.92
16.02
13.52
10.99
10.97
9.75
9.72
10.47
9.90
10.38
10.74
11.38
12.99
18.25
26.79
26.43
28.28
31.18
12.39
14.74
14.16
34.63
37.60
29.72
17.54
17.26
13.68
10.46
10.22
9.84
10.52
15.53
13.42
16.43
15.32
16.54
17.32
16.74
19.58
16.62
8.71
10.55
13.05
15.55
18.00
17.95
17.86
18.29
17.82
17.36
16.66
14.99
11.59
9.85
10.24
9.54
13.86
15.31
13.70
15.18
15.11
15.93
17.49
10.18
11.33
10.53
13.79
16.62
19.45
20.95
21.70
22.53
21.74
21.45
19.82
15.94
13.22
11.17
10.18
9.51
9.71
10.67
12.53
13.44
14.12
24.46
27.48
20.01
9.27
11.56
15.50
17.62
19.83
42.26
46.45
46.09
46.28
38.30
24.91
18.42
14.38
12.19
11.35
10.17
9.27
9.76
10.21
9.74
13.45
24.84
27.07
25.75
29.65
33.22
35.01
18.39
20.54
43.12
39.68
40.56
39.67
36.06
21.88
8.76
9.58
11.52
13.69
15.97
14.55
15.03
14.50
16.33
14.36
14.02
14.24
10.48
11.35
9.30
10.86
14.99
15.30
16.71
17.36
17.72
16.70
16.34
15.77
13.59
13.18
12.02
9.41
9.41
9.94
13.74
16.21
13.90
16.90
14.35
13.52
10.21
10.34
11.75
14.34
17.29
19.75
21.14
22.25
21.68
21.85
22.83
22.48
21.53
18.41
13.90
11.11
9.44
10.46
9.43
9.95
13.58
15.86
15.13
15.37
14.42
9.24
13.79
21.38
20.51
22.50
24.11
29.49
29.83
29.86
30.02
29.08
28.23
22.25
17.10
14.77
13.34
12.40
9.74
9.46
10.49
9.42
9.48
10.21
11.27
9.65
13.07
18.46
21.43
22.33
23.86
25.77
28.52
28.83
28.54
24.36
20.37
18.90
15.84
15.05
14.79
13.85
11.49
9.75
10.20
9.50
9.58
10.99
14.44
10.06
13.95
17.71
19.56
21.13
22.45
22.01
21.90
22.04
22.70
20.71
18.89
15.66
14.32
12.74
11.42
10.51
9.55
10.06
14.42
16.57
12.66
15.64
11.29
8.59
12.48
16.93
21.23
23.13
39.78
46.22
45.53
45.41
34.89
22.63
18.38
15.02
13.38
11.79
11.10
13.54
9.95
9.66
11.46
13.92
14.17
14.94
14.31
11.42
13.22
17.46
18.58
19.79
36.18
45.19
45.53
40.91
18.93
16.55
14.87
13.55
11.92
10.76
10.44
9.47
10.03
9.38
13.67
14.51
16.07
14.81
16.09
9.36
13.41
15.88
18.83
21.33
21.93
21.84
22.05
23.22
24.30
23.62
21.81
18.00
14.60
11.73
10.75
9.12
9.23
10.66
9.17
10.68
14.14
14.61
13.70
11.07
17.42
18.49
20.84
22.80
46.32
47.67
47.83
48.49
38.39
30.42
30.04
26.00
18.95
14.43
12.70
12.17
9.89
9.37
9.37
10.00
9.78
21.79
9.04
11.53
15.65
19.16
23.42
22.50
28.45
30.35
30.09
29.82
29.71
30.08
28.60
24.74
19.86
18.40
15.86
13.53
12.35
10.90
9.67
10.14
9.93
9.43
8.45
13.26
15.86
19.28
22.95
22.33
27.53
28.51
29.59
28.67
28.59
29.01
27.43
22.14
18.11
15.71
13.15
11.92
10.16
10.02
9.31
9.41
9.49
12.88
12.17
10.06
16.36
18.13
20.84
22.19
24.06
28.04
28.57
29.20
28.75
28.60
25.05
19.89
17.57
15.97
15.74
15.99
14.64
14.03
13.39
12.97
18.04
33.13
33.38
32.76
18.00
16.01
15.01
16.08
15.38
30.05
35.71
37.65
33.24
18.32
15.51
13.68
11.83
10.20
9.70
9.98
9.60
9.48
12.04
14.91
21.54
27.43
27.28
29.32
13.54
15.03
17.07
19.35
28.46
39.90
39.27
47.41
44.82
27.86
17.04
13.92
12.83
10.80
9.79
10.35
9.51
9.92
9.46
10.33
20.89
27.97
20.20
24.17
13.78
20.92
41.83
39.34
24.01
23.05
22.55
22.89
22.62
22.73
20.04
14.00
13.81
11.63
10.10
9.70
10.34
9.63
11.96
15.43
23.11
27.44
28.93
24.27
13.24
18.29
22.38
21.92
26.93
46.15
46.01
45.78
40.08
21.93
17.21
13.98
12.21
10.59
9.88
10.36
10.02
9.44
14.96
28.96
26.83
26.76
29.39
37.19
31.05
30.18
35.54
25.39
47.08
50.30
51.48
50.70
35.95
26.90
24.06
20.87
14.06
11.71
11.13
10.85
10.18
10.01
10.48
15.26
15.28
15.22
14.89
22.99
15.59
20.99
25.22
26.55
28.55
28.75
28.25
29.39
28.14
27.60
24.79
21.94
16.61
12.26
12.35
12.04
11.29
10.12
10.19
10.96
12.36
15.16
14.16
21.83
16.27
21.96
26.46
26.69
30.76
30.16
30.52
29.26
26.76
25.70
22.60
18.04
15.53
12.75
13.37
11.73
11.58
10.45
9.98
10.60
21.56
27.59
26.58
18.64
11.09
14.64
17.24
18.72
21.92
43.06
43.40
45.27
26.02
21.82
18.51
14.05
13.06
10.83
10.92
9.81
10.22
9.53
10.12
13.61
22.22
27.48
25.80
24.03
9.07
8.64
10.89
14.27
19.56
35.73
39.07
38.22
39.53
26.65
15.61
12.88
10.75
9.53
9.64
9.62
13.05
14.96
14.54
15.89
25.03
27.48
27.65
31.32
28.81
13.01
19.69
28.59
26.47
22.05
22.98
22.88
20.10
12.79
10.05
9.63
10.34
9.57
9.70
10.31
9.73
11.04
13.38
15.03
15.41
12.77
26.09
25.86
13.11
15.67
21.37
23.45
29.37
43.32
46.86
48.43
37.88
23.10
20.03
15.05
13.66
13.18
13.04
10.80
10.65
9.85
10.17
9.50
14.58
27.74
27.64
37.41
35.32
27.02
20.22
26.42
38.15
43.58
44.48
32.49
22.41
19.16
16.99
12.98
11.68
10.78
11.21
10.11
9.63
9.96
10.04
9.79
10.46
13.94
13.78
14.80
13.83
18.31
20.96
21.98
23.04
22.30
22.27
23.97
22.66
22.50
17.47
14.34
12.66
12.36
11.63
11.69
10.02
9.77
11.25
10.06
9.80
12.90
13.06
8.86
11.94
16.75
16.18
21.28
22.83
24.16
23.77
17.66
14.84
13.16
14.33
13.35
13.21
10.72
10.14
9.55
10.25
9.58
9.66
12.15
13.33
26.20
28.71
33.43
19.59
18.78
22.64
24.45
26.47
26.48
26.45
27.74
29.07
26.01
24.00
21.38
14.32
14.72
11.92
10.91
10.46
10.48
9.53
9.57
17.26
27.59
34.48
38.90
38.96
24.25
25.02
27.16
33.48
30.27
29.68
30.35
31.19
28.43
27.93
28.29
25.23
17.37
12.90
14.71
14.76
13.39
12.47
10.93
22.46
29.73
35.39
27.66
21.63
23.52
36.62
29.84
29.87
31.18
31.52
31.39
30.35
29.33
26.06
24.00
23.42
23.82
15.53
12.28
12.37
10.79
10.11
9.99
19.23
29.85
29.58
33.41
33.67
20.63
22.90
23.17
23.10
24.63
26.67
27.13
24.76
22.82
22.39
17.82
14.25
13.57
13.31
11.66
10.82
10.21
9.63
9.49
15.87
28.47
25.97
16.59
13.27
15.44
16.35
18.83
22.94
20.79
20.32
19.95
18.91
15.19
14.66
16.16
12.06
9.77
9.50
10.21
9.57
9.83
11.52
18.06
12.29
14.10
10.12
13.46
13.62
16.96
21.47
22.53
24.65
23.53
23.14
22.73
21.69
23.01
19.51
13.66
12.08
11.45
9.81
9.54
10.46
9.83
9.51
9.46
10.54
11.78
11.21
9.80
8.60
12.79
15.04
16.99
17.75
19.61
17.99
16.26
14.69
13.69
12.62
13.06
10.65
10.77
11.67
10.84
9.91
9.81
10.53
9.58
15.80
27.98
26.31
27.10
18.00
13.30
14.48
14.57
20.88
34.12
39.01
37.83
36.59
24.52
10.74
9.80
10.24
9.47
9.89
14.76
13.50
14.48
13.48
17.23
16.85
25.48
26.30
24.35
12.40
14.97
15.90
18.67
31.96
44.13
42.02
40.25
21.59
15.97
13.78
12.35
11.31
9.44
10.08
10.27
9.58
9.48
11.06
15.31
14.56
28.88
25.70
24.73
30.59
28.33
15.53
14.19
15.38
17.02
23.89
34.15
35.23
14.93
11.08
10.35
10.46
9.57
9.72
10.97
13.54
14.39
15.00
17.93
23.36
33.06
18.52
9.18
11.33
12.26
14.97
14.55
29.60
37.54
37.70
38.97
24.70
15.48
13.62
12.31
9.69
9.66
9.67
10.38
13.65
15.99
14.91
16.10
17.67
29.70
27.68
30.54
25.19
21.08
37.04
44.54
44.76
32.00
22.73
23.09
23.74
22.57
20.83
16.66
13.94
11.49
10.16
9.52
10.34
10.32
14.83
15.42
16.42
13.01
10.93
11.32
13.60
16.65
22.12
26.44
29.14
25.96
26.50
26.40
26.18
26.23
23.93
22.95
14.90
12.54
14.01
12.44
11.67
10.94
10.00
10.34
11.90
15.44
13.04
12.24
15.05
21.23
22.57
23.59
23.05
21.46
20.32
21.69
21.74
19.85
17.61
16.09
13.67
13.08
11.91
12.47
11.15
10.72
10.47
10.93
10.71
9.93
10.05
9.36
9.27
13.52
15.92
17.83
21.42
16.97
18.42
17.98
17.87
16.48
16.33
13.22
11.05
10.50
10.61
10.39
11.01
11.63
12.11
16.97
20.61
29.38
27.97
32.54
22.54
16.27
19.82
21.99
23.77
22.28
23.21
22.96
21.94
21.30
18.42
15.03
12.53
10.58
9.49
10.23
9.52
9.86
13.52
16.10
23.89
27.52
30.85
24.45
15.34
19.06
27.43
24.45
25.18
26.93
27.14
26.26
26.34
25.24
21.81
20.19
12.77
23.43
16.28
10.84
10.67
9.56
9.63
9.57
11.23
12.00
11.56
13.63
27.75
41.47
44.56
48.30
49.08
49.40
49.61
48.86
49.10
48.10
47.14
42.41
39.09
35.47
33.54
16.01
12.13
11.91
11.40
9.58
19.89
28.47
34.72
33.82
39.97
46.71
46.98
40.72
30.73
29.98
29.01
30.26
30.87
29.48
27.99
25.08
23.87
20.30
14.80
13.74
12.21
9.61
9.55
10.20
9.70
9.21
10.57
19.25
19.04
22.02
24.55
28.44
29.97
29.48
28.69
29.52
29.27
28.84
27.41
25.23
23.05
18.96
15.34
13.93
12.85
11.93
11.28
10.72
10.24
9.20
14.85
16.12
21.89
23.00
27.03
28.14
28.25
28.05
28.46
28.80
28.99
28.86
26.37
22.78
21.71
18.63
15.44
13.99
12.67
12.56
12.83
10.88
17.02
29.79
33.43
37.02
22.35
24.71
26.70
29.08
37.39
52.49
53.13
54.31
44.38
31.05
28.95
24.95
22.35
19.39
17.68
15.03
13.59
13.33
12.06
10.13
17.87
30.26
34.14
38.16
40.08
40.54
26.33
28.18
34.16
51.83
56.34
56.62
52.06
31.64
28.06
24.02
24.07
19.66
13.88
13.10
13.72
13.87
12.18
11.00
11.75
24.65
34.52
39.34
40.90
42.60
28.22
38.35
45.12
33.51
33.40
32.92
33.22
32.41
30.23
27.91
24.78
26.13
26.54
22.32
18.05
12.20
11.78
10.82
11.37
27.29
35.91
39.53
30.75
26.23
29.63
31.14
41.97
55.56
57.26
60.58
55.78
36.59
31.79
26.76
24.94
23.89
23.31
23.77
19.95
14.49
13.38
13.04
12.36
20.01
36.41
39.78
42.89
27.27
28.44
30.61
43.69
55.77
57.31
57.19
39.83
37.70
31.23
25.63
24.09
24.59
23.00
17.12
11.21
11.28
10.53
10.09
9.93
9.80
16.19
24.05
21.16
23.66
26.08
28.43
29.79
31.01
31.72
32.79
32.21
33.20
30.91
25.36
22.65
16.25
13.23
12.21
12.29
12.24
11.66
12.18
12.13
9.95
17.23
26.47
26.30
23.04
26.72
31.50
34.63
35.06
36.38
37.74
36.95
37.47
34.36
29.72
25.38
24.13
23.45
16.41
14.00
12.61
12.63
12.48
12.80
29.08
36.41
41.76
34.46
28.97
31.01
34.51
42.40
60.45
64.39
66.64
55.47
35.02
36.01
32.40
28.43
25.33
24.42
24.30
24.74
25.35
26.43
20.11
16.27
13.91
22.60
23.81
27.18
27.80
32.13
35.94
56.96
65.16
66.15
67.27
60.74
39.77
32.31
45.54
28.54
24.57
23.12
26.10
22.50
13.02
12.43
13.03
13.95
15.16
22.37
26.91
35.48
43.02
34.20
31.55
33.50
31.98
32.55
32.48
33.74
32.29
32.43
31.11
30.48
26.86
20.93
17.48
14.84
12.10
13.95
12.25
15.06
20.58
37.90
35.87
39.58
43.33
30.26
30.70
33.52
52.44
50.79
66.29
66.18
48.91
33.56
45.70
27.96
23.43
21.69
15.84
13.45
10.62
11.44
13.53
14.66
11.48
18.36
27.11
23.46
34.20
28.94
33.33
49.26
54.38
52.88
48.81
32.28
31.91
31.50
31.06
30.14
25.65
23.92
22.04
16.47
12.05
12.97
15.33
15.89
15.03
23.43
26.84
26.80
23.32
25.96
30.04
31.66
31.12
31.75
31.40
32.26
31.40
31.27
30.90
29.70
23.52
19.08
23.62
24.29
18.40
13.12
13.77
16.06
15.30
23.00
26.76
26.15
23.26
26.34
31.07
31.05
31.43
42.83
39.55
33.37
33.33
33.23
33.35
32.53
28.45
26.02
27.84
27.39
17.67
15.92
19.01
23.72
33.81
34.81
40.54
47.68
50.28
52.58
53.62
55.97
55.55
58.28
65.28
63.28
43.85
38.38
34.35
30.16
24.48
22.55
21.18
15.72
11.25
12.96
11.97
19.80
33.26
37.47
23.79
30.84
51.25
54.70
57.49
61.82
64.24
63.60
62.91
63.62
54.07
34.81
30.34
25.71
23.86
21.70
19.01
14.67
12.59
11.91
12.40
16.82
30.73
37.55
35.41
29.52
50.74
53.26
56.92
56.98
62.50
63.78
63.91
63.71
47.45
38.68
34.51
28.96
21.73
22.15
18.29
16.90
13.72
11.80
11.50
10.96
9.81
17.66
22.51
39.20
38.14
28.14
30.69
34.77
57.31
61.66
63.56
42.91
40.96
38.08
32.92
27.91
24.08
22.28
18.61
13.03
13.27
11.70
12.03
18.27
32.02
37.68
39.95
45.69
44.42
29.77
32.45
42.66
56.94
62.85
62.95
50.57
39.14
36.41
31.18
26.24
22.88
22.99
19.51
17.12
12.82
12.95
11.20
11.53
11.12
19.31
20.97
21.90
23.93
28.11
31.44
32.58
33.41
35.03
36.98
36.26
33.19
31.93
28.05
22.80
18.55
18.09
17.77
15.70
13.89
11.62
11.98
10.54
9.57
16.26
19.50
21.25
22.94
27.66
29.09
41.08
52.09
36.75
36.39
37.24
34.95
33.07
29.31
22.67
13.23
12.73
11.63
11.50
10.42
9.58
9.43
10.02
14.31
32.46
39.09
44.70
50.87
54.54
55.72
61.17
64.78
64.73
64.93
59.84
37.26
32.86
26.56
23.48
16.85
13.57
12.19
12.28
11.44
11.18
9.67
13.26
29.20
38.91
34.02
29.75
51.83
55.72
58.65
62.70
64.18
64.25
64.12
57.00
36.30
32.51
27.52
24.43
24.02
23.08
22.05
18.47
14.01
11.51
10.86
16.77
30.45
31.71
36.50
43.72
53.20
55.94
57.30
58.00
58.54
61.87
63.38
58.91
37.19
34.26
30.11
24.39
23.70
23.03
23.21
18.93
11.83
10.89
11.25
11.15
22.57
37.05
40.91
37.47
28.47
30.15
33.40
38.13
53.95
58.84
61.95
63.18
42.88
36.89
30.16
25.66
24.86
23.06
16.80
13.94
12.20
11.45
11.21
3.61
0.00
0.00
0.00
0.00
0.00
0.00
0.00
0.00
0.00
0.00
58.44
66.29
52.09
47.52
39.49
33.35
30.88
28.68
23.37
19.10
16.27
14.27
13.99
14.35
15.62
13.85
16.83
34.97
62.17
65.50
67.24
66.32
67.93
67.38
66.98
64.52
51.30
49.50
42.55
37.95
34.45
31.11
30.07
30.25
25.09
19.04
18.01
18.14
13.72
16.09
24.30
37.58
61.45
64.64
64.32
65.42
64.98
65.37
66.25
62.35
48.53
46.35
41.25
22.12
5.59
32.02
28.66
22.79
23.16
19.75
14.22
17.11
33.87
38.42
48.34
35.42
38.48
37.27
41.86
56.27
66.03
66.67
66.35
57.92
48.44
44.84
40.78
34.02
28.07
26.17
25.21
20.88
18.61
14.83
14.24
15.06
12.30
13.45
20.92
27.09
33.07
33.40
37.67
52.24
64.76
64.98
65.03
54.46
46.58
41.78
34.96
31.12
26.03
22.74
16.86
15.84
14.79
13.99
12.58
15.54
37.28
40.82
36.55
26.96
31.28
35.06
43.92
40.85
40.49
41.92
45.55
41.20
42.20
39.42
34.17
25.67
21.54
16.16
13.20
13.00
12.53
12.30
11.52
10.89
10.64
10.73
18.63
23.74
26.65
26.86
30.83
32.80
34.94
40.63
42.04
40.76
42.25
39.05
35.47
28.31
19.75
19.49
18.19
13.54
14.47
13.19
12.31
15.60
32.01
34.51
41.54
44.77
30.16
28.37
32.44
45.34
62.25
62.58
64.06
63.19
44.84
37.52
32.54
28.59
18.89
15.73
19.23
16.31
16.01
15.05
12.99
11.67
12.87
11.20
18.92
25.19
27.63
31.13
33.18
34.88
34.38
37.76
37.25
38.51
38.70
36.13
35.08
27.36
25.44
20.11
18.16
16.29
16.28
14.98
13.61
13.78
14.00
13.01
15.14
19.50
33.26
34.70
36.04
35.05
35.22
40.33
37.14
38.81
37.74
33.47
31.73
23.86
19.88
14.48
13.64
10.33
9.68
9.67
10.52
17.91
32.14
31.20
37.43
43.83
36.68
26.10
29.58
36.53
53.29
59.97
60.88
59.43
38.56
35.61
29.97
34.00
23.17
17.23
15.23
10.83
11.70
12.36
10.64
12.73
31.53
32.64
37.30
43.99
30.99
23.18
23.90
25.91
52.07
51.97
58.18
47.73
37.82
34.10
30.27
25.10
23.04
18.81
17.52
14.71
14.39
11.43
13.41
18.34
32.62
32.96
40.68
48.15
43.56
30.16
27.05
34.79
40.13
42.12
43.87
42.96
42.63
39.62
36.21
29.50
29.18
23.94
21.34
19.35
17.75
19.02
17.84
15.38
17.75
25.55
37.31
35.40
26.75
31.19
32.73
49.42
69.45
69.35
69.13
62.51
47.99
38.47
32.92
28.99
25.83
24.77
23.23
22.54
19.47
23.14
18.90
18.30
15.90
13.86
16.33
22.66
38.24
36.90
36.69
35.45
60.37
67.76
67.32
60.07
43.24
34.87
30.54
29.40
25.15
23.84
21.64
20.76
16.43
19.49
15.69
17.06
18.24
14.55
23.31
27.66
30.25
36.46
36.31
36.27
37.39
37.71
42.45
41.00
39.01
37.80
33.93
26.76
23.94
24.14
21.69
21.49
19.54
17.76
16.32
15.66
15.52
14.85
23.97
25.54
33.16
36.30
38.88
45.94
43.50
42.14
43.20
42.56
40.19
41.10
35.46
30.56
21.83
20.87
19.59
17.88
17.81
16.65
15.72
16.07
25.29
37.56
46.16
51.09
34.20
35.44
39.74
57.17
70.34
69.60
69.34
64.42
52.82
48.10
43.73
30.04
25.71
23.60
22.70
22.27
20.21
18.83
17.81
15.22
25.03
34.87
39.10
45.66
53.56
43.93
40.97
53.90
68.20
68.94
68.84
65.30
51.54
47.97
40.27
33.68
27.15
23.20
23.34
20.60
20.88
19.14
16.06
17.09
34.94
39.41
49.07
51.94
46.27
29.56
32.84
43.78
50.19
52.09
51.53
47.57
46.16
37.26
32.47
26.39
20.99
23.03
20.99
18.38
18.43
17.03
17.16
15.34
28.47
33.31
40.53
17.61
28.92
28.92
31.22
45.79
61.41
66.03
66.72
64.55
45.36
37.56
34.73
28.63
24.49
19.18
20.70
19.14
19.60
17.25
16.91
15.18
27.57
37.56
42.67
46.52
51.08
30.94
33.54
49.02
64.60
65.78
66.81
59.65
40.61
32.49
27.08
23.92
20.95
21.11
19.02
17.97
17.12
14.43
14.20
12.75
11.55
12.83
18.21
24.74
27.59
32.08
33.07
32.67
36.69
38.32
38.84
39.98
39.30
36.07
31.82
26.91
24.28
19.70
18.57
16.31
16.90
16.93
17.74
16.09
14.59
14.66
19.58
25.37
27.71
30.92
34.90
37.82
37.01
39.03
67.59
52.27
47.34
38.40
32.61
30.16
28.09
28.45
25.76
21.41
17.84
18.97
18.57
17.83
25.96
37.17
38.44
46.37
54.62
60.69
66.19
63.93
65.02
65.85
65.04
57.89
45.68
42.35
35.73
33.55
15.72
12.75
15.54
13.44
14.52
13.67
16.44
16.13
40.13
41.40
45.10
45.02
53.38
60.20
66.81
64.23
65.05
66.11
64.65
56.79
47.09
45.64
38.43
35.38
34.36
32.86
31.44
30.31
31.84
26.74
10.78
12.78
17.66
15.29
18.08
34.30
56.69
61.07
63.99
62.97
64.61
63.99
64.56
56.56
46.10
40.89
31.90
33.83
30.57
26.17
19.63
19.65
16.50
16.80
15.53
14.89
31.41
37.49
51.80
53.41
52.48
44.23
30.52
43.40
63.76
66.06
65.91
62.01
48.07
45.93
36.14
29.54
26.58
24.74
23.13
25.32
23.36
19.68
16.63
22.43
37.70
38.53
39.53
48.88
36.11
35.41
39.20
47.47
66.01
66.42
67.28
57.76
49.09
48.63
40.00
33.13
28.51
27.11
28.15
28.24
25.81
24.35
23.81
19.32
14.17
15.98
24.08
32.80
34.92
39.86
42.05
44.09
48.27
50.62
49.24
49.33
48.43
43.18
37.19
30.04
26.36
25.94
26.06
22.65
17.33
16.26
17.91
17.56
16.32
15.04
17.67
24.87
33.65
38.17
36.59
40.79
44.36
47.26
48.52
48.48
47.78
44.87
30.38
31.49
28.68
27.01
26.79
23.25
25.14
21.58
19.61
21.56
41.48
41.33
46.43
50.85
48.08
54.52
56.17
48.66
69.93
67.23
67.85
61.43
49.10
44.58
33.89
34.82
36.25
31.16
20.86
18.20
19.61
22.00
27.23
26.29
32.83
45.23
47.71
51.76
50.46
39.03
42.85
60.04
61.72
62.65
66.22
57.31
43.60
31.28
30.40
28.73
27.29
24.72
15.44
22.27
30.38
20.30
18.77
18.20
23.38
36.29
44.80
44.40
48.22
52.13
56.01
58.34
57.91
59.25
59.61
59.51
58.74
51.39
33.20
30.43
29.46
28.68
29.20
27.26
25.28
23.44
23.33
28.86
43.64
46.35
50.96
56.25
39.20
37.03
39.97
47.15
67.42
64.46
64.40
62.82
46.26
45.09
38.01
34.08
32.51
30.89
29.16
28.30
29.05
28.10
27.86
28.41
43.77
46.33
50.75
49.09
39.53
43.81
45.86
50.92
65.68
65.73
66.50
65.78
63.70
65.45
64.24
53.77
34.34
33.95
33.09
29.91
29.19
27.57
27.48
24.29
24.76
23.51
27.11
29.38
37.37
43.44
45.90
47.12
48.85
48.89
49.00
48.63
47.98
44.59
37.30
38.23
27.26
27.52
27.27
26.74
26.64
25.02
24.34
24.06
23.29
23.95
23.78
28.69
36.85
39.93
44.30
46.54
47.32
47.81
47.65
47.49
47.79
47.19
39.23
39.28
34.57
30.79
30.26
29.72
29.47
29.87
28.87
32.78
46.06
49.22
53.95
52.79
37.09
43.95
47.88
59.34
67.72
68.44
69.20
69.72
55.78
47.73
43.46
33.81
32.79
31.14
29.36
30.10
28.39
27.54
25.73
27.01
46.04
48.03
49.77
51.94
45.54
29.89
30.65
41.66
57.07
59.35
62.45
55.65
44.92
37.61
33.28
34.45
32.68
30.78
31.42
29.81
30.67
29.95
28.25
27.26
45.35
49.00
51.32
40.93
54.98
46.20
46.12
46.31
46.99
47.65
48.51
48.04
44.73
31.55
33.00
30.99
28.86
28.62
28.05
26.80
23.35
23.75
24.05
23.40
25.06
40.34
48.41
42.39
39.86
41.61
46.41
58.59
52.99
56.10
47.27
46.93
46.10
44.02
36.57
35.69
35.04
33.75
30.41
29.17
27.93
28.05
27.18
25.09
31.71
44.05
48.46
48.84
32.34
33.64
35.52
40.55
41.83
37.99
39.43
40.41
35.78
34.30
32.22
31.07
28.93
27.07
25.50
23.08
25.42
24.33
24.67
24.78
24.77
24.69
22.67
27.41
36.71
37.89
43.00
42.68
43.80
45.94
46.59
44.49
37.47
32.11
30.16
28.79
27.16
24.25
26.20
25.32
24.33
23.68
23.75
23.43
25.94
23.13
24.98
28.93
33.99
37.29
37.01
40.39
44.57
45.70
44.66
44.03
39.17
36.69
35.76
33.35
30.05
28.60
28.34
27.64
24.26
24.58
24.27
30.13
41.97
42.35
45.71
38.52
34.65
34.03
37.83
50.04
65.20
64.89
65.37
61.34
47.44
41.94
37.25
32.22
28.31
23.64
24.98
25.44
25.19
25.74
21.95
19.84
27.11
37.23
41.56
44.65
34.62
38.99
46.08
49.82
65.83
65.44
65.35
50.29
50.37
44.57
38.23
34.39
29.95
29.04
28.61
23.96
24.22
24.89
24.94
23.12
25.20
38.12
43.58
49.03
36.32
39.78
39.69
46.89
60.56
48.87
48.42
48.64
47.72
46.23
38.75
32.37
28.86
26.93
25.00
24.71
24.80
25.18
26.50
24.72
32.21
39.72
42.34
42.36
37.61
44.02
46.54
60.50
67.49
67.55
67.74
66.27
48.69
47.49
39.78
33.62
29.21
24.75
23.65
25.16
25.03
26.77
25.53
25.28
41.06
39.55
40.60
37.11
34.20
37.40
38.78
52.67
65.65
65.84
66.94
61.43
51.24
45.75
37.53
34.88
32.58
30.04
29.88
28.44
27.10
24.50
24.27
23.63
24.81
24.12
23.62
29.85
35.52
39.44
44.16
45.25
46.53
45.86
46.26
46.57
45.83
41.35
36.70
33.71
29.84
29.23
26.43
23.78
23.99
25.42
27.42
25.32
25.16
23.44
24.27
22.53
30.71
35.70
38.50
40.58
42.70
42.97
41.34
39.93
36.92
36.43
32.30
28.03
25.59
24.36
25.14
24.95
25.66
26.01
24.48
16.34
25.59
40.06
41.47
30.41
33.26
38.38
45.02
49.02
69.36
66.35
69.39
61.86
46.04
42.78
36.76
30.06
26.85
24.75
24.03
24.16
24.82
25.74
23.50
20.76
32.35
36.41
42.66
42.94
32.19
35.23
48.17
69.07
66.95
67.67
68.55
55.49
52.44
48.16
42.74
35.14
30.38
28.71
28.77
28.30
26.83
24.35
26.37
31.54
25.43
26.50
26.59
47.58
58.72
64.12
67.51
56.29
49.06
51.55
50.89
50.69
50.02
48.86
41.01
33.99
29.55
26.92
24.30
24.11
24.66
25.16
25.77
25.90
14.82
19.54
23.68
25.74
34.86
40.20
40.46
50.67
67.88
64.98
65.61
57.78
48.61
47.35
40.07
36.65
33.95
31.43
29.39
28.18
27.72
26.54
23.08
22.37
23.40
23.99
22.47
27.89
34.69
40.63
43.30
55.15
64.49
64.23
64.20
61.34
46.47
44.79
36.33
34.07
32.28
30.18
30.22
30.37
28.89
27.40
25.17
23.64
22.98
22.73
21.91
23.73
32.40
38.63
42.52
43.78
44.47
45.34
44.80
45.06
44.16
37.33
34.12
32.51
31.25
29.59
29.13
28.44
29.13
29.39
28.17
24.65
22.86
22.22
24.27
29.98
35.22
39.07
43.56
45.75
44.74
45.13
45.13
45.65
44.31
37.69
33.74
33.74
35.57
38.83
30.63
28.52
27.36
26.79
27.52
26.53
24.94
23.68
26.36
33.39
40.54
42.40
45.79
56.66
65.99
66.07
66.43
66.29
58.90
46.06
40.59
32.92
32.31
31.39
32.85
36.58
29.21
28.09
28.11
26.64
24.50
22.44
23.62
39.83
60.05
62.63
63.87
69.00
67.67
68.44
68.83
65.46
49.54
49.02
44.67
35.06
33.69
33.22
33.10
32.11
30.74
33.57
29.46
27.42
25.15
22.43
25.37
31.80
38.60
43.82
45.94
47.21
47.22
47.58
47.54
48.16
47.57
46.30
42.02
36.93
31.07
25.02
22.78
22.23
26.14
21.56
21.83
20.86
22.01
23.87
21.55
27.28
33.03
37.53
41.93
52.56
62.85
64.26
64.39
65.25
54.23
44.17
38.49
32.83
31.01
29.12
27.57
25.12
25.76
22.83
23.28
23.97
24.23
23.44
22.46
26.05
34.24
40.05
42.12
55.70
65.40
65.99
66.83
65.07
56.58
46.60
44.03
33.80
31.87
29.65
28.55
29.42
28.50
25.29
22.54
23.37
23.41
21.81
21.83
28.38
35.81
42.52
44.87
45.20
45.82
45.54
45.76
45.86
45.78
43.88
34.69
31.59
29.36
28.70
27.57
25.03
23.12
23.01
24.19
22.89
23.13
22.44
23.76
26.87
34.64
59.18
63.60
65.02
62.01
48.59
46.43
46.28
42.51
34.32
30.82
30.76
27.58
27.12
26.44
24.56
23.15
22.53
22.29
23.49
23.52
24.04
21.57
24.83
33.77
39.90
42.08
44.39
45.07
46.22
45.50
45.63
45.16
40.39
34.99
33.37
32.71
31.29
30.39
29.10
27.90
27.58
25.02
23.25
22.34
21.74
21.91
27.91
33.78
40.16
44.40
51.17
65.19
66.07
66.73
58.70
48.07
50.59
42.96
35.04
33.27
30.37
29.74
28.74
27.57
26.69
25.08
23.48
22.47
28.82
46.24
55.25
59.63
61.94
63.87
62.79
51.87
47.21
48.20
47.30
47.56
46.08
41.98
32.77
30.69
30.06
30.59
29.89
28.35
27.30
26.76
25.81
32.41
38.53
26.47
30.89
35.30
42.21
45.22
54.09
66.40
65.76
66.45
65.69
58.27
46.05
39.66
33.37
31.90
30.92
30.28
28.98
28.55
27.63
25.80
34.70
46.68
50.91
48.35
39.70
31.65
37.42
42.76
62.22
64.17
67.93
65.00
69.86
47.77
48.96
44.38
34.70
33.32
33.10
31.64
30.14
29.61
30.80
29.51
28.67
29.29
27.45
27.73
27.67
34.05
41.94
44.62
45.04
45.56
45.58
46.67
47.40
46.22
43.81
36.20
33.68
30.77
28.80
27.91
26.62
26.18
24.48
23.06
22.71
22.04
22.85
21.46
24.74
34.29
39.65
40.57
42.11
43.37
43.70
43.43
43.45
40.09
32.74
31.21
30.10
28.65
26.92
24.98
22.91
23.17
21.95
22.13
22.66
26.21
38.41
38.52
46.66
53.80
56.21
42.47
59.01
61.17
61.35
62.34
61.27
55.63
44.14
31.76
29.30
28.73
27.03
27.81
27.18
26.16
25.58
25.26
23.97
23.09
37.17
43.95
49.52
55.01
56.38
59.19
63.72
61.92
61.93
62.52
60.75
50.32
34.68
27.54
28.80
27.13
26.88
26.76
26.36
23.15
22.38
21.94
22.06
24.11
36.75
37.58
30.48
46.04
33.54
33.59
39.59
41.17
37.34
37.98
37.59
35.28
30.39
29.08
27.89
25.37
21.44
21.90
23.07
23.53
23.20
22.17
16.52
10.68
35.01
38.48
44.34
51.41
53.59
58.35
63.42
61.58
61.62
62.85
61.77
52.30
40.22
29.82
28.07
24.88
22.25
23.99
21.77
21.73
21.11
22.29
15.76
11.39
26.78
40.94
47.57
29.36
31.05
37.67
43.52
46.54
45.47
45.72
44.84
43.62
36.21
33.55
30.07
28.77
28.57
26.21
22.09
22.65
22.85
22.48
22.16
22.17
22.83
21.15
20.98
26.99
34.82
39.31
37.60
40.37
42.70
44.16
43.46
38.61
24.37
28.48
26.27
24.56
21.84
21.77
22.60
22.42
22.09
22.71
23.03
22.13
21.96
22.65
22.31
21.71
29.57
35.19
38.89
41.06
40.78
42.07
40.33
38.68
32.94
29.38
27.66
26.41
22.54
22.04
22.42
21.95
23.09
21.96
22.20
21.92
38.33
37.74
44.24
38.96
35.33
37.92
59.56
61.08
60.84
60.50
45.77
38.01
30.53
24.76
24.18
21.31
12.51
20.40
21.26
20.23
9.84
10.70
14.24
15.40
35.91
38.99
42.75
29.31
27.74
31.10
52.59
60.34
60.32
60.62
61.01
42.01
38.26
31.40
29.21
26.13
22.64
23.88
21.43
22.09
21.54
19.63
16.97
16.43
33.99
39.53
47.19
52.13
55.80
57.90
61.18
61.31
61.45
61.46
62.00
52.62
40.30
31.66
29.31
27.08
22.64
23.84
24.21
23.70
22.93
16.09
10.63
17.45
38.21
36.59
42.23
47.73
53.54
57.62
63.41
61.06
61.28
61.44
59.88
46.63
36.19
29.01
27.15
22.98
22.19
23.73
21.88
17.63
9.05
9.84
9.06
13.62
31.26
36.28
38.43
44.58
48.46
50.35
60.57
59.73
59.25
59.41
58.14
37.33
31.74
25.07
21.49
21.44
20.81
21.88
21.58
15.22
8.66
9.43
9.52
8.60
7.74
21.60
21.82
39.36
51.21
55.70
55.78
44.52
40.45
38.60
39.51
35.03
26.93
25.93
24.18
22.94
14.50
9.40
9.92
9.43
8.92
10.27
9.55
10.84
10.99
22.09
21.56
19.57
27.20
31.03
36.77
39.24
39.40
39.32
40.00
39.42
37.60
28.87
23.58
23.22
24.72
24.40
23.31
24.75
24.67
22.07
21.20
22.76
42.20
42.41
43.78
37.05
30.35
41.94
56.02
54.97
53.58
53.25
52.97
45.68
25.15
12.87
8.87
11.83
12.70
12.95
13.03
12.46
12.42
13.19
12.71
14.76
30.92
21.19
11.12
16.68
27.76
42.30
50.75
54.18
56.45
56.90
56.77
51.67
32.54
21.60
22.04
22.27
14.41
8.00
11.19
12.74
13.18
13.52
20.48
34.63
33.94
36.52
26.21
33.04
30.91
26.74
26.10
28.92
29.43
32.06
31.79
28.91
25.89
26.62
23.97
21.46
16.84
9.42
11.21
12.85
13.38
13.11
10.88
14.70
31.51
21.34
23.51
22.10
27.57
28.97
55.73
57.07
57.48
57.13
53.96
43.12
38.26
22.23
11.89
13.61
15.82
13.43
13.54
12.74
12.66
13.84
13.20
16.46
33.81
40.64
29.88
24.95
27.83
29.20
37.44
55.31
56.61
56.53
56.81
46.39
27.90
28.63
26.50
19.53
15.80
18.76
16.67
12.65
13.54
13.15
13.49
12.30
12.55
19.23
40.41
48.58
51.70
53.78
56.50
48.18
39.99
35.51
34.01
30.91
26.52
27.17
24.64
20.34
20.83
20.22
16.48
8.37
13.62
11.39
10.59
8.61
10.54
19.51
21.69
21.87
26.31
30.29
32.14
31.72
31.27
30.28
28.70
28.15
26.86
25.41
20.29
16.56
11.18
9.09
9.50
10.26
11.71
11.71
9.36
7.75
20.90
26.78
31.41
35.12
30.07
49.31
57.08
57.11
57.28
57.32
58.10
49.46
28.54
23.97
19.25
11.41
11.75
11.64
11.61
9.69
7.67
8.42
12.69
12.94
30.68
34.03
35.54
39.17
43.97
48.51
57.73
54.21
54.54
55.39
53.94
53.34
36.85
25.97
23.33
19.55
9.70
8.39
9.97
11.26
12.96
11.89
8.69
24.37
30.43
34.74
26.80
37.84
30.29
27.80
31.03
32.25
32.01
33.15
33.10
29.67
25.44
23.90
23.11
21.16
11.87
7.87
7.89
7.83
8.72
8.04
8.62
15.96
29.87
17.73
22.28
18.78
27.45
29.99
50.71
57.12
57.19
57.40
56.26
59.17
56.16
58.96
41.21
25.63
22.20
22.12
21.05
12.40
8.74
9.33
9.79
13.68
30.63
22.21
23.85
22.26
27.45
52.60
59.71
58.04
58.09
58.18
58.19
48.99
34.66
26.20
24.20
19.72
14.19
8.98
10.33
10.37
8.37
8.61
8.19
8.31
7.96
15.74
41.08
46.69
49.09
55.36
55.81
55.82
57.55
38.33
38.85
35.66
29.65
25.12
22.31
16.25
9.73
7.92
9.56
8.23
7.83
7.78
10.78
10.72
9.36
17.55
21.84
22.86
26.07
28.22
36.16
37.60
37.80
37.89
38.30
36.64
30.92
22.87
23.65
17.78
9.86
8.35
8.30
9.38
8.39
8.00
9.65
13.81
28.76
25.77
41.64
36.59
27.66
45.40
59.63
58.36
58.36
58.82
58.26
51.70
40.57
35.79
28.04
22.33
20.27
16.92
10.29
7.53
8.23
8.61
8.64
7.90
26.45
18.38
23.48
22.03
29.43
35.45
51.15
59.59
57.06
56.99
57.12
46.54
37.21
28.77
24.10
20.24
15.99
11.73
8.76
8.66
7.74
7.53
9.30
15.41
35.42
27.61
31.98
40.93
29.25
25.61
36.79
51.71
40.32
35.64
35.92
33.74
27.78
20.08
20.09
17.81
11.99
7.90
9.15
9.39
7.78
7.52
8.99
12.49
24.95
13.52
16.23
13.26
18.36
23.37
41.85
49.12
50.58
50.25
50.01
49.52
33.48
16.75
10.98
11.65
13.50
12.09
9.00
7.97
8.61
17.59
14.00
20.96
32.69
15.90
13.18
12.74
14.06
13.81
32.85
45.23
47.82
48.66
48.88
37.68
24.52
13.67
11.04
12.19
11.78
10.11
8.79
8.81
8.81
10.37
10.27
9.85
10.56
14.20
16.04
15.17
16.54
29.75
30.18
32.10
35.57
35.42
33.57
30.34
20.78
15.89
24.24
34.75
15.40
11.45
9.82
9.34
10.13
10.79
9.84
11.38
10.47
14.95
17.10
16.45
17.40
27.36
42.27
43.97
46.77
48.09
47.24
44.15
40.61
21.78
10.60
12.89
13.14
13.21
10.09
8.77
9.52
9.37
9.56
10.19
25.89
16.37
15.67
13.50
19.10
26.50
28.61
43.70
51.78
49.90
46.84
36.04
21.91
18.80
16.45
13.23
11.57
12.83
13.48
11.85
10.71
9.00
9.04
22.15
17.55
15.16
17.11
16.98
19.79
23.72
40.12
51.20
52.66
53.86
49.92
27.93
22.26
19.04
16.35
11.38
12.46
29.96
13.17
10.84
8.96
9.59
19.09
27.20
28.52
14.62
15.42
30.17
41.55
44.63
33.48
30.82
30.73
28.84
27.23
24.26
22.25
18.44
12.26
11.04
10.46
13.00
14.04
13.51
13.20
12.11
10.33
16.97
19.45
15.58
15.86
16.26
20.41
25.39
43.30
53.81
55.18
53.50
52.00
27.48
23.39
20.53
17.36
15.73
18.16
15.96
9.82
10.81
13.58
12.69
11.63
15.16
21.47
13.72
15.30
14.69
15.99
24.01
44.60
43.64
42.28
43.70
43.62
23.72
19.02
11.30
11.95
13.88
13.39
14.03
11.06
8.67
10.45
12.32
11.25
15.73
16.95
15.85
35.91
37.32
41.66
45.36
46.19
28.51
27.36
26.43
27.44
25.06
22.08
12.42
11.16
9.32
9.32
11.48
11.82
11.91
12.90
18.66
19.71
20.59
22.31
14.97
22.24
17.60
17.99
22.01
23.16
23.76
25.75
26.92
25.44
23.61
20.19
12.03
12.00
12.27
11.66
9.81
10.85
11.65
15.65
18.36
18.35
21.47
31.92
19.28
32.40
34.53
38.70
26.51
31.55
47.26
49.83
52.02
50.56
43.86
25.64
12.26
13.17
11.34
9.32
9.78
10.22
10.51
10.87
11.72
11.54
16.81
25.30
12.73
16.11
14.73
15.60
31.10
44.19
47.60
52.51
51.50
50.77
35.56
21.77
17.03
10.85
12.11
13.88
11.31
8.76
9.15
10.75
10.85
10.44
13.15
21.03
13.75
18.92
32.89
40.98
43.65
45.24
47.59
51.65
35.46
29.77
26.28
24.16
15.41
11.59
12.92
14.30
11.43
8.84
9.77
10.01
11.21
10.84
14.32
13.49
15.20
22.80
31.69
37.88
40.53
46.67
46.23
47.23
46.83
44.64
41.80
25.45
12.99
13.48
14.14
11.51
8.77
8.75
9.40
9.17
8.72
10.57
12.50
22.84
12.47
17.17
15.82
13.47
14.44
21.56
39.88
43.70
44.38
44.68
34.45
18.32
13.83
11.64
8.78
10.31
13.28
11.45
18.76
18.03
21.14
21.76
19.71
21.28
15.56
19.71
19.42
18.23
34.53
41.41
44.80
44.60
44.48
37.90
22.95
15.66
14.40
12.50
8.62
10.73
12.26
10.62
13.61
17.93
18.70
24.09
19.50
24.59
13.21
19.95
18.31
18.30
21.40
24.18
26.74
27.94
28.85
27.98
24.10
20.78
16.00
15.92
10.81
9.90
10.55
10.78
11.66
11.73
8.61
11.83
21.96
23.17
11.26
26.49
22.89
17.90
17.74
32.83
41.23
43.94
44.22
43.54
29.99
14.16
9.71
15.14
18.47
19.87
22.61
20.86
24.00
24.89
24.19
24.13
27.81
32.05
17.80
21.02
37.17
32.85
35.14
42.60
40.90
43.75
44.48
42.12
28.10
13.77
10.20
15.91
16.49
21.37
22.48
22.56
22.48
11.89
17.12
22.66
25.95
33.85
17.75
25.25
26.56
28.93
29.58
30.72
33.32
35.66
36.24
26.92
24.19
13.46
19.97
20.91
20.07
22.19
23.47
22.40
23.73
22.91
21.45
25.87
39.43
32.21
17.69
21.27
23.19
28.25
31.14
38.32
39.26
40.87
40.76
39.77
26.65
12.96
11.70
18.72
21.16
23.15
22.80
22.41
24.95
24.40
24.06
21.94
27.83
33.25
17.84
20.07
19.65
11.87
20.07
39.31
40.80
42.46
43.57
43.71
40.52
16.08
12.05
12.10
16.83
21.04
21.40
18.51
21.45
21.67
18.59
22.45
20.70
18.09
19.63
38.84
36.18
40.37
43.03
44.22
43.10
27.21
28.52
28.02
25.12
16.70
13.22
12.94
9.61
11.39
13.80
14.15
18.28
19.17
17.74
20.10
19.23
19.33
13.71
19.40
18.96
18.17
19.56
23.81
25.82
27.89
27.80
26.23
23.51
14.66
13.61
10.75
8.59
11.88
16.44
18.78
18.35
23.11
19.47
24.17
18.44
28.28
15.65
21.60
31.14
35.79
40.57
47.41
46.94
49.44
51.93
51.70
41.45
25.27
13.34
13.40
13.05
10.02
9.95
9.84
15.48
16.38
16.13
14.55
17.97
30.18
15.87
20.48
29.62
37.99
42.33
49.02
48.94
50.62
52.15
50.11
34.56
21.86
16.28
12.87
12.96
13.19
12.89
11.16
8.50
8.49
8.62
9.61
9.95
22.43
10.64
10.47
14.22
27.66
37.25
40.69
42.02
42.98
42.10
40.56
38.87
37.54
21.09
13.48
13.28
11.92
9.65
10.28
12.85
13.72
12.45
16.17
16.09
24.63
13.42
17.14
15.58
14.72
15.77
36.09
46.59
48.65
49.12
47.42
35.05
22.12
11.03
19.73
14.20
13.40
12.27
8.68
8.57
8.48
8.44
9.52
13.15
26.01
12.80
15.72
28.44
21.61
19.34
43.99
48.27
48.52
49.38
46.60
34.78
17.57
16.42
8.95
9.82
11.46
11.38
9.31
8.38
8.92
10.35
10.86
10.57
11.16
10.99
39.40
37.56
40.76
43.65
43.84
32.70
29.24
27.45
25.67
23.13
19.63
14.60
13.40
11.88
9.58
9.37
8.68
8.59
9.78
9.87
10.64
10.88
10.28
9.76
17.49
14.97
14.51
16.84
20.89
24.03
25.16
24.57
22.37
20.64
16.22
11.36
11.64
14.51
13.61
11.80
9.33
8.93
10.54
9.96
11.15
11.12
11.99
10.02
15.97
29.11
21.11
18.28
35.84
44.24
47.82
47.64
46.67
32.28
18.98
13.42
13.18
13.32
10.57
8.56
10.29
11.28
15.07
18.06
17.59
20.66
25.83
10.29
18.43
15.13
13.18
14.28
28.30
42.91
43.16
43.66
42.65
19.88
11.91
12.44
12.29
8.46
9.31
11.26
11.29
15.79
19.64
17.15
22.93
21.51
26.38
18.40
21.74
33.61
36.00
28.92
37.84
41.79
43.29
42.23
41.75
38.57
31.84
13.35
10.48
11.12
15.75
17.92
19.36
20.54
20.03
23.80
21.13
24.38
24.70
13.58
20.37
34.46
33.35
37.81
45.96
45.06
47.69
49.76
45.93
25.68
13.52
12.81
8.78
13.37
15.15
17.80
18.49
18.05
19.41
24.34
18.64
24.81
31.46
17.21
11.54
33.62
35.54
39.73
48.22
47.77
49.27
47.80
46.17
34.34
14.19
14.59
29.30
29.43
27.46
13.38
10.65
13.20
17.65
18.77
21.77
13.15
18.90
12.55
10.24
9.20
29.56
35.72
41.48
43.75
43.78
34.48
18.76
13.69
12.27
11.51
12.11
17.04
16.48
18.83
21.53
22.81
20.71
24.38
21.47
23.91
22.73
18.77
21.77
21.64
19.14
19.21
21.88
25.62
27.67
27.00
25.31
22.02
13.82
16.79
29.78
14.04
14.63
17.98
17.99
21.16
17.61
21.33
21.20
23.50
28.42
12.57
26.27
23.71
23.09
21.87
24.32
26.43
30.13
35.91
42.39
29.51
15.33
12.15
9.56
12.24
15.39
16.94
18.89
19.93
18.15
22.44
20.30
32.22
12.46
9.67
12.99
23.37
25.06
24.40
30.33
34.15
31.78
35.85
31.91
27.42
16.42
16.84
16.74
18.82
15.55
14.30
16.86
16.32
16.87
15.58
16.62
21.29
24.83
17.17
17.27
12.86
12.07
12.23
13.25
14.71
20.80
23.22
22.59
22.37
22.53
24.60
21.42
18.75
21.29
21.66
20.95
20.95
19.80
21.17
21.68
22.21
24.34
21.32
16.51
17.08
8.00
19.89
28.39
31.32
30.53
34.39
34.86
30.49
25.18
23.04
23.04
23.24
21.12
21.02
24.06
22.40
22.04
24.16
24.28
28.38
33.65
19.19
16.85
21.06
28.45
31.45
35.73
34.91
35.17
36.35
36.00
20.89
16.86
20.47
20.60
21.35
25.78
23.05
24.88
24.80
25.23
25.49
25.25
25.31
23.73
22.29
29.34
35.72
29.40
32.05
32.83
34.88
27.09
25.49
17.61
12.41
13.85
17.11
19.55
21.89
19.32
22.37
20.92
24.82
21.43
23.31
22.35
23.71
20.95
20.83
13.21
11.91
11.43
11.27
12.61
10.63
14.89
17.03
14.99
11.84
13.99
16.87
19.92
22.52
21.65
21.08
23.73
24.15
22.95
24.24
25.11
27.70
31.67
22.46
22.18
28.02
28.35
33.13
32.78
34.21
33.89
33.88
19.52
14.28
17.71
19.72
20.58
15.80
19.54
20.00
22.06
23.32
24.31
24.98
24.12
28.24
27.72
23.32
16.36
27.83
25.89
13.01
31.42
33.43
31.22
32.80
30.71
25.12
24.23
25.47
22.27
25.44
25.05
25.79
24.89
24.69
24.69
24.81
25.05
33.44
34.17
24.22
20.41
11.93
16.68
33.01
35.36
35.91
31.48
16.07
13.02
12.41
11.77
12.52
15.75
17.18
18.39
16.49
17.58
18.07
17.52
19.14
17.88
19.14
20.29
17.53
18.58
11.77
12.75
12.09
12.09
12.22
13.20
13.62
12.18
12.43
13.07
15.31
26.42
12.64
16.43
18.64
17.68
16.65
19.44
14.83
21.72
33.06
26.25
24.31
25.81
28.54
19.76
13.20
14.88
11.99
12.79
16.93
17.85
22.37
22.95
22.83
22.24
22.83
23.82
22.45
24.44
24.25
25.11
25.26
30.63
26.35
26.39
24.94
15.43
20.39
12.78
11.00
10.96
8.88
13.99
11.92
15.21
22.24
21.70
21.22
22.66
24.00
23.05
24.38
24.42
24.79
24.14
23.72
22.79
24.48
23.31
22.08
18.34
24.24
14.56
9.47
8.87
8.70
12.51
11.93
12.20
12.00
21.66
19.39
21.63
22.45
21.07
24.97
23.43
22.87
24.40
24.79
23.97
25.87
26.88
22.65
16.90
17.85
7.74
8.70
17.87
35.45
38.61
36.57
35.33
14.51
14.54
18.09
20.09
23.76
25.04
25.35
24.84
26.12
33.01
25.21
31.55
32.75
37.20
21.26
11.91
35.38
19.72
16.38
34.99
35.86
33.20
30.98
31.00
24.73
10.18
10.70
12.08
12.42
12.02
13.04
12.95
11.76
13.95
13.78
13.12
17.97
22.31
13.18
9.71
22.04
30.51
34.91
35.23
35.83
36.93
37.32
35.74
19.90
9.90
8.73
8.63
10.65
11.07
12.72
13.56
16.28
12.87
15.45
18.03
19.60
26.09
20.26
23.53
30.34
28.10
31.37
36.69
36.28
30.33
33.95
32.82
27.53
26.69
26.08
26.25
25.38
17.70
18.71
26.66
20.89
22.79
24.62
22.21
31.05
22.12
19.74
10.81
25.49
32.53
27.21
32.26
35.68
37.19
36.05
27.61
8.93
10.87
14.33
14.95
19.31
20.50
22.78
21.14
22.72
25.80
24.72
24.23
25.52
26.05
25.43
33.88
45.94
33.93
36.64
37.22
30.97
16.68
10.78
7.92
8.25
8.80
13.96
15.73
17.22
17.52
19.91
22.03
18.06
18.12
19.42
18.92
19.86
19.46
20.10
17.59
17.00
13.14
7.81
7.72
7.71
8.38
9.65
10.01
12.81
14.46
15.11
17.74
19.99
18.68
19.69
19.09
19.44
18.49
19.56
19.97
29.66
23.20
21.91
13.98
8.60
9.35
31.47
28.49
27.94
33.26
31.33
34.62
20.84
29.88
26.31
20.98
26.77
23.09
25.71
25.69
26.50
25.51
25.67
25.39
30.29
36.64
25.70
23.15
39.19
32.52
36.73
48.10
32.59
33.62
35.17
17.58
8.15
16.92
18.45
22.35
23.07
24.58
22.51
25.99
23.33
25.23
25.11
25.87
34.19
36.55
23.51
21.56
27.18
27.89
34.18
43.46
43.08
44.97
42.93
23.38
9.24
17.91
19.78
21.65
22.19
24.53
22.65
25.67
25.64
26.25
25.38
26.07
27.89
32.53
20.93
22.87
32.33
26.87
24.20
42.91
42.14
45.42
48.23
41.23
8.47
16.82
18.19
21.18
22.52
23.40
24.90
24.75
25.39
26.27
25.42
31.44
29.48
33.01
24.60
20.12
33.45
44.49
40.09
48.27
44.59
46.55
44.09
41.57
11.18
15.19
20.26
20.62
23.39
25.02
22.40
25.81
26.67
23.68
25.40
25.42
25.93
25.41
25.63
22.58
31.84
22.11
13.80
24.32
16.81
12.01
11.77
9.57
8.15
12.26
13.33
15.94
20.77
23.94
23.26
21.64
26.52
22.59
25.68
26.15
25.28
27.31
35.53
18.19
30.34
28.10
38.05
45.79
41.43
35.78
30.10
30.12
19.64
19.91
25.20
23.32
25.08
23.45
25.39
28.04
45.91
28.91
44.24
41.73
40.02
40.60
43.37
21.11
29.52
34.53
17.83
26.99
23.39
29.53
33.62
32.82
18.31
28.38
28.20
27.88
27.92
34.97
46.25
36.95
40.44
42.71
37.18
40.12
42.07
42.29
40.56
22.94
25.41
11.46
7.96
9.78
24.48
12.91
13.33
13.49
21.60
21.85
26.10
25.30
25.29
26.18
25.31
25.29
25.11
25.97
25.34
25.56
27.25
29.72
25.48
21.79
24.38
28.58
36.49
39.97
27.44
31.90
33.46
31.04
23.46
14.62
28.84
28.81
28.75
29.48
27.86
46.39
36.74
30.38
47.22
44.67
39.23
49.81
39.68
25.43
40.22
38.40
40.81
44.95
42.19
39.38
15.65
9.49
15.05
21.90
26.28
22.20
26.09
40.42
35.05
36.67
32.68
43.91
45.55
37.46
46.64
46.13
39.48
26.60
38.45
35.47
31.46
32.73
30.11
29.89
30.81
13.13
8.22
22.82
18.83
27.12
27.60
25.63
25.71
38.96
17.93
25.68
25.98
25.98
27.28
21.18
40.62
18.34
25.47
16.62
12.23
23.92
20.07
17.61
17.88
18.33
9.60
12.88
24.15
17.99
19.35
19.29
22.12
18.43
18.74
20.62
24.99
21.78
18.44
20.47
26.72
14.68
8.00
13.87
13.41
24.28
23.76
19.37
15.37
8.36
7.57
12.35
14.77
16.42
19.03
15.19
16.63
23.83
20.92
21.25
24.19
18.75
25.36
19.10
19.34
20.79
13.99
9.88
7.16
7.94
7.62
7.23
8.93
7.94
11.58
13.57
9.40
14.71
16.99
35.72
24.19
27.77
27.93
21.95
20.27
19.15
21.13
21.71
26.31
27.71
24.77
24.95
17.12
22.77
13.41
14.45
15.54
29.03
28.05
20.93
22.21
22.54
24.36
24.11
23.67
24.60
26.77
27.21
26.48
26.59
26.51
26.64
26.54
26.15
24.80
24.35
25.23
14.33
21.68
11.43
12.84
17.36
28.29
25.53
26.40
26.37
26.81
26.10
25.61
25.56
25.28
25.82
25.26
25.05
31.31
32.13
25.02
17.45
14.38
7.45
11.88
15.40
8.29
7.57
8.97
19.72
22.15
22.54
26.68
29.74
40.64
39.95
36.59
22.53
27.48
26.33
26.53
26.51
25.99
26.78
26.05
25.81
28.23
17.21
30.91
42.27
42.48
33.02
28.44
32.07
24.16
22.29
15.43
16.77
18.09
15.48
16.69
19.04
16.31
18.83
15.82
19.58
16.07
19.11
19.43
30.24
25.39
25.06
26.33
27.07
31.00
10.09
11.07
11.55
15.21
15.20
18.46
18.29
19.97
19.84
20.11
22.90
23.41
21.92
24.65
26.56
25.31
25.24
35.59
43.47
36.54
26.34
26.35
17.76
7.30
10.18
9.06
11.81
11.97
18.46
18.72
19.61
19.24
20.82
19.36
19.51
21.63
24.81
27.24
24.92
28.22
42.15
26.56
19.60
17.15
14.41
14.12
14.67
11.36
14.97
10.59
15.09
13.71
14.39
16.75
15.94
14.72
15.06
16.95
16.26
15.55
15.50
16.29
16.76
15.35
16.89
16.92
14.93
27.39
26.02
25.96
25.39
26.32
26.93
12.23
10.66
11.51
13.09
15.89
16.45
15.26
19.39
19.11
