116.10
127.19
124.74
128.92
126.10
127.43
122.14
130.16
130.88
122.59
115.97
117.70
113.87
106.33
108.31
107.17
102.03
106.84
112.13
118.10
122.63
120.44
123.94
125.74
127.22
137.75
134.77
137.98
138.63
140.09
142.13
156.19
159.12
140.85
139.55
129.00
117.51
118.47
115.10
103.67
103.43
100.43
106.93
117.99
122.50
120.09
125.11
125.51
126.77
133.01
133.74
131.47
137.90
140.09
140.20
154.34
150.68
138.90
129.97
125.77
120.26
122.58
133.81
135.87
133.08
121.05
116.61
120.50
107.92
116.02
112.16
116.45
120.52
119.04
128.96
125.09
125.65
132.27
134.58
148.26
146.27
132.17
122.82
137.46
149.33
139.96
141.90
139.90
134.62
125.21
123.75
118.56
116.33
119.30
119.36
118.60
111.51
110.12
113.64
107.58
113.20
117.58
117.32
108.37
111.89
108.70
120.70
126.15
130.51
122.41
120.95
123.30
117.38
122.00
125.37
120.36
126.81
119.28
118.60
115.92
108.57
117.79
117.10
116.84
118.38
112.35
120.80
123.12
120.03
116.06
113.74
111.96
112.25
116.01
111.30
108.45
111.75
116.22
113.34
118.95
115.27
119.04
121.16
108.56
105.71
110.46
111.13
115.11
116.29
114.69
122.60
128.18
129.49
125.29
117.22
131.04
131.47
135.37
133.94
135.40
124.64
130.01
124.53
118.85
118.01
114.77
121.73
116.35
119.54
119.82
104.92
110.35
112.99
118.93
126.38
125.87
123.22
115.85
126.01
128.21
139.60
142.53
143.28
138.06
137.33
132.63
114.19
126.49
118.37
111.62
117.35
109.77
112.49
113.28
118.84
115.45
115.49
123.23
126.36
131.63
130.33
131.76
134.97
131.67
136.53
137.00
148.07
139.58
138.14
131.13
120.53
121.95
125.89
129.19
119.53
122.96
121.85
121.92
119.23
118.37
118.41
113.23
127.25
133.12
125.83
125.58
72.34
135.97
137.57
132.95
131.48
136.14
123.43
119.16
123.49
115.98
113.17
115.17
115.27
116.08
116.82
119.11
118.27
117.57
108.66
112.68
115.54
121.66
119.90
111.03
123.02
125.61
139.72
139.78
137.41
139.51
128.26
125.80
120.16
122.27
116.60
116.15
115.23
114.71
115.80
116.11
116.69
120.02
110.55
111.34
105.70
105.09
111.48
110.56
120.86
131.81
126.49
129.77
131.81
122.96
126.73
117.72
124.02
127.08
125.97
114.63
113.22
113.34
114.37
112.86
121.97
116.23
116.49
119.01
115.51
103.99
102.58
102.60
106.41
122.04
123.06
126.08
118.52
120.69
120.92
118.78
119.74
126.33
116.12
116.07
114.08
112.34
109.49
118.93
118.00
116.03
118.69
119.95
127.99
131.38
130.45
125.17
140.27
135.84
141.08
143.11
140.73
133.92
124.26
128.27
121.51
117.92
120.05
118.86
116.00
122.84
112.98
118.67
116.63
118.97
115.40
117.29
120.43
121.30
127.44
133.87
134.05
138.30
139.49
131.45
133.63
132.87
129.51
124.96
110.94
114.13
113.92
112.81
115.68
115.15
108.23
113.03
118.04
116.40
115.68
118.62
121.56
131.48
128.15
135.88
143.49
138.74
136.91
135.91
140.85
139.03
131.98
120.06
124.62
131.83
118.08
118.33
117.67
111.99
117.88
114.03
121.09
115.06
123.11
121.58
131.35
128.65
118.86
114.91
135.72
137.33
139.53
137.16
139.29
136.58
135.43
125.68
121.69
122.91
118.99
118.46
120.03
119.30
116.27
118.51
111.61
116.67
115.22
114.21
114.72
125.49
120.29
125.99
135.97
136.67
135.37
137.47
143.23
136.55
133.60
132.85
128.43
124.84
124.07
120.96
118.70
121.39
115.41
117.67
123.37
114.40
124.21
124.35
122.01
121.79
121.50
116.78
128.76
130.90
128.79
131.66
132.27
131.27
128.22
129.07
124.03
127.17
122.31
119.72
119.99
116.65
118.28
114.86
115.71
119.16
120.74
109.86
109.97
117.06
113.76
126.39
125.45
131.19
132.44
135.58
136.37
127.89
126.67
125.41
122.90
120.89
124.85
120.40
122.65
115.34
111.20
114.76
115.50
112.22
115.32
112.89
116.88
116.97
118.81
118.99
116.16
128.06
121.18
121.56
122.25
118.03
124.76
119.48
120.28
117.78
118.97
118.73
120.56
122.62
120.91
109.59
110.05
108.46
111.09
112.00
122.62
126.22
119.69
110.88
118.36
139.07
134.85
138.62
139.71
134.77
127.75
129.98
123.53
120.06
112.66
112.02
118.20
116.03
103.19
104.51
109.22
111.61
114.78
117.96
122.38
131.12
126.48
121.92
118.23
132.11
141.47
134.38
133.55
141.63
129.26
129.07
122.33
111.36
112.96
117.72
116.54
116.99
101.98
106.42
115.08
109.29
117.33
118.53
125.68
131.59
132.15
116.10
113.96
131.60
135.11
140.13
137.65
140.44
133.36
132.04
120.10
126.85
117.43
115.19
114.07
114.80
111.00
121.58
115.21
119.42
114.46
103.14
115.66
124.93
116.74
111.89
129.92
139.30
140.86
142.79
141.32
139.83
134.22
129.10
119.02
127.70
119.66
119.26
111.90
117.52
112.20
120.64
107.53
105.46
108.11
109.57
113.65
113.61
108.50
105.00
118.54
131.32
131.30
130.02
130.14
130.19
128.45
127.45
119.25
127.05
122.60
121.39
116.64
111.20
115.51
115.98
119.61
121.01
117.14
112.86
106.18
112.40
107.27
103.77
118.12
124.54
129.55
125.62
126.25
131.20
120.51
129.17
117.65
127.65
123.61
118.87
121.23
117.12
111.50
118.35
118.81
125.27
112.60
108.14
119.85
119.24
122.63
115.39
139.66
132.43
139.00
143.73
140.46
135.13
135.86
126.24
123.26
119.05
119.92
125.24
121.78
117.39
120.13
116.01
113.20
114.66
114.67
112.12
128.25
122.90
128.42
130.57
141.14
135.75
139.70
140.73
137.70
130.45
248.64
127.87
120.36
120.13
120.93
123.20
120.53
121.88
117.03
120.79
115.16
122.77
116.57
115.08
121.45
120.65
129.32
127.02
132.93
133.13
139.45
138.91
139.50
134.65
127.90
126.15
123.07
122.48
117.48
119.08
119.22
117.30
119.68
116.37
120.09
112.67
110.66
113.16
119.65
121.52
126.48
128.01
136.05
129.38
101.39
138.48
136.27
135.52
132.16
130.91
120.50
119.49
114.62
121.19
121.52
120.60
123.57
118.10
118.41
120.80
115.80
115.53
117.04
118.24
125.86
124.86
130.38
134.13
136.96
131.25
132.90
133.16
125.08
125.25
121.61
118.46
115.22
119.47
122.03
114.86
120.18
117.50
116.05
119.69
118.68
116.11
115.47
112.40
119.14
115.22
116.78
117.05
120.32
124.34
121.84
122.42
117.21
125.91
119.16
119.86
121.16
122.18
118.00
121.30
117.60
120.56
119.07
118.04
120.78
118.06
117.46
118.29
115.01
113.21
113.83
118.76
118.02
115.07
113.13
117.14
116.78
115.25
118.08
123.03
124.00
118.86
121.40
122.04
124.15
116.19
118.88
115.48
118.59
117.06
128.27
136.82
132.85
130.66
138.62
132.47
136.75
136.27
136.31
135.28
119.92
121.72
125.18
114.22
117.02
116.85
117.15
114.40
111.88
119.43
116.78
114.83
121.34
118.92
123.36
136.82
130.74
128.79
137.99
134.06
140.50
139.48
132.32
134.08
133.89
124.40
112.51
116.36
114.73
115.51
113.40
113.70
110.54
110.73
115.75
117.84
118.80
124.40
132.25
122.78
121.90
114.89
114.95
107.32
119.53
133.19
131.44
124.08
126.26
116.15
113.85
117.83
109.83
113.38
112.80
117.27
116.27
119.99
119.70
124.55
125.33
130.63
138.58
137.30
138.85
127.91
127.36
114.18
118.23
134.84
143.65
142.05
130.21
124.63
112.71
117.38
116.34
111.87
110.18
112.72
112.97
113.00
113.84
124.37
120.34
129.65
133.41
138.09
139.46
119.36
115.57
125.15
142.84
147.03
149.52
159.31
150.37
136.20
141.58
136.86
131.93
128.35
134.00
121.40
106.11
101.65
107.71
109.61
110.46
112.15
115.53
111.49
109.46
104.73
95.53
104.82
128.08
130.59
130.50
132.66
132.75
129.81
129.28
129.15
129.42
135.38
116.32
112.10
110.55
111.98
119.73
119.60
122.50
121.04
126.54
124.60
126.29
114.08
99.97
125.93
142.11
147.71
148.26
141.65
140.66
146.34
135.66
136.35
132.40
130.43
109.20
106.34
103.58
115.99
109.53
106.07
107.95
108.28
121.40
122.48
122.96
120.18
108.92
109.06
134.74
152.43
154.13
156.06
147.09
136.22
131.35
133.64
135.10
118.93
102.75
105.75
109.29
111.01
115.55
118.05
123.70
124.11
124.94
134.44
120.30
107.90
112.95
136.99
152.47
156.73
155.42
154.64
143.09
143.96
131.63
140.78
133.96
134.43
129.29
133.07
129.79
127.61
134.23
126.97
108.65
101.63
105.31
116.77
117.87
109.52
131.24
144.78
153.61
148.02
149.49
150.65
140.19
139.24
137.41
131.88
132.04
135.20
141.24
136.10
134.99
134.85
126.03
126.11
128.56
123.57
135.80
138.08
143.11
139.46
138.69
140.00
135.47
129.57
134.44
123.76
129.47
128.33
128.35
132.23
139.17
135.35
136.75
132.21
130.89
138.71
135.21
136.63
66.20
102.21
127.54
137.79
138.20
142.81
139.86
141.70
144.71
141.91
142.78
142.38
135.86
135.77
132.75
135.00
131.70
133.48
133.12
137.85
132.90
131.37
135.04
127.91
132.39
134.45
128.76
117.19
97.75
101.77
140.33
132.24
139.67
134.72
133.04
143.60
124.27
134.64
133.50
128.78
134.47
130.81
132.74
120.19
105.84
104.11
109.95
108.58
113.54
113.95
118.20
116.28
109.93
106.12
105.48
128.25
134.79
132.55
130.71
131.53
136.26
132.36
127.08
134.48
133.06
131.62
107.49
106.48
102.94
105.43
102.67
108.45
108.22
105.10
117.14
116.42
114.48
112.22
108.39
105.92
111.88
105.43
106.15
117.78
132.27
121.00
127.65
124.40
104.15
105.66
106.80
110.89
49.05
0.00
0.00
80.72
143.17
136.18
139.11
143.69
136.44
137.17
132.67
120.20
116.76
115.20
115.02
131.83
132.35
126.41
121.13
115.45
117.15
122.63
126.64
130.48
130.17
134.10
139.92
141.29
139.18
148.34
151.60
160.31
146.43
146.25
89.52
128.12
110.68
126.86
136.06
136.88
130.32
128.38
121.37
115.97
121.91
112.55
114.83
111.55
111.09
110.86
111.14
116.12
111.96
114.13
116.89
124.92
129.99
123.80
118.91
111.63
113.21
105.65
118.39
118.36
115.78
118.40
115.47
127.59
130.48
129.82
134.39
132.18
131.35
138.55
135.43
133.78
140.00
138.08
141.30
147.71
144.57
139.48
136.94
135.05
126.98
122.21
131.14
120.64
125.48
126.72
124.50
130.27
127.77
131.88
140.03
131.93
136.90
142.88
143.36
141.92
144.00
146.34
145.18
145.05
146.45
137.06
129.74
122.70
119.90
115.96
111.95
110.46
116.72
114.87
114.69
114.64
119.58
122.19
126.03
129.59
127.55
134.14
136.00
135.15
135.42
132.14
133.91
139.33
137.21
125.55
118.83
117.32
128.61
132.28
142.69
137.51
132.62
131.38
129.10
121.17
127.04
121.10
114.46
107.36
114.49
113.87
119.73
119.42
122.67
127.61
131.78
130.41
128.05
120.06
119.55
129.39
135.06
144.44
144.07
141.20
140.04
131.83
124.95
122.16
120.63
121.04
120.34
105.83
107.95
105.16
113.42
108.57
117.07
113.07
123.64
117.32
119.35
114.90
130.68
135.80
149.80
145.30
151.27
152.18
142.88
133.80
128.72
128.05
124.34
130.15
123.94
129.19
118.67
117.62
119.61
121.18
120.53
123.84
125.16
126.65
130.26
132.01
130.10
149.05
144.42
148.58
156.89
147.29
139.69
140.27
130.75
124.81
124.11
124.48
123.99
114.57
119.28
119.03
121.63
111.22
105.41
103.32
105.54
110.58
106.91
124.54
131.58
143.26
153.96
146.43
157.82
147.28
139.54
131.10
128.31
126.14
124.29
125.97
123.75
115.70
117.20
121.78
114.40
119.31
120.38
120.16
119.40
124.11
123.76
125.93
128.73
142.96
141.24
144.88
142.89
147.98
141.39
137.14
129.12
129.79
126.95
123.67
127.77
122.31
124.15
121.34
119.67
120.95
121.32
116.37
115.98
115.56
115.82
121.23
126.75
123.14
129.98
125.18
131.65
131.41
131.22
130.35
129.27
128.25
120.74
124.94
124.72
119.16
122.12
122.62
117.93
118.43
117.86
119.41
117.28
103.85
110.45
123.07
125.26
131.61
136.08
135.31
129.16
131.70
132.97
130.28
130.17
129.85
128.10
130.41
131.41
125.97
119.28
121.95
119.99
117.86
116.62
115.83
108.45
110.50
110.99
126.48
128.39
140.39
147.24
142.91
147.06
148.04
137.74
138.49
133.83
128.96
124.87
130.54
124.11
115.38
118.49
118.00
121.11
120.72
112.62
105.50
109.86
115.95
120.79
130.05
141.86
143.20
145.60
150.32
155.88
154.75
155.93
140.54
134.15
136.23
130.16
130.52
124.17
120.47
123.98
119.59
125.72
122.16
117.50
123.59
116.80
125.17
122.25
130.77
133.94
144.91
144.65
154.82
157.84
164.02
161.88
153.51
141.06
134.34
133.74
132.12
133.01
132.77
127.71
125.59
124.10
122.31
121.96
118.06
123.64
127.88
122.03
134.53
141.94
143.28
143.42
140.94
142.23
142.01
140.19
136.00
128.30
130.39
121.84
125.29
122.04
121.84
115.74
118.65
121.62
122.21
118.00
120.62
119.96
124.86
123.52
131.38
129.74
129.29
134.55
129.07
139.49
134.83
136.00
138.00
117.01
129.11
120.85
119.40
119.21
120.83
112.77
106.52
105.20
106.52
106.63
112.17
117.18
120.35
107.25
102.03
118.78
125.36
133.49
136.27
129.68
129.21
128.91
124.32
124.42
125.24
123.68
122.89
118.18
115.35
108.58
107.10
101.22
108.77
105.56
109.80
117.45
113.87
104.48
105.09
121.69
131.38
135.05
138.19
137.25
137.97
137.19
128.24
130.86
128.48
130.15
124.21
125.43
128.72
122.30
121.45
124.98
115.50
119.92
120.48
112.62
100.68
107.28
128.22
134.97
140.79
136.71
132.86
127.29
124.91
118.25
120.89
117.30
115.95
116.35
116.72
114.19
116.32
111.95
114.45
111.67
100.09
101.96
98.74
106.26
113.72
107.45
106.61
117.88
126.85
117.00
126.57
122.54
126.63
119.23
117.65
115.60
117.65
113.49
102.88
104.06
100.59
99.76
102.77
106.71
98.76
105.13
104.24
100.81
106.35
108.72
126.79
124.38
130.77
137.65
141.57
138.02
140.72
134.11
124.67
124.55
120.10
122.02
122.52
119.84
111.41
108.74
108.11
110.40
119.23
114.87
123.04
121.20
127.64
118.71
118.69
110.96
124.34
137.07
132.81
136.43
132.93
129.63
129.07
123.70
117.75
119.21
120.61
124.19
118.98
109.28
101.49
103.76
105.56
102.86
109.61
104.79
104.75
109.82
121.06
129.44
129.96
133.82
140.90
136.62
134.45
136.20
128.02
128.24
127.84
119.07
122.50
118.50
118.28
121.59
123.98
123.87
119.18
117.47
121.39
116.37
116.89
121.86
126.52
131.04
132.84
133.07
135.66
135.06
133.29
132.59
132.20
127.85
128.25
128.91
123.03
120.57
126.64
120.69
119.29
119.35
119.95
116.27
114.09
114.56
112.85
121.48
124.71
129.53
131.91
133.93
136.09
139.99
138.18
140.11
133.82
128.55
132.14
130.09
125.68
121.30
123.44
116.94
117.47
123.28
116.44
112.74
117.66
116.83
120.42
125.15
129.08
140.69
138.44
147.81
148.49
155.34
155.43
152.57
140.90
133.79
129.94
130.88
129.32
122.74
117.84
120.66
121.08
117.17
117.08
116.05
117.30
121.92
123.02
133.22
130.90
141.24
145.65
154.14
161.36
167.21
169.63
160.22
146.11
132.09
127.98
129.48
123.04
126.43
124.71
126.12
115.79
122.85
118.54
113.19
121.38
123.50
123.63
127.14
130.77
134.99
138.22
148.38
162.14
156.58
154.01
153.81
144.25
134.20
125.84
126.81
129.08
128.96
121.04
120.60
123.30
113.28
119.35
113.23
118.75
122.16
123.43
125.89
133.42
133.81
141.05
132.12
148.21
137.35
134.46
133.30
122.29
121.97
127.00
115.77
123.06
118.93
117.71
122.16
119.03
112.41
111.35
101.83
100.57
105.65
99.45
105.97
120.30
129.65
137.54
142.79
142.53
142.96
141.10
137.45
137.86
128.32
127.45
124.23
124.92
123.61
124.72
121.43
115.35
114.99
121.85
119.07
108.63
104.99
105.42
108.88
121.98
129.86
134.23
136.24
135.13
133.99
137.07
135.77
133.89
127.15
130.27
131.09
127.84
127.86
118.85
121.39
120.32
119.26
117.76
117.49
110.09
101.85
106.38
107.24
131.64
130.37
136.01
138.57
136.60
141.52
141.58
141.06
137.40
137.36
127.12
131.70
131.35
129.53
118.97
111.67
122.34
114.68
116.93
118.17
118.79
122.55
125.17
128.64
135.39
134.30
139.84
154.69
157.98
169.55
169.23
162.13
158.79
141.50
135.12
128.26
130.26
126.76
131.16
119.10
121.76
119.05
120.56
120.98
116.05
117.69
129.21
130.75
140.18
139.68
146.83
158.27
166.47
171.99
169.92
158.60
150.47
143.23
136.92
138.71
132.20
132.78
127.95
125.23
124.18
123.88
120.41
122.53
119.29
128.85
127.09
132.97
135.30
139.12
143.29
147.93
157.36
163.34
156.65
150.95
145.50
135.37
137.17
127.64
131.40
129.16
126.16
125.22
120.11
120.44
122.32
117.18
120.63
118.75
120.54
133.84
136.72
145.35
151.10
158.18
166.77
165.14
163.32
158.52
154.51
136.16
137.48
128.24
132.87
125.99
96.07
64.76
123.60
123.50
118.59
118.42
113.22
118.92
119.36
124.84
134.93
138.78
145.12
145.64
144.78
153.58
146.78
148.19
140.87
135.10
131.19
131.30
128.97
129.34
134.15
122.46
121.12
119.53
117.93
122.76
114.13
120.52
115.69
124.44
131.77
128.15
134.83
140.58
140.51
146.48
151.55
142.19
142.93
138.18
133.32
129.65
128.81
126.08
125.67
128.61
128.52
126.91
120.51
118.24
115.37
120.58
117.71
115.74
131.05
132.01
130.17
137.85
137.99
139.06
145.92
142.18
137.93
134.66
131.24
132.50
130.15
127.75
126.10
120.52
126.17
127.33
125.19
123.08
124.88
119.52
126.95
134.46
135.13
141.52
140.13
150.41
150.18
160.59
150.86
152.76
148.08
137.18
135.41
129.42
131.94
129.71
124.85
121.57
119.88
125.96
120.64
117.61
113.70
118.66
122.42
131.99
140.05
144.54
152.30
157.35
163.47
165.60
166.17
164.45
150.54
140.90
135.49
128.54
127.93
124.80
128.58
119.09
122.93
127.63
124.37
124.55
121.79
131.34
150.53
136.41
138.50
132.89
145.84
150.00
145.47
139.80
147.57
144.49
138.58
128.79
127.34
124.62
126.68
129.67
123.46
121.16
119.62
116.86
123.33
120.19
125.68
124.16
127.67
130.74
136.83
138.12
135.28
145.27
146.98
149.24
156.83
158.14
147.18
134.91
131.46
130.15
124.90
132.16
125.44
124.06
128.13
124.01
119.43
122.87
109.10
121.17
126.10
126.28
135.16
132.47
141.89
148.22
147.14
147.94
152.69
141.53
141.53
128.84
129.33
128.00
124.70
130.61
130.69
124.20
125.94
127.34
124.40
121.89
123.76
127.52
128.97
119.59
129.55
129.51
134.52
138.18
138.73
132.87
145.35
136.87
137.44
130.02
129.88
132.11
131.33
128.00
137.49
123.61
121.40
126.12
122.10
126.19
118.08
122.92
123.02
129.61
135.14
135.37
143.68
151.46
162.96
160.53
164.77
167.57
158.35
154.49
145.11
139.07
134.62
139.25
129.07
132.19
122.95
126.10
129.68
123.44
130.63
126.72
129.92
140.68
140.61
150.02
163.45
178.81
184.57
183.77
186.28
179.78
173.11
163.63
154.33
149.67
147.68
140.03
131.50
128.88
127.74
128.80
126.53
124.26
123.70
127.72
137.19
142.51
136.88
152.38
170.14
185.37
184.53
182.99
186.76
178.21
174.43
165.22
156.95
147.41
147.26
138.59
142.48
128.41
130.09
124.17
122.91
124.23
124.17
124.24
127.45
133.10
135.85
139.88
140.55
139.19
150.37
147.20
141.73
132.54
127.20
122.79
131.05
130.58
127.43
126.24
126.21
127.36
121.64
124.00
121.66
34.62
66.76
124.71
122.07
124.83
136.37
135.94
134.12
110.56
141.43
137.87
143.05
133.33
133.23
124.02
131.81
124.38
128.36
126.70
128.78
128.05
130.33
124.90
128.64
125.17
127.61
126.47
124.74
125.24
129.02
133.03
133.71
132.55
134.44
132.66
138.25
134.28
126.39
122.62
116.96
119.66
113.99
116.89
121.67
114.86
117.93
114.11
113.90
118.26
114.28
111.81
114.73
117.16
126.62
131.66
133.13
135.38
138.05
135.77
137.28
140.40
132.89
134.06
131.70
127.23
131.83
128.13
125.41
120.54
124.19
118.25
120.51
116.00
118.86
115.23
116.61
124.67
128.60
136.74
140.31
147.77
149.75
150.69
149.15
152.55
153.14
140.88
136.57
135.17
130.60
126.00
125.89
130.17
125.77
130.45
125.48
127.21
119.93
125.21
125.13
136.66
133.47
143.93
156.28
158.94
167.45
166.51
168.48
158.10
155.72
143.92
130.04
136.44
130.88
130.50
128.35
125.88
125.41
126.00
127.58
122.99
122.67
126.58
120.75
133.56
136.33
140.99
139.94
150.51
145.94
139.85
138.48
128.54
122.98
112.34
119.04
114.66
117.52
120.76
116.53
119.11
119.35
119.86
117.52
111.16
114.47
120.59
114.09
127.29
135.02
143.03
144.69
148.80
137.97
150.20
147.24
142.91
133.54
134.45
126.66
126.85
130.71
129.17
123.89
122.29
123.64
122.44
123.31
123.57
121.55
125.25
130.50
130.87
132.25
140.23
161.20
165.79
165.09
176.05
174.24
174.10
168.53
157.65
151.45
143.08
137.38
131.62
133.00
130.63
127.71
132.49
125.92
127.05
124.98
126.45
131.08
138.40
149.61
163.16
172.81
180.04
183.26
186.01
181.72
181.98
179.78
175.24
159.63
152.58
152.45
142.56
144.70
131.63
133.09
130.72
127.59
130.94
130.20
125.60
125.45
127.91
141.91
154.27
174.27
170.11
176.32
174.58
169.99
169.91
167.76
162.50
149.89
147.25
145.05
136.29
131.23
128.41
129.34
124.11
133.15
120.96
123.25
122.56
122.26
128.73
130.88
144.89
148.41
153.06
157.76
161.82
158.86
155.75
151.41
145.50
141.12
134.63
134.21
132.00
128.62
124.44
126.19
122.92
124.80
114.87
123.55
118.21
127.08
135.52
135.32
144.50
149.48
153.53
162.09
161.68
160.52
159.21
153.34
141.67
133.79
137.51
126.19
129.34
130.97
124.15
128.91
123.41
126.85
124.84
128.47
127.09
124.16
139.19
142.97
154.63
158.51
167.48
155.87
158.93
144.29
151.66
142.22
136.45
129.87
124.13
125.43
123.92
127.43
125.49
125.12
119.39
123.72
124.09
122.37
129.32
128.83
106.29
115.38
123.06
127.33
170.20
165.79
182.83
181.79
180.68
175.23
166.20
158.09
148.39
143.09
135.23
126.11
127.21
115.58
128.71
127.36
128.17
123.47
123.71
132.56
142.70
153.71
168.28
178.84
182.56
183.71
191.56
186.04
185.15
181.74
177.51
164.72
154.38
149.02
144.13
137.61
129.84
132.30
129.61
124.32
129.41
124.04
129.90
131.02
138.95
132.77
169.25
175.69
182.07
180.41
186.99
179.62
183.41
173.96
170.50
160.50
157.99
143.84
145.02
135.83
131.79
131.15
132.39
135.19
123.50
131.95
130.51
132.33
136.18
154.33
159.57
170.53
166.09
172.51
168.62
171.72
170.65
163.20
161.12
145.55
146.55
140.03
133.44
133.88
132.71
130.83
129.20
130.95
130.01
129.54
127.83
125.55
129.77
134.98
153.41
159.87
161.64
168.33
169.17
174.11
168.01
163.66
158.56
149.91
144.23
144.49
144.94
137.83
136.79
136.77
133.73
131.79
126.77
133.11
128.91
131.78
138.14
147.83
140.86
148.31
142.02
133.70
142.31
149.32
149.37
139.34
133.48
125.97
124.20
124.90
123.02
122.12
118.27
121.81
118.77
121.81
118.76
128.58
122.84
135.00
125.31
129.90
131.14
130.90
135.09
141.50
142.66
144.68
141.35
140.97
131.84
121.16
121.33
125.34
125.62
129.15
131.67
124.26
137.09
126.99
126.70
120.14
132.16
129.49
128.05
134.05
140.08
143.82
148.98
148.29
150.95
156.35
153.33
144.22
133.54
126.23
126.08
125.71
130.69
130.08
133.12
133.56
124.17
127.67
122.20
127.87
126.02
137.99
131.14
136.48
149.26
147.00
149.80
151.29
157.59
158.11
157.05
147.43
137.99
134.02
128.11
126.78
129.69
128.16
134.16
137.06
134.06
130.93
127.78
128.30
130.44
130.94
132.07
131.65
145.59
156.12
167.66
165.01
167.34
167.82
160.87
154.42
144.88
139.57
134.99
133.80
132.77
130.91
129.91
135.31
134.04
133.98
130.06
128.15
133.79
130.89
130.28
135.39
149.30
160.59
162.03
165.02
167.76
169.06
165.87
163.25
158.48
149.03
142.68
137.70
138.74
133.80
131.27
135.27
126.75
131.24
131.94
127.91
128.70
128.35
133.58
136.82
155.51
153.63
163.50
168.42
165.07
161.40
163.01
153.75
153.25
147.42
134.83
137.27
135.22
131.87
133.35
131.66
133.04
130.11
128.61
133.16
131.64
129.88
142.46
132.89
137.29
140.59
148.49
149.23
150.53
161.94
153.91
146.24
138.02
131.47
129.22
128.99
130.08
131.19
126.38
133.10
126.51
123.63
125.35
122.54
131.78
125.39
126.07
125.07
128.70
141.07
136.75
147.21
149.86
144.58
137.30
132.85
124.75
128.05
124.66
130.80
128.55
132.15
131.78
133.53
133.63
125.76
129.93
130.73
133.64
136.36
119.94
105.90
114.10
126.36
132.37
131.59
157.25
154.84
139.45
120.39
110.71
105.14
110.65
107.06
105.67
100.32
107.66
110.11
105.93
109.11
106.44
108.95
111.52
118.55
117.84
125.98
136.90
141.17
138.41
138.94
149.83
139.84
136.91
134.99
131.90
126.23
126.75
121.68
114.84
117.23
113.67
107.40
111.24
112.42
110.74
112.45
107.73
110.68
118.18
69.60
132.53
133.52
141.50
132.81
138.49
136.59
133.34
134.51
126.78
120.14
110.72
114.87
110.23
110.78
110.54
110.79
114.14
116.44
111.57
110.52
115.77
111.36
111.48
119.64
126.31
130.42
133.98
129.27
135.56
137.57
133.03
133.86
125.62
125.36
123.42
118.61
116.68
118.14
105.71
110.63
114.49
113.30
112.24
113.11
110.41
108.73
112.01
113.14
117.16
128.92
130.86
136.50
130.31
122.65
123.65
117.72
121.98
116.61
109.72
108.82
113.40
110.75
113.50
112.83
115.10
117.08
113.32
111.32
113.28
116.38
120.13
122.53
136.53
135.04
142.21
145.10
145.96
151.18
148.37
145.81
132.64
130.44
132.32
126.83
124.27
118.39
119.07
113.65
115.22
110.59
112.14
110.26
115.38
124.39
134.49
139.40
147.54
160.17
155.12
167.95
158.79
161.06
163.03
156.35
149.54
143.78
132.27
134.41
132.12
131.16
129.82
128.40
122.11
123.30
117.30
116.09
126.21
132.90
136.58
141.67
148.97
157.26
158.17
162.93
165.74
162.11
164.80
157.19
149.46
148.68
138.56
133.05
134.55
130.61
120.73
121.03
117.15
117.27
112.09
114.82
118.96
122.57
128.73
133.24
137.84
149.15
152.01
152.75
155.76
157.22
150.34
143.65
135.90
128.48
124.72
121.80
117.37
115.04
111.22
109.29
110.08
104.66
113.92
109.65
112.76
112.38
118.80
119.16
121.49
130.15
126.39
131.52
132.80
135.79
129.32
124.07
124.21
115.62
113.69
112.06
113.87
113.53
112.94
114.39
110.23
113.74
111.48
111.70
114.58
113.29
114.09
116.46
127.77
132.08
135.07
134.39
137.84
137.52
130.58
132.61
130.95
124.15
121.31
121.44
120.50
117.36
112.39
112.43
114.48
114.83
113.25
115.62
112.92
109.64
112.94
121.87
121.60
126.44
125.58
127.17
132.50
124.45
125.08
126.09
120.06
111.60
114.31
106.76
114.51
112.50
109.82
114.90
117.43
118.10
111.10
113.10
115.16
110.67
117.53
114.69
115.18
117.51
129.02
131.69
122.21
126.58
115.73
116.15
116.33
112.80
112.60
116.45
109.50
104.60
107.27
111.64
106.47
113.59
110.20
113.72
115.29
117.81
118.49
116.90
129.91
136.18
133.32
136.27
135.52
136.15
134.56
130.30
124.63
117.56
115.53
115.56
114.45
115.23
111.29
114.98
111.09
116.17
108.16
115.32
116.19
111.82
114.13
122.29
126.89
122.51
132.31
125.29
121.01
119.21
116.45
112.48
114.65
109.57
116.67
112.99
113.09
107.81
110.57
112.67
106.84
108.43
105.35
105.31
107.93
114.47
103.54
127.70
128.02
122.11
137.66
132.04
125.03
126.87
134.63
128.80
112.31
108.32
113.91
116.21
116.60
117.48
114.22
114.59
112.14
113.74
116.86
113.36
117.28
114.03
120.50
129.52
138.15
140.37
142.17
145.94
141.52
136.34
137.99
137.75
132.68
133.43
124.31
120.11
119.85
115.68
110.23
118.77
119.70
117.47
111.32
118.59
116.62
112.61
119.95
124.49
139.81
133.75
140.71
147.93
146.15
146.21
145.59
141.13
142.01
138.02
128.68
124.69
124.25
119.99
113.55
116.46
114.19
111.49
118.31
115.51
109.75
112.18
114.42
122.54
133.13
129.33
134.31
123.61
133.72
136.89
128.89
130.98
130.77
121.28
117.71
116.33
120.11
111.79
109.44
111.40
115.28
109.32
115.35
110.43
107.63
115.54
109.65
111.02
119.09
120.87
124.12
123.49
125.37
131.73
125.89
125.73
117.07
114.05
106.56
114.82
116.09
119.94
112.28
116.80
116.37
112.38
114.09
108.97
114.87
117.96
120.08
127.22
135.37
133.77
139.97
137.38
136.07
140.00
141.40
129.60
132.05
126.37
117.01
119.35
113.50
114.39
112.57
112.38
115.05
111.68
112.81
114.05
113.74
122.40
123.02
135.42
141.16
146.82
149.91
150.92
158.02
152.76
152.09
146.99
136.90
133.40
128.01
120.31
123.31
120.21
110.91
110.23
110.21
110.06
114.92
115.78
118.25
128.45
132.92
145.14
149.52
157.04
157.59
161.79
157.33
158.72
156.40
152.90
142.59
138.06
134.65
132.30
130.11
123.86
125.43
119.20
116.14
109.46
107.63
112.82
112.01
117.16
130.66
131.42
138.11
153.12
154.54
157.19
155.58
149.39
154.89
157.03
149.85
144.82
136.43
133.15
131.37
126.80
121.76
118.75
114.79
108.72
112.58
111.72
115.54
120.57
129.98
132.57
141.81
150.39
151.42
152.71
154.10
155.99
155.95
157.38
145.21
137.93
136.40
131.86
129.68
127.92
120.87
118.31
117.05
111.16
113.10
113.37
115.37
116.87
132.20
139.81
139.52
134.43
143.93
147.48
148.19
148.69
155.98
155.78
148.70
140.08
142.08
143.34
135.73
136.02
128.27
130.91
124.82
117.28
119.09
117.51
127.19
132.73
137.95
143.41
154.59
158.13
164.17
160.58
162.38
164.21
157.11
156.31
157.94
148.54
142.42
141.51
138.51
137.90
134.11
138.16
124.63
124.81
118.21
118.18
124.73
128.28
141.10
147.04
148.12
155.51
161.15
165.25
167.81
169.60
164.30
159.14
154.78
146.27
146.18
138.50
139.27
132.57
132.67
137.40
128.79
125.09
121.97
123.06
117.56
137.08
139.88
150.59
148.30
154.78
159.51
164.94
166.25
166.54
165.50
164.84
153.33
153.51
150.85
141.42
138.51
137.73
131.51
133.91
124.57
120.98
121.83
117.64
125.75
131.32
137.88
149.10
154.82
163.66
163.20
166.53
165.83
166.50
167.17
164.07
158.07
151.94
151.37
142.75
141.51
132.49
128.53
131.09
123.68
131.07
119.13
122.41
123.84
132.93
142.14
145.87
152.40
164.60
162.60
163.48
166.84
164.90
164.79
158.00
157.70
151.36
140.09
138.89
137.74
130.52
129.14
125.78
116.82
118.65
111.08
116.81
114.11
119.03
128.82
134.78
144.37
147.31
154.52
154.67
153.98
155.82
156.09
154.31
152.19
150.89
143.81
133.41
133.71
129.71
130.41
126.24
133.95
120.95
120.06
114.82
116.82
128.28
133.75
142.79
152.03
150.94
161.34
162.70
166.52
165.10
165.32
167.07
162.06
157.82
152.03
148.06
140.70
143.64
132.97
133.85
112.92
140.05
139.77
130.15
140.75
152.90
160.76
162.00
160.90
172.27
175.59
184.46
190.49
180.66
168.16
166.94
165.15
158.35
150.32
148.38
142.87
139.84
133.85
124.75
129.73
124.40
121.30
116.79
128.62
141.96
150.77
155.34
161.61
165.57
170.02
171.37
179.40
177.65
174.01
171.89
163.87
156.64
146.85
136.23
136.09
134.33
127.02
124.59
120.55
119.66
114.37
113.98
125.36
137.82
144.14
159.64
165.65
168.40
170.48
177.07
179.51
184.88
182.95
176.00
165.64
164.92
152.61
145.68
140.66
131.80
126.21
127.52
118.95
115.61
115.22
114.73
119.28
128.64
132.38
142.10
161.06
160.46
163.64
163.87
174.05
169.66
171.89
167.27
158.26
153.28
144.64
134.09
131.82
129.33
115.81
115.96
114.90
109.13
111.94
106.40
111.32
123.73
137.29
144.04
145.95
159.11
163.59
166.61
163.61
164.67
165.67
161.08
154.55
145.81
141.00
136.52
128.47
123.35
120.32
116.31
118.16
110.54
107.20
108.92
110.34
119.94
126.33
127.98
136.89
146.13
153.35
155.31
162.69
161.14
154.68
151.44
151.76
145.37
137.78
131.72
131.92
129.50
119.85
123.49
116.96
110.83
113.70
108.16
111.72
117.47
124.31
130.12
142.67
147.54
155.32
155.53
158.91
156.71
156.67
159.76
153.55
145.72
141.62
134.60
131.70
128.33
123.58
121.06
119.55
115.32
112.53
111.86
116.50
122.75
136.30
144.63
150.76
161.40
164.73
164.33
169.04
168.55
163.12
161.18
153.02
147.56
140.64
134.57
128.98
127.34
124.10
117.44
113.20
111.05
108.37
110.99
113.46
128.17
140.93
142.31
153.71
160.33
161.19
163.86
169.46
165.03
165.65
160.50
155.21
143.60
138.98
130.62
126.22
118.37
121.95
115.98
116.04
107.11
109.53
105.87
113.96
123.72
134.47
126.23
167.34
162.06
159.95
163.24
168.54
171.21
170.63
166.13
157.13
151.85
146.12
137.71
129.49
127.12
126.78
121.02
120.09
110.92
113.75
108.53
111.75
124.60
131.57
142.82
150.93
155.36
159.92
164.63
167.54
171.48
172.09
168.79
159.62
150.92
143.68
139.60
130.06
127.12
120.37
115.97
116.38
113.88
109.18
107.32
116.14
127.08
135.84
140.06
145.83
149.79
158.83
160.62
168.16
168.91
167.44
159.61
155.49
150.05
145.76
138.62
134.55
132.23
122.79
122.05
115.86
114.21
111.45
112.58
113.87
114.67
124.46
133.42
139.18
147.44
146.38
149.20
152.67
156.22
149.94
149.20
147.05
140.04
132.17
130.71
130.00
124.76
124.30
122.88
121.76
109.94
108.07
105.40
105.76
114.32
121.09
126.08
134.64
141.73
145.77
149.76
152.60
151.74
153.71
147.45
145.03
143.97
128.83
123.23
125.87
120.13
118.31
110.81
111.34
103.13
106.45
106.30
112.31
117.21
128.56
141.35
148.94
155.14
162.64
164.55
166.71
167.49
168.88
161.47
154.50
149.72
136.25
129.13
128.48
125.39
119.04
120.53
114.20
106.80
106.62
101.69
114.15
121.78
133.21
145.90
154.99
159.37
159.76
169.73
176.56
172.09
173.17
166.13
159.59
151.23
142.11
137.77
129.29
127.55
126.52
124.36
112.13
116.05
109.55
114.35
123.01
127.82
139.95
153.77
156.64
159.79
160.10
161.81
166.46
172.08
172.08
170.04
160.23
151.16
149.05
142.24
135.79
131.31
132.60
131.77
124.65
114.59
120.54
115.20
123.88
129.16
141.69
149.22
159.90
166.19
158.58
165.55
168.56
172.98
168.84
161.80
155.39
150.98
144.31
140.48
126.92
126.44
130.31
120.52
123.20
115.11
20.44
23.83
47.75
43.04
80.26
130.76
154.87
172.04
179.72
178.22
176.22
180.90
186.14
181.90
173.56
165.66
155.80
143.88
142.43
136.82
132.60
129.07
125.71
124.61
121.68
102.43
122.34
125.17
136.61
151.69
162.33
155.81
165.10
177.60
191.37
180.76
183.28
182.48
175.71
166.55
152.10
154.49
148.71
146.53
140.47
139.18
134.98
135.83
129.51
127.77
128.31
136.15
146.45
150.64
157.67
165.09
165.28
163.48
166.89
176.95
180.65
178.91
176.61
167.60
101.78
24.84
154.29
106.93
103.22
98.71
120.81
136.69
136.01
133.78
130.36
148.76
152.79
159.09
172.10
176.84
185.32
183.69
191.91
189.00
189.16
184.69
177.71
180.16
159.82
156.64
150.71
144.70
140.94
136.95
133.08
127.73
124.22
124.54
128.17
139.87
152.37
158.42
163.39
169.05
182.25
185.59
191.45
193.65
191.45
185.93
174.97
164.13
156.86
148.82
144.61
137.29
135.01
130.11
123.26
119.14
121.97
116.24
120.80
138.51
151.41
159.11
166.32
168.53
182.68
188.08
189.34
189.24
188.58
179.84
174.24
160.78
153.06
144.19
143.48
134.30
124.53
120.69
114.63
119.99
113.58
109.71
112.78
118.96
129.24
139.92
145.61
145.44
154.26
164.38
169.64
172.46
169.84
168.02
164.75
156.39
148.65
140.33
141.63
134.51
127.70
127.01
118.51
112.09
113.01
112.31
115.96
121.99
135.14
146.00
155.70
157.66
165.96
164.06
173.23
178.96
175.57
172.24
163.31
159.69
152.21
147.71
142.75
135.55
137.96
138.62
124.44
121.63
116.06
118.35
115.44
126.22
136.98
144.25
146.08
152.81
159.68
163.52
170.43
172.97
171.80
166.72
166.03
161.00
146.35
146.24
144.27
143.08
138.68
143.04
136.19
134.87
122.82
122.62
130.22
124.59
127.39
150.18
148.98
160.95
173.87
171.36
171.60
174.35
172.07
163.89
156.74
150.86
144.59
138.98
132.94
128.80
119.22
118.79
113.59
112.88
109.76
110.18
110.64
122.97
130.58
148.09
154.87
158.40
164.61
169.23
175.86
176.55
175.96
171.24
157.60
155.30
150.77
141.46
132.45
126.76
120.42
115.82
116.38
113.37
110.15
103.98
114.58
124.01
133.72
146.54
154.47
164.86
169.30
171.30
177.22
180.31
175.47
172.70
163.29
160.73
152.34
146.23
140.86
133.92
129.96
125.79
120.33
120.54
116.18
117.93
119.49
139.13
152.75
161.16
163.38
170.14
184.74
193.34
189.86
192.38
194.03
188.92
183.45
175.74
165.37
154.25
152.76
150.16
144.03
139.60
143.24
137.91
134.99
135.70
139.87
140.43
151.22
155.97
170.85
170.95
196.02
207.04
208.92
199.32
183.75
180.87
173.48
169.10
162.29
159.19
161.88
156.32
145.86
150.59
148.44
145.46
138.96
139.91
135.36
143.09
150.86
167.68
175.48
190.39
183.07
200.62
205.26
204.95
184.86
182.67
176.17
171.33
169.69
162.16
151.60
154.45
152.53
150.77
149.95
143.26
148.91
139.29
137.34
142.02
151.20
155.82
165.92
164.53
177.82
190.29
200.92
173.20
174.10
173.63
169.85
169.37
166.93
164.35
159.21
157.59
153.14
152.88
155.07
150.48
148.80
144.81
141.60
154.05
150.23
160.57
168.02
169.91
170.18
175.06
178.48
198.13
199.53
178.92
184.15
174.13
166.43
160.53
155.98
153.89
150.20
145.17
147.77
146.59
140.63
139.69
146.70
155.77
158.91
170.71
182.21
185.22
191.18
194.57
200.01
197.88
192.20
190.96
189.37
179.65
175.67
170.40
164.70
160.18
154.39
150.34
148.78
144.98
137.16
141.61
145.51
145.28
154.11
161.07
177.86
189.57
189.90
196.35
195.72
201.80
196.50
186.53
185.96
179.97
177.32
168.25
164.61
156.77
154.98
153.48
153.73
148.88
137.74
142.35
142.76
145.99
157.16
167.05
186.45
176.30
196.51
186.16
182.98
185.68
191.24
180.76
174.74
164.51
163.27
153.01
152.58
145.62
144.76
138.38
138.84
135.35
133.08
127.69
132.89
144.94
148.83
155.08
158.39
160.13
171.98
178.31
183.21
179.19
178.23
172.18
170.10
166.28
159.13
149.76
146.24
148.74
141.15
134.97
137.39
135.44
130.66
127.26
127.91
143.35
146.15
155.55
156.58
152.43
166.73
177.69
171.17
179.37
177.37
171.04
157.45
157.24
149.83
143.47
143.79
136.33
132.60
130.20
125.99
120.83
118.41
116.55
118.29
124.01
137.26
147.19
141.89
157.62
162.01
164.89
169.97
174.94
167.91
168.39
163.25
160.54
157.51
147.71
144.46
142.17
135.60
139.51
133.56
137.42
134.39
136.59
129.19
138.66
140.17
145.34
155.47
163.12
168.58
169.31
172.37
170.86
169.78
168.75
169.96
166.17
157.55
159.31
156.37
155.08
152.47
153.68
151.27
152.19
146.92
137.52
144.71
147.95
154.94
158.23
169.07
169.49
178.39
180.89
180.44
188.00
180.55
178.28
169.23
162.32
160.86
143.19
142.10
137.70
132.13
139.47
135.73
138.41
136.97
136.31
136.47
147.52
142.85
148.11
160.85
169.48
168.48
184.98
184.97
185.92
179.47
179.44
173.09
166.01
155.14
155.10
152.15
150.95
149.08
152.42
148.24
146.20
142.15
137.73
144.35
146.37
152.37
156.05
163.30
164.95
175.39
187.81
182.72
181.91
182.91
171.59
169.42
162.92
153.15
150.46
151.69
149.70
134.69
146.46
144.08
142.03
140.61
141.19
146.36
160.43
159.90
165.32
177.23
178.22
188.42
185.74
191.30
191.32
193.08
191.93
179.97
172.68
166.14
157.77
159.98
155.11
151.50
153.74
151.29
146.67
144.55
148.86
147.17
151.30
160.71
171.47
168.41
178.52
180.57
189.16
186.03
190.25
185.03
181.58
184.61
184.48
164.92
160.94
159.66
152.47
154.21
153.25
148.58
149.44
150.62
147.05
149.79
157.25
156.44
167.36
168.21
174.29
184.71
185.11
186.05
186.44
179.71
181.28
173.43
170.40
162.45
162.05
157.25
149.23
147.10
143.57
142.30
145.09
135.82
138.07
143.00
144.86
144.06
155.08
163.34
167.47
175.26
177.32
180.42
183.54
182.92
176.65
171.95
169.85
162.34
155.05
156.98
150.98
148.48
149.75
150.10
144.54
139.73
140.59
156.08
156.17
153.64
158.93
158.58
169.31
183.08
182.76
192.69
193.82
185.00
177.70
176.54
169.99
160.73
162.14
150.77
149.64
144.71
148.54
148.21
147.65
140.49
145.98
151.64
152.63
164.65
161.10
168.10
178.94
184.21
186.91
186.01
189.47
188.75
167.07
153.56
141.03
146.90
141.62
135.16
135.24
135.02
135.14
130.85
132.61
130.04
136.20
137.96
140.30
144.65
148.12
157.80
162.79
162.95
166.08
166.67
174.45
164.84
155.37
150.57
152.67
148.51
146.24
142.31
140.67
140.51
137.66
136.62
136.21
137.44
139.90
141.47
158.16
154.29
164.63
167.13
175.20
173.18
179.81
185.06
186.00
189.61
176.42
164.99
159.74
156.35
154.27
149.30
152.11
138.28
148.27
141.09
142.51
139.76
143.85
143.45
151.62
152.53
167.00
173.27
176.95
185.18
181.97
185.92
189.01
191.01
181.90
172.44
165.50
158.41
157.32
154.67
151.59
146.80
147.15
137.31
144.88
141.44
138.09
139.76
142.13
144.00
156.73
163.57
171.97
178.84
185.01
189.12
188.39
181.73
180.01
170.18
163.83
159.32
145.77
139.60
146.23
145.93
141.30
138.70
138.97
137.42
137.55
137.67
134.83
144.90
146.44
158.10
164.34
175.16
176.42
174.13
178.67
177.96
177.27
170.21
162.17
160.92
153.58
149.99
157.41
145.65
148.27
147.56
145.02
138.98
142.82
159.29
161.57
176.82
183.72
163.75
183.02
190.49
198.62
196.21
201.51
195.53
179.27
168.45
166.00
157.48
147.30
148.80
143.77
145.44
144.00
140.85
147.00
142.78
143.60
149.23
150.48
154.38
161.03
159.72
166.92
163.30
161.95
168.24
177.08
172.18
172.66
161.37
157.93
154.19
154.63
149.39
149.58
148.41
145.27
143.68
141.21
143.49
137.40
148.61
150.40
161.00
173.76
177.53
177.22
183.01
188.83
212.03
213.58
209.42
175.23
165.24
162.72
154.50
150.36
151.95
145.13
142.44
144.65
140.70
137.97
137.15
136.27
140.21
144.86
159.96
165.71
178.83
192.03
194.18
193.35
198.29
198.18
184.30
189.76
168.13
156.50
157.72
152.16
152.83
147.53
144.38
142.36
143.55
138.10
135.16
135.67
142.70
145.46
154.72
149.46
154.84
166.54
177.06
171.83
169.53
176.70
169.21
164.20
156.96
143.43
147.00
149.49
147.21
140.52
140.00
137.94
138.72
143.73
136.14
135.35
140.20
143.91
149.93
159.50
163.14
158.16
186.27
173.70
182.40
178.48
173.67
171.49
144.17
149.11
147.99
143.03
140.84
147.82
139.79
135.87
138.16
135.89
137.00
139.22
144.02
145.23
139.22
149.23
159.23
172.14
181.83
184.27
174.52
178.99
172.48
168.01
162.29
157.71
159.46
160.33
154.00
152.86
140.63
143.85
142.76
140.11
136.15
134.07
132.59
138.46
145.70
158.46
160.64
171.06
168.00
176.92
173.89
179.62
166.53
167.93
160.97
151.80
151.02
142.08
136.41
135.41
131.50
130.23
123.38
123.28
123.34
114.69
120.26
136.71
146.73
153.38
166.11
175.64
181.51
188.49
194.37
183.00
181.76
176.02
165.61
157.79
145.86
149.29
141.78
147.72
138.29
133.70
133.55
129.19
125.41
124.32
126.10
134.51
150.18
155.23
170.29
173.45
190.14
191.53
182.70
186.18
185.64
179.29
172.88
162.91
141.03
141.35
144.29
136.83
132.86
135.43
127.69
126.33
118.49
122.62
128.46
131.22
153.66
159.23
164.77
181.35
193.62
196.97
199.47
198.19
191.08
188.70
172.22
163.99
152.01
146.03
141.98
136.96
132.07
129.78
126.84
124.27
122.43
120.95
131.75
139.13
143.91
151.10
163.65
172.75
177.24
179.81
177.17
175.82
186.84
184.65
165.64
157.45
149.72
149.40
148.36
144.79
140.82
140.17
135.50
129.02
130.85
135.43
133.69
139.84
148.23
158.87
163.56
172.22
179.85
176.35
179.83
182.35
181.81
171.63
160.98
153.15
149.37
141.16
137.49
131.44
123.77
130.79
127.21
119.61
120.53
120.91
122.68
132.41
136.56
151.72
148.65
148.28
155.04
163.75
156.02
154.61
154.21
155.39
155.37
146.56
144.06
131.99
126.76
131.85
124.13
128.51
120.90
118.97
114.46
113.31
118.39
125.16
138.28
151.55
157.25
170.65
170.53
175.41
182.72
179.74
180.64
168.79
162.44
148.18
149.65
136.99
138.05
132.01
128.04
126.80
121.90
123.60
120.44
123.12
125.14
128.55
143.54
159.71
170.21
174.95
188.85
195.16
201.08
204.39
195.67
183.69
170.23
162.47
152.31
147.71
143.05
139.96
133.44
132.25
132.40
129.36
124.16
126.33
126.76
133.93
143.94
159.49
171.27
192.03
196.90
204.58
202.95
205.09
189.04
184.15
175.18
163.63
150.28
145.57
140.60
136.44
130.21
123.35
122.50
124.81
118.89
115.74
126.00
131.79
147.51
160.05
163.66
182.17
192.54
202.36
205.84
205.75
192.92
188.11
175.38
161.64
162.74
148.96
150.69
146.61
141.34
142.96
139.84
139.07
138.20
137.63
138.86
147.79
156.82
158.88
169.94
171.72
180.98
185.64
182.62
184.54
173.15
170.36
168.63
152.88
148.58
145.89
151.92
151.37
145.11
152.84
147.99
149.35
146.03
136.26
132.93
137.75
140.19
152.33
157.17
167.92
183.41
184.30
182.58
185.44
185.70
173.34
166.28
164.61
151.78
157.58
150.33
150.66
150.42
153.41
149.17
145.68
149.00
148.12
149.26
153.04
151.40
152.95
166.18
173.91
174.16
186.05
187.68
184.73
181.91
172.76
159.69
158.24
156.09
160.92
157.31
157.26
156.98
155.20
159.68
160.18
156.72
154.24
159.17
159.30
167.12
175.29
182.74
186.79
190.42
198.74
196.05
198.63
196.91
178.47
169.07
176.24
169.14
172.79
174.50
173.53
170.20
145.97
147.11
147.03
151.04
150.64
154.30
162.02
171.80
179.47
195.06
202.34
208.62
214.88
207.11
209.28
207.22
195.33
194.89
182.28
173.15
167.32
166.41
153.95
152.09
158.22
154.36
153.32
148.77
150.32
154.54
152.97
171.66
176.09
196.45
209.13
208.85
212.00
210.69
211.42
212.98
191.71
186.34
169.45
171.02
146.09
139.44
145.76
145.12
139.91
148.40
144.03
139.36
140.55
141.36
149.32
156.47
172.28
180.48
181.04
192.26
199.50
201.03
198.79
194.12
187.95
192.69
170.71
166.48
164.58
164.93
145.26
143.01
143.68
146.63
138.29
140.57
141.69
140.38
142.33
155.37
157.61
178.16
187.67
192.25
196.78
198.19
199.78
199.42
196.57
176.37
171.18
156.86
152.89
149.52
151.14
138.98
139.23
137.53
139.95
137.83
141.17
144.69
145.47
151.40
154.57
158.73
169.95
184.43
188.23
190.83
192.88
189.82
177.46
163.48
159.85
150.25
150.72
151.01
148.30
147.43
139.97
147.30
147.20
142.50
147.30
154.85
155.32
155.84
152.08
175.48
185.07
192.04
190.50
186.96
191.52
189.80
169.16
157.45
156.45
146.57
148.23
148.90
148.29
146.03
144.01
149.62
148.00
147.03
144.39
142.55
143.63
154.02
158.39
157.57
179.04
184.23
195.39
186.74
186.37
186.47
179.19
165.86
161.42
161.26
163.25
157.50
161.27
161.66
155.55
155.61
155.28
152.82
148.01
150.39
153.49
155.31
169.64
174.81
193.75
203.38
201.20
204.08
206.57
198.71
187.84
179.84
166.49
154.06
157.78
149.66
152.90
144.66
149.72
145.37
146.38
148.01
145.56
145.53
160.93
168.71
172.41
187.66
196.85
206.87
209.90
214.97
203.47
201.04
190.58
173.91
167.59
153.23
153.94
156.10
150.35
148.41
153.97
152.09
146.51
149.97
150.79
143.18
156.34
160.61
174.28
186.35
185.76
197.10
204.23
203.05
199.09
188.95
177.94
162.85
161.32
162.98
150.41
151.38
151.99
149.91
147.43
151.23
149.63
147.34
137.78
143.88
146.89
151.74
160.41
173.47
175.61
190.54
190.40
198.90
202.90
199.78
195.75
194.71
181.17
177.06
165.19
159.73
155.69
147.56
151.72
147.13
148.63
147.72
148.29
156.16
164.33
167.32
179.17
171.72
176.13
192.91
197.95
201.91
188.05
190.06
173.69
162.92
155.96
152.21
146.68
144.10
145.55
150.48
142.62
138.52
141.53
143.06
137.08
142.41
152.57
159.97
162.87
164.13
168.63
174.53
178.91
173.10
189.07
171.54
156.79
155.73
151.84
147.63
150.15
145.31
144.37
140.71
138.31
138.31
133.73
127.86
131.65
135.57
151.07
159.15
159.92
174.08
170.48
171.82
173.44
177.48
168.27
175.48
163.43
158.03
153.45
148.24
153.93
153.79
155.23
148.28
150.50
144.98
150.88
145.48
148.28
151.08
147.76
158.20
164.85
158.81
174.01
168.80
185.38
189.32
178.74
170.16
155.28
145.47
145.51
145.15
137.87
149.42
148.84
136.38
134.65
128.18
132.53
129.22
124.55
128.31
134.36
148.14
146.37
161.02
176.24
176.84
180.59
167.01
163.82
167.15
156.69
146.40
139.38
138.50
143.32
135.71
134.04
132.04
126.90
124.28
123.56
125.04
115.61
121.84
111.47
142.24
157.57
160.95
169.32
165.19
159.62
161.49
168.94
161.24
150.61
141.42
134.50
124.69
122.99
120.41
119.34
112.07
111.42
109.90
110.41
100.03
105.93
107.10
110.20
120.95
134.10
143.86
146.63
155.36
157.91
160.62
165.89
160.21
152.63
148.08
140.57
139.12
132.93
124.98
126.68
123.53
119.29
120.05
119.75
127.66
129.84
131.56
130.71
128.39
133.19
140.48
140.83
146.43
151.66
156.08
163.44
150.05
143.54
135.70
131.50
130.54
128.27
125.67
121.07
124.95
113.16
120.95
118.27
113.29
121.61
121.47
116.32
127.52
131.93
132.48
144.99
142.19
151.25
152.94
150.03
148.89
140.84
141.76
136.73
136.31
133.37
136.11
126.65
129.94
123.85
123.80
122.98
117.28
116.64
130.81
131.44
146.13
138.50
148.07
154.25
144.00
171.20
171.61
163.36
163.62
153.77
141.64
129.98
124.90
128.60
121.58
121.89
113.74
113.58
111.69
111.87
111.65
111.34
113.55
127.05
135.59
129.93
136.39
133.82
150.39
147.92
153.70
157.23
149.78
145.43
141.94
133.84
134.01
134.57
133.90
125.68
125.62
124.09
118.93
113.05
112.19
110.57
115.81
119.79
135.69
118.44
146.05
146.47
154.50
153.66
157.37
156.96
153.67
142.98
143.17
135.62
126.15
126.19
124.02
118.57
119.79
109.35
113.49
101.26
104.15
101.70
107.36
116.69
119.78
137.79
142.76
142.92
150.96
151.20
153.13
153.37
143.80
144.60
134.54
127.37
120.92
114.39
119.58
110.97
103.05
103.24
99.66
98.15
98.11
98.68
97.82
101.14
112.57
121.91
121.28
134.62
140.38
141.34
142.25
144.64
135.82
128.80
124.86
120.55
115.12
109.84
105.85
104.54
97.60
96.78
99.72
98.05
94.91
91.62
95.59
97.74
103.44
110.44
119.31
126.70
130.40
136.90
136.03
134.37
132.66
138.08
133.46
125.91
114.07
112.41
109.18
105.90
101.50
101.57
98.27
98.44
99.70
98.32
105.38
105.75
104.23
113.78
124.65
129.88
133.77
144.92
139.45
137.91
137.36
132.76
129.65
123.83
123.13
121.12
117.22
117.23
126.48
132.66
129.47
117.84
117.73
124.96
127.72
132.08
135.28
137.91
139.83
134.46
140.30
142.90
143.41
131.88
127.37
120.29
114.65
104.10
101.66
98.95
96.41
100.39
105.57
98.25
100.92
100.67
98.51
103.68
104.17
107.12
109.24
116.60
120.63
132.59
127.25
143.46
141.65
142.12
134.54
120.64
112.67
109.29
105.51
108.57
105.31
99.88
101.61
99.47
97.32
94.14
97.77
94.15
98.55
111.97
117.30
132.52
127.47
129.20
139.47
141.58
139.66
137.54
136.09
125.17
124.61
123.02
116.24
112.59
112.06
110.61
101.83
106.01
103.59
109.28
106.41
105.35
112.19
123.58
127.12
131.63
134.44
145.42
145.37
142.57
142.61
137.39
118.61
116.47
113.73
106.34
107.59
112.78
110.16
107.52
101.34
108.52
105.57
107.16
100.55
98.61
97.98
105.67
115.98
121.13
130.65
126.20
131.61
137.58
140.05
135.91
126.19
121.03
109.75
107.36
106.98
108.11
105.59
103.83
99.95
104.66
96.95
96.12
96.69
90.71
91.46
95.72
106.34
114.10
121.77
129.44
130.82
129.97
133.19
133.82
128.14
126.84
118.93
115.91
112.80
108.20
108.56
98.14
100.24
100.12
97.36
91.28
94.33
92.42
94.83
93.57
111.48
113.16
120.66
124.40
134.31
136.49
133.61
126.54
130.30
116.27
114.24
110.49
105.36
98.86
95.42
96.91
90.56
100.44
91.22
93.47
87.46
96.42
97.79
108.31
88.07
111.55
124.23
128.22
131.25
132.96
132.30
131.25
130.27
116.61
108.37
103.13
99.26
97.33
95.60
97.16
95.95
96.22
91.46
89.97
91.68
86.14
93.30
98.00
104.21
109.06
117.24
122.67
124.04
130.55
128.28
131.24
125.61
122.90
109.60
103.84
98.53
91.12
97.48
96.21
91.02
96.07
89.66
87.78
88.42
89.40
92.01
97.97
103.76
111.00
124.64
130.13
127.77
130.82
131.83
129.96
129.32
121.81
118.07
107.80
104.58
100.78
94.46
95.08
92.33
92.32
92.86
88.43
90.28
92.35
95.31
102.44
101.38
122.69
125.81
128.72
139.08
138.61
140.94
139.69
133.44
130.34
122.69
114.86
114.23
109.13
108.09
101.77
101.97
98.01
95.11
95.63
93.74
96.66
100.16
100.50
106.66
119.97
129.25
131.45
138.78
138.19
140.59
140.96
134.57
132.05
115.05
117.94
104.84
107.21
100.51
98.26
98.52
93.20
96.86
94.02
93.44
95.06
96.27
98.81
96.35
113.46
119.77
121.60
126.98
127.51
131.19
132.91
126.98
123.00
118.47
108.71
108.55
100.94
97.63
95.96
93.71
95.50
96.14
87.11
93.16
93.34
90.40
99.66
98.14
108.55
118.65
125.77
132.42
138.87
140.08
137.26
128.36
125.34
115.34
108.94
105.09
99.68
99.34
94.01
98.43
93.21
96.06
91.55
89.69
93.30
102.77
103.75
107.24
119.10
124.88
132.29
140.57
145.34
147.11
144.61
138.80
135.60
123.93
114.08
109.09
102.64
108.01
98.51
95.29
93.61
97.25
91.55
88.76
91.30
100.56
102.73
111.09
117.77
126.58
128.56
140.52
143.48
140.91
138.49
135.01
129.35
118.78
109.85
104.74
102.53
95.91
91.58
91.66
93.84
89.89
88.17
89.11
90.55
94.76
95.94
102.89
111.52
122.86
129.09
132.24
136.15
136.70
134.05
133.23
126.12
117.95
109.39
105.78
103.04
94.01
94.70
90.19
95.09
88.53
87.87
87.47
87.15
93.13
96.09
103.88
108.40
117.04
121.78
126.79
131.21
126.37
131.24
120.14
117.28
105.75
98.01
95.49
95.39
91.28
92.24
91.81
95.47
93.72
93.45
91.85
91.98
95.10
94.96
95.73
104.55
102.18
108.61
110.14
119.19
119.08
120.93
120.40
113.92
104.28
97.96
97.20
94.06
95.59
94.12
94.82
89.97
92.89
92.92
87.86
90.88
95.36
97.48
97.03
105.61
113.41
122.84
123.61
124.51
129.79
125.01
122.67
118.71
108.94
102.54
97.03
96.94
96.83
95.54
93.72
88.85
90.83
89.59
89.57
86.40
90.30
92.13
93.70
100.65
104.86
117.97
117.90
123.72
123.91
122.39
122.19
114.43
108.03
102.58
95.04
95.61
97.52
94.22
94.07
89.09
93.14
92.48
88.52
89.58
102.35
105.24
104.00
93.31
118.57
129.19
136.20
138.34
132.12
122.97
121.98
109.41
111.73
98.99
102.35
95.89
97.08
94.52
91.79
94.46
92.48
87.91
88.51
93.09
95.50
102.47
104.37
115.19
117.28
125.24
130.46
128.75
131.42
134.33
131.79
123.05
107.40
105.72
100.37
94.06
96.52
96.30
95.43
95.01
92.08
91.04
92.21
88.07
99.97
99.75
105.67
122.74
130.80
139.44
143.74
142.54
145.91
141.35
133.73
132.01
119.93
115.01
104.98
98.19
100.43
94.43
95.36
96.25
95.29
92.10
98.23
94.51
97.44
99.57
99.87
115.03
126.07
130.69
137.50
139.81
140.71
138.47
134.38
130.42
122.93
113.72
112.33
105.70
99.31
99.35
97.17
94.90
93.17
91.74
93.66
92.42
92.91
95.58
97.21
104.40
110.74
114.24
116.89
120.92
120.88
118.96
114.55
105.64
99.80
96.10
93.53
94.96
92.98
93.38
92.65
91.15
88.19
87.95
87.84
88.24
91.03
85.45
89.20
100.32
98.31
109.20
116.57
118.42
116.61
117.62
111.82
105.82
98.24
97.88
98.14
95.13
92.88
92.79
87.11
92.50
89.16
90.76
87.70
90.83
86.19
87.11
88.61
95.97
102.58
105.06
112.96
113.13
118.80
113.41
111.45
104.94
99.72
95.93
94.88
97.58
93.88
95.06
91.40
92.67
93.10
91.18
93.63
90.74
98.40
95.51
99.36
105.63
110.20
120.43
124.08
129.02
123.31
129.10
115.03
111.68
97.79
97.26
93.14
87.86
89.82
91.55
88.03
88.44
89.31
85.83
89.89
90.94
94.84
100.40
105.97
116.68
122.72
133.10
132.10
133.69
132.48
131.14
127.38
118.03
104.73
101.48
93.86
95.55
90.14
92.23
89.14
89.55
84.90
89.59
88.57
88.15
95.04
103.28
99.92
110.35
123.23
146.62
148.58
152.08
149.38
151.46
147.09
136.41
127.07
117.06
113.25
112.97
105.97
105.19
108.21
107.83
105.35
104.35
106.52
109.00
116.37
118.94
122.50
126.27
128.67
136.60
142.27
143.70
140.38
137.78
134.65
120.79
112.25
107.69
113.26
113.79
113.72
116.16
110.59
116.90
112.76
110.27
110.22
111.41
108.50
109.54
110.25
116.61
116.90
125.11
122.99
132.04
132.38
129.94
128.90
117.46
110.78
116.75
107.90
113.20
109.96
106.00
105.59
112.01
107.68
107.34
107.56
105.69
103.54
110.03
105.13
115.73
117.60
123.25
127.92
133.79
133.55
132.79
123.74
118.22
112.68
117.59
112.93
107.35
110.03
102.65
108.15
108.84
106.84
107.61
104.05
98.07
105.30
112.14
110.54
113.29
117.10
125.74
134.82
138.69
135.52
134.99
134.81
127.28
116.93
113.23
115.63
107.80
109.83
110.93
109.33
107.93
111.67
110.87
107.16
112.38
114.67
115.86
124.30
120.78
124.59
128.26
128.94
131.25
130.45
124.87
125.31
112.75
105.42
104.92
105.14
104.81
110.88
100.85
102.74
108.85
91.87
97.37
93.51
104.83
101.83
96.15
92.80
114.61
119.00
121.40
125.25
131.80
129.87
126.28
124.21
116.49
109.96
106.41
108.72
104.24
105.90
107.60
101.84
96.59
104.92
107.98
107.48
103.88
101.94
102.35
95.61
104.03
113.27
114.26
119.58
127.22
122.42
118.49
111.35
113.22
113.11
107.60
110.24
108.49
110.91
109.38
99.40
103.40
97.20
100.70
100.21
102.24
107.63
110.73
111.49
117.28
124.22
123.69
124.72
135.26
124.15
125.71
123.27
119.46
113.58
112.26
115.73
113.90
103.48
111.34
108.95
110.28
103.12
103.35
95.32
104.06
95.57
95.13
106.55
119.16
120.26
122.67
125.86
134.34
131.76
131.78
125.40
120.11
116.01
110.54
112.66
109.19
105.19
113.94
106.58
103.11
107.94
104.58
107.50
108.64
98.39
108.32
114.69
118.16
120.04
129.83
133.11
140.81
142.80
142.71
136.14
129.15
119.94
121.97
113.93
112.21
116.54
106.85
112.44
110.95
110.07
109.92
109.25
106.48
110.71
105.44
111.04
118.46
120.51
125.69
133.53
134.31
135.35
137.08
130.06
120.77
118.10
118.12
113.03
112.49
105.54
102.89
108.85
106.47
106.99
105.84
102.84
95.80
110.02
104.91
116.08
135.13
140.15
135.26
147.71
143.62
146.63
145.37
142.27
128.81
119.45
115.85
123.60
118.71
116.05
117.64
116.28
118.62
114.36
117.84
114.33
117.60
116.03
122.67
123.23
124.59
136.25
132.31
141.10
152.45
145.67
146.70
153.38
139.20
125.70
119.95
121.01
119.19
119.97
118.98
117.60
118.10
119.78
118.67
116.86
117.95
122.83
117.29
121.41
130.09
131.96
132.93
140.44
143.63
139.85
137.45
134.23
125.42
118.98
117.69
116.64
119.90
117.04
115.01
115.08
111.28
116.69
113.71
113.26
113.75
117.98
120.66
124.46
120.34
131.64
139.00
142.24
143.90
142.90
141.27
139.62
129.08
118.62
119.20
118.81
117.59
112.56
118.99
112.10
121.38
113.04
118.91
114.33
119.04
115.42
117.85
117.02
119.95
123.04
139.24
142.00
143.25
151.03
149.13
149.87
130.86
127.08
123.17
123.15
118.30
118.10
115.14
119.32
122.74
114.56
119.08
118.04
115.97
116.03
119.46
116.65
123.55
126.64
133.05
140.77
142.53
139.43
139.30
137.61
126.98
119.31
120.22
127.74
117.77
121.42
118.29
115.71
119.35
116.31
116.47
112.47
118.82
124.20
121.90
116.18
122.93
126.18
132.18
135.78
140.53
140.39
139.11
134.54
127.69
121.97
118.10
122.16
113.77
119.63
114.53
115.97
118.84
111.78
117.66
112.31
113.55
118.27
118.76
115.69
118.08
125.30
133.35
136.57
138.77
135.95
142.37
135.13
130.76
124.24
122.25
125.30
120.81
117.82
117.42
113.17
116.64
116.84
110.89
115.49
121.19
117.25
124.17
118.36
123.65
120.92
125.78
127.97
131.77
132.30
132.01
124.49
122.76
118.25
114.28
114.23
114.45
115.75
118.14
112.43
116.58
115.08
117.31
110.88
115.24
114.46
117.01
115.96
125.27
120.79
102.41
124.87
128.27
127.44
127.91
123.74
117.65
121.17
116.37
114.93
116.07
110.55
118.78
113.01
117.91
116.27
114.84
114.91
113.06
115.47
118.80
116.74
119.37
120.51
128.14
128.89
132.30
140.31
136.73
130.08
121.39
123.91
115.86
121.95
110.94
116.61
114.47
117.42
118.23
118.05
114.71
114.73
112.24
116.06
113.96
117.48
120.44
120.58
134.42
134.39
141.39
139.66
138.02
131.93
122.64
120.77
124.37
117.05
120.67
116.30
120.07
116.97
117.95
117.36
120.97
115.69
115.74
118.66
117.27
113.52
121.43
119.05
126.00
132.40
129.71
131.28
122.84
120.93
125.12
120.92
117.62
117.73
115.62
117.17
117.47
113.54
117.73
116.21
119.68
115.13
116.65
111.40
114.29
121.02
119.43
125.72
127.60
129.40
137.28
140.53
141.24
138.87
123.41
127.48
116.88
122.82
113.99
118.64
111.24
116.88
120.06
120.91
112.61
120.34
115.60
118.20
121.36
118.91
121.28
125.02
129.69
135.10
142.97
143.58
141.63
135.59
125.75
121.87
121.09
117.31
109.61
112.23
116.35
110.22
115.31
114.32
116.00
112.19
116.04
121.71
123.79
117.65
120.27
119.33
124.11
125.04
120.28
110.64
102.76
101.46
103.82
103.94
110.08
106.33
109.20
111.46
116.30
112.63
115.90
113.94
113.13
115.11
112.38
113.36
118.83
112.75
118.66
120.23
120.93
118.75
123.47
119.86
119.21
114.18
114.62
106.85
111.45
112.83
107.25
110.57
114.03
110.42
114.67
120.16
112.64
116.67
117.32
117.10
121.44
118.50
113.87
112.55
112.57
114.94
115.81
113.24
115.54
103.52
94.52
98.86
99.94
100.46
98.17
96.49
102.80
97.46
102.51
104.33
100.48
104.98
108.72
102.96
109.90
101.06
108.42
114.78
117.74
120.87
119.24
122.40
121.71
116.94
117.62
118.51
115.54
114.38
111.37
110.13
120.44
111.67
107.22
105.91
104.76
105.87
107.16
105.48
112.75
105.10
109.86
119.69
119.27
116.65
119.75
122.25
120.60
122.41
123.55
119.43
121.14
119.04
116.70
115.65
112.60
113.09
117.37
115.29
119.18
116.04
122.69
114.73
118.25
120.06
115.70
111.75
116.62
116.91
122.88
123.61
121.70
121.65
115.55
118.50
118.46
117.75
113.59
113.76
114.12
115.03
107.03
100.04
103.64
104.06
105.86
109.56
109.97
109.90
103.08
102.02
119.74
115.87
120.15
118.78
116.87
114.50
117.37
114.66
118.86
118.38
123.99
121.47
124.77
121.39
120.98
125.59
113.95
113.28
116.85
122.45
117.27
103.36
101.67
103.22
123.35
126.09
125.37
123.32
120.66
117.86
113.82
112.95
115.70
107.33
108.13
106.29
110.92
102.83
101.91
114.86
109.42
110.87
107.48
114.38
108.13
104.86
100.93
109.01
120.50
121.78
119.07
111.31
111.97
116.04
112.73
110.89
116.17
120.10
117.51
118.47
116.39
118.26
115.73
110.86
117.39
111.73
109.97
110.41
113.01
112.66
109.98
117.54
113.10
109.22
115.68
109.22
115.11
110.00
116.48
115.26
117.22
112.81
116.08
113.86
110.74
115.39
109.79
114.54
108.99
105.67
103.83
104.82
101.38
99.01
100.89
96.61
94.31
98.48
108.52
108.60
115.02
118.29
118.62
114.84
122.30
117.26
110.53
113.94
113.61
112.34
107.44
110.17
106.40
107.61
112.82
113.57
115.76
102.31
99.75
98.36
107.67
119.43
120.37
121.42
125.53
118.34
121.85
120.63
122.10
113.96
111.55
115.69
113.50
115.20
116.73
104.44
108.68
111.60
115.81
115.25
113.64
109.19
100.86
108.50
122.31
124.30
125.41
124.94
121.28
120.53
117.69
121.45
118.34
115.35
117.77
121.22
107.31
107.09
109.23
111.93
108.15
113.32
102.90
105.59
107.02
103.15
109.16
118.82
122.01
122.08
118.20
122.82
117.20
122.39
116.10
115.46
117.36
117.26
116.12
115.20
118.10
116.95
107.57
109.64
108.05
96.44
99.16
108.86
108.93
102.49
102.31
119.17
119.98
124.31
124.22
118.51
122.72
116.06
117.98
116.88
117.22
121.58
117.13
115.08
119.84
116.66
116.34
113.31
110.01
109.96
112.91
113.98
112.85
117.93
118.98
121.61
122.36
122.40
124.75
121.44
124.87
117.35
118.84
116.83
116.28
115.91
115.08
116.36
115.44
114.80
117.02
114.74
110.41
117.02
113.91
114.45
114.19
117.25
117.22
121.94
124.92
121.65
124.96
116.88
119.51
117.68
118.87
116.65
111.83
114.79
116.76
109.60
111.52
111.49
112.59
114.20
117.05
117.73
111.72
101.52
108.76
108.55
113.34
118.30
112.16
119.50
113.92
118.91
119.27
112.30
120.47
118.55
116.35
118.08
122.32
117.25
118.84
115.84
115.79
114.50
117.47
116.82
117.12
120.44
112.56
101.27
109.20
117.40
115.23
123.82
117.72
115.46
119.41
117.24
117.83
119.22
114.52
120.15
111.56
118.35
111.75
110.85
109.51
112.90
107.80
111.73
112.49
109.97
106.98
113.45
108.16
108.86
113.65
113.58
113.87
113.84
113.38
120.40
116.95
122.20
125.87
119.02
117.62
120.89
116.89
114.53
109.53
115.56
116.38
111.75
113.48
119.94
121.04
119.18
115.76
112.87
120.24
121.63
114.34
115.02
115.52
107.83
120.40
118.31
117.79
115.04
121.54
118.82
106.42
105.45
111.35
110.27
110.01
116.56
118.39
121.09
115.31
107.29
103.61
111.81
130.71
132.67
128.47
132.23
134.77
125.62
126.09
127.32
125.83
121.87
123.60
117.56
122.01
119.37
109.28
113.11
115.00
116.49
117.37
123.24
120.09
118.09
110.64
123.43
127.26
127.45
134.10
128.22
131.08
132.09
123.97
128.44
123.48
121.91
128.05
122.85
115.11
126.27
125.58
118.95
114.56
112.25
116.31
116.55
125.95
120.44
112.44
124.66
126.64
122.90
124.96
126.49
127.80
122.52
120.42
122.03
126.74
116.46
125.86
117.37
117.05
122.84
124.65
114.06
109.39
115.35
121.75
114.72
118.26
114.46
106.83
110.50
119.83
126.89
121.14
128.77
127.18
122.07
125.53
122.30
125.94
124.60
122.65
118.43
117.90
120.23
122.59
125.97
114.24
110.02
116.65
115.57
117.18
113.39
106.51
121.12
124.39
126.57
128.46
133.90
132.03
127.54
124.12
123.10
122.11
121.13
122.37
121.56
120.15
117.67
120.65
119.78
124.12
116.79
111.99
111.29
111.66
110.83
105.85
114.79
126.94
128.60
130.46
130.82
125.11
125.87
127.83
125.34
117.93
119.99
127.05
126.47
124.54
110.39
118.37
116.91
111.11
115.06
117.56
121.11
124.29
123.00
102.51
109.59
117.65
131.62
133.17
125.36
133.06
125.28
127.30
121.37
123.01
116.63
116.70
130.98
121.68
119.79
118.49
117.82
123.84
121.34
122.42
120.53
133.94
121.99
112.46
107.83
121.41
126.47
121.73
129.66
122.16
123.26
125.26
122.76
126.43
121.27
116.21
121.27
118.37
120.86
121.23
124.73
118.89
127.27
116.53
126.02
128.18
124.04
119.34
28.60
32.05
75.95
87.65
81.82
79.35
82.69
72.40
29.08
62.52
119.57
117.29
124.94
112.87
109.14
108.56
102.89
103.28
104.59
109.92
113.70
120.86
120.39
101.60
99.45
119.43
124.94
125.33
122.09
124.73
118.71
114.39
115.81
115.33
111.65
118.62
117.61
108.34
105.36
111.50
113.90
107.78
107.56
114.09
113.52
120.95
115.44
100.84
94.71
116.00
128.87
125.24
123.96
129.90
124.08
120.84
123.18
120.74
120.99
117.35
119.05
112.93
109.85
113.10
116.72
110.43
122.50
116.20
114.21
111.85
104.16
97.80
118.47
126.24
132.68
126.06
130.38
127.97
125.40
124.76
118.76
123.54
122.96
117.01
122.38
126.82
119.80
124.50
122.97
121.90
116.96
123.69
118.52
117.21
115.34
100.41
118.13
122.11
127.56
127.52
126.73
122.81
126.26
120.51
115.28
121.85
122.86
120.78
122.06
120.93
118.34
118.19
116.17
118.92
120.79
120.92
120.72
123.53
116.67
121.02
123.46
118.98
124.84
122.63
121.69
112.53
123.60
120.91
125.66
118.60
123.91
115.74
106.67
107.84
109.89
113.54
112.24
112.55
112.22
110.12
116.86
109.41
111.26
108.59
106.31
110.73
107.90
108.02
104.66
106.73
108.82
105.17
110.79
116.68
106.30
115.62
115.76
113.47
114.46
122.83
106.02
108.63
106.27
105.38
104.55
110.32
105.91
104.84
107.29
107.84
101.45
100.22
104.12
105.87
109.69
114.59
116.50
116.89
112.59
107.50
111.01
111.98
113.70
104.71
107.36
105.95
103.68
105.67
107.04
107.82
107.77
98.18
95.85
115.43
114.76
116.05
115.16
117.55
121.58
121.18
119.58
100.77
107.79
105.25
107.62
110.54
111.52
112.03
110.08
113.79
120.02
111.36
112.23
116.59
116.54
112.17
107.55
107.17
110.76
110.88
110.68
100.57
100.84
100.48
111.92
112.95
113.92
113.37
114.93
112.78
115.39
108.84
108.68
103.27
108.70
106.63
106.18
107.42
108.28
101.42
96.48
98.76
99.04
103.70
96.86
102.70
98.30
104.31
117.99
111.85
116.90
108.19
110.27
114.12
111.86
117.34
117.48
122.21
117.69
122.76
118.85
124.13
126.98
121.77
114.02
106.97
99.20
105.99
101.26
112.22
98.63
103.64
107.06
107.67
106.92
107.06
110.14
102.32
110.26
110.55
111.73
115.25
111.64
121.10
117.55
116.07
120.40
108.78
101.84
104.72
109.62
103.91
105.36
113.65
114.28
119.62
116.68
121.62
119.66
122.78
116.45
123.08
121.02
124.37
117.71
117.78
101.64
106.14
110.08
111.43
111.12
107.16
109.86
114.09
106.19
111.76
107.28
108.76
114.44
111.27
108.29
116.92
119.66
109.32
106.20
111.04
