53.70
54.05
54.85
55.87
56.53
59.78
63.20
63.06
60.97
64.56
57.12
52.52
56.15
51.10
57.22
56.50
63.78
66.94
67.30
68.85
71.08
65.46
59.61
53.48
52.50
52.00
55.51
55.10
56.98
57.21
61.03
63.56
65.73
60.16
52.80
56.44
64.48
52.68
57.37
63.21
68.78
69.63
71.23
75.65
75.16
75.05
63.91
57.35
59.81
59.65
57.50
58.68
59.43
63.28
65.96
65.41
68.21
63.33
58.13
60.91
55.45
60.25
57.68
61.49
74.89
81.54
74.88
72.48
72.20
72.01
64.53
58.58
58.82
59.48
58.86
58.96
60.25
62.56
63.26
65.89
71.47
67.20
70.47
61.39
59.56
61.50
65.31
67.39
71.46
73.74
96.02
84.38
77.15
76.58
67.23
68.59
63.84
62.25
62.40
62.83
62.95
66.75
67.28
67.98
66.75
67.07
70.29
72.82
70.15
73.52
96.59
86.80
99.13
94.55
90.67
91.05
106.13
88.83
89.25
92.41
80.25
70.32
69.94
67.48
67.50
69.22
72.33
70.58
74.98
72.39
81.48
78.50
93.36
99.93
103.59
102.82
105.13
108.18
110.75
114.47
110.08
111.90
107.92
91.02
89.20
79.65
72.59
70.12
69.63
72.06
73.01
83.48
93.71
91.79
86.64
91.18
110.76
117.62
101.84
100.45
109.85
114.07
111.75
106.73
108.35
116.55
108.97
91.12
87.61
77.70
71.77
68.85
67.12
72.56
76.83
86.63
98.98
96.85
95.09
95.56
82.58
82.25
86.87
88.63
103.00
113.14
113.73
107.37
115.02
127.85
114.79
100.67
88.56
78.72
74.07
70.27
69.55
74.33
77.60
82.63
89.95
90.75
97.37
93.32
107.27
106.70
100.91
89.36
111.63
124.96
123.67
119.10
122.38
128.65
116.30
112.07
101.67
85.02
76.44
72.32
73.72
76.63
80.85
84.25
93.29
92.22
53.60
108.11
109.63
91.46
91.41
94.00
126.34
123.53
108.58
108.97
128.22
129.90
123.07
106.01
92.77
83.69
76.20
71.75
66.77
73.73
77.25
82.58
88.46
96.96
97.72
110.10
125.90
121.81
117.99
129.76
127.95
113.59
105.68
114.22
113.92
117.25
119.39
99.45
91.59
84.45
79.07
74.49
71.34
73.20
76.95
77.23
87.77
105.93
92.53
89.26
111.01
105.83
106.52
103.56
106.35
124.99
121.37
122.65
123.78
119.70
113.47
96.11
91.86
82.04
76.10
71.24
68.54
73.47
75.68
77.31
88.19
95.46
84.33
100.02
112.51
100.67
105.86
116.85
141.97
131.82
121.78
124.25
121.52
145.18
139.14
118.34
105.69
90.22
78.54
78.07
69.48
72.91
76.81
82.38
96.07
112.92
90.63
96.52
112.09
103.80
123.43
120.07
133.35
130.83
118.77
117.57
122.42
132.87
129.10
116.77
105.21
87.66
73.09
68.35
66.07
71.31
75.86
82.52
94.71
100.74
92.99
102.10
112.77
109.79
110.46
105.78
100.79
111.94
114.35
106.80
113.30
124.30
128.32
106.64
91.57
80.67
75.10
78.40
69.45
73.91
77.08
84.17
94.95
100.91
84.28
105.88
109.14
116.17
118.24
110.47
114.83
123.92
119.25
111.22
123.05
139.30
117.50
118.32
107.82
90.52
76.19
72.30
69.10
74.30
79.23
82.82
94.03
103.09
101.02
108.22
96.41
99.00
99.87
100.64
111.88
113.96
109.87
113.42
138.07
133.58
123.22
110.22
107.12
100.90
84.19
75.25
71.72
73.51
73.38
77.88
87.59
97.17
111.95
101.96
125.46
114.94
117.48
118.92
114.33
112.23
115.53
114.45
107.27
117.37
107.42
98.54
90.54
81.22
74.67
70.34
66.60
70.46
72.73
73.81
77.52
71.00
71.95
75.53
89.75
103.21
109.14
114.18
123.68
120.02
111.43
102.08
101.40
108.87
107.74
98.56
97.90
83.42
92.15
74.45
69.85
72.11
73.55
73.28
76.79
72.47
78.26
76.95
87.74
103.08
112.37
104.97
117.96
105.76
108.27
116.63
122.12
116.07
103.01
88.46
81.31
84.09
75.05
72.65
68.30
72.78
73.51
73.56
77.26
79.59
70.23
85.46
81.77
101.84
104.53
108.07
114.26
128.49
121.60
124.10
131.97
133.00
114.24
115.07
106.66
94.15
74.54
68.55
66.65
71.58
77.25
82.15
102.67
93.79
92.62
85.49
94.75
102.68
88.49
86.54
99.56
116.71
107.05
105.48
108.90
121.52
106.69
103.37
96.05
78.99
72.57
69.77
67.25
71.45
75.26
79.48
88.80
89.23
88.77
95.39
97.76
119.32
110.99
106.82
110.58
120.22
116.78
121.62
115.70
117.25
108.62
106.92
95.77
84.95
72.82
71.12
68.90
73.31
76.96
82.35
91.23
89.73
83.85
94.41
83.38
84.70
107.47
102.45
103.88
116.50
113.02
119.73
120.02
118.29
107.30
101.87
98.89
90.89
73.40
70.93
69.23
70.71
74.48
77.76
84.99
92.53
91.82
99.85
99.26
107.09
106.78
107.43
123.68
106.38
106.80
119.13
126.97
122.63
107.44
88.89
85.07
88.05
78.62
72.13
69.65
78.00
78.33
73.15
76.31
77.76
83.51
94.04
95.81
97.98
101.19
97.52
116.74
111.25
110.07
113.67
110.50
110.54
106.22
91.77
95.54
92.45
78.97
72.95
68.90
76.38
74.23
73.37
74.11
84.43
87.94
84.57
79.26
95.10
106.18
116.99
107.15
117.87
120.38
123.65
120.34
138.49
117.50
103.37
102.29
84.52
73.70
71.17
70.43
73.06
75.13
78.64
92.32
96.00
100.33
98.48
92.00
99.48
100.42
102.18
108.02
118.26
117.67
121.64
126.29
120.80
118.11
103.67
105.31
84.91
74.06
68.29
66.07
76.37
75.20
79.49
91.24
84.40
90.50
96.31
95.15
92.95
102.23
90.79
130.20
117.37
111.74
97.82
115.43
124.64
119.34
96.14
91.39
91.26
76.17
78.47
70.22
70.13
74.22
82.40
93.60
92.89
80.16
87.78
89.86
94.63
101.63
104.51
106.44
112.49
129.32
112.08
116.17
116.67
116.85
112.07
97.56
94.56
74.24
71.14
70.94
71.25
74.08
80.08
86.84
86.01
93.53
101.81
97.20
95.34
96.47
110.75
114.33
112.14
103.54
105.25
102.37
116.27
117.07
107.92
100.49
90.52
74.61
71.94
68.85
70.82
76.45
80.15
84.65
93.85
100.05
110.64
109.12
121.23
109.75
104.63
122.23
111.21
107.86
108.87
116.43
118.77
122.19
99.52
87.02
83.71
80.79
73.42
71.41
75.00
76.25
82.85
85.30
87.26
96.42
95.94
90.62
103.27
123.07
106.99
116.92
119.17
113.81
111.30
104.50
112.35
94.75
97.99
90.82
83.66
79.37
71.07
70.59
76.19
75.54
76.57
78.72
96.06
99.72
103.54
94.47
117.16
123.45
116.66
122.31
108.01
111.03
119.08
121.80
118.62
126.27
116.46
96.67
81.21
74.57
74.09
69.87
73.35
76.50
82.07
90.12
92.04
101.87
93.97
96.72
106.11
109.49
94.97
95.30
113.75
124.59
111.32
126.53
119.67
116.32
114.62
105.56
85.29
76.54
68.79
67.20
71.96
76.16
80.18
102.32
87.70
85.81
91.14
99.68
105.01
92.79
102.49
95.75
110.07
110.40
116.08
111.57
119.08
110.64
109.06
104.15
93.04
88.39
70.70
69.60
71.38
76.50
84.03
89.58
95.21
88.06
86.02
87.05
97.10
93.92
84.57
90.95
107.68
112.19
118.91
121.81
128.03
113.60
94.22
97.30
90.23
75.23
71.60
73.13
75.20
77.91
81.89
86.54
82.90
79.39
87.88
89.17
84.81
110.89
91.71
111.09
114.27
126.79
126.52
124.13
120.61
105.40
111.52
94.72
81.30
76.18
71.40
70.88
76.08
75.38
80.52
95.89
99.51
92.86
91.33
92.36
101.55
113.18
108.39
120.97
125.05
110.82
110.28
111.50
101.08
90.08
84.77
89.32
81.80
75.40
70.62
68.82
71.80
77.95
83.66
81.08
79.53
85.07
101.65
97.55
93.06
107.79
119.19
115.89
131.94
112.84
108.70
111.90
102.85
90.03
99.38
96.88
78.77
76.93
72.08
69.42
72.63
73.54
74.52
73.62
72.11
68.85
79.46
89.22
85.17
93.55
110.51
124.21
119.03
113.07
120.77
121.18
123.23
124.47
108.09
88.85
81.48
74.80
72.83
67.18
72.45
74.10
78.26
92.64
97.55
92.20
80.07
93.90
106.76
114.26
111.22
102.57
110.53
118.70
116.76
127.13
124.96
119.48
99.58
97.33
103.67
82.30
73.15
70.53
73.63
74.93
86.45
95.34
87.30
84.10
92.16
84.15
81.27
95.27
97.59
107.57
110.23
116.84
107.41
120.97
126.98
137.05
111.39
97.71
85.82
82.19
80.08
72.48
73.60
76.71
81.89
92.55
95.97
100.25
89.44
95.98
104.39
126.74
130.38
122.04
119.32
102.79
104.82
110.98
125.98
120.69
117.29
102.22
82.29
75.42
71.92
68.45
77.03
77.31
83.82
89.78
94.19
93.24
107.31
102.69
105.92
103.68
95.11
111.09
120.01
109.90
112.33
108.08
135.87
119.95
110.17
94.39
88.60
77.39
72.97
34.69
38.86
78.15
80.80
91.27
92.48
86.68
89.00
108.22
113.14
116.10
115.79
131.26
120.87
105.00
104.08
102.52
107.17
105.70
89.54
86.22
92.05
79.07
75.10
69.19
72.47
74.63
77.36
79.49
87.03
89.20
76.86
92.20
91.97
103.02
100.59
100.69
100.21
113.38
100.97
101.18
102.67
92.40
83.92
88.14
90.79
91.72
73.63
69.42
72.21
75.66
76.58
76.37
81.50
66.37
80.52
87.61
105.69
119.46
114.46
115.05
118.53
106.42
114.37
124.67
143.03
120.47
105.42
87.67
84.52
74.42
68.65
68.07
73.33
85.86
79.21
91.75
96.79
96.35
108.04
102.73
110.60
109.30
109.07
110.17
128.27
120.22
119.53
121.48
123.11
118.50
101.53
94.85
86.12
84.88
89.01
76.06
74.39
77.29
85.12
94.18
84.34
81.02
97.38
97.26
88.70
90.73
98.28
106.32
101.32
95.57
110.00
126.01
136.65
126.43
110.08
90.88
89.52
78.13
74.45
69.58
73.63
76.76
83.15
86.18
94.16
61.79
94.95
96.09
100.75
88.53
104.99
106.41
100.61
119.49
109.70
105.11
109.43
102.35
98.48
93.92
93.12
70.97
67.53
67.55
74.05
79.86
83.09
88.28
89.69
95.51
103.57
107.61
98.90
106.14
117.16
117.55
115.70
129.69
119.51
122.51
128.35
134.71
107.75
100.93
89.61
80.78
75.75
71.21
70.75
72.98
76.16
85.65
102.29
106.21
102.56
102.91
122.27
126.53
128.82
119.23
107.01
109.24
111.24
112.14
109.56
100.53
95.66
98.48
91.43
81.11
79.26
75.16
76.28
77.09
82.39
102.53
86.76
83.40
81.09
78.34
77.86
93.82
97.93
106.00
116.10
115.95
107.06
106.35
112.78
108.61
103.85
100.21
89.93
83.28
78.18
76.35
78.76
80.26
79.42
79.17
78.56
89.23
95.78
88.93
103.24
98.66
108.55
111.46
110.89
106.08
119.78
121.46
139.83
108.75
113.35
98.55
84.70
79.41
73.76
70.11
76.88
87.49
85.04
93.11
99.50
92.89
83.19
100.85
110.78
117.76
110.27
105.18
113.92
114.12
114.90
120.67
133.63
135.18
111.60
97.54
85.87
76.40
75.67
72.87
73.48
80.34
85.10
89.54
90.07
88.54
97.20
93.07
92.16
105.85
104.08
112.93
121.21
117.72
107.08
114.95
131.00
121.24
113.29
101.16
89.74
79.24
74.39
72.12
76.98
79.51
80.80
95.88
98.38
98.82
97.23
103.10
115.67
122.59
121.32
130.01
136.71
132.98
123.05
121.65
136.70
139.45
118.17
100.44
90.24
86.09
78.39
79.69
77.88
79.25
89.13
101.63
97.53
95.36
108.39
106.87
108.62
114.28
125.06
123.27
152.81
146.29
138.54
131.90
144.45
125.87
124.00
133.04
111.67
98.29
94.09
83.37
84.33
95.40
91.74
105.87
103.76
116.66
110.39
100.81
126.73
124.41
129.20
138.85
147.26
129.87
110.18
104.93
106.22
100.40
94.97
89.86
88.09
87.49
72.94
72.05
75.65
78.65
78.98
77.59
78.97
82.11
106.23
95.71
91.27
90.12
112.07
104.68
98.08
94.74
96.87
90.78
94.03
84.74
89.04
85.82
81.74
74.66
69.49
65.74
70.24
74.35
74.21
76.83
66.82
67.39
66.85
73.81
69.12
76.50
71.16
88.81
88.03
88.22
84.20
80.33
87.28
77.17
83.22
70.44
68.14
70.51
77.85
66.85
71.25
74.33
72.88
75.28
76.12
69.89
68.26
68.29
75.18
75.39
93.86
95.11
88.36
84.09
75.45
77.78
76.27
73.25
65.29
65.46
65.56
66.37
63.97
63.57
66.45
72.20
70.77
72.71
73.04
63.74
61.33
70.33
62.14
70.59
68.84
76.03
83.48
81.55
92.58
76.68
75.51
78.89
68.80
65.45
67.14
62.51
62.76
62.14
67.18
70.08
71.02
74.80
65.64
72.33
66.38
78.25
72.19
70.86
75.65
76.87
88.63
86.72
88.18
81.05
90.81
75.32
73.32
74.25
67.20
64.40
66.87
65.65
70.95
71.38
71.03
71.07
72.20
75.70
78.49
68.16
65.96
72.98
74.13
75.60
82.50
81.84
96.16
80.23
81.13
71.25
65.87
66.40
68.42
65.97
65.24
65.97
69.83
71.78
71.35
70.80
74.54
77.70
70.08
65.78
77.08
57.07
61.83
64.81
73.23
77.91
81.73
85.63
91.96
77.80
73.88
67.82
70.32
68.25
64.07
63.83
68.11
67.91
69.60
67.39
63.11
56.87
58.04
60.41
63.94
72.58
65.79
80.73
79.19
88.58
84.53
90.90
87.05
76.22
67.42
72.22
69.60
75.59
67.94
61.47
66.75
69.13
69.11
66.15
67.76
63.76
68.49
75.90
79.34
80.08
84.12
96.92
114.29
104.47
94.13
97.90
113.98
120.97
105.87
86.84
81.70
75.28
67.50
67.08
70.80
75.03
81.61
96.87
92.74
88.19
105.01
104.38
103.43
112.90
96.46
101.82
107.80
113.06
114.12
120.83
107.17
109.59
99.89
99.39
81.84
73.09
69.09
65.82
70.11
74.43
81.10
96.03
96.46
95.75
92.28
100.17
90.46
76.34
80.13
98.28
106.80
113.62
108.68
108.03
113.18
111.45
107.23
96.65
82.65
72.10
67.22
65.23
70.06
72.88
80.89
85.83
87.62
78.32
86.37
78.48
91.79
79.42
87.49
105.33
101.16
99.65
105.45
104.85
114.82
96.58
103.57
92.70
83.38
69.62
65.90
67.36
70.15
70.95
81.26
83.45
78.51
80.40
90.34
75.34
80.33
88.84
100.29
96.77
109.26
112.76
113.73
114.03
111.83
102.50
101.57
99.79
85.49
75.93
67.18
65.00
67.16
71.96
75.64
82.78
80.13
82.63
100.51
95.62
99.44
94.93
93.82
100.45
109.00
112.47
97.47
113.93
102.68
86.97
83.62
81.70
81.69
70.09
67.79
66.12
69.57
71.58
71.76
72.76
71.40
72.61
80.67
80.67
94.90
97.51
104.95
101.81
103.69
116.05
114.58
105.63
104.81
92.93
88.79
85.02
78.40
80.35
73.57
68.10
70.85
72.20
72.44
76.37
73.83
88.63
100.39
98.89
108.13
98.82
108.79
110.18
118.14
131.03
132.76
129.88
141.88
119.00
121.55
99.12
88.45
78.35
70.69
67.43
72.50
75.57
82.23
93.64
92.63
94.31
98.61
104.47
108.69
114.53
126.68
130.22
141.33
130.06
134.58
133.36
129.25
133.53
121.84
105.02
97.54
101.84
78.89
69.38
75.36
77.90
82.68
97.04
88.70
93.10
112.62
106.28
99.27
123.41
128.21
121.71
125.89
126.92
130.88
138.95
141.25
127.15
118.82
106.58
105.60
86.27
85.05
71.85
75.98
77.65
83.30
88.01
92.34
96.02
89.72
98.88
96.59
106.18
110.16
107.52
118.38
128.48
119.53
118.80
115.96
106.35
105.55
102.97
91.40
79.99
72.47
74.45
75.78
77.30
83.43
87.80
98.76
98.02
92.96
86.18
92.21
106.41
115.11
109.55
98.37
124.32
115.65
122.38
133.40
119.43
109.79
101.04
83.07
72.87
68.83
65.05
68.30
69.95
74.22
81.31
87.75
91.31
89.63
92.67
95.21
96.94
92.48
106.29
116.38
109.20
126.23
103.18
105.65
92.18
95.08
83.70
75.84
82.15
75.32
68.08
72.17
73.54
74.17
73.20
72.05
82.71
77.72
90.83
99.33
111.02
119.58
112.13
114.65
114.78
103.91
106.96
99.76
109.45
102.12
84.79
80.14
81.87
75.07
73.25
75.58
77.77
73.54
76.63
74.31
77.37
102.53
101.84
103.31
104.62
113.15
113.67
115.20
119.31
115.15
127.90
128.71
119.22
119.97
112.52
98.95
77.97
72.07
70.05
73.33
82.34
80.33
88.02
86.90
85.66
82.06
88.78
93.12
108.33
120.96
123.73
129.17
130.89
128.15
133.66
132.31
141.20
111.99
113.37
100.22
79.10
73.58
67.42
73.23
78.32
84.90
89.58
89.86
95.10
95.45
89.03
88.99
111.73
116.82
132.21
150.07
128.73
126.33
132.23
131.65
122.48
129.10
108.40
98.24
85.62
79.40
74.13
75.86
79.23
88.20
90.78
93.57
101.03
113.59
104.54
122.79
118.36
121.09
118.95
123.42
118.10
113.21
120.03
124.46
116.73
107.72
101.67
91.52
84.45
75.04
68.65
74.03
77.06
85.01
88.48
95.13
107.50
96.64
111.79
107.83
104.91
118.48
108.26
126.57
133.35
126.35
134.97
128.95
127.55
93.72
49.32
95.89
85.39
76.28
74.45
75.55
76.48
82.03
87.64
91.11
113.20
103.49
114.53
103.11
107.59
121.20
112.97
125.61
123.46
120.20
109.81
105.15
109.70
107.85
88.70
86.33
91.35
75.03
70.19
75.61
76.75
76.10
75.62
78.38
81.51
88.97
85.27
99.45
101.76
104.79
122.56
118.50
120.77
125.63
113.55
111.35
106.08
92.98
88.63
93.92
82.00
75.90
76.62
76.40
78.30
75.50
78.10
78.43
83.14
99.03
97.21
91.14
89.74
110.83
120.93
131.45
133.63
128.76
138.03
130.30
124.93
111.05
99.50
96.32
81.92
77.90
73.15
75.63
77.18
79.17
87.91
86.99
95.48
96.69
86.75
103.10
111.85
133.12
127.82
129.91
127.19
121.60
114.90
140.16
127.22
114.35
101.40
97.69
87.77
76.32
71.80
75.53
77.56
82.94
88.38
93.61
89.30
98.93
98.73
110.99
113.06
118.81
135.15
137.09
139.60
127.57
127.55
138.98
127.43
121.53
111.25
92.13
89.07
76.48
73.32
76.30
79.93
86.22
92.80
91.68
101.99
100.36
101.61
103.61
112.33
130.57
128.80
126.61
130.20
122.08
124.38
126.65
115.88
120.97
117.60
96.67
81.60
75.63
70.97
75.78
78.68
81.34
86.62
96.16
96.76
104.50
94.29
104.50
112.90
110.50
119.66
135.05
133.72
133.00
135.98
136.81
139.16
118.60
109.52
98.28
80.18
72.63
74.73
74.58
78.33
78.58
88.50
96.01
98.36
113.81
123.28
119.17
123.96
114.23
130.96
127.54
127.05
119.55
125.73
112.75
113.11
99.22
95.33
88.92
83.97
80.33
76.45
79.10
77.54
79.49
78.43
77.66
86.60
98.62
101.31
106.79
116.43
116.73
123.80
131.50
126.14
127.58
114.78
126.33
111.18
95.00
105.33
98.73
84.75
80.55
77.45
78.45
80.52
79.16
88.00
84.31
89.37
107.38
108.84
125.60
127.97
146.26
151.07
155.58
159.92
153.88
149.70
141.90
132.98
138.65
124.92
112.25
100.22
93.90
89.32
94.13
95.74
97.67
103.58
104.16
117.47
118.77
134.24
123.34
120.50
129.04
119.33
140.35
145.38
143.31
137.06
143.45
137.31
138.43
129.82
112.57
103.22
96.57
95.80
107.60
98.23
101.10
105.53
104.62
103.47
115.55
113.87
113.61
111.87
118.09
142.19
161.83
144.11
151.11
140.23
150.30
138.90
140.32
143.82
119.77
106.69
94.39
87.55
89.83
88.01
49.53
83.02
97.78
94.33
94.97
101.75
38.86
103.32
120.39
122.48
125.40
117.08
127.12
135.48
141.10
135.45
114.59
109.12
97.49
87.72
82.24
79.07
83.08
86.05
89.14
94.16
102.50
94.86
98.34
53.43
98.68
106.74
121.56
122.27
126.56
120.36
115.78
121.75
141.75
136.42
129.30
114.64
96.30
92.42
87.82
83.55
86.83
89.11
93.24
97.80
95.56
96.50
104.35
109.20
110.93
110.47
117.53
127.97
134.35
114.94
113.10
125.12
124.15
110.25
113.52
101.17
98.07
92.01
86.19
81.74
84.59
83.76
84.19
83.10
84.44
95.64
103.97
108.67
116.11
108.09
108.46
115.87
113.27
122.23
131.17
131.68
126.75
108.67
112.79
99.34
104.56
98.19
86.26
82.56
85.50
85.89
83.67
85.61
89.26
100.87
107.35
106.78
115.47
141.78
140.88
143.02
150.13
125.35
133.49
125.65
134.83
138.53
121.49
109.25
100.60
102.37
88.51
84.80
87.22
89.22
93.84
104.02
108.20
99.98
101.76
112.59
124.74
122.79
129.49
131.08
132.50
133.81
121.07
128.15
138.63
132.13
133.13
127.30
105.20
94.02
88.99
85.12
87.60
88.84
90.68
95.80
97.09
100.48
118.46
109.41
107.66
115.13
117.84
130.88
141.08
140.12
129.32
118.08
138.93
131.69
123.81
126.49
115.36
96.81
86.65
81.75
86.88
86.64
92.95
97.95
92.80
92.67
103.20
95.37
107.90
115.37
120.86
123.15
138.08
125.64
122.04
128.65
136.28
130.37
142.82
112.89
103.59
93.30
85.34
81.19
86.08
87.15
93.88
103.06
97.02
98.38
110.29
107.37
107.73
113.12
112.06
126.77
141.66
155.96
148.90
143.93
144.20
138.78
136.33
116.12
104.39
107.39
87.85
81.55
85.98
87.38
93.88
97.49
104.86
109.75
109.03
124.19
110.96
116.20
135.98
146.11
141.85
137.75
128.43
131.90
128.65
120.43
120.92
104.65
102.30
92.44
89.72
86.05
91.23
91.07
88.89
91.26
102.10
103.41
109.04
119.17
118.20
128.72
126.38
126.13
134.13
132.28
119.50
111.35
127.52
122.42
100.35
99.44
96.42
89.30
87.42
85.51
89.85
89.86
90.28
88.74
85.79
89.33
96.57
106.45
99.59
102.22
112.24
108.54
117.18
129.73
130.14
146.52
142.82
144.13
119.70
113.65
97.39
101.76
89.61
83.80
87.12
86.70
91.48
97.37
105.25
113.24
113.54
103.12
112.33
116.95
131.33
138.12
133.90
124.67
130.07
143.03
135.30
134.43
121.33
130.52
107.37
99.66
87.66
84.15
84.15
88.66
97.65
104.86
99.22
113.66
116.28
115.55
130.56
124.45
128.25
126.49
119.23
123.00
128.87
142.17
140.13
128.67
126.12
115.03
111.57
100.65
90.09
85.79
89.09
90.04
99.43
105.39
115.74
116.27
109.93
111.47
117.56
116.33
131.83
148.36
146.00
141.73
140.91
133.53
138.07
133.90
129.97
123.57
111.57
103.02
90.44
86.59
89.85
94.20
96.55
102.23
106.60
112.39
132.75
118.19
125.27
132.72
139.42
151.62
145.17
150.72
149.04
147.62
154.33
131.55
124.78
129.12
111.50
103.32
97.45
92.77
94.32
96.91
100.44
111.93
109.82
115.97
130.26
134.33
125.42
131.30
143.62
149.62
141.13
142.22
152.15
131.87
146.67
136.25
117.10
111.25
116.63
103.42
100.28
111.17
115.60
112.37
110.30
111.05
121.11
125.41
124.73
126.81
131.41
129.83
150.77
148.92
149.74
162.50
155.87
148.27
136.68
130.85
131.17
122.05
123.50
110.65
98.60
94.60
94.91
92.50
97.10
93.69
97.26
108.50
115.58
126.08
134.92
134.70
144.92
143.48
158.04
160.46
147.10
147.15
150.93
145.68
129.22
121.80
113.82
110.20
100.77
97.18
98.10
96.90
95.99
96.08
111.79
127.23
129.84
153.06
135.67
131.25
135.54
130.25
146.65
144.22
141.40
129.87
144.93
123.48
126.60
106.85
100.79
91.55
86.56
83.39
87.62
86.86
90.53
107.81
97.33
110.54
113.33
114.43
127.42
120.91
112.86
131.59
145.17
146.20
129.29
131.97
127.43
132.58
115.25
121.08
115.03
100.84
92.24
86.09
87.40
87.34
89.94
97.70
100.16
106.74
118.28
113.90
126.05
128.39
158.01
145.36
162.08
151.41
143.42
132.00
150.60
128.60
113.23
104.75
108.83
96.59
85.10
81.10
83.32
88.12
92.19
95.11
99.47
123.18
133.43
136.08
133.26
134.06
132.49
137.00
129.69
132.94
119.97
116.03
118.18
114.08
103.90
107.98
115.29
92.44
82.53
83.72
84.00
86.39
81.95
84.66
97.16
113.76
103.73
128.20
117.64
128.96
131.87
121.02
137.99
133.72
123.02
113.83
99.22
93.88
94.43
87.07
84.82
83.95
81.54
75.62
74.78
78.10
74.84
84.09
81.08
96.28
89.89
104.82
97.17
105.66
100.59
108.51
116.65
121.20
114.15
97.73
90.15
80.63
76.48
79.13
79.09
72.79
71.87
69.50
72.49
71.48
73.86
75.89
75.12
74.10
74.61
77.03
78.44
85.69
89.65
94.95
94.48
94.84
91.00
87.45
84.18
73.82
73.77
74.87
68.75
68.20
65.25
65.27
69.25
70.90
69.64
71.52
77.56
79.71
75.00
75.77
74.55
79.94
90.42
83.86
91.40
100.16
91.17
83.97
81.73
73.32
71.99
65.40
64.32
63.12
63.38
62.73
67.23
70.26
64.04
68.24
66.74
62.55
58.98
61.37
68.01
71.76
73.02
73.20
80.06
82.31
78.04
72.51
71.23
66.25
61.95
62.92
57.58
56.23
58.88
58.15
63.88
66.67
73.23
74.97
64.56
67.03
65.19
65.38
66.70
70.47
75.21
81.40
80.84
85.36
77.61
73.71
72.98
64.57
62.18
69.05
60.45
59.43
57.85
56.93
63.20
65.28
65.55
66.68
75.83
75.69
75.13
69.75
72.91
70.02
76.04
79.25
79.59
83.27
80.94
79.81
82.48
76.00
66.23
64.61
62.30
61.48
62.23
63.53
66.60
69.15
68.82
68.21
37.33
75.00
66.73
65.49
66.10
64.22
71.03
74.52
79.07
80.58
79.87
75.16
74.26
65.91
61.90
60.82
59.85
60.40
60.28
60.32
64.67
67.22
66.46
62.50
62.12
61.82
59.73
59.38
58.40
76.53
74.38
88.79
92.51
91.39
83.94
78.35
76.48
70.01
63.41
60.60
60.97
61.63
62.07
62.83
67.62
69.34
66.97
63.22
65.15
61.98
57.45
58.26
64.50
70.35
77.44
74.45
73.09
78.68
78.83
76.38
74.56
64.40
61.08
59.60
60.10
59.48
60.35
60.01
63.23
67.04
67.98
68.31
68.80
68.45
68.38
67.16
69.18
72.78
79.54
82.68
88.22
93.78
87.76
81.70
75.41
71.83
68.73
66.55
69.50
77.63
71.47
66.97
68.86
70.22
72.13
77.33
76.01
77.34
75.52
75.23
82.64
84.70
87.55
90.99
95.71
100.18
100.14
93.56
93.55
81.51
73.33
74.65
73.68
72.08
71.58
67.63
74.14
75.88
75.70
78.96
83.27
78.80
84.26
91.08
90.50
98.11
96.79
99.51
108.36
109.45
106.25
101.67
94.20
84.30
77.35
76.88
74.25
72.85
71.12
72.67
76.18
76.17
77.29
74.66
75.87
73.95
72.69
77.08
77.33
80.41
85.21
100.45
100.67
99.65
92.93
88.50
82.48
77.13
72.91
70.85
67.02
69.27
65.30
66.15
68.36
68.49
68.37
66.12
64.12
64.14
63.52
62.76
64.97
64.60
66.72
72.95
76.30
80.03
78.31
75.20
72.86
68.18
63.35
61.22
60.95
64.53
60.93
60.87
64.32
67.61
67.65
67.25
65.97
59.23
61.81
61.45
59.18
62.57
65.56
71.29
78.63
80.66
74.83
73.78
70.55
65.08
61.45
60.78
60.97
60.70
61.35
61.37
65.41
66.57
66.34
63.93
62.87
66.96
63.77
64.36
64.12
66.21
67.26
68.73
72.41
74.83
73.95
72.43
73.06
64.83
62.13
59.48
58.67
57.33
57.07
57.93
61.42
62.55
59.84
61.91
57.14
58.83
59.64
57.66
57.27
58.45
60.72
69.75
67.99
69.08
69.53
65.88
66.95
58.58
55.17
53.85
53.98
53.62
52.42
53.72
56.19
60.17
58.17
56.39
55.36
55.80
51.47
54.25
52.86
52.21
55.25
61.01
66.08
70.60
68.07
66.16
64.40
59.11
54.42
54.48
51.28
53.68
53.12
53.83
57.59
57.47
57.39
56.79
52.16
52.81
50.44
46.99
50.26
58.66
63.22
66.79
65.19
65.21
62.41
62.26
61.85
55.42
51.47
49.93
49.23
49.37
50.12
50.97
55.67
56.33
56.78
55.69
50.86
55.69
47.92
47.60
47.32
55.82
58.76
59.03
61.48
66.11
65.01
62.71
61.20
54.88
51.67
57.53
50.60
50.05
51.47
51.53
55.22
57.03
55.72
55.82
55.11
53.61
52.24
49.31
53.24
56.28
58.30
63.56
71.06
80.54
72.65
67.91
65.68
60.23
56.80
54.55
49.85
51.47
51.24
51.92
56.34
58.89
58.22
56.57
55.06
53.11
50.84
52.04
52.89
58.25
61.38
67.87
77.01
83.44
78.80
73.63
71.33
64.77
60.12
59.33
58.07
57.22
56.32
56.64
60.72
63.17
61.40
62.50
57.76
56.24
55.84
55.49
59.57
59.29
60.12
68.10
79.67
82.14
78.10
74.40
72.23
67.20
60.15
59.55
57.33
57.52
58.44
59.15
60.76
62.71
59.96
56.78
53.38
54.17
48.02
46.48
46.98
51.98
55.53
65.70
67.19
75.16
73.99
69.93
68.88
60.67
56.00
54.03
60.62
53.72
52.80
52.47
55.58
59.94
60.45
60.29
60.34
59.55
57.17
54.47
55.05
60.82
59.86
71.13
75.52
79.66
77.66
72.71
70.30
62.47
56.85
54.98
54.37
54.18
53.52
51.63
57.78
61.44
62.03
60.36
59.63
58.67
56.62
57.58
58.32
60.33
61.56
65.73
75.62
83.93
66.13
76.13
75.55
65.16
61.17
59.22
59.80
59.40
58.87
58.92
63.13
65.17
63.77
64.41
62.90
61.72
62.20
60.24
64.22
65.46
70.01
82.95
88.84
98.16
91.10
83.80
76.56
68.23
63.78
68.90
63.23
59.54
61.87
61.17
64.81
68.06
68.13
63.22
66.48
63.71
69.27
69.01
66.04
72.38
79.56
83.43
92.88
94.45
95.33
91.62
83.35
74.47
65.30
64.78
62.42
62.20
62.29
62.64
67.50
68.16
68.77
63.78
67.93
65.95
66.12
65.75
66.25
72.37
78.71
84.78
95.51
99.76
97.06
85.02
86.42
76.53
68.35
66.06
63.58
65.75
66.43
67.37
72.39
72.54
69.13
71.28
72.40
73.91
75.28
72.47
76.20
84.73
84.06
89.58
101.19
105.70
97.46
92.08
89.23
77.95
72.41
69.45
66.52
66.17
65.37
65.62
70.71
73.51
74.48
76.33
82.22
76.40
79.79
81.67
87.27
87.55
92.19
112.15
105.37
106.13
108.20
100.93
100.87
91.76
82.96
78.58
74.75
72.57
71.07
74.99
77.98
81.00
82.62
82.82
83.63
83.17
82.17
76.56
80.96
82.12
85.29
92.77
96.58
98.21
96.77
95.51
97.70
81.96
76.65
74.63
72.73
73.08
71.15
69.67
75.85
80.09
74.94
81.27
76.61
81.93
84.69
81.86
79.66
82.32
89.37
94.79
100.67
105.71
105.25
103.63
101.25
88.65
85.17
80.77
73.39
73.97
73.62
76.24
78.57
80.88
80.86
87.66
85.46
84.36
75.67
79.05
82.69
81.71
89.02
91.24
99.00
101.82
103.16
97.68
95.03
88.25
80.43
78.62
74.92
76.47
76.52
78.79
81.57
83.44
82.42
84.39
81.63
82.68
80.21
81.67
85.62
87.63
97.39
94.36
96.41
103.12
103.33
99.87
94.68
85.01
89.41
76.88
73.72
71.84
71.75
74.17
75.30
79.18
79.60
75.31
72.76
69.58
68.19
66.67
70.70
72.29
78.41
94.03
77.68
100.37
96.39
88.01
90.95
80.80
77.18
77.10
77.90
76.72
73.64
74.74
76.59
78.46
75.80
75.96
77.11
79.70
77.00
82.97
85.91
88.98
92.51
101.04
111.71
109.11
105.49
104.13
109.90
100.38
88.41
83.13
82.10
76.97
76.17
77.10
80.60
81.17
85.11
100.65
99.40
86.48
89.09
88.40
90.96
95.41
107.76
115.37
112.55
117.48
114.61
104.86
115.08
117.58
111.00
92.46
86.01
83.83
80.07
83.75
87.02
89.42
98.52
103.04
98.32
89.60
92.41
92.44
100.30
94.12
103.46
119.12
119.29
114.61
115.43
109.83
115.72
107.33
101.63
85.73
80.68
79.82
82.62
81.35
83.89
86.80
96.00
97.36
87.86
90.85
85.02
88.42
89.03
92.99
104.73
109.42
110.93
116.04
109.45
107.78
114.60
104.90
91.68
94.38
89.21
80.12
77.65
78.52
83.22
85.39
85.66
82.96
90.94
120.12
97.28
91.48
95.75
85.34
102.93
122.36
112.20
125.17
117.84
112.12
97.63
94.90
90.00
81.17
74.62
71.97
71.17
74.14
75.33
78.16
85.87
88.76
78.48
69.85
75.04
74.12
74.97
79.87
100.67
97.78
106.52
108.40
108.84
97.93
94.95
92.06
91.90
87.82
76.59
80.04
74.32
74.45
76.24
76.92
78.39
74.33
75.17
77.54
73.81
75.75
68.91
73.34
79.29
83.48
94.82
106.87
104.97
98.36
96.55
93.55
84.67
87.87
77.38
71.40
73.52
74.69
74.72
78.31
77.19
82.21
78.57
77.59
76.18
79.44
78.44
88.69
80.77
92.19
105.63
104.05
105.25
102.80
99.48
92.86
86.60
81.53
77.64
76.17
77.90
75.50
80.85
78.77
73.99
-26.39
45.21
84.57
68.79
75.42
71.65
74.18
84.96
100.26
103.37
107.82
116.13
111.06
111.76
107.46
97.06
84.57
81.20
72.74
73.09
79.57
79.74
81.61
85.48
85.67
75.79
74.49
80.64
74.75
74.72
76.41
88.28
107.77
109.81
112.98
111.22
111.25
109.20
103.50
103.08
90.03
79.60
77.70
79.39
75.10
80.75
81.93
82.50
79.21
63.55
91.46
84.45
86.26
77.34
79.26
89.78
101.50
105.99
107.06
102.02
97.26
119.86
141.73
109.92
86.84
83.52
78.74
76.54
78.19
80.36
81.84
85.77
78.35
81.34
86.79
74.24
73.01
76.23
78.99
82.16
78.39
94.73
101.32
96.82
95.35
96.63
98.85
89.75
89.53
81.75
77.00
75.87
66.57
77.01
80.22
77.26
79.71
74.88
77.71
70.19
68.55
72.52
86.11
86.72
96.94
95.80
99.07
103.61
102.10
95.45
96.40
100.70
87.27
81.02
79.02
74.65
75.47
81.20
71.08
77.64
73.06
80.40
85.46
80.64
77.87
90.66
100.00
96.76
109.02
108.73
107.10
97.50
93.58
85.52
83.42
80.93
83.53
92.40
81.99
78.97
79.12
79.78
76.75
80.03
79.10
79.98
77.12
68.51
68.45
71.17
83.63
83.69
90.71
101.81
104.00
102.32
102.22
102.57
94.52
91.35
89.03
86.49
77.87
75.89
76.32
77.92
79.55
78.26
78.22
82.62
78.98
73.70
74.23
76.13
76.20
89.98
104.02
105.37
100.92
94.39
99.43
96.52
99.57
88.43
80.57
79.75
74.60
78.35
74.45
74.19
77.48
77.89
77.66
80.96
80.36
76.60
76.42
80.67
89.80
98.35
112.80
103.31
110.75
102.60
97.30
98.53
86.62
88.33
90.67
80.93
79.67
76.75
77.47
79.26
81.73
85.65
85.21
78.10
78.74
79.94
77.44
79.10
82.17
96.48
102.55
109.71
108.37
112.35
91.65
100.38
96.40
88.45
84.13
84.77
78.44
79.85
80.77
63.21
84.58
88.21
83.33
85.45
86.50
79.30
80.26
78.88
80.44
89.71
93.93
108.63
114.45
109.82
102.50
103.78
81.19
86.33
88.92
88.80
81.77
80.07
80.37
82.54
84.60
82.66
66.91
61.10
20.58
85.23
85.15
87.03
97.53
102.99
114.04
118.40
117.66
135.28
132.56
116.83
102.08
97.86
96.78
83.25
83.70
83.77
85.34
88.34
87.96
85.11
92.13
82.86
88.96
78.15
86.94
87.59
93.85
95.19
98.95
117.62
117.84
108.30
112.00
111.78
109.33
110.56
100.20
90.30
88.01
87.18
90.62
92.08
92.49
92.55
92.36
98.56
102.53
99.36
103.74
110.49
109.75
101.27
100.65
111.79
116.50
125.60
75.92
118.90
116.96
92.66
89.43
83.19
82.26
78.80
80.51
81.03
81.46
98.62
103.78
101.64
94.92
94.91
93.97
92.07
97.17
100.28
114.43
116.34
120.66
117.56
120.77
119.77
111.48
105.61
97.03
86.27
83.17
84.90
87.28
87.44
88.40
89.80
93.19
103.25
97.79
91.08
91.25
91.44
93.14
98.03
104.20
112.51
115.36
116.12
112.62
116.77
107.55
108.25
97.25
87.78
83.88
82.22
83.00
83.87
87.38
87.39
90.44
98.12
100.00
90.71
91.82
87.54
93.66
103.99
109.70
120.89
122.92
117.14
110.28
112.97
107.45
99.10
90.38
90.75
89.15
88.63
83.34
83.05
85.54
87.56
94.14
89.36
83.45
82.33
80.39
80.14
86.76
89.34
94.85
100.90
107.13
119.67
126.43
110.02
98.93
91.95
87.07
88.68
82.57
81.09
83.95
84.76
86.82
87.75
87.93
88.86
89.04
85.92
84.72
83.04
87.27
91.96
96.67
105.59
111.56
105.24
101.95
101.72
94.47
82.93
86.41
83.60
81.83
82.10
83.25
85.66
86.34
86.12
88.94
86.81
92.46
85.39
81.52
84.63
89.86
96.85
92.97
97.69
111.64
113.67
113.18
101.70
98.95
92.10
93.78
91.87
87.55
88.05
90.19
91.60
89.70
91.36
90.47
98.48
92.03
99.56
92.15
90.86
94.63
116.87
111.21
116.53
113.19
115.79
110.00
110.97
111.03
95.92
90.17
85.67
81.75
82.59
82.79
82.89
84.58
84.75
90.81
89.12
88.89
82.27
78.87
79.54
82.04
91.75
101.04
112.92
118.28
121.67
111.23
110.00
98.88
98.57
99.07
87.69
82.74
81.22
83.17
83.63
85.13
89.88
87.26
88.68
89.52
89.25
90.67
84.42
88.81
95.84
108.09
111.59
114.46
109.80
105.83
110.10
103.31
98.93
92.02
84.20
84.89
85.52
84.04
85.87
87.30
93.17
91.22
91.30
92.47
92.26
87.65
91.07
101.85
106.79
113.17
127.14
129.33
134.63
123.86
121.58
113.45
111.10
92.33
96.58
93.77
94.07
90.52
97.12
93.00
92.72
93.09
95.53
92.74
100.37
95.15
96.57
96.73
105.35
109.97
120.00
122.88
122.76
111.17
117.82
115.85
107.82
106.75
100.46
95.53
92.53
93.72
94.75
95.25
98.32
100.71
97.77
97.57
98.14
94.85
98.52
100.87
120.11
122.23
122.07
117.93
122.00
118.91
121.86
117.73
113.68
113.80
100.75
98.42
97.90
103.77
99.89
101.03
101.42
99.39
98.00
101.94
94.60
93.27
93.25
95.47
104.48
111.31
122.75
129.07
130.85
118.23
113.05
107.40
111.95
101.67
101.43
97.78
99.88
96.14
102.24
104.23
104.90
105.26
102.97
103.21
114.18
113.96
114.98
119.62
117.12
113.47
126.57
126.72
126.59
127.80
131.96
129.17
108.17
111.75
104.60
100.17
108.20
105.64
101.56
103.20
110.28
112.22
107.92
107.95
97.96
95.90
102.69
108.32
114.29
122.82
129.47
128.85
125.70
121.00
131.35
112.20
115.63
107.00
105.27
103.07
99.37
99.97
100.72
101.73
105.44
111.86
103.03
96.39
90.87
96.52
97.34
100.04
103.73
115.82
119.55
125.09
115.09
112.42
115.16
120.77
114.06
120.88
110.80
109.70
107.40
104.75
107.29
113.45
114.92
108.62
101.17
103.69
107.03
108.57
108.68
122.57
115.20
119.22
133.46
128.04
117.21
107.00
104.92
99.28
97.71
95.80
93.08
92.60
90.45
90.42
95.29
95.37
91.49
94.73
89.40
89.75
88.75
86.17
91.26
96.71
103.34
106.97
114.76
111.66
112.76
106.51
109.98
106.85
91.03
89.55
89.83
92.85
93.20
98.40
95.35
99.19
98.13
94.37
95.90
94.84
95.84
96.32
89.23
87.01
90.39
88.88
98.70
101.70
99.56
99.98
100.12
93.32
82.03
83.92
83.13
82.97
84.93
85.82
83.52
87.77
87.63
91.10
90.63
87.92
87.73
84.26
83.14
85.91
90.48
93.06
99.26
106.82
103.38
100.78
100.30
92.35
86.16
86.13
85.60
87.02
88.55
95.08
100.54
97.11
96.96
95.94
93.46
89.49
94.88
88.75
91.42
92.35
98.58
109.22
114.87
124.62
121.32
111.35
107.58
102.50
98.82
98.47
95.50
97.60
101.13
103.53
102.65
97.48
94.17
96.45
96.62
89.50
96.40
99.63
94.53
105.00
98.90
98.32
104.63
108.49
103.78
94.30
98.98
86.71
85.17
82.02
82.78
84.33
82.42
84.10
87.80
88.40
88.39
89.81
86.74
85.06
81.41
83.32
81.87
92.19
93.52
99.97
108.96
110.27
109.73
104.91
103.90
96.30
90.11
88.68
86.53
93.02
94.33
100.60
101.50
100.77
92.29
96.69
89.09
85.03
92.83
94.38
90.12
93.25
101.24
108.54
115.25
115.65
111.23
107.03
102.25
95.95
87.30
84.70
88.05
90.07
91.97
100.59
94.74
95.61
98.59
98.47
99.49
104.96
104.20
104.13
104.93
109.78
112.21
121.73
128.60
130.26
126.66
126.67
118.97
112.45
106.53
106.45
103.88
100.45
100.85
101.65
107.00
108.26
102.99
102.41
107.11
107.63
106.35
101.11
104.13
104.53
105.19
107.06
115.52
119.41
118.90
112.70
113.83
104.03
99.51
97.15
91.46
99.23
99.42
102.12
106.75
104.40
106.07
98.31
103.30
100.11
98.89
94.51
96.07
100.06
101.21
108.78
111.64
117.78
114.75
110.38
109.41
101.96
96.85
95.31
94.43
95.05
101.55
97.80
104.29
105.17
103.87
105.34
102.88
100.91
98.18
97.24
97.18
101.48
106.11
110.34
111.91
115.52
114.09
108.47
109.18
101.52
98.73
96.87
95.68
101.47
101.73
103.05
106.60
107.35
105.18
106.36
105.05
100.93
103.27
102.01
106.57
101.89
106.62
111.82
114.38
109.65
111.66
113.31
106.57
106.15
102.97
96.70
89.50
93.88
102.17
99.92
104.62
102.44
103.69
101.38
102.13
101.56
101.56
99.72
98.85
100.19
105.56
106.99
120.10
112.94
111.98
108.55
108.82
109.48
95.22
88.20
97.23
91.93
93.18
91.92
94.32
96.12
94.90
97.22
92.74
93.77
85.50
90.78
98.37
93.70
93.48
102.73
107.11
99.83
98.15
103.70
104.60
95.30
86.57
84.53
83.90
82.38
114.06
127.50
130.04
126.48
132.51
131.20
121.45
120.39
116.82
121.12
122.84
124.52
132.70
133.77
142.24
146.51
144.50
144.14
142.06
135.88
133.36
124.82
126.41
132.46
131.86
134.16
137.21
132.26
135.41
132.13
127.97
122.26
127.23
133.63
127.37
126.07
134.15
138.23
143.12
149.72
145.56
140.62
142.30
135.40
127.41
127.16
124.74
132.91
127.37
136.79
136.79
140.64
132.50
129.78
125.65
115.56
113.33
111.82
110.94
111.67
115.87
124.42
134.47
131.20
135.76
136.70
126.97
124.22
118.94
111.90
116.39
115.11
117.23
122.41
126.05
123.36
118.96
118.95
115.21
111.96
116.60
116.10
114.11
117.09
120.71
127.74
132.96
140.12
133.29
137.72
137.90
124.52
122.68
119.85
118.40
121.34
119.70
128.19
123.84
130.53
128.82
123.81
127.07
127.58
128.56
128.06
125.03
130.77
140.45
143.07
151.46
151.43
140.00
136.65
137.24
130.75
128.81
123.40
123.48
123.25
127.86
133.66
129.08
130.96
123.35
127.23
131.34
124.15
130.21
133.65
136.05
126.51
128.92
133.68
140.16
137.50
131.93
136.83
133.73
123.37
124.61
123.39
121.15
120.35
122.93
129.50
129.74
131.01
122.47
128.14
121.55
122.46
121.34
124.06
123.50
124.35
131.08
138.36
143.34
145.83
137.15
136.14
134.98
125.37
120.66
117.33
118.87
118.70
117.93
122.31
128.76
126.65
122.47
125.82
122.47
118.11
114.97
117.58
118.29
123.69
130.49
142.28
141.12
147.90
145.18
136.27
139.57
145.65
134.35
124.90
119.75
116.15
123.86
132.71
130.95
130.92
130.04
125.38
120.39
122.51
117.41
123.74
129.69
129.75
127.43
134.21
145.21
142.43
137.70
139.13
137.73
124.03
117.02
115.88
119.44
121.12
123.76
128.46
128.36
121.33
125.49
123.83
119.30
115.25
113.08
122.12
120.71
124.71
138.48
143.75
142.40
141.82
142.06
140.02
134.07
125.37
121.45
120.89
120.46
118.25
122.51
130.19
128.40
125.73
126.86
123.94
113.66
114.07
122.47
124.23
121.70
127.45
135.90
144.26
145.61
156.33
153.78
139.43
138.77
136.86
119.06
119.67
117.38
119.43
122.57
132.90
129.32
125.25
124.33
127.09
124.26
111.71
111.26
112.92
118.51
118.23
125.32
138.94
140.17
140.82
135.58
138.14
140.34
126.75
119.53
113.18
111.04
110.50
110.78
111.12
111.92
115.30
117.58
111.45
116.27
115.85
116.32
116.89
119.97
125.52
133.64
140.56
144.66
149.22
148.80
137.95
134.56
128.67
126.44
127.12
120.74
117.75
118.14
118.22
122.47
118.86
122.94
120.90
121.24
120.65
120.57
123.40
124.74
122.56
136.62
151.75
164.93
161.59
149.52
146.44
142.55
148.71
138.23
129.34
123.99
123.27
122.32
123.63
125.91
124.37
125.54
126.50
129.13
122.32
127.04
128.68
135.49
134.10
142.67
150.73
155.96
154.66
156.41
147.65
150.36
145.34
136.92
128.11
126.31
121.48
122.49
124.47
124.06
127.50
126.38
125.94
124.75
122.27
131.79
119.40
120.68
130.15
140.47
141.69
145.47
149.99
148.55
143.46
143.60
143.57
135.02
138.67
130.83
126.85
125.11
128.70
131.83
137.06
140.12
138.06
142.48
145.05
152.16
151.77
154.52
168.50
181.40
202.21
204.51
204.29
194.15
191.55
179.44
157.21
152.01
145.10
134.32
130.53
128.04
133.05
133.03
142.59
140.05
145.36
159.46
178.39
178.23
174.87
181.74
202.34
196.31
203.37
218.31
215.28
202.69
197.47
194.91
183.14
175.23
168.10
162.00
152.87
149.51
147.71
149.82
149.01
152.96
158.78
157.32
154.45
141.50
148.61
159.20
170.04
175.29
212.08
216.76
191.73
187.80
175.78
176.13
174.68
178.68
180.44
164.74
151.68
152.20
149.81
148.79
151.49
151.02
157.46
155.97
163.85
156.87
151.89
163.62
156.39
162.48
165.44
169.12
183.43
187.40
190.34
192.64
175.30
171.42
167.18
147.14
134.40
143.18
139.28
143.71
140.64
143.19
141.41
156.79
170.16
172.03
163.70
175.05
171.35
182.48
189.02
161.06
178.37
167.18
156.07
188.09
185.47
175.81
153.88
146.54
141.38
131.86
135.41
127.82
133.36
144.36
161.22
156.50
169.50
168.56
174.69
186.16
185.16
206.27
216.33
211.61
208.24
199.84
194.60
201.52
190.33
184.30
174.40
157.20
148.14
145.35
147.67
148.09
152.26
162.80
166.03
177.77
179.95
179.22
169.73
181.49
187.75
197.78
192.98
195.19
197.84
194.19
190.08
180.80
172.67
162.47
157.76
149.75
149.38
147.72
144.72
146.76
150.89
161.68
159.57
143.64
168.02
177.30
169.35
179.96
174.56
179.63
187.38
204.35
192.18
203.96
186.99
169.57
164.57
158.97
157.85
148.34
144.11
139.59
147.38
147.97
141.06
146.86
150.77
148.81
151.52
163.97
174.25
171.93
179.83
193.68
198.79
195.81
192.45
191.68
191.50
204.55
190.56
176.43
157.59
145.85
137.83
144.77
141.24
149.15
152.42
172.93
165.97
165.81
162.80
154.12
160.33
162.27
176.75
167.94
177.79
190.59
194.43
188.65
200.92
190.55
191.73
170.10
154.18
150.96
140.83
138.14
141.62
146.17
153.45
147.13
153.87
161.42
178.82
170.29
180.77
179.78
171.63
177.89
190.48
196.58
207.33
188.60
201.55
206.55
188.85
180.87
160.00
148.12
145.30
137.92
144.53
148.77
150.23
161.91
160.67
156.50
162.83
159.11
167.64
169.40
184.85
196.84
186.85
196.37
201.47
201.29
203.12
212.70
210.62
187.80
169.23
159.92
149.11
146.33
146.08
144.57
148.76
162.34
170.22
164.02
167.48
173.10
165.10
173.05
178.60
182.27
188.18
195.61
186.51
175.78
181.81
186.07
181.17
180.65
164.17
154.25
143.12
141.08
143.51
144.02
146.94
154.70
162.13
166.09
172.30
168.90
176.14
185.30
190.29
201.55
212.80
197.48
192.35
188.72
193.52
182.65
163.75
165.16
161.16
146.27
144.94
145.25
143.44
144.95
146.00
149.45
154.61
160.47
168.03
173.41
175.77
182.72
184.99
175.23
180.20
184.71
178.14
179.42
169.93
163.67
164.36
163.24
156.80
144.90
141.44
137.49
140.47
143.48
144.92
142.14
144.86
144.60
151.63
153.47
162.91
163.35
176.82
178.30
183.05
191.42
181.53
173.89
171.95
171.08
171.47
171.30
165.24
160.50
148.99
144.48
143.25
145.07
148.66
151.65
145.04
141.13
146.08
142.02
154.99
164.34
170.10
164.63
180.86
188.91
185.40
180.35
188.46
207.76
199.26
181.08
169.17
155.83
148.91
145.54
147.74
148.97
151.84
163.37
167.66
175.01
169.16
170.79
172.62
173.41
169.09
174.76
206.74
204.68
199.84
190.70
197.07
189.59
177.92
174.45
161.40
159.46
142.36
143.42
144.67
146.40
149.71
155.01
162.00
159.87
158.36
158.43
155.98
164.65
175.13
175.68
189.28
205.47
196.73
191.99
200.01
205.61
186.77
187.96
169.46
160.07
148.83
143.20
142.90
143.84
148.56
155.81
175.21
159.69
152.35
159.46
161.95
167.88
164.43
181.91
187.65
199.10
196.17
193.63
196.99
192.52
197.48
176.82
163.92
150.05
147.09
142.20
142.20
145.16
148.14
154.01
156.58
167.57
164.33
172.31
170.98
172.27
198.17
196.70
191.70
200.06
199.00
183.11
182.16
182.37
172.92
166.48
164.15
155.10
150.29
144.40
144.11
148.82
146.68
149.23
152.23
155.70
151.71
153.01
177.95
191.52
181.06
200.26
200.16
196.03
196.35
181.89
176.30
170.95
171.37
156.81
158.09
156.99
149.12
145.24
146.10
146.53
146.27
149.30
151.83
146.49
159.59
175.09
170.06
191.77
191.72
195.40
194.08
192.27
203.54
190.30
198.52
202.15
179.17
178.70
171.60
157.29
153.66
138.96
140.33
141.59
143.66
152.67
154.50
153.80
157.16
158.87
158.25
163.12
171.08
171.54
180.91
177.85
190.15
187.64
187.23
193.71
180.48
164.58
157.67
156.45
145.55
136.51
139.69
141.35
150.41
154.52
157.98
164.19
166.19
159.35
159.62
161.42
159.90
169.68
181.81
184.48
188.88
187.16
189.91
185.41
188.65
176.31
167.46
146.93
137.17
135.75
134.02
137.60
142.01
147.86
155.28
143.83
153.26
145.06
156.95
164.10
169.82
173.50
177.01
182.95
177.58
180.53
177.25
190.51
186.51
180.64
165.28
153.60
137.73
132.48
131.65
135.49
136.85
140.66
160.27
143.67
143.55
146.47
156.48
144.25
148.22
167.28
173.17
188.28
177.42
180.72
176.97
180.75
173.28
165.46
162.71
149.21
132.41
126.69
125.18
130.40
132.18
136.88
152.51
157.40
163.45
160.39
165.59
156.01
172.11
172.86
200.76
181.05
177.82
166.81
176.67
173.98
175.80
164.64
150.78
144.08
142.02
135.93
138.82
141.83
142.63
144.90
144.71
148.25
145.73
157.12
166.76
163.06
166.23
174.95
186.56
185.81
173.72
170.17
179.00
180.50
170.63
154.02
150.75
152.83
144.18
135.63
141.62
140.66
135.33
136.51
144.46
155.69
160.26
167.05
169.32
171.14
163.22
186.67
179.95
191.00
184.11
186.12
197.79
206.95
179.70
181.18
166.08
155.53
139.70
131.61
134.02
137.95
142.26
149.19
162.02
161.16
155.17
151.68
162.48
159.02
167.53
174.58
172.55
182.14
187.88
182.40
198.76
199.63
189.34
179.47
174.40
144.59
133.98
126.01
127.40
132.52
134.37
147.03
149.21
141.99
143.60
144.66
147.48
150.75
166.45
168.93
168.74
187.91
186.60
181.14
191.87
199.96
180.31
176.89
162.02
145.45
137.34
130.02
127.82
134.25
140.59
148.44
154.17
145.10
140.94
139.34
147.36
161.26
168.46
152.06
168.97
171.17
174.29
174.48
181.40
179.67
178.78
173.39
167.88
147.71
134.12
129.17
127.51
132.56
134.72
144.11
146.67
148.19
138.35
144.79
146.30
140.92
143.78
154.03
163.28
182.71
179.88
176.01
180.62
184.59
175.41
156.61
160.64
144.66
138.64
124.20
120.54
125.47
127.67
132.97
143.79
144.64
155.50
160.52
158.29
157.25
169.89
174.57
167.90
187.92
168.82
169.22
175.12
164.64
148.35
140.99
156.41
144.56
139.85
127.71
119.67
125.05
124.13
126.77
125.34
131.20
126.37
150.71
153.94
153.75
156.51
177.23
175.85
171.50
163.54
164.92
151.63
155.80
147.48
148.36
148.60
139.24
130.01
121.90
120.84
122.34
120.97
124.96
130.18
131.14
145.63
143.60
158.86
154.01
163.52
177.22
182.74
186.24
183.96
184.69
192.17
190.48
180.60
162.52
156.58
147.19
142.25
134.17
136.29
143.48
150.58
156.59
161.87
166.05
161.83
156.74
158.05
174.76
171.92
164.19
173.73
181.99
178.97
180.39
178.29
173.27
170.86
161.36
160.29
142.27
130.10
121.76
117.59
123.01
127.27
132.52
140.84
147.70
152.55
147.63
154.18
147.38
138.77
151.72
177.14
174.56
170.75
171.25
175.96
179.77
170.29
168.61
155.11
134.46
127.90
121.59
117.95
126.31
128.38
134.60
142.10
143.88
143.22
145.30
155.90
154.62
149.61
162.93
170.10
166.72
174.82
165.66
192.29
191.03
168.37
159.80
148.76
137.01
141.83
126.86
122.48
130.49
134.46
139.21
148.79
147.47
141.72
142.78
154.38
158.53
151.12
175.11
184.13
175.95
171.02
173.43
166.05
183.35
173.15
169.57
150.67
139.14
134.39
124.89
121.38
125.17
130.66
131.22
139.56
152.72
152.94
157.40
161.42
161.59
167.84
177.33
177.52
163.20
169.98
164.31
159.99
157.23
145.13
145.52
155.99
137.99
126.93
141.29
129.16
126.25
124.99
124.79
129.42
136.85
132.98
143.22
150.14
163.74
174.07
173.79
162.25
155.04
159.67
156.74
151.75
160.65
139.71
147.62
139.76
131.95
128.21
123.97
120.95
124.76
125.22
125.50
127.34
130.62
143.19
138.86
166.16
170.99
171.24
174.32
176.11
177.28
177.35
178.48
181.12
175.37
161.76
165.17
154.56
132.02
124.65
117.37
116.01
119.97
125.59
130.81
122.02
149.00
136.53
147.94
141.19
140.46
153.52
164.32
164.63
172.11
176.61
172.12
182.13
181.94
163.24
164.85
146.59
134.17
117.95
114.99
112.79
116.59
119.34
131.66
129.93
135.51
152.68
149.87
144.61
141.74
141.22
161.47
159.70
168.05
170.38
170.33
172.66
168.58
166.10
167.31
149.96
133.80
121.24
115.38
113.21
115.96
120.44
126.00
130.15
125.04
129.80
154.50
152.38
151.64
147.91
157.06
165.21
178.75
169.60
183.63
168.45
172.01
153.56
155.52
138.77
131.04
121.28
118.04
117.13
116.50
121.63
128.60
151.82
141.47
130.74
129.79
161.47
156.87
136.82
164.44
173.01
184.95
184.10
176.86
177.14
175.73
166.59
163.39
162.18
144.90
129.52
128.59
122.48
126.19
131.34
136.86
144.28
154.78
152.59
161.76
151.50
179.18
158.86
169.94
190.16
193.88
189.92
174.45
164.14
163.55
141.62
140.14
156.96
130.92
127.89
124.89
121.81
123.67
126.28
127.53
133.86
127.97
140.30
146.89
152.23
144.82
155.83
155.57
161.08
167.67
169.70
170.27
160.99
164.42
156.83
148.66
148.16
133.06
123.61
121.25
123.32
120.47
122.40
122.29
123.54
129.01
138.27
142.63
160.52
155.81
164.63
169.70
178.55
173.76
172.62
168.73
181.84
184.78
166.47
159.50
156.57
131.84
123.64
114.95
114.44
118.97
131.54
127.67
130.08
132.63
132.52
148.52
141.32
147.97
166.26
152.35
160.23
165.75
169.44
178.05
182.41
177.96
175.17
164.71
158.52
146.50
126.27
120.85
116.76
122.23
124.78
130.32
138.89
147.45
155.36
155.77
150.07
151.01
156.48
147.19
159.40
173.79
166.73
160.65
167.19
167.10
158.46
145.72
149.30
143.78
127.07
118.80
117.95
119.71
120.65
123.19
131.95
129.66
143.65
146.17
138.25
147.70
173.20
164.19
164.34
169.96
165.19
172.81
182.21
174.02
168.23
156.26
152.86
137.95
132.37
128.29
115.35
118.75
125.63
127.02
141.45
134.17
140.59
142.60
143.31
147.95
140.61
161.84
178.42
197.09
182.11
165.76
167.76
165.26
153.85
159.40
154.96
139.55
128.23
113.28
109.80
111.66
113.52
118.70
120.16
133.62
132.19
140.93
144.85
147.56
146.22
157.64
166.73
165.10
153.04
148.42
142.39
142.48
127.17
130.45
123.57
114.04
108.06
105.33
105.43
109.26
110.87
115.16
111.23
111.50
126.05
122.44
119.54
125.25
127.96
128.21
137.69
160.44
138.60
134.27
133.80
126.24
124.86
123.33
114.92
110.08
110.49
104.38
102.20
107.88
110.77
113.34
109.07
106.60
111.74
113.67
121.18
118.32
130.39
135.55
136.48
139.40
139.39
136.99
138.31
139.66
125.47
119.26
113.12
108.02
105.50
106.03
102.09
107.49
111.31
112.85
111.51
86.10
111.00
123.06
137.06
140.14
142.97
142.54
144.31
152.57
141.51
138.13
135.95
136.09
141.88
125.78
118.70
113.99
113.18
108.45
109.25
111.62
116.80
116.78
111.15
123.84
131.14
138.46
148.14
160.39
154.74
161.36
166.50
174.20
171.70
163.74
169.59
181.89
156.35
150.02
144.01
128.91
119.42
113.41
110.26
115.51
118.92
125.21
139.48
147.71
134.52
138.44
143.17
157.77
156.66
163.81
163.42
166.48
164.35
160.16
168.31
170.82
157.68
149.73
145.80
142.07
124.50
118.10
116.01
119.73
122.34
130.54
141.95
133.90
136.32
151.03
157.33
159.11
148.51
158.83
161.54
184.28
168.66
170.15
172.80
178.04
165.59
147.64
149.14
129.64
128.43
118.90
116.42
118.62
122.46
127.53
127.13
132.28
131.40
141.07
132.90
142.10
160.90
176.58
172.21
173.12
169.63
153.90
146.11
145.59
140.94
135.97
137.65
147.34
124.43
115.27
112.79
115.31
118.63
118.16
119.38
130.42
146.50
144.30
145.25
147.11
152.44
158.54
162.11
153.82
161.86
144.69
146.16
143.33
137.68
131.41
127.86
130.27
120.34
115.35
111.64
110.29
112.27
111.53
119.63
121.94
120.34
134.99
139.89
140.19
146.62
149.45
161.72
173.75
172.37
172.35
176.66
172.00
162.83
142.86
135.42
124.44
119.36
107.52
106.10
114.16
120.40
122.05
133.10
128.35
124.48
131.46
133.16
130.19
140.09
161.61
154.41
162.96
158.84
165.26
176.68
163.58
155.58
152.26
142.72
126.42
119.22
111.98
106.88
110.97
114.21
122.25
128.58
118.75
132.09
146.33
138.79
142.87
135.88
155.54
160.57
162.68
167.02
152.25
170.20
165.04
159.72
148.78
138.66
49.91
128.53
114.93
109.43
112.62
116.68
122.44
125.83
133.01
134.38
137.17
142.07
142.50
146.16
162.40
165.55
156.99
154.21
154.71
167.25
171.65
167.12
155.96
138.35
125.60
117.46
114.35
109.69
114.40
116.27
124.08
138.71
134.70
128.68
122.22
132.13
132.15
145.67
151.84
161.01
165.32
159.03
156.84
166.41
158.93
168.59
145.01
137.83
129.03
121.63
112.21
108.75
112.69
117.01
121.16
126.24
142.16
142.66
142.64
141.55
136.13
157.09
166.03
170.05
168.70
163.36
164.74
153.40
149.70
139.68
134.14
131.62
132.94
113.04
111.23
108.15
119.06
114.83
113.61
114.90
121.11
116.49
128.82
125.09
150.19
137.15
140.52
150.37
168.54
147.83
148.83
158.55
141.25
128.04
124.55
123.80
118.75
115.97
106.92
109.72
114.10
116.54
120.01
120.95
126.73
116.88
130.20
139.92
144.36
149.79
167.67
175.54
173.57
162.52
162.46
167.82
170.12
161.77
146.66
143.47
125.85
114.93
109.44
108.82
110.36
114.94
118.51
126.51
135.19
131.65
133.45
130.76
134.87
133.53
133.83
140.39
143.13
146.02
155.65
156.46
174.69
159.96
153.63
132.41
131.67
115.42
109.06
103.91
108.76
112.51
117.70
125.30
125.82
131.08
130.63
141.89
139.08
129.58
139.51
150.17
149.65
155.36
159.18
154.53
160.71
151.53
149.48
147.19
121.78
111.98
105.74
103.08
103.38
109.79
109.89
117.53
112.19
115.14
129.89
124.92
141.39
140.08
146.13
158.77
151.52
141.89
144.63
148.64
155.57
155.57
140.98
132.46
118.64
109.77
103.49
102.18
107.83
114.14
121.25
127.76
120.22
122.49
128.84
110.97
136.25
124.21
142.40
156.50
159.63
159.69
152.17
153.25
151.63
139.30
135.57
133.14
119.13
106.26
119.42
106.81
109.92
109.75
113.96
112.71
119.01
127.11
126.72
139.05
146.05
140.76
151.34
155.05
157.80
146.55
144.00
143.85
145.49
142.56
125.32
129.64
124.12
115.70
110.17
107.48
108.10
111.43
115.50
113.55
117.10
119.88
128.20
134.85
142.96
146.73
149.59
157.80
159.67
161.74
148.01
167.72
159.41
139.57
134.59
124.46
124.48
115.59
112.75
110.46
114.55
115.56
117.10
119.43
118.39
139.77
137.88
133.20
146.09
162.24
171.33
180.51
174.05
167.49
164.07
156.86
175.24
167.11
158.74
141.00
135.71
119.59
112.57
107.19
112.00
118.28
126.49
131.42
131.34
127.76
131.65
135.17
143.83
145.98
164.93
162.69
177.54
185.38
168.33
165.15
171.36
166.19
151.62
150.93
129.10
117.58
114.80
114.41
115.93
117.87
121.84
132.21
137.76
133.10
150.71
155.82
134.93
155.07
149.80
164.84
175.20
166.30
166.51
177.23
168.54
164.05
170.81
143.27
133.93
121.21
121.25
114.97
119.88
123.58
128.13
134.66
126.53
140.37
140.10
154.29
154.30
165.83
173.78
176.59
171.90
183.44
170.17
168.43
178.76
168.86
163.59
145.79
132.94
122.45
113.66
112.50
116.60
119.77
122.99
134.22
125.94
134.07
143.90
149.71
158.89
163.22
174.70
177.39
181.97
183.28
178.26
187.14
184.47
167.66
154.48
153.79
143.05
129.35
115.81
114.16
117.79
121.69
124.21
132.00
139.69
156.16
153.55
153.35
179.71
180.51
187.96
190.24
177.38
169.59
164.70
166.90
146.96
149.95
139.63
137.74
126.47
117.30
112.11
108.00
111.73
112.84
117.23
117.06
127.45
134.84
141.39
137.13
131.85
139.43
143.37
151.65
152.45
144.78
156.33
154.98
148.26
140.75
131.73
126.40
126.55
113.66
114.66
114.60
116.65
116.32
113.43
116.20
117.89
117.87
128.83
138.75
130.24
139.51
152.30
155.22
158.26
156.80
145.40
153.10
142.40
135.48
144.39
131.48
124.41
124.08
119.28
110.01
114.07
116.36
114.14
122.19
118.48
118.58
135.44
139.67
154.95
156.54
156.23
159.09
171.75
150.28
167.73
176.41
175.31
165.44
150.80
135.47
130.96
117.32
114.53
113.31
113.57
117.80
125.30
126.42
135.51
133.82
146.66
144.12
139.77
141.53
145.38
163.82
165.87
163.98
157.02
155.30
149.77
154.08
157.30
138.29
124.54
117.66
109.67
106.69
112.33
114.83
126.75
127.42
123.61
127.59
109.82
130.33
126.80
137.88
149.93
152.22
172.32
156.59
158.26
156.97
158.30
153.77
160.35
131.97
130.79
116.10
110.91
105.41
111.50
115.83
126.94
128.83
125.52
124.68
128.28
125.73
138.38
131.29
144.74
153.52
168.16
170.05
154.96
152.42
152.47
148.54
142.87
129.44
122.25
113.37
108.70
105.35
114.27
114.00
118.09
128.26
123.16
137.04
137.48
142.66
150.08
147.87
154.35
146.77
164.38
148.53
137.29
146.19
155.04
139.10
133.51
128.40
132.28
117.25
112.44
108.14
110.57
114.22
116.15
111.78
114.59
118.16
126.36
130.48
139.50
138.99
159.22
160.88
174.77
162.70
172.86
146.06
140.67
131.13
140.75
128.32
119.33
111.60
108.64
105.85
109.23
111.34
112.30
112.20
115.62
134.84
133.09
134.60
144.54
149.47
155.18
166.76
155.85
160.68
160.75
176.02
171.71
167.87
154.30
143.08
131.87
118.34
110.20
103.50
112.03
116.49
115.71
123.57
125.23
132.72
121.09
127.44
138.09
145.08
153.01
148.87
169.92
158.92
161.39
164.25
168.74
159.14
148.92
131.65
128.06
111.16
108.35
105.44
109.71
113.31
115.99
122.33
119.15
141.17
149.42
151.57
161.09
147.69
140.56
159.70
159.56
156.29
163.19
161.79
157.10
158.18
152.49
136.48
121.44
121.14
110.56
106.59
112.60
115.66
119.60
132.74
134.97
134.38
126.71
134.72
148.54
137.33
158.67
167.40
157.82
151.40
153.00
159.90
161.99
167.58
144.02
130.28
122.38
110.25
108.99
108.35
111.31
114.75
122.61
132.25
128.87
125.88
129.93
139.36
84.84
116.25
144.89
147.93
152.74
156.68
160.63
149.69
159.90
142.54
130.92
130.76
118.04
108.91
103.69
101.24
108.16
111.68
113.22
116.68
119.85
127.66
124.75
126.17
122.55
131.44
142.28
150.56
150.12
140.63
133.56
137.69
142.55
132.14
127.28
120.21
108.41
109.15
109.09
103.42
106.87
110.11
113.55
109.98
110.80
114.19
129.76
120.46
121.37
129.62
129.78
143.59
150.57
143.05
141.96
144.72
142.92
124.21
133.51
118.48
116.02
113.70
107.06
100.95
107.02
109.72
113.41
113.02
102.82
119.37
121.68
123.50
132.34
142.02
153.69
155.04
150.41
147.28
144.91
155.98
160.71
137.55
142.06
142.63
126.66
110.75
103.33
101.22
109.17
108.48
114.13
116.12
119.61
133.29
123.27
123.18
136.19
150.92
150.10
157.27
156.93
167.63
164.30
165.47
167.04
160.93
160.39
151.84
123.70
115.70
111.76
110.79
114.08
118.00
127.85
147.49
138.06
126.19
134.38
136.53
145.67
152.32
159.01
163.03
153.16
155.78
135.47
149.11
158.56
147.88
130.48
126.77
124.92
115.20
116.35
104.26
108.10
109.81
112.02
121.52
123.91
126.99
132.25
152.42
154.36
147.70
147.49
132.13
134.31
138.76
134.61
122.06
117.33
114.69
117.68
115.37
103.44
109.40
103.17
101.54
107.63
109.69
110.50
110.37
111.26
108.66
115.11
121.24
104.09
103.43
109.87
109.98
113.67
111.35
113.09
113.25
113.70
106.21
102.01
102.57
101.54
100.56
100.45
100.55
106.93
109.30
107.73
105.26
106.06
112.17
111.90
102.22
105.25
103.56
110.46
110.63
115.92
119.29
118.20
119.01
115.19
115.34
118.99
102.47
104.65
104.16
101.14
100.91
104.17
109.72
110.27
108.40
99.26
108.83
101.93
109.98
109.19
119.09
127.83
128.00
128.13
123.32
117.37
115.59
119.77
107.02
105.64
106.96
110.73
107.97
111.10
107.72
107.23
110.23
107.17
107.70
103.69
103.78
103.04
109.74
107.79
120.60
127.09
139.38
136.54
132.75
136.57
139.61
135.46
129.56
124.97
120.59
115.63
111.49
104.21
104.21
107.60
112.52
115.13
115.12
122.81
120.95
125.96
127.55
123.23
140.08
124.03
135.39
140.76
139.55
152.03
144.01
150.16
135.37
130.83
126.31
116.26
108.29
104.14
102.65
105.72
109.96
117.97
122.34
117.04
127.97
129.20
123.06
131.11
128.39
133.69
138.59
162.40
142.20
144.26
142.52
151.79
143.03
143.42
128.12
116.01
108.96
104.04
102.95
109.01
112.10
113.61
119.58
128.25
125.52
126.04
126.40
130.34
133.82
158.50
152.61
150.16
155.36
141.72
141.09
136.96
152.43
137.44
128.44
122.59
118.63
110.04
103.91
109.21
114.29
117.67
132.73
133.33
130.10
138.93
134.36
123.99
126.39
137.34
163.11
159.08
149.03
152.06
155.95
156.03
147.04
141.36
134.43
121.77
112.18
106.50
105.31
109.00
112.15
115.95
119.09
117.16
128.20
128.00
130.14
128.07
131.86
145.25
156.55
149.75
153.61
157.09
145.62
140.80
136.09
132.98
128.78
115.54
118.23
107.84
103.92
107.45
110.37
114.26
116.99
109.18
127.79
129.14
128.85
137.54
151.38
147.62
151.46
149.72
150.72
144.84
159.03
156.97
137.12
123.86
124.16
118.39
114.98
112.74
103.03
110.05
111.90
113.72
116.78
126.86
138.29
139.74
152.63
161.80
154.65
151.27
161.26
168.77
158.85
148.59
155.47
149.69
138.72
130.89
133.10
116.54
108.61
108.31
111.78
106.61
109.21
115.80
116.84
124.34
129.16
123.61
134.72
142.50
135.78
136.42
146.23
156.01
151.09
144.60
150.55
151.17
146.23
131.63
122.64
121.70
106.17
104.72
102.98
108.17
109.51
111.52
114.35
114.91
120.35
124.89
125.49
153.36
148.12
151.31
150.39
166.55
161.51
159.06
156.59
148.39
145.31
139.87
122.60
118.73
125.69
108.46
103.57
106.90
110.54
110.27
113.33
112.91
115.63
138.43
138.35
143.81
142.60
154.62
160.71
171.27
153.58
143.30
152.79
150.27
131.64
124.23
114.84
119.75
106.66
108.83
108.88
111.46
110.43
112.72
118.59
120.07
129.13
137.75
142.92
148.82
142.05
138.04
140.61
154.98
149.66
145.02
142.39
138.01
147.11
128.26
122.08
109.77
108.01
106.26
101.56
104.39
109.01
120.20
114.99
122.97
121.48
116.37
140.60
146.40
145.08
146.71
142.07
152.90
152.70
139.03
140.21
137.25
126.10
122.02
110.50
99.93
102.76
98.46
98.76
107.57
104.83
105.65
109.10
112.08
105.09
121.51
113.70
124.19
123.43
117.80
118.24
123.33
126.17
119.58
123.23
126.66
103.35
94.73
99.80
95.96
94.21
93.41
94.03
100.11
102.59
103.66
103.09
98.54
92.41
97.69
99.39
96.66
109.03
104.63
107.04
113.39
105.90
110.18
120.31
111.92
96.83
94.69
101.66
93.86
93.47
92.16
93.76
99.35
101.29
103.33
102.93
98.80
89.72
97.93
91.11
95.85
98.33
111.41
112.13
124.29
112.31
112.64
105.46
103.93
95.41
96.10
99.09
91.96
91.16
91.54
92.19
95.79
99.16
96.23
102.00
95.88
90.58
87.20
91.15
93.27
91.98
96.09
105.57
115.08
108.79
107.06
115.67
105.32
97.97
91.38
92.85
99.50
96.71
97.16
91.90
97.98
101.65
99.98
99.84
104.84
22.56
39.08
88.11
84.81
103.97
102.36
102.55
105.91
102.74
104.97
101.12
104.13
94.82
88.07
87.07
87.97
87.26
88.06
89.49
95.31
97.57
99.72
98.37
94.28
87.32
84.83
82.19
85.80
87.04
93.35
105.85
103.01
111.25
103.78
103.14
101.05
95.06
89.06
89.95
95.96
90.88
88.23
93.13
96.22
98.17
97.90
97.34
91.63
84.75
82.75
82.20
89.75
88.40
91.86
101.78
100.84
102.90
102.13
99.30
105.47
93.37
90.97
92.26
93.67
94.02
95.47
94.61
101.41
102.88
103.23
101.29
97.66
89.14
93.37
96.08
92.15
96.45
99.24
100.33
110.06
104.67
103.81
103.67
101.17
92.21
89.35
89.01
91.30
92.31
93.53
92.21
95.73
98.75
98.14
96.47
95.60
87.85
87.15
86.90
91.36
96.06
103.40
102.38
101.83
101.58
100.46
105.43
103.61
98.24
91.20
89.35
90.04
90.32
88.97
91.51
95.45
95.68
97.90
99.05
95.42
92.84
93.11
98.23
110.53
101.00
99.01
99.55
98.74
103.94
102.35
109.18
105.74
98.94
93.20
90.25
95.55
101.13
91.56
91.79
97.11
99.06
103.04
97.90
98.38
98.52
98.53
97.78
95.65
94.31
95.34
99.39
100.35
103.09
105.29
101.39
99.55
91.28
90.77
87.06
89.30
91.34
91.07
92.25
97.85
98.98
100.13
102.10
98.28
99.32
97.61
84.51
82.74
85.47
92.49
98.35
100.90
102.20
100.49
100.66
99.84
91.81
88.32
88.22
90.77
90.77
92.25
91.66
94.32
96.44
96.75
97.28
93.64
85.02
82.57
81.64
94.03
96.13
100.29
99.93
100.26
102.09
100.13
100.71
101.84
93.42
88.55
90.59
90.03
91.14
88.80
92.34
97.85
100.64
98.74
99.94
99.72
97.30
97.16
95.76
97.07
96.91
92.46
99.84
99.80
107.30
107.10
101.22
100.41
93.59
89.37
91.12
91.70
90.13
92.62
91.86
100.19
98.98
97.85
97.79
92.51
86.23
84.09
82.06
96.60
94.83
100.36
99.44
101.64
103.43
103.77
99.94
95.40
93.79
91.06
90.04
87.31
90.64
91.21
92.42
96.04
96.70
95.94
97.07
92.41
85.07
83.12
80.47
84.16
94.23
91.82
93.84
100.25
101.27
102.48
99.53
106.69
93.13
88.30
88.27
89.80
91.00
92.36
89.80
96.04
94.87
98.95
102.17
99.73
94.86
92.52
95.89
96.95
97.38
99.29
102.47
97.53
100.21
107.50
103.44
100.73
94.42
94.27
94.16
89.03
89.92
91.55
90.78
94.94
98.14
97.32
96.45
94.08
96.33
94.02
94.18
93.33
97.77
99.85
100.23
103.47
109.18
100.99
103.09
102.19
93.20
88.53
