38.37
38.53
40.20
38.72
39.12
39.32
39.07
38.92
39.37
39.91
39.03
38.58
38.73
41.93
40.39
39.24
40.40
43.59
42.68
41.83
40.27
40.28
39.00
38.98
39.08
39.52
38.90
38.72
38.75
39.12
39.18
38.48
38.05
39.37
38.52
39.46
40.91
40.22
40.22
40.29
41.00
41.48
41.41
42.32
42.70
43.32
44.13
41.47
40.83
39.68
40.73
40.62
40.47
39.10
40.85
40.65
41.16
40.58
40.01
40.46
41.19
40.22
41.25
42.94
41.97
43.08
45.98
49.70
46.35
46.70
45.87
45.25
48.17
43.75
42.23
41.23
41.88
41.15
40.78
41.25
42.20
42.85
41.10
41.34
41.40
48.64
43.12
42.99
41.75
44.95
46.87
45.75
46.97
46.45
46.93
45.02
44.60
43.27
43.48
44.63
44.05
43.53
42.05
43.47
43.39
43.87
43.80
44.15
43.91
50.09
56.68
52.11
55.87
48.86
56.83
52.17
59.93
60.28
69.10
63.90
50.98
48.07
48.37
46.98
44.27
45.10
45.18
44.68
45.36
46.37
49.99
49.89
60.61
54.91
61.49
66.89
60.55
64.48
66.03
63.20
69.40
82.25
74.80
60.42
58.32
54.10
51.37
50.75
49.48
49.10
49.17
49.33
57.03
56.02
54.97
53.70
68.14
69.08
65.32
67.08
63.75
61.31
66.95
64.67
61.92
65.18
65.30
64.32
57.10
52.38
50.05
47.62
47.50
46.43
46.70
48.20
50.89
50.80
55.62
55.22
54.14
56.69
55.53
59.06
60.56
69.35
64.32
65.27
72.78
72.87
66.85
62.78
60.67
52.65
48.83
46.05
45.62
45.50
46.12
47.67
50.42
60.60
59.93
55.14
57.49
73.55
68.89
62.81
57.96
60.33
62.80
59.03
62.67
73.78
70.30
66.47
58.45
53.82
50.67
47.88
48.22
47.82
47.50
55.10
53.49
54.80
33.57
55.55
58.10
64.54
69.26
65.32
64.20
65.45
62.90
65.77
65.52
79.67
70.83
67.25
61.22
54.70
50.57
48.60
47.83
47.33
47.38
47.52
55.02
55.03
58.36
65.78
64.34
76.82
72.01
82.06
74.74
74.81
62.67
64.12
72.52
66.27
64.03
71.30
60.60
55.27
53.58
51.65
50.22
49.93
48.75
47.98
48.51
49.72
53.26
61.08
78.65
77.40
68.29
68.11
66.92
75.08
61.22
61.65
70.88
69.73
72.88
69.95
57.67
55.55
52.05
50.08
48.60
48.35
47.28
46.28
47.03
48.92
56.94
65.14
63.17
64.93
77.27
81.80
78.84
84.02
82.50
79.22
82.73
85.78
76.65
68.25
59.80
58.53
53.98
51.02
49.55
49.00
49.78
49.93
53.40
63.27
68.27
71.00
66.33
68.13
69.51
78.50
75.77
70.58
68.57
75.45
70.55
75.18
88.17
79.75
67.02
58.40
53.47
50.65
49.28
49.27
49.20
52.40
53.72
58.75
59.31
57.91
61.52
58.32
62.16
63.77
76.05
70.68
66.37
79.25
72.20
80.97
78.27
67.80
66.97
57.12
53.48
51.82
50.73
49.58
49.52
51.97
54.13
65.28
58.92
59.57
62.04
63.85
71.28
69.88
58.86
65.45
76.60
78.93
72.22
68.12
86.77
82.63
71.48
62.10
55.72
51.47
50.78
50.15
50.65
53.58
55.26
57.52
61.21
63.04
64.60
75.25
64.02
63.12
67.06
74.71
70.68
65.55
81.58
66.10
69.15
76.87
69.78
66.58
53.57
49.97
48.37
47.20
47.12
48.83
60.86
61.53
67.94
74.44
71.48
75.68
76.75
75.97
71.74
73.19
77.32
69.10
60.68
67.42
61.38
62.43
59.97
58.03
53.32
54.28
49.73
48.50
48.92
47.33
49.72
52.66
62.25
61.20
63.10
60.57
70.04
78.75
64.86
59.73
67.25
59.73
67.68
62.02
62.03
65.23
57.48
58.83
59.75
52.78
51.25
50.42
49.80
48.93
50.02
53.43
56.75
61.51
64.77
76.37
80.43
77.10
73.37
62.66
65.27
64.98
72.77
64.62
60.95
63.62
77.90
60.68
58.73
54.08
51.78
50.70
50.68
49.75
50.03
52.87
59.90
69.84
63.47
71.11
77.25
77.43
77.87
81.47
72.67
70.28
79.97
81.70
77.77
75.97
63.22
56.13
53.77
51.22
50.78
49.17
50.85
52.55
56.35
61.12
60.86
67.68
62.86
68.01
71.08
65.62
69.23
71.85
71.32
75.20
68.95
77.03
85.23
68.58
79.72
58.77
56.93
54.95
52.30
51.65
50.80
52.67
54.83
59.17
62.39
59.36
67.39
75.91
74.79
74.58
65.44
72.47
77.32
67.70
76.15
70.22
71.17
69.43
69.38
60.52
55.38
52.17
51.17
50.35
49.52
53.55
53.97
60.90
63.47
65.62
72.20
65.91
65.19
63.95
66.95
65.02
69.17
74.38
72.35
74.00
71.42
73.35
62.58
62.33
55.38
52.80
51.88
50.88
55.32
51.60
55.40
58.04
65.42
70.16
64.61
62.87
75.27
84.46
72.45
68.85
61.60
60.47
64.08
60.73
69.13
66.38
68.37
64.93
57.23
57.38
50.85
50.25
50.90
50.67
50.50
56.94
65.87
61.55
66.62
67.90
69.41
71.28
74.37
74.61
69.45
71.17
74.60
69.63
61.62
74.20
68.93
59.35
57.03
57.70
53.42
52.70
51.33
50.05
49.97
52.10
55.56
65.75
76.04
79.61
77.77
79.21
74.67
82.63
74.42
79.58
83.50
82.95
74.30
73.02
61.60
60.77
61.38
54.42
52.00
51.17
51.12
53.67
58.92
62.61
76.88
69.55
72.78
64.30
63.00
66.46
62.53
70.98
71.52
70.80
74.93
83.22
70.83
69.47
65.87
65.95
57.95
53.43
51.85
51.03
51.17
52.28
54.01
61.22
58.16
64.42
69.08
74.51
69.20
66.69
98.77
74.99
70.07
76.55
66.87
68.78
79.97
76.38
65.72
59.97
57.07
53.95
52.20
52.00
51.65
52.78
55.24
62.79
59.27
65.85
70.65
69.57
67.57
70.25
65.07
71.50
75.55
72.67
76.82
81.63
85.33
74.20
65.53
60.57
62.12
52.87
52.12
51.02
50.80
53.59
54.98
61.69
61.25
65.06
62.33
66.86
66.30
72.67
67.66
61.98
76.87
68.53
70.45
67.15
69.83
67.32
66.08
61.77
57.22
54.80
52.57
53.30
53.87
67.92
58.12
60.31
71.81
61.50
71.41
75.32
71.45
81.62
79.81
74.24
67.08
66.57
68.38
66.27
70.53
65.68
71.52
63.05
56.90
52.65
50.97
51.02
50.38
50.32
51.13
55.38
66.89
65.67
68.71
69.24
71.26
76.27
74.50
68.19
73.48
61.03
70.15
75.32
72.18
77.38
68.35
76.75
60.78
55.62
54.78
53.55
57.57
52.55
56.78
61.57
68.06
69.15
69.38
77.83
83.71
69.65
82.16
69.70
67.80
70.10
68.33
79.35
87.17
83.15
69.88
60.68
59.40
55.23
55.75
52.13
52.10
55.95
63.05
63.55
72.15
59.98
69.61
70.59
64.54
60.44
61.45
70.19
78.45
83.75
68.92
77.33
77.48
78.93
70.17
72.68
67.50
58.82
53.83
53.58
54.90
56.37
60.85
64.15
62.30
62.39
63.41
67.92
68.28
65.50
73.75
74.86
81.63
75.68
70.27
78.28
70.10
73.98
70.43
67.93
55.12
53.70
52.82
51.10
51.82
53.43
63.70
58.25
65.66
57.36
60.56
66.08
69.86
64.49
63.65
63.02
62.85
71.95
68.05
74.92
71.73
68.86
66.53
61.47
56.77
53.52
52.97
52.38
52.72
53.76
55.90
61.83
76.20
72.01
67.38
66.57
71.27
61.72
72.09
63.04
71.69
65.60
80.20
80.42
71.42
70.85
62.83
66.87
58.63
54.98
53.02
52.08
52.45
54.44
60.75
62.72
64.81
64.12
72.76
71.49
80.43
77.33
74.84
78.28
65.70
63.62
63.13
74.87
70.37
64.80
63.40
60.45
59.20
56.23
53.88
52.32
51.82
51.25
52.06
52.96
65.87
69.81
65.24
79.23
72.10
70.48
75.10
72.94
67.59
63.78
62.47
67.68
67.03
67.70
60.43
64.73
74.33
61.20
52.97
52.25
52.53
52.91
56.54
55.98
55.89
55.46
66.87
76.56
81.06
70.50
73.49
67.63
71.97
77.03
75.00
78.10
87.45
82.87
70.60
58.33
56.77
55.85
50.90
51.32
50.37
52.91
54.24
57.32
58.74
61.30
79.85
71.25
66.39
68.94
66.02
69.31
63.36
68.47
81.25
88.85
81.68
74.20
67.88
63.28
55.02
52.45
50.27
50.13
49.28
52.65
53.17
56.24
57.34
57.52
65.55
65.96
72.10
70.86
72.36
75.37
70.04
66.28
73.55
84.13
83.90
78.37
65.82
60.85
55.40
52.77
51.72
51.27
50.78
51.27
54.19
59.65
63.50
61.33
61.55
63.16
67.86
66.82
67.58
68.11
83.63
78.05
88.25
83.35
77.87
80.12
69.12
65.88
60.13
55.50
52.97
52.42
51.97
54.07
56.62
64.30
64.56
65.29
78.02
67.43
74.03
64.49
70.04
64.12
66.92
74.27
69.30
64.40
79.70
72.73
62.57
60.68
57.47
55.57
27.35
39.53
52.47
52.25
59.64
62.40
65.22
71.94
74.58
80.71
80.30
82.97
78.40
75.92
74.85
65.33
68.67
69.85
72.33
69.87
67.40
61.58
58.57
54.07
52.57
51.77
51.95
52.95
52.16
53.10
58.31
72.64
66.65
70.67
78.18
79.34
75.94
71.44
63.67
64.53
77.85
68.52
60.42
62.12
63.23
62.58
61.87
57.42
54.10
51.65
51.77
51.31
51.34
53.57
61.19
55.46
58.81
76.30
81.68
76.12
66.69
70.42
77.87
69.67
80.30
79.43
81.23
80.02
74.50
66.85
68.65
56.32
53.13
51.70
50.83
52.22
54.03
59.99
58.11
59.32
70.43
74.90
71.14
60.28
66.52
64.94
70.70
69.43
66.18
84.58
74.02
71.68
70.58
62.48
54.83
53.10
51.72
51.13
50.82
52.87
55.46
57.62
56.54
57.53
60.14
76.25
65.96
69.85
70.56
69.91
65.70
68.00
71.47
82.28
76.68
75.47
68.73
58.67
54.73
52.92
51.40
49.20
50.90
51.95
53.91
67.35
39.09
58.91
67.65
71.00
65.26
78.22
64.94
64.59
69.56
68.17
69.67
67.25
75.00
71.22
63.47
58.33
55.40
54.77
53.87
52.00
53.75
58.90
60.52
68.29
66.58
63.99
70.18
70.78
72.79
61.15
76.88
80.85
78.78
67.98
76.03
84.47
82.07
83.22
74.40
63.55
54.13
52.30
51.23
50.85
50.37
54.47
60.52
56.85
60.28
64.61
76.77
72.83
72.73
73.16
70.43
76.83
64.74
66.42
78.62
78.00
80.85
71.75
73.70
59.15
55.88
53.85
52.83
51.55
50.92
51.18
50.58
54.22
57.81
65.04
61.36
70.46
80.86
75.01
66.60
74.61
68.95
65.45
63.25
68.32
66.75
70.40
69.90
64.35
57.22
55.42
55.35
55.48
50.63
50.32
53.37
62.40
62.88
63.09
62.45
70.60
80.49
79.42
76.49
68.40
82.31
69.75
74.27
73.48
82.50
84.82
70.98
62.45
55.23
52.50
50.97
50.02
49.93
51.15
52.82
58.79
59.24
57.35
66.10
71.07
71.13
60.79
58.37
67.98
84.01
75.62
72.78
78.50
77.55
70.23
71.13
61.77
56.15
53.75
52.62
51.68
51.27
53.73
57.79
60.08
69.31
62.42
69.89
59.14
64.74
68.81
81.12
77.24
64.29
71.67
76.72
73.35
76.95
77.65
70.20
61.73
58.25
55.52
53.37
52.18
51.53
52.54
55.39
63.37
65.27
69.87
73.21
65.59
69.76
79.44
74.16
67.52
74.35
65.32
70.05
85.67
80.10
84.90
73.63
63.00
58.88
55.43
53.17
52.18
50.42
52.53
55.58
60.51
71.54
74.16
67.34
75.42
69.72
71.06
80.63
81.84
79.68
81.65
87.65
83.40
83.03
75.00
85.93
82.70
65.20
56.42
53.52
52.62
52.08
54.49
60.57
57.55
61.27
70.46
74.66
74.34
80.59
79.11
78.98
86.02
80.24
74.77
69.95
66.98
71.18
79.62
72.02
63.42
61.43
55.98
53.40
52.45
51.83
52.56
51.58
50.59
60.32
63.95
71.18
62.72
60.72
73.54
63.16
60.75
58.82
59.75
64.00
63.23
56.98
54.83
56.88
60.60
53.00
57.68
50.98
50.53
50.33
50.09
50.45
50.59
51.54
57.73
64.86
70.10
75.22
63.03
57.98
62.73
55.94
54.47
64.55
63.48
59.95
61.42
57.30
56.50
49.83
49.65
49.13
48.22
48.35
47.23
48.39
49.30
49.37
53.55
50.89
54.57
62.36
63.79
52.35
64.18
56.83
52.92
50.70
53.53
54.55
51.48
51.25
48.83
47.88
47.23
46.27
45.23
45.97
46.14
46.25
46.56
47.70
50.94
51.38
55.86
52.32
50.18
50.05
50.88
51.65
50.00
63.32
62.35
56.72
54.28
51.72
49.63
48.47
47.68
45.95
47.00
46.28
46.40
47.27
48.77
53.61
55.07
56.25
51.89
62.07
64.73
54.81
57.95
53.25
52.37
51.92
52.07
53.88
53.42
51.90
50.25
49.17
48.92
47.75
47.70
47.52
46.93
47.82
47.46
49.27
50.11
49.93
52.92
54.25
52.24
57.43
56.72
57.65
63.47
55.67
55.68
57.18
56.52
53.38
50.22
49.57
49.27
48.42
47.00
47.05
46.94
47.53
53.09
50.15
51.15
58.01
56.29
51.19
56.35
60.88
63.72
59.89
60.35
57.65
62.62
62.87
53.13
55.95
51.10
50.28
49.13
48.70
47.07
46.95
47.92
48.07
49.66
53.36
57.32
55.62
61.60
60.45
57.59
62.96
53.44
55.03
54.62
55.13
58.38
61.17
62.00
55.85
53.02
52.92
51.50
49.70
49.18
48.05
47.32
49.04
49.85
54.54
60.43
54.98
66.31
70.89
73.00
71.59
69.18
73.89
66.82
84.72
82.57
74.32
73.53
61.40
58.70
55.02
51.13
50.10
48.90
49.55
49.80
52.48
65.61
54.73
62.19
63.82
69.36
72.68
71.54
72.23
64.89
61.00
69.32
68.55
81.57
69.58
65.18
60.57
57.45
53.05
50.70
50.28
48.55
49.43
51.20
53.25
57.43
60.86
67.03
61.75
62.72
57.77
71.61
62.18
68.87
63.84
61.43
64.75
69.82
74.23
67.83
62.43
58.17
54.98
51.18
49.35
48.07
48.73
50.96
53.70
58.27
69.59
66.08
72.78
69.65
74.39
66.31
60.64
63.37
62.42
60.75
74.00
64.20
78.33
69.03
65.22
60.52
53.93
51.47
50.37
49.30
49.15
52.38
55.12
53.28
58.36
57.50
63.92
58.23
59.95
62.26
63.26
59.85
61.94
62.20
63.63
75.42
78.80
72.50
67.52
62.75
53.57
51.23
48.30
47.93
47.20
51.09
51.37
52.63
52.52
67.17
77.27
68.52
71.49
81.42
68.43
66.13
58.02
60.47
66.93
61.95
68.07
60.27
62.72
64.03
54.08
56.43
51.98
48.88
47.72
49.43
49.18
55.26
60.29
55.51
64.09
71.88
70.16
70.35
73.73
74.03
70.70
74.35
64.10
67.42
67.97
66.77
62.05
62.87
57.12
52.90
51.00
49.87
48.50
49.12
48.65
54.82
61.34
74.04
64.93
77.93
77.44
62.55
69.47
75.51
73.83
76.72
83.55
78.13
79.25
69.60
63.10
57.67
55.67
52.28
50.75
51.02
49.35
52.53
53.70
56.39
61.95
64.64
67.67
74.64
65.46
59.60
64.03
70.16
71.68
67.58
71.57
82.78
74.57
74.38
74.20
62.92
55.90
52.12
50.33
53.95
49.90
51.37
54.38
56.65
60.95
63.02
60.31
70.31
62.86
68.33
74.99
65.87
65.35
69.87
81.68
82.45
73.88
74.23
72.02
65.28
61.38
51.02
50.17
49.58
50.43
50.46
54.87
57.84
62.75
73.19
65.55
73.20
71.08
63.00
61.40
74.12
68.64
66.97
73.37
73.87
71.92
76.43
82.58
63.03
58.43
54.90
52.43
50.72
50.50
52.67
58.94
53.97
55.61
61.61
68.87
79.56
70.28
63.61
71.49
66.89
64.14
72.87
70.92
74.38
73.32
68.08
77.53
58.62
55.05
53.12
51.38
51.67
49.27
50.25
58.10
56.82
55.87
66.14
61.26
75.10
77.53
68.69
79.05
67.29
69.04
68.70
73.33
73.97
69.68
68.52
69.75
62.22
58.72
53.63
51.35
49.77
48.73
49.16
53.14
53.28
67.36
58.40
69.35
66.57
78.24
73.02
68.66
63.70
67.28
62.82
73.13
71.93
64.68
66.78
67.30
59.88
57.03
62.20
51.88
50.07
49.25
49.04
49.98
52.90
59.82
64.97
70.51
73.54
69.91
69.46
69.97
79.26
66.15
67.50
76.45
78.73
81.12
80.32
69.67
59.10
53.27
51.43
50.53
49.03
49.05
49.72
52.53
54.60
55.82
63.28
70.48
69.80
78.84
64.86
69.44
77.63
73.66
75.50
75.88
81.30
87.95
76.43
81.50
64.48
58.73
54.52
53.07
51.62
51.82
54.56
68.62
60.02
61.28
62.50
60.13
65.12
68.41
66.86
71.21
72.62
82.76
73.03
75.88
81.83
75.95
72.13
69.62
65.20
59.70
55.80
54.50
52.62
53.18
55.61
62.88
64.99
73.88
73.26
78.00
71.40
71.93
65.14
71.11
72.69
63.92
70.78
68.93
76.60
71.38
70.27
66.83
70.15
63.43
53.05
51.48
50.90
49.94
55.98
56.48
59.05
66.43
69.67
69.45
72.81
66.28
69.66
73.94
70.78
73.38
82.75
79.63
81.95
76.30
54.00
37.36
69.50
57.17
56.65
54.73
53.38
62.46
58.06
61.53
63.32
65.34
65.52
62.33
69.32
69.52
82.55
73.83
68.22
75.49
66.75
61.58
72.15
67.72
65.95
67.95
60.03
56.75
55.18
52.88
51.13
50.56
51.00
53.89
51.94
59.34
70.93
59.11
64.42
80.72
76.73
74.06
67.57
70.35
69.93
64.98
69.22
65.13
65.95
62.45
58.98
56.43
55.03
56.02
51.50
51.00
50.53
51.12
58.37
67.34
59.62
66.70
75.40
81.04
78.70
69.45
78.93
70.89
73.18
82.57
84.55
80.78
76.57
65.93
60.55
57.00
54.87
52.65
51.50
50.68
52.25
59.48
59.85
66.16
59.23
66.75
65.37
66.15
60.56
72.86
72.56
70.25
74.13
72.73
84.20
83.47
82.27
70.22
63.80
55.98
53.92
52.27
51.60
51.62
53.53
57.10
61.60
66.00
62.34
66.93
67.04
72.22
69.31
79.40
79.56
73.62
71.90
77.40
82.02
81.72
83.68
79.78
59.23
54.35
53.05
51.03
50.97
49.80
53.31
55.96
62.42
60.17
57.40
67.55
76.00
73.96
63.95
70.92
66.00
67.99
64.92
76.35
76.75
82.22
73.95
65.48
62.25
56.73
54.02
51.60
50.85
51.13
51.26
54.10
56.13
64.19
60.84
78.01
74.74
60.46
63.45
65.35
66.80
67.99
67.32
66.72
75.23
67.87
79.35
77.10
63.43
57.10
54.42
51.58
51.42
49.82
59.51
56.38
57.26
56.63
58.15
68.29
76.94
79.25
77.99
72.26
79.53
71.46
71.98
71.08
65.78
72.97
65.18
70.40
70.98
58.92
57.03
53.73
51.22
49.67
51.46
51.42
51.58
55.73
61.21
65.72
67.76
68.96
67.11
71.95
73.86
62.65
69.70
78.23
78.52
74.42
74.45
71.72
63.17
65.73
55.13
52.02
52.10
50.73
54.80
51.75
58.98
65.81
66.40
74.86
71.62
75.19
73.23
77.81
84.40
75.17
72.45
81.85
86.17
85.90
81.77
77.10
67.27
59.35
57.53
55.12
54.63
53.35
55.00
60.01
64.42
62.01
70.93
71.89
83.80
81.54
75.93
70.69
77.87
71.58
74.43
77.97
86.75
79.13
77.28
74.25
67.07
63.37
57.78
56.97
55.72
54.82
58.58
64.07
59.93
65.79
67.64
68.24
70.16
63.82
72.07
77.12
72.30
78.35
71.28
73.67
79.15
85.62
85.93
69.22
71.65
59.63
55.10
52.12
51.22
50.97
51.56
55.71
58.77
67.10
65.38
71.82
62.43
74.78
70.16
74.51
64.94
65.91
63.60
62.63
65.82
72.55
75.37
67.87
67.08
57.12
54.07
52.37
49.97
51.03
55.35
55.20
60.25
59.71
61.78
36.80
67.78
60.72
62.07
75.33
75.60
78.05
67.53
71.73
78.85
66.70
68.13
64.00
63.63
58.42
54.73
52.77
51.88
51.38
52.25
57.04
66.24
71.93
63.02
74.76
76.71
64.96
74.32
70.96
70.22
66.47
75.35
66.13
68.97
61.12
62.87
60.32
57.82
55.38
52.45
51.17
50.40
49.68
50.46
52.11
52.60
55.11
64.12
66.48
70.68
66.02
70.73
65.41
64.49
70.79
67.98
65.78
67.78
71.08
69.40
65.47
66.33
56.85
53.85
51.18
50.68
49.86
49.77
50.20
64.06
68.96
64.63
65.74
71.69
79.03
73.33
68.85
69.99
72.65
72.83
72.18
76.43
85.05
74.38
68.45
74.77
61.15
55.22
53.48
52.12
51.84
53.72
56.74
58.99
57.07
55.23
60.07
69.15
66.52
63.93
74.02
65.57
68.41
75.82
76.53
77.90
79.57
79.47
73.48
69.13
56.50
54.02
51.47
51.23
51.28
56.81
59.30
59.51
58.02
70.36
71.20
58.50
64.67
69.09
64.59
70.65
77.58
72.70
66.57
74.90
72.38
74.38
70.12
58.55
54.95
51.28
48.32
49.80
49.46
51.17
59.30
58.79
57.12
75.06
62.63
58.02
73.11
70.89
78.00
71.69
64.07
72.55
71.15
79.90
72.47
70.53
63.97
60.27
56.48
53.33
51.20
50.58
49.61
50.51
53.48
56.99
64.32
74.45
72.49
68.85
70.29
67.15
76.46
72.86
72.83
71.97
70.68
70.88
71.87
79.18
63.10
60.98
56.75
53.60
50.63
51.35
50.28
52.25
52.72
58.36
66.96
66.41
66.00
75.36
76.65
77.44
64.74
75.50
71.16
70.22
80.62
70.05
68.02
71.50
68.93
56.80
57.72
56.10
53.92
53.27
50.54
51.55
57.13
56.41
61.11
58.89
62.73
68.63
64.80
64.16
62.99
70.92
61.20
63.60
70.58
66.10
66.57
64.68
62.10
61.57
62.45
59.05
53.43
52.23
56.36
58.46
52.49
53.81
60.34
73.59
68.38
62.59
64.70
64.51
69.64
66.17
70.33
72.03
71.93
78.08
70.13
69.03
63.23
63.45
60.12
54.62
52.23
51.12
51.39
52.69
58.40
58.77
57.90
60.35
64.23
80.19
70.29
71.48
64.51
63.69
62.24
63.68
81.07
84.33
78.50
81.15
73.05
64.60
59.02
53.53
52.30
51.52
51.33
52.97
55.31
61.52
62.88
66.62
63.05
66.91
67.41
72.45
63.48
62.03
73.71
61.63
64.07
69.38
77.43
72.88
64.72
59.20
56.97
52.53
51.95
51.28
50.61
52.18
59.30
60.93
71.50
64.00
67.60
66.61
76.42
75.63
67.64
66.18
68.75
73.97
64.37
69.45
67.95
70.00
68.72
63.78
60.27
53.47
51.80
51.60
50.46
51.81
54.65
56.92
64.29
74.62
69.20
70.84
68.77
76.61
76.23
73.42
78.99
74.93
71.03
75.47
70.93
68.25
65.33
60.42
56.78
60.23
55.37
52.57
51.24
53.46
59.18
59.42
61.84
70.51
66.11
79.62
77.30
85.29
82.98
73.06
81.75
75.38
72.73
69.75
75.65
71.43
65.03
65.42
67.37
58.57
54.93
54.15
53.73
53.97
58.02
71.79
65.01
65.15
64.57
77.27
73.31
71.12
67.48
72.84
68.50
69.55
74.92
78.02
69.15
67.05
63.38
59.53
57.03
54.87
58.20
50.62
51.28
51.26
56.56
55.25
58.58
74.58
70.13
73.34
81.49
75.56
77.46
70.28
75.82
66.85
69.70
74.87
66.73
66.35
64.25
61.43
58.40
55.62
53.28
51.35
50.68
51.92
52.10
57.42
66.32
75.40
70.74
65.79
64.55
63.66
78.52
69.85
71.78
67.78
73.35
72.28
76.57
66.87
64.18
56.85
55.47
55.77
53.73
54.60
50.44
56.00
56.17
57.51
59.03
68.06
64.35
65.42
62.98
65.12
70.66
75.23
69.08
64.80
65.05
70.93
72.25
67.22
64.53
63.87
56.78
53.83
51.35
50.17
48.44
51.99
54.85
60.62
59.11
73.35
75.38
71.54
78.65
74.85
71.72
69.22
63.85
66.49
79.55
70.40
60.52
68.90
62.13
57.50
53.30
49.72
48.10
47.20
47.11
47.73
49.21
57.91
66.20
73.89
67.26
73.54
71.34
70.79
71.87
70.24
69.47
66.95
62.22
59.17
56.75
52.17
51.77
49.38
52.38
46.62
44.90
43.88
43.68
44.35
48.55
53.99
55.89
69.40
59.63
58.53
59.24
56.60
54.73
60.30
61.51
54.58
56.05
57.38
64.42
49.53
48.25
50.93
53.67
46.32
42.60
41.95
41.40
42.10
45.45
51.95
56.52
53.00
48.08
52.00
60.19
55.22
47.52
49.63
49.52
48.95
45.37
43.78
51.62
45.90
42.17
41.57
41.45
40.98
40.77
40.32
40.24
40.84
40.53
41.29
42.32
41.70
42.04
42.75
42.78
44.03
45.16
48.90
46.16
48.08
42.43
41.60
40.55
40.28
39.60
39.72
39.23
39.15
38.78
38.48
38.11
38.67
38.96
39.36
38.79
41.21
40.09
40.69
42.00
41.67
41.65
41.81
42.31
41.29
40.87
40.25
40.40
38.93
38.97
39.18
38.87
38.80
37.87
37.90
37.49
37.50
38.24
37.95
37.56
37.17
39.02
40.92
39.46
39.58
42.60
40.89
39.61
39.53
38.82
39.63
41.08
38.75
38.25
37.68
37.50
38.17
37.55
37.27
37.14
38.69
37.69
36.94
37.60
37.85
37.25
37.72
38.03
39.79
40.21
40.75
40.95
54.83
46.02
55.02
41.77
37.82
37.93
37.80
37.12
36.62
36.55
36.37
36.11
36.84
36.77
37.27
37.16
38.07
45.93
47.24
39.31
41.27
42.58
42.21
49.70
39.60
39.73
39.87
39.07
38.63
38.33
37.72
38.22
37.83
37.77
37.30
37.10
37.47
37.60
20.79
37.55
37.58
37.24
37.78
37.61
37.92
39.62
39.16
39.19
38.95
38.67
38.88
38.07
37.98
37.60
36.73
36.92
37.48
36.37
36.83
36.27
36.78
36.89
37.05
42.09
39.26
39.02
41.61
41.01
39.49
40.08
40.30
40.27
39.59
38.92
38.47
38.33
38.25
38.32
38.13
38.15
38.07
37.87
37.43
37.65
37.56
37.45
38.37
37.61
36.60
37.33
37.16
38.82
39.56
39.12
39.19
39.06
39.18
38.60
38.37
38.53
38.17
38.10
37.88
37.70
37.38
37.23
36.50
36.96
37.31
37.04
37.80
37.47
37.70
37.53
38.03
38.82
39.58
40.34
41.67
41.55
41.12
40.70
41.60
39.98
39.70
39.17
39.30
40.75
39.45
38.63
38.15
37.87
37.92
38.03
38.88
39.26
39.65
40.03
39.60
41.27
41.32
41.65
42.83
42.31
41.97
41.82
41.18
39.70
39.82
38.83
39.85
39.53
38.17
38.15
37.88
37.08
37.17
38.20
38.98
39.72
40.36
40.80
41.54
42.68
42.38
43.52
42.86
44.02
42.93
41.88
41.20
40.98
40.08
39.22
39.28
38.45
37.73
38.12
37.42
37.69
37.52
37.89
38.50
37.68
38.88
38.92
39.95
40.17
41.16
41.82
42.11
41.55
41.23
40.83
40.15
40.18
39.55
39.47
38.62
38.12
37.85
36.82
37.20
36.57
37.59
38.08
38.64
39.39
40.43
39.74
40.32
39.55
40.78
41.46
41.62
41.25
41.17
39.65
42.22
40.12
39.48
39.42
39.05
38.87
38.85
38.80
38.30
38.42
39.23
41.57
42.45
41.97
41.08
39.91
40.90
41.18
41.79
42.54
42.33
42.58
41.64
40.65
40.57
40.45
40.47
40.60
40.50
40.55
40.10
39.92
39.53
39.75
40.05
40.23
40.60
41.94
42.05
42.44
42.63
42.64
43.71
43.45
42.00
41.98
41.57
41.35
41.25
40.17
40.70
40.62
40.42
40.02
39.65
39.43
39.08
38.88
39.94
40.14
40.95
42.29
42.88
43.22
43.28
43.83
43.25
43.73
42.74
41.34
41.03
41.05
40.92
40.95
40.05
40.47
40.12
39.15
38.73
39.42
39.03
39.51
40.01
40.17
40.80
41.77
41.17
39.98
40.82
40.60
40.17
39.27
40.07
39.67
38.61
38.80
38.88
38.88
38.52
38.55
38.42
37.37
38.03
37.77
37.63
37.19
37.68
37.71
38.24
37.88
36.97
36.60
37.54
38.80
37.64
38.80
38.43
37.84
37.63
36.78
37.28
37.55
37.73
37.13
35.68
36.52
36.58
36.43
35.65
35.51
36.70
36.78
36.98
37.64
36.62
35.43
35.89
37.16
36.95
37.85
38.36
38.20
38.12
37.67
37.47
37.32
36.57
36.80
36.77
36.63
36.67
36.55
35.43
35.82
36.86
36.21
37.29
36.37
36.63
35.82
36.24
36.71
36.95
37.51
39.08
39.10
38.84
37.40
37.40
37.17
36.50
37.05
36.13
36.62
36.42
36.08
36.23
35.60
36.48
36.45
36.18
36.27
36.48
37.04
37.01
37.39
38.97
40.01
41.02
40.99
40.69
39.18
38.27
37.95
37.75
37.80
36.93
37.73
37.53
37.20
36.93
36.84
37.21
37.82
37.10
37.19
38.52
36.95
38.03
37.90
38.92
39.20
40.60
40.58
39.82
38.90
38.07
38.22
37.47
36.88
37.88
38.12
37.33
37.25
36.82
36.96
37.30
36.77
36.91
37.17
36.52
37.13
37.58
38.27
38.04
39.48
40.23
40.06
39.28
38.25
38.43
38.67
39.05
38.12
37.47
37.25
37.12
36.67
36.25
35.88
36.50
36.99
37.34
36.47
35.99
35.14
37.54
36.55
36.46
36.94
37.60
38.07
37.62
36.40
36.48
36.78
37.10
36.08
35.70
35.42
35.27
34.68
34.28
34.33
36.15
34.61
34.80
35.67
35.43
35.42
35.92
36.02
37.48
37.60
38.05
39.10
37.79
39.37
38.95
37.27
36.65
35.70
35.00
34.68
34.47
34.42
34.15
33.86
35.36
35.32
35.80
36.22
37.42
37.42
38.60
39.95
41.00
44.91
48.01
44.03
50.96
41.72
40.57
40.28
38.05
38.03
37.17
37.05
37.03
35.78
35.82
35.78
35.37
37.33
37.93
38.89
41.22
40.04
40.51
41.97
43.39
48.38
44.74
44.14
43.83
41.85
39.27
36.50
34.83
33.20
32.83
32.58
32.27
31.98
31.79
31.50
31.88
32.39
32.83
33.14
34.06
34.66
35.00
36.53
39.51
40.78
40.60
40.22
39.36
39.20
37.73
35.78
35.08
35.07
34.15
34.03
33.37
32.95
32.89
32.40
33.01
34.14
34.75
35.62
36.92
37.06
37.55
40.03
44.06
44.07
43.46
46.02
43.10
44.62
42.35
42.73
39.92
39.55
36.42
35.20
34.68
34.18
33.94
34.58
35.42
37.56
39.14
39.01
39.40
38.97
39.86
39.51
41.81
42.92
41.87
43.92
41.77
40.72
45.30
44.05
41.35
37.65
34.90
34.68
33.33
31.87
33.35
34.63
36.37
37.21
36.43
36.28
36.42
36.27
38.16
38.86
40.12
41.35
41.88
41.64
40.83
43.25
44.73
42.45
42.15
41.22
36.77
34.68
34.08
34.23
33.45
34.70
36.89
36.49
37.20
37.67
38.87
37.86
38.52
39.03
39.80
40.44
41.81
43.71
45.14
44.38
48.30
45.93
44.80
41.53
40.12
39.17
37.98
36.58
36.24
37.37
37.50
37.77
39.05
39.83
40.47
38.46
38.64
39.98
41.92
44.35
50.48
45.75
47.32
45.92
45.18
44.33
42.52
40.75
38.95
38.37
36.15
36.53
35.79
35.90
38.25
37.96
38.52
38.80
40.51
39.45
46.06
40.57
41.91
43.77
46.05
44.20
43.62
47.43
44.13
43.10
39.75
38.48
37.75
36.85
36.38
35.18
35.39
35.38
35.65
36.32
36.53
37.34
44.59
38.27
40.51
39.45
40.49
41.32
41.72
42.17
42.26
41.08
41.53
41.02
39.93
38.53
37.28
36.95
36.43
35.72
35.34
34.60
35.51
36.26
37.18
38.15
38.65
39.26
40.50
52.73
43.50
42.60
44.44
43.96
45.11
47.75
47.53
51.45
47.73
43.23
41.87
40.40
39.42
37.68
36.52
37.59
38.98
40.01
39.50
39.66
40.48
40.91
40.38
41.78
42.78
44.19
43.96
44.76
44.76
44.32
46.88
46.18
44.68
43.35
41.58
40.18
37.67
37.73
37.17
37.47
38.78
41.10
41.29
41.93
42.49
41.93
43.59
43.81
44.62
45.26
46.37
46.77
45.24
45.57
47.75
48.72
47.43
44.62
42.50
40.83
40.33
39.10
38.09
38.38
39.41
41.61
44.96
44.62
42.99
43.16
43.26
43.88
45.15
45.85
47.39
52.44
47.24
47.22
50.10
49.30
46.47
44.88
43.25
41.73
39.90
40.05
38.89
39.56
40.58
40.37
43.48
42.75
43.59
41.61
43.41
41.79
42.81
45.54
44.59
48.24
47.94
44.15
45.83
46.13
44.63
41.23
39.65
38.68
37.90
37.42
36.57
37.75
41.18
40.89
40.12
38.55
37.04
39.71
39.83
39.93
43.49
40.18
39.45
38.55
38.50
37.67
37.25
36.58
36.60
36.18
35.57
35.28
35.27
34.75
34.47
34.23
34.56
35.13
39.92
37.67
35.52
35.90
40.00
44.78
40.66
37.47
38.52
38.34
37.28
37.90
36.50
36.75
43.60
37.52
35.50
35.82
35.60
35.08
35.25
34.35
34.74
35.54
35.21
36.44
36.12
37.49
48.08
37.40
38.48
41.00
40.58
52.20
42.01
41.47
41.70
42.55
43.33
40.70
40.80
39.33
38.40
38.33
37.22
37.04
38.52
38.15
37.65
37.30
37.55
37.81
36.56
35.79
36.26
37.13
38.10
40.19
38.97
38.40
39.07
41.02
40.13
38.73
37.63
36.07
35.65
35.30
34.70
35.13
36.88
37.06
36.35
36.10
36.50
36.19
34.95
35.18
36.99
38.11
41.35
42.02
39.00
38.73
39.53
39.65
39.80
37.42
36.72
35.45
34.77
35.02
34.78
34.47
35.63
37.63
34.56
42.04
40.85
38.35
38.10
38.89
40.26
41.32
43.79
42.72
41.97
41.10
43.05
26.28
38.48
41.15
39.35
38.43
36.48
35.90
35.02
34.73
37.19
35.05
22.64
38.08
38.57
39.45
39.64
40.59
40.59
41.36
42.78
44.31
43.41
43.03
46.68
45.65
44.50
42.07
40.00
38.57
37.58
36.72
35.95
35.97
38.26
38.11
38.54
38.76
39.35
39.61
39.46
40.70
42.45
51.02
51.13
42.53
42.14
41.55
46.47
41.53
40.02
39.32
38.28
36.52
36.22
35.70
35.47
35.51
35.97
37.33
38.16
38.83
38.94
41.92
41.28
41.34
46.42
49.50
45.57
42.44
41.64
41.10
40.58
42.42
39.53
38.37
37.97
37.57
37.50
36.48
36.02
35.88
36.08
37.02
36.92
37.73
38.03
39.64
49.86
45.66
51.13
50.47
49.06
44.27
43.00
43.10
41.98
41.80
41.02
38.85
37.92
37.05
36.55
36.23
35.50
35.10
36.15
38.09
39.22
38.00
38.25
40.05
39.86
40.71
41.13
41.66
41.75
41.87
41.90
41.32
43.23
46.37
40.38
38.88
36.92
35.05
33.87
33.73
33.37
32.81
34.07
38.47
37.88
38.17
38.67
38.49
39.11
39.22
40.90
40.67
41.67
42.20
40.86
41.50
41.45
41.37
40.48
39.07
37.12
37.00
34.98
34.45
34.14
33.76
35.36
37.19
41.78
38.63
39.61
39.88
39.56
40.36
40.48
42.83
43.35
44.47
43.53
42.77
44.13
42.65
41.45
40.65
39.17
37.70
36.38
36.33
36.15
35.42
38.47
39.15
39.29
39.76
40.16
39.54
40.14
40.93
42.58
42.92
43.26
43.62
44.26
42.65
42.27
38.77
43.40
40.20
40.30
39.90
38.85
39.70
37.88
37.06
36.55
32.21
38.63
41.11
41.22
40.94
45.14
43.16
52.43
44.75
45.75
46.14
46.03
52.28
43.62
42.30
43.92
41.90
41.10
40.53
40.30
40.37
40.07
39.36
40.01
41.24
42.19
42.26
44.06
43.06
43.14
44.12
45.12
46.13
46.40
44.10
45.86
44.73
44.30
44.18
43.38
42.40
42.15
41.33
41.90
41.42
41.07
40.68
41.09
42.08
42.30
42.69
44.50
49.93
54.24
45.07
45.40
45.61
45.82
46.70
47.72
57.45
45.23
46.32
42.82
45.30
45.72
45.80
44.75
44.22
43.48
42.60
43.41
43.36
43.13
42.27
41.98
42.42
42.89
43.07
44.30
45.81
46.55
45.46
45.83
45.20
45.00
44.98
43.80
43.02
42.25
41.53
40.78
40.67
39.93
40.13
42.23
42.54
43.08
41.69
43.62
43.39
43.06
46.47
43.88
44.93
45.93
44.94
44.85
44.50
44.97
44.03
42.83
41.52
40.62
39.62
37.05
37.38
36.85
36.14
38.36
40.00
40.73
41.91
41.78
41.70
42.12
42.56
43.17
46.89
44.68
45.27
44.05
47.90
45.38
41.72
41.55
40.65
39.08
38.35
38.18
36.50
36.02
36.62
37.81
39.85
40.33
40.39
39.11
40.26
40.18
41.68
46.89
49.74
43.72
43.08
43.07
42.65
42.10
41.18
40.82
40.58
39.90
39.00
37.40
35.98
35.72
34.92
36.71
38.77
39.64
42.94
42.49
43.15
42.75
42.00
42.15
43.11
43.77
43.88
43.59
44.07
46.13
48.03
44.40
43.33
42.17
40.98
40.15
38.10
36.85
36.59
39.92
43.84
41.83
40.59
40.65
42.00
41.47
41.03
41.80
42.71
43.74
43.90
43.15
43.80
45.45
45.18
45.17
43.58
42.50
41.83
41.47
41.17
39.92
38.42
40.60
42.13
42.62
44.29
45.22
43.50
43.31
43.33
44.77
49.33
48.75
46.14
45.06
51.37
53.58
48.38
47.22
43.03
40.08
38.53
37.52
36.67
36.28
36.00
38.34
49.11
43.54
40.83
39.79
39.45
38.98
39.77
41.20
43.53
43.89
44.42
44.26
44.18
48.60
53.35
48.02
42.87
41.60
38.77
37.67
37.43
36.65
35.99
39.07
41.65
41.82
39.46
40.06
41.19
40.65
40.67
42.45
42.96
44.23
44.54
44.19
43.07
46.22
51.98
48.15
43.98
42.23
40.73
39.25
38.32
36.80
36.43
38.88
44.55
43.55
43.36
42.31
42.04
42.62
44.46
44.48
45.51
47.75
46.98
47.53
45.78
48.52
49.68
47.85
45.72
44.63
43.32
42.72
42.25
41.43
40.79
42.72
45.29
44.87
42.31
42.87
43.19
43.09
44.40
45.20
45.73
47.13
48.59
50.25
60.82
49.48
47.23
49.70
46.50
44.62
42.85
41.68
41.27
40.72
40.60
41.55
44.67
43.72
45.47
45.24
44.64
48.78
45.98
50.59
49.00
46.28
45.77
45.57
45.72
50.33
63.08
45.78
46.63
46.97
43.47
41.77
42.47
41.95
41.74
41.68
43.38
45.87
47.15
42.59
43.98
43.19
45.90
44.91
45.28
46.54
45.30
45.05
44.63
46.47
51.45
48.40
46.00
47.48
45.55
43.90
43.38
43.23
42.71
44.74
47.15
45.87
45.36
47.33
48.01
52.26
55.72
53.33
46.35
47.28
48.66
47.98
53.78
55.73
63.70
50.82
50.33
47.43
45.38
44.55
43.88
43.20
42.40
43.71
48.95
46.37
43.97
44.04
44.08
43.95
44.90
46.62
48.88
50.97
50.20
50.25
50.33
51.65
55.33
54.08
51.98
50.62
47.77
45.98
44.73
44.72
44.26
45.72
47.11
44.38
44.94
44.63
45.57
45.13
45.33
46.23
47.22
50.35
49.20
47.65
49.78
59.18
60.50
52.90
48.42
49.23
47.95
46.40
45.18
44.95
47.00
47.64
49.80
48.41
49.38
50.73
49.77
50.41
50.77
53.31
55.82
55.11
53.75
52.74
53.35
57.28
61.17
60.35
52.88
54.50
54.23
50.20
49.00
47.72
46.61
52.69
50.15
48.56
49.29
49.41
47.45
46.87
47.47
49.78
55.49
58.06
55.12
52.82
50.43
57.68
58.15
55.68
55.73
53.40
50.68
49.35
48.80
47.73
47.47
51.95
49.61
50.27
54.28
51.03
52.41
50.59
51.58
51.32
52.16
51.14
51.28
49.56
50.17
50.00
49.20
48.62
48.45
48.63
48.03
46.25
47.82
47.48
46.07
46.74
48.97
49.27
48.43
48.87
48.86
49.21
48.93
49.30
49.72
50.33
50.48
50.07
49.52
49.52
48.98
48.40
48.87
48.92
48.68
48.65
48.53
48.67
48.18
48.66
50.00
50.31
50.69
50.67
50.55
50.38
50.78
51.34
52.96
53.22
53.02
52.60
51.95
51.23
51.22
51.32
50.97
50.85
50.93
50.65
49.87
49.38
48.73
49.06
49.65
49.69
51.22
51.41
54.50
54.25
54.29
54.75
54.04
54.03
53.17
52.92
53.22
52.43
50.07
50.58
50.93
50.80
50.58
50.60
50.47
49.98
49.04
49.82
50.18
51.60
52.59
52.13
51.87
53.05
52.57
52.40
53.94
54.54
54.80
54.22
53.23
53.18
51.58
52.37
52.60
52.12
51.50
52.27
51.62
51.38
51.49
50.84
51.94
51.20
52.00
52.38
52.06
53.69
53.25
53.45
53.86
54.47
53.71
52.73
51.97
51.43
50.58
49.52
49.25
48.52
49.25
49.48
49.40
49.23
48.85
49.36
50.61
52.27
53.75
55.43
54.70
54.73
56.09
56.53
58.27
58.42
58.73
56.29
55.08
54.78
53.98
54.05
53.68
53.12
52.83
52.10
51.35
51.42
50.54
51.41
53.00
54.12
53.98
53.59
52.43
53.45
54.99
55.49
54.85
53.86
53.28
53.03
51.52
52.17
51.58
50.50
51.33
51.12
51.23
51.05
50.20
50.65
50.20
50.65
51.47
51.01
51.82
52.06
51.44
52.65
53.13
53.69
53.90
54.11
54.12
53.35
53.05
52.75
52.23
52.23
51.72
51.63
51.40
50.63
51.15
50.90
50.62
50.64
51.54
52.10
52.35
51.90
52.64
53.12
53.84
54.79
57.78
59.70
54.30
53.83
53.48
53.23
52.55
51.92
51.95
52.35
51.65
50.58
51.32
50.78
50.07
50.87
52.10
52.53
52.76
53.36
53.68
53.92
53.81
54.47
54.11
53.81
53.83
53.47
53.15
54.10
52.17
53.45
54.27
51.67
51.57
51.33
50.52
49.79
49.58
51.07
51.76
53.43
53.82
55.81
57.57
58.57
57.46
58.31
58.37
57.20
56.22
55.57
54.43
54.12
51.92
49.93
49.50
48.78
48.45
48.30
48.37
47.37
45.62
47.70
47.03
46.29
46.60
47.04
46.90
48.79
48.27
48.45
48.28
48.01
47.85
48.57
48.85
48.27
48.22
46.87
46.68
46.22
45.45
45.68
45.45
45.00
44.29
44.98
46.16
46.53
47.66
46.80
47.26
47.75
47.69
48.76
49.52
49.78
50.07
50.37
50.30
49.60
49.07
49.05
48.63
47.38
47.73
47.73
47.30
47.15
46.62
47.04
48.21
48.14
48.09
48.93
48.38
49.23
49.71
49.93
50.29
50.93
51.05
51.14
50.45
50.65
50.27
49.22
48.80
48.63
48.60
48.22
48.33
47.57
47.52
47.47
48.43
48.88
42.63
41.54
39.93
44.81
40.88
41.69
41.93
43.88
43.09
42.62
42.78
47.47
45.47
42.65
41.12
40.97
41.32
41.35
40.93
40.77
40.74
40.77
41.00
42.06
41.79
43.11
43.06
43.88
43.98
44.66
45.22
45.76
47.34
47.78
46.20
48.23
53.17
43.87
44.78
43.97
43.47
43.27
42.90
42.68
42.30
42.57
43.35
44.50
44.24
44.75
45.27
45.19
45.68
46.17
47.15
46.60
48.01
46.15
45.88
45.93
45.28
45.83
44.93
43.95
43.60
43.57
43.43
43.22
42.36
41.85
43.16
43.92
43.12
43.07
44.17
43.74
44.00
45.23
45.19
45.25
50.03
45.35
45.27
45.43
45.18
44.50
44.32
43.67
43.50
42.93
42.55
42.58
41.84
42.73
45.03
44.23
44.66
44.54
44.13
45.15
45.94
46.85
47.03
46.27
47.29
48.97
46.62
45.75
48.72
44.37
43.72
43.58
43.00
42.95
42.57
42.22
42.14
42.60
42.87
44.09
44.45
43.61
43.92
43.76
45.30
45.46
47.21
46.70
47.16
47.19
46.48
46.18
46.25
46.00
45.77
44.90
44.72
44.32
43.72
43.18
43.20
43.28
48.32
50.90
45.17
44.49
45.17
47.77
47.03
45.82
48.03
47.31
46.95
47.00
46.33
49.37
45.72
45.43
44.32
43.98
43.92
43.17
43.05
42.58
42.38
42.21
43.33
44.07
44.61
43.87
43.99
45.29
46.20
47.57
47.76
48.55
52.71
51.99
47.17
45.43
44.87
45.33
48.00
43.13
42.13
42.48
42.15
40.10
40.85
41.96
42.30
44.08
46.48
49.32
51.48
50.02
51.09
52.14
53.91
53.85
55.17
58.30
53.33
52.47
51.95
48.60
47.00
46.15
45.33
44.77
44.25
43.93
43.62
45.16
45.19
44.79
44.67
44.80
44.72
45.30
45.87
47.44
47.47
49.17
49.53
48.72
51.53
47.85
47.65
47.70
45.95
44.45
44.08
43.82
43.05
40.80
39.32
40.96
44.76
44.52
44.60
46.10
46.47
47.68
49.27
49.84
49.63
51.10
50.60
49.63
49.10
48.67
51.88
47.75
47.00
45.92
45.12
44.90
44.58
43.12
42.28
44.06
46.79
47.24
53.67
50.42
48.14
48.25
49.77
53.99
58.29
63.21
54.58
62.24
52.28
52.82
53.77
52.97
56.95
49.45
47.22
46.33
45.32
44.40
43.70
44.64
46.47
48.12
50.58
54.09
54.21
57.36
62.94
63.45
59.55
59.32
63.64
65.93
56.90
58.75
54.05
52.82
49.78
48.30
46.82
45.98
45.65
44.00
45.37
46.39
47.78
52.57
49.02
50.39
58.00
50.86
51.62
52.83
57.91
56.00
59.70
54.80
56.23
56.13
66.70
54.00
50.70
52.45
48.85
48.18
47.05
47.22
46.82
47.57
49.06
51.06
55.18
54.36
54.74
55.59
63.68
74.08
71.92
61.80
63.80
61.92
62.68
57.47
60.82
56.05
60.80
55.17
49.43
48.37
47.55
46.88
46.02
48.48
52.54
61.50
66.76
71.48
69.95
77.58
79.27
72.24
76.85
77.57
72.71
77.95
72.52
71.58
81.17
71.27
67.48
61.70
58.28
55.35
53.65
52.62
51.68
53.80
58.26
64.73
58.78
54.68
57.64
60.81
62.03
67.26
74.95
77.47
81.84
67.75
62.32
64.87
65.92
76.50
73.87
60.17
57.23
54.87
52.42
50.50
50.41
52.23
57.40
66.59
66.37
76.79
70.96
69.85
63.90
60.02
61.67
63.47
69.71
81.17
84.05
78.18
83.07
83.28
68.25
64.35
57.42
57.03
55.63
53.95
53.59
54.84
60.58
64.77
71.34
74.36
82.09
81.00
87.19
84.74
83.83
61.40
68.56
72.32
67.05
75.62
75.93
78.27
69.62
60.83
56.47
54.93
53.80
52.98
52.52
54.91
59.87
62.17
68.52
69.73
67.39
68.58
66.04
82.31
79.07
82.39
79.00
76.82
74.78
79.53
75.02
80.87
64.97
59.05
57.62
56.33
55.42
55.37
55.09
63.59
60.86
63.49
73.38
79.95
76.81
76.64
80.36
81.14
80.29
75.96
69.90
71.32
75.40
78.23
75.55
68.65
66.03
62.12
59.35
56.87
55.27
54.53
53.65
56.38
54.55
58.26
71.09
78.25
80.27
79.49
78.53
79.74
81.80
84.83
77.91
80.65
78.37
68.05
71.52
74.05
67.78
67.90
63.42
61.17
56.87
55.57
55.02
54.49
56.36
62.44
69.07
77.58
79.21
78.93
83.92
86.61
82.32
83.13
78.90
74.05
78.43
84.20
93.40
75.80
69.83
64.38
58.38
56.32
55.83
55.85
59.09
62.34
67.00
66.98
62.94
68.48
64.35
69.11
72.87
73.87
74.63
71.91
71.95
76.00
86.97
86.87
90.03
82.88
72.38
61.58
58.62
57.38
55.53
55.27
56.44
58.34
63.74
67.38
70.33
74.88
67.51
84.61
77.04
77.93
83.57
84.23
73.15
77.30
81.15
88.13
90.50
78.75
69.45
62.02
58.95
57.63
56.22
55.65
54.98
58.26
61.73
60.69
64.40
75.70
69.82
73.02
75.27
74.79
69.84
73.58
88.69
81.33
83.65
87.42
81.47
81.15
83.80
69.07
58.57
55.85
55.05
53.78
53.93
57.74
61.72
62.78
72.65
75.97
67.53
69.76
70.76
74.63
76.81
71.87
71.60
68.38
70.22
78.50
74.58
85.40
80.98
66.60
60.27
59.03
56.85
55.88
58.15
62.60
63.62
62.87
66.26
78.28
71.18
76.46
83.37
85.41
88.79
80.73
70.47
71.15
70.97
72.50
74.48
75.23
70.02
70.10
61.70
56.57
55.77
57.15
54.31
54.19
55.66
60.23
60.38
73.97
76.09
75.83
76.83
75.35
79.15
72.02
68.81
77.20
71.15
77.90
74.90
68.82
65.32
66.27
61.37
57.67
55.73
54.67
53.95
53.14
55.96
63.99
60.90
64.61
75.54
77.34
80.64
81.78
82.99
76.43
70.54
61.63
69.50
64.85
66.57
70.58
68.35
63.27
60.70
58.50
55.87
55.10
54.21
54.23
57.96
62.02
58.90
68.39
78.08
78.32
72.77
78.40
76.72
82.62
81.46
75.93
82.17
89.45
83.20
84.17
68.60
63.43
59.45
58.08
56.70
55.50
57.66
62.66
62.47
66.25
74.24
64.76
73.17
73.79
68.21
71.55
82.77
76.12
81.82
73.22
79.78
88.93
84.42
78.22
68.20
66.85
65.90
59.28
57.42
56.00
55.71
58.07
61.90
62.24
68.50
70.97
67.04
66.28
78.10
74.96
79.60
76.13
71.37
74.43
73.37
83.52
83.65
75.22
68.38
65.60
62.73
60.10
58.27
57.12
57.33
61.54
61.58
66.15
64.91
68.10
71.96
68.94
80.07
74.35
73.57
79.41
81.31
82.28
85.25
83.27
81.87
75.48
73.30
69.82
63.22
59.28
56.95
56.18
55.00
56.25
62.80
76.73
74.84
79.03
79.38
73.99
69.96
85.51
82.97
79.11
83.63
71.28
76.80
81.15
72.42
70.38
66.53
68.35
66.98
59.55
57.20
56.93
56.29
56.13
58.36
58.34
61.97
69.67
75.30
84.52
76.34
77.10
82.52
80.78
76.35
68.50
82.13
85.78
78.97
75.78
70.45
66.32
64.42
58.27
57.15
55.85
54.04
54.65
56.38
60.41
69.23
74.31
80.37
81.66
79.44
85.94
82.64
77.34
82.98
85.92
86.98
82.40
80.32
77.83
76.82
63.98
61.52
55.22
53.78
53.35
52.68
58.15
59.66
65.92
63.63
67.98
71.79
72.41
70.52
75.88
73.42
72.77
68.69
70.13
76.97
83.77
86.55
86.42
81.13
66.37
74.98
61.33
57.63
54.98
55.32
65.05
58.91
62.69
67.07
68.65
72.56
74.27
69.56
73.82
72.42
79.32
76.05
75.30
84.02
83.40
80.90
72.25
72.68
68.90
61.25
55.92
54.88
53.58
52.46
55.65
58.20
60.67
67.77
70.65
68.90
69.48
76.29
77.88
74.04
73.24
75.31
78.28
77.00
77.75
89.93
75.02
68.95
62.42
58.32
55.48
56.60
55.73
52.39
49.44
56.94
59.22
64.36
74.07
72.67
70.14
68.77
79.14
78.64
74.16
74.22
74.45
76.55
72.93
85.50
74.43
69.47
61.93
57.02
52.15
49.02
48.67
49.01
54.26
54.86
63.82
76.23
77.67
69.29
67.17
82.49
85.40
89.50
84.02
82.12
74.08
77.68
78.22
69.73
70.20
67.57
63.33
60.80
57.88
56.25
55.30
54.85
58.69
59.95
61.02
60.14
67.45
66.41
71.36
78.60
79.64
74.96
85.70
72.11
78.13
71.43
80.22
75.10
67.95
65.02
62.98
61.52
61.50
65.62
56.17
51.34
52.02
56.24
56.27
64.62
78.73
73.84
80.62
84.76
82.93
80.31
85.34
83.67
87.47
91.12
90.17
85.15
82.38
82.47
70.43
63.95
56.65
54.55
54.70
53.10
55.51
58.69
61.55
62.72
69.21
73.83
75.68
69.39
77.37
78.70
81.19
73.23
74.27
83.73
83.08
77.43
78.87
69.47
63.53
55.85
53.35
51.45
49.83
54.80
53.37
61.81
68.44
70.17
68.87
68.07
73.48
74.84
68.82
64.95
68.24
73.42
74.62
70.85
82.20
77.10
80.77
74.13
67.55
58.23
53.82
50.75
50.68
52.96
56.30
56.40
58.46
68.21
72.15
68.84
65.62
71.11
78.13
67.83
73.06
78.18
70.80
75.53
75.50
77.83
69.65
69.32
64.37
60.83
55.43
50.10
49.40
48.73
52.33
57.12
61.60
60.43
75.20
66.13
75.22
67.41
71.55
80.94
69.17
77.76
77.07
76.48
84.50
83.72
79.05
69.35
60.22
54.85
51.10
48.73
47.92
48.60
58.23
56.11
58.44
64.21
77.80
65.09
64.56
75.09
72.85
78.89
77.45
75.99
74.57
74.60
67.15
78.85
69.98
66.87
62.55
55.58
52.97
50.67
48.15
48.12
47.53
49.14
50.28
54.44
59.39
73.39
72.50
73.68
69.79
78.56
65.41
65.25
64.58
71.75
73.15
67.13
63.08
59.63
58.18
62.10
52.18
49.02
49.22
48.38
47.36
48.15
52.10
59.38
65.99
67.46
80.51
78.31
79.07
75.99
73.28
82.13
81.98
83.47
91.95
90.70
87.35
86.72
68.72
60.32
56.53
54.45
53.18
54.45
56.57
60.80
61.31
70.06
66.31
69.21
68.96
77.47
74.08
71.62
74.32
74.92
78.60
75.27
69.82
77.48
73.78
72.80
67.07
60.40
50.58
54.37
50.48
49.02
51.21
54.72
61.30
65.72
63.63
63.05
73.02
71.55
67.63
79.72
78.08
73.35
72.68
74.77
74.80
76.83
66.92
64.57
58.65
55.62
59.25
49.73
49.30
49.29
50.11
53.93
55.33
55.08
66.57
75.35
66.40
76.97
71.24
68.35
77.16
74.80
76.95
73.03
78.50
79.75
69.83
74.05
66.18
55.88
53.18
50.40
49.58
49.10
52.46
58.10
56.52
61.94
70.91
71.90
62.18
71.48
68.82
69.91
72.48
76.84
73.70
70.48
75.18
76.90
76.25
69.60
59.53
53.78
50.18
48.72
48.60
52.79
52.52
57.22
55.08
67.65
68.63
68.79
59.94
68.38
72.35
82.36
71.90
69.22
72.90
73.48
61.18
63.45
69.33
61.38
66.80
62.83
53.37
50.07
48.48
48.02
48.62
49.27
51.27
68.26
69.20
79.29
72.03
71.36
79.16
70.86
83.76
81.84
79.60
78.10
74.80
69.45
66.57
67.38
60.80
63.62
60.70
51.52
50.12
53.74
50.03
50.48
62.87
67.38
72.75
70.97
81.70
78.72
81.13
71.96
85.48
84.52
80.38
75.28
79.03
82.53
82.78
67.95
61.65
58.87
53.58
52.08
49.28
48.52
51.49
43.67
56.92
62.81
68.53
72.22
63.85
67.56
73.72
71.75
72.21
76.19
69.90
70.87
68.92
81.05
75.02
66.02
64.52
55.02
50.40
48.15
50.87
48.53
48.35
53.08
58.37
70.96
74.19
74.10
73.47
69.77
67.66
77.04
67.84
74.29
71.25
78.12
70.70
66.33
73.22
65.00
59.90
56.70
50.55
49.10
47.60
48.72
50.40
52.31
55.65
60.78
60.39
61.28
66.34
72.64
69.96
69.03
70.75
80.17
65.70
72.58
68.87
69.53
78.85
78.93
69.37
56.65
50.48
48.33
47.87
47.39
49.43
51.94
57.04
64.74
72.18
69.50
84.22
78.12
71.30
81.99
81.68
78.37
71.12
76.88
79.03
82.82
78.35
65.38
61.87
62.37
53.67
51.82
50.98
51.04
55.55
55.91
63.88
76.80
72.69
66.35
68.78
77.13
72.98
85.26
76.39
70.75
73.60
68.32
69.30
72.80
62.42
62.02
61.70
64.95
55.27
52.00
50.22
49.05
48.53
56.15
56.10
64.46
69.97
72.87
82.00
77.94
81.62
80.09
74.23
67.82
63.10
65.78
74.22
65.08
65.98
75.48
60.67
56.52
55.30
51.93
49.88
49.97
48.95
51.21
66.07
63.91
60.30
78.56
75.22
76.11
78.26
82.87
78.85
81.87
73.72
78.00
83.32
86.15
77.23
65.42
61.77
55.68
52.65
50.87
49.37
48.28
50.29
54.22
57.95
62.08
66.03
65.55
70.89
71.16
76.44
76.19
76.60
77.07
81.83
80.87
84.90
75.77
72.45
68.10
60.25
52.93
50.48
49.33
49.33
49.85
52.63
55.15
67.91
66.60
66.11
67.79
71.50
70.88
68.16
71.79
68.34
66.15
77.97
80.72
81.27
71.28
77.13
74.07
56.67
53.58
50.60
48.52
46.82
47.45
49.21
53.55
57.80
64.40
70.88
62.61
66.59
78.23
77.17
81.46
68.40
66.72
75.37
78.08
76.82
69.90
72.33
68.42
61.57
53.85
50.78
48.63
47.97
48.35
56.18
62.08
55.53
67.93
74.46
67.73
81.09
73.63
78.00
75.27
81.39
78.18
69.93
74.07
72.62
72.87
69.12
70.20
69.27
53.85
48.92
46.77
46.32
45.90
48.22
57.80
56.80
61.61
70.02
66.35
66.17
57.90
77.06
74.98
69.26
64.33
60.78
62.68
70.23
60.60
54.20
57.50
56.88
54.08
47.30
44.65
44.18
45.08
43.46
44.69
54.89
57.83
49.25
57.27
60.09
60.56
70.50
62.47
63.80
61.20
52.73
52.83
54.75
52.30
50.92
49.83
49.85
47.97
46.70
45.00
43.55
44.02
43.27
44.33
45.49
50.90
58.14
55.73
60.44
56.18
57.67
55.44
54.62
56.13
54.95
55.93
53.78
55.17
56.10
51.13
50.38
47.00
45.30
45.08
44.30
44.60
44.82
47.87
36.73
48.15
56.10
53.40
52.30
63.06
67.25
56.83
69.96
58.97
54.13
55.95
58.55
64.38
64.45
52.30
50.37
49.15
47.87
46.52
45.45
44.67
44.02
45.37
46.33
55.60
58.08
68.68
75.48
76.10
69.97
69.98
71.19
70.55
73.52
81.53
86.75
84.37
73.20
60.22
55.17
51.57
50.27
48.00
47.03
45.42
50.26
58.16
62.24
60.64
62.09
62.51
72.03
70.63
70.83
68.72
70.93
67.92
65.63
69.08
69.25
77.82
68.00
66.17
62.97
53.40
50.78
48.62
50.70
47.83
49.27
55.39
60.38
61.61
76.15
63.98
63.83
71.08
73.25
76.88
78.80
72.60
77.67
77.55
73.85
85.65
76.97
61.43
57.10
53.23
50.82
48.90
47.92
47.83
49.29
58.22
58.47
61.03
71.81
72.85
73.03
69.27
67.27
78.76
77.39
70.95
77.97
64.00
61.10
66.22
61.72
57.60
57.75
53.80
49.92
48.32
49.15
46.52
46.28
49.02
54.65
63.16
60.14
59.28
65.35
74.40
79.72
71.87
71.94
71.53
59.37
58.15
58.55
67.12
70.05
63.15
57.30
52.45
48.87
45.90
44.30
43.72
43.11
45.35
47.26
59.34
55.37
69.20
74.74
75.06
77.20
69.40
63.96
73.23
74.97
78.10
71.55
70.08
68.97
60.30
53.67
49.78
48.92
45.70
45.07
50.47
49.89
62.21
57.69
54.76
66.16
63.65
77.60
78.00
63.60
70.57
68.81
75.48
67.40
74.50
75.63
80.63
72.27
75.50
60.15
50.62
47.17
46.40
45.37
46.68
48.29
55.74
57.14
59.52
57.80
70.06
69.25
64.48
64.68
72.73
76.20
66.70
62.33
71.68
70.03
70.53
74.25
74.13
60.28
50.93
47.80
45.98
45.80
45.35
46.53
51.70
51.72
58.35
59.56
67.42
69.21
67.24
70.17
76.05
75.31
77.32
73.02
66.80
71.62
78.07
72.97
71.72
63.17
58.23
50.08
48.38
47.32
50.17
50.44
51.61
56.52
66.34
68.03
67.27
65.74
67.15
66.91
70.43
61.85
73.53
74.48
75.22
67.97
77.40
71.43
71.03
56.27
59.68
51.60
46.00
44.88
50.13
52.83
61.89
54.38
63.09
69.00
69.22
63.25
64.42
64.01
72.46
71.32
65.87
63.92
70.47
70.52
63.25
62.40
58.97
54.32
55.95
49.68
50.53
48.82
44.65
44.93
45.60
52.87
58.94
55.32
63.02
58.80
58.97
65.35
66.70
73.49
74.12
65.03
65.65
64.38
63.50
63.50
55.27
54.23
54.82
47.60
46.02
45.03
45.33
45.23
54.91
58.40
58.88
56.48
62.21
74.45
67.56
67.99
79.58
65.85
63.13
68.92
75.05
79.98
82.77
75.05
62.67
56.27
51.18
47.43
46.08
45.05
45.28
52.38
53.72
52.70
61.11
59.24
56.26
56.51
72.41
75.80
71.91
67.67
69.63
68.27
72.83
64.37
74.33
69.13
69.78
64.42
52.85
46.78
44.10
43.25
43.80
45.66
47.67
50.27
59.76
64.70
69.10
66.13
63.30
64.31
68.22
69.11
67.02
76.98
65.77
70.92
74.87
80.18
67.68
55.63
54.92
45.72
43.72
43.30
43.18
45.02
47.06
48.38
54.01
55.23
58.06
57.66
67.74
70.22
63.87
62.79
62.28
72.78
64.53
66.40
75.30
75.75
65.18
59.37
48.02
45.60
43.35
42.78
42.90
49.46
49.58
55.13
61.67
60.14
61.20
58.99
61.86
64.35
67.40
72.85
80.33
68.92
66.15
69.22
63.48
58.18
60.67
55.73
44.27
47.57
44.50
43.57
42.42
44.00
45.52
49.38
60.67
69.75
64.72
65.07
58.67
65.12
76.58
69.05
62.97
57.70
62.35
57.10
60.95
58.87
51.35
49.45
46.10
44.72
44.72
43.22
42.37
41.96
44.43
55.81
54.32
53.84
55.23
74.80
73.14
72.14
69.66
70.70
65.08
69.47
72.13
59.83
65.62
66.08
58.75
53.45
50.62
48.50
45.53
45.40
44.35
46.21
47.35
51.05
57.73
53.41
57.93
66.40
69.05
68.15
72.22
68.77
68.30
67.57
80.05
82.87
86.07
78.25
57.55
60.18
52.50
46.70
45.00
48.40
46.22
45.34
48.98
58.98
61.20
58.15
56.94
64.71
65.85
72.69
67.65
67.07
80.32
70.98
83.37
79.30
76.67
78.08
69.92
55.22
51.65
48.10
46.70
46.53
48.52
48.71
51.06
65.85
64.18
64.94
61.52
75.33
70.57
71.05
76.41
72.54
68.71
67.87
80.55
86.33
76.98
72.23
67.98
60.18
56.48
51.48
50.33
49.10
47.70
62.85
58.68
56.27
57.51
68.16
75.24
64.58
71.80
76.57
68.69
66.20
74.05
79.40
71.58
76.62
81.67
73.35
69.75
62.00
57.43
49.82
48.83
52.18
48.75
48.03
48.91
51.88
56.52
66.97
64.21
74.41
72.77
66.37
78.31
79.58
85.60
71.03
85.37
85.62
84.73
74.22
75.10
62.13
54.62
50.33
49.65
48.95
47.48
51.09
51.99
57.20
66.62
68.19
68.90
70.15
73.50
72.95
81.99
74.77
62.35
64.73
65.23
69.32
65.18
60.62
58.85
64.32
52.72
49.15
47.18
45.27
44.52
44.80
47.59
54.72
63.96
62.21
57.53
55.34
56.93
71.01
71.88
65.81
58.47
60.72
62.73
73.47
59.05
55.37
54.18
51.93
50.00
48.50
46.65
46.07
45.65
44.95
48.08
51.58
49.86
61.43
64.91
67.68
63.81
66.37
68.92
58.62
60.60
66.88
69.33
65.45
70.02
58.67
55.38
54.97
52.05
49.68
48.12
46.82
46.10
45.65
45.56
49.41
63.19
54.97
68.46
73.25
62.54
59.73
74.77
75.13
73.80
71.90
78.72
78.43
79.73
74.47
61.52
65.58
58.53
52.00
48.35
51.53
45.83
49.04
50.38
54.00
58.16
64.27
68.07
63.23
66.33
70.95
67.93
70.52
73.32
69.58
67.82
71.05
74.50
75.47
74.90
57.90
52.55
47.45
47.45
48.08
45.50
54.62
56.28
53.59
53.83
50.51
62.46
64.44
70.81
65.81
62.20
72.78
68.57
73.88
68.72
68.73
74.37
75.37
62.42
59.67
65.93
51.70
47.13
46.30
50.20
53.07
51.07
63.24
61.95
60.76
60.37
68.31
63.51
61.49
72.23
67.85
63.82
69.82
62.70
65.17
65.17
71.93
71.97
58.67
52.45
48.57
46.27
45.37
44.55
46.40
51.33
58.34
54.00
67.74
63.97
61.26
77.01
78.32
83.44
71.95
70.75
64.28
64.30
63.42
72.22
66.12
61.92
56.13
54.40
49.00
46.68
45.90
45.25
44.55
46.16
54.45
50.14
55.86
61.95
66.00
60.56
59.23
70.43
61.53
69.50
59.77
61.02
68.98
63.12
58.17
63.57
53.18
55.00
49.35
45.00
44.28
44.03
43.42
49.87
45.68
51.31
51.08
66.41
70.01
71.08
65.20
63.88
76.50
72.95
74.02
72.33
76.53
72.18
71.22
58.42
53.50
50.50
48.30
45.87
44.18
43.75
45.18
48.54
52.49
58.65
56.95
57.40
72.56
73.10
73.31
66.61
64.71
69.88
62.97
69.55
76.98
80.37
78.90
73.68
58.57
53.32
47.30
45.98
44.52
44.53
46.71
47.77
54.84
68.79
61.74
65.78
78.26
64.48
70.13
60.03
73.82
66.90
70.82
78.45
77.60
71.17
70.97
67.55
58.78
49.78
49.88
45.93
44.52
44.17
47.42
48.35
53.18
52.72
54.38
68.00
72.42
64.60
69.91
68.57
65.88
69.12
64.60
70.48
81.78
78.97
78.42
70.48
58.97
49.55
50.05
44.42
43.93
43.87
46.37
50.04
49.42
56.78
65.04
61.70
58.34
55.87
60.62
77.89
71.38
65.93
67.68
66.75
81.35
75.02
78.48
68.80
56.62
54.72
46.15
45.60
42.65
42.13
46.18
57.60
51.28
66.92
70.04
68.01
62.01
74.77
66.49
57.63
67.92
63.75
69.02
56.58
63.00
59.80
55.37
60.62
62.18
49.25
45.50
43.07
41.43
41.05
41.61
52.73
53.52
59.37
55.67
55.89
74.18
67.33
59.93
62.15
50.71
52.53
56.82
57.25
57.92
59.38
63.85
67.92
60.80
59.08
46.13
44.80
43.58
43.37
42.38
43.26
47.66
51.32
60.48
65.22
66.60
63.76
70.59
73.42
65.47
69.75
76.40
73.90
77.30
73.87
75.73
69.17
57.48
53.92
50.02
44.08
43.00
42.93
43.74
54.21
50.60
61.03
65.36
60.13
73.49
64.04
57.83
73.74
64.21
72.92
68.58
70.63
79.98
82.17
88.08
72.58
65.62
63.63
64.33
57.70
56.43
54.42
56.52
54.34
54.87
65.75
64.73
70.06
64.56
61.52
77.59
78.15
73.76
66.37
74.60
75.93
72.48
69.82
72.10
68.98
62.05
58.47
45.77
44.58
44.08
42.90
47.59
52.08
51.25
54.66
70.69
67.71
69.64
71.67
68.61
68.39
58.68
54.77
58.05
50.00
51.92
57.92
48.83
45.83
44.15
43.00
42.97
42.30
41.80
42.15
41.85
41.84
53.27
43.50
44.59
48.80
46.61
52.82
46.52
43.03
43.13
43.78
47.57
46.40
43.93
43.65
43.00
42.88
42.22
45.85
40.88
41.15
41.50
41.07
40.48
39.71
40.27
42.00
42.01
41.28
41.51
41.72
41.65
43.55
45.55
48.47
47.40
45.70
48.20
47.88
48.45
43.05
44.48
41.60
41.52
41.48
41.47
41.35
40.88
41.55
40.53
41.13
45.42
44.29
49.97
54.07
57.07
59.42
50.63
51.58
49.65
50.88
52.62
57.37
53.22
50.12
47.70
46.05
45.07
44.28
43.50
42.85
42.79
42.49
42.35
45.83
49.13
60.89
62.37
51.41
53.98
63.96
65.86
60.40
68.40
64.03
65.10
68.55
67.70
64.02
60.57
54.17
45.88
44.00
43.88
43.52
46.74
47.57
48.78
53.36
50.69
58.73
62.06
56.79
60.46
67.82
70.06
72.88
63.02
64.12
68.68
69.03
76.52
63.97
54.38
56.78
47.30
45.03
43.33
42.83
45.73
46.41
50.79
54.63
58.53
59.68
62.80
59.69
53.72
60.73
62.93
68.98
60.63
61.17
67.43
66.90
75.48
60.82
63.53
50.73
48.05
44.25
43.12
42.95
44.81
48.67
50.22
52.76
55.53
61.75
67.28
71.08
67.76
72.52
74.55
64.63
64.85
64.15
60.50
71.45
70.30
68.67
58.07
52.97
55.12
49.22
45.80
46.07
47.77
48.76
50.56
64.26
72.44
62.98
66.06
56.71
70.84
63.53
66.44
62.50
68.63
64.48
67.77
73.88
63.62
63.03
56.02
53.73
47.27
47.02
43.08
44.20
50.79
45.69
49.85
54.14
75.20
66.10
67.73
74.96
76.83
73.08
72.40
66.52
62.98
58.27
68.30
72.02
63.77
58.65
58.10
51.65
49.37
45.07
44.45
43.83
42.38
43.61
50.97
47.37
56.93
58.57
61.70
72.87
66.71
66.31
73.43
61.48
63.90
71.45
64.52
66.30
66.60
61.23
54.88
50.87
46.58
45.05
44.88
45.47
43.47
44.53
45.08
67.28
58.85
62.85
61.47
53.58
54.58
60.96
65.97
64.42
64.20
60.68
72.20
68.43
72.88
60.57
53.75
55.50
47.25
44.78
43.12
42.92
44.33
43.24
47.20
51.34
55.77
66.12
66.57
64.99
69.68
71.17
69.15
64.22
58.60
62.32
77.52
75.20
74.07
62.50
51.63
59.77
48.55
44.85
47.68
51.03
45.00
49.94
55.85
52.65
56.03
53.12
61.58
67.55
65.47
61.85
74.17
62.85
66.70
68.17
70.77
64.98
62.93
55.82
61.12
54.50
48.70
53.80
42.55
42.32
43.65
57.36
60.06
68.16
62.19
63.84
68.77
72.38
71.49
67.14
64.97
61.78
75.38
73.02
64.97
76.08
64.72
64.28
71.83
57.67
47.83
44.57
43.52
42.77
43.73
42.22
44.99
64.87
66.98
74.16
71.66
70.62
70.46
73.30
68.81
63.88
67.65
63.83
64.83
69.30
67.48
71.27
73.65
63.78
58.50
53.48
43.57
43.07
42.52
42.87
49.44
55.15
56.18
69.18
67.39
65.20
66.61
66.70
63.67
63.98
66.40
60.37
56.42
53.02
54.63
59.53
54.05
56.97
46.23
41.95
46.03
43.97
52.53
49.93
46.20
46.03
53.14
57.79
51.21
60.52
56.81
52.19
54.62
51.78
45.80
49.47
44.83
49.00
44.08
42.32
39.35
39.78
42.92
38.43
38.17
37.92
37.57
37.86
37.60
41.84
44.86
44.69
43.93
42.66
40.98
43.71
41.07
42.08
39.13
40.15
43.62
40.90
39.48
38.50
37.93
38.52
38.13
38.15
40.50
40.47
37.52
38.68
38.53
37.18
38.09
37.68
42.27
50.80
47.95
41.24
39.84
38.37
40.08
45.37
42.67
42.17
41.00
38.78
38.13
37.88
37.95
37.25
37.05
36.75
37.35
36.78
36.32
35.67
37.48
39.35
38.18
37.06
38.24
39.45
40.12
39.65
40.57
40.15
40.55
41.65
38.63
38.12
38.05
37.70
37.32
37.35
37.10
37.07
36.93
37.17
42.98
10.53
17.30
44.14
47.70
42.98
37.86
38.02
45.37
38.42
38.47
38.47
38.13
41.28
36.93
36.92
36.55
36.38
36.38
37.10
36.60
36.93
36.97
36.51
35.60
34.96
39.83
36.07
36.81
41.40
37.28
37.67
38.06
39.07
38.52
38.53
38.60
37.73
37.35
36.88
36.45
42.53
47.02
37.35
37.03
36.52
36.57
35.85
35.71
35.56
38.00
37.15
36.34
36.90
37.14
38.00
38.28
38.12
39.02
39.03
39.13
38.88
38.40
38.03
37.73
38.35
38.70
38.42
38.82
39.08
38.72
38.34
37.83
37.44
38.79
39.84
45.06
40.63
41.00
41.04
41.76
41.20
40.13
39.83
39.13
38.73
38.68
38.37
38.75
38.70
38.07
37.65
38.30
38.20
37.98
38.02
37.16
36.89
36.68
36.69
37.35
37.66
39.62
38.07
38.95
38.98
39.48
39.28
39.02
38.73
37.88
37.82
37.60
37.88
37.75
37.88
37.40
37.50
37.58
36.88
36.45
36.99
35.77
36.74
36.77
40.75
37.49
36.55
37.74
38.47
38.70
38.32
40.77
37.45
36.78
36.92
36.57
37.98
54.07
41.92
36.78
36.97
36.80
35.70
36.33
36.21
36.34
35.84
36.72
35.57
36.36
36.35
36.87
37.40
38.02
38.00
37.62
37.08
37.25
39.40
37.23
36.48
36.75
36.53
36.88
36.53
36.28
35.92
35.68
36.67
36.82
35.59
35.10
35.07
36.09
35.92
37.12
37.30
36.53
37.32
37.17
36.78
36.17
36.50
36.27
36.32
36.52
36.57
36.38
36.72
36.49
35.73
35.64
34.96
34.92
34.88
36.51
36.14
36.60
36.26
36.43
37.28
37.03
37.58
37.40
36.30
37.10
36.42
34.70
36.52
36.32
36.53
36.53
36.00
36.07
36.26
35.60
35.82
36.07
36.35
36.58
36.10
35.65
36.00
36.97
37.53
38.32
38.30
38.53
38.72
38.67
36.98
37.77
37.28
36.67
36.43
36.47
35.82
36.42
35.05
35.16
34.66
35.94
40.45
37.49
36.82
35.88
41.95
37.28
37.67
37.52
37.70
38.33
37.98
39.05
38.38
37.45
37.22
37.27
37.45
37.15
37.17
37.00
37.00
36.89
35.66
35.72
36.70
37.19
36.69
36.96
38.61
38.92
40.60
38.13
38.73
39.95
37.13
36.98
36.92
37.55
39.80
36.97
37.00
36.70
36.17
36.58
36.20
35.78
35.40
34.96
35.35
35.47
36.60
37.87
42.06
38.95
39.20
38.52
38.82
44.98
36.63
37.50
36.62
37.10
37.68
37.32
37.30
37.12
37.28
36.82
35.92
35.80
35.78
35.78
36.91
40.62
39.91
37.78
36.64
36.71
37.88
37.63
37.80
36.93
37.07
36.83
