25.23
24.87
24.78
24.76
25.12
25.39
25.50
25.09
24.75
25.16
26.60
23.28
23.98
25.43
25.44
25.79
30.74
26.67
30.32
31.98
28.93
26.78
26.17
28.16
26.29
25.43
25.48
25.52
25.27
24.96
24.93
25.58
24.00
24.69
25.20
24.53
24.68
25.69
25.46
26.09
29.32
29.29
28.96
30.10
31.57
35.42
30.10
26.58
26.51
25.58
26.23
25.88
24.93
25.17
25.99
25.50
25.79
25.32
28.12
25.11
27.53
29.46
26.52
30.80
28.61
29.35
35.75
29.87
29.28
29.27
28.46
33.12
32.01
26.55
26.36
26.20
26.48
26.56
26.01
26.94
31.55
26.70
29.96
25.75
27.60
33.75
29.48
32.67
28.89
31.96
37.15
34.61
31.02
30.77
29.84
29.47
28.51
27.19
28.37
33.26
26.19
25.19
26.15
25.93
27.35
26.42
28.39
27.28
35.76
38.07
48.86
43.19
36.94
40.26
36.27
34.16
38.30
38.81
38.46
37.73
33.42
31.24
30.43
29.72
28.54
30.49
28.70
27.39
28.00
29.94
32.96
39.10
46.21
48.70
47.44
52.51
52.45
54.10
47.24
49.48
52.55
51.44
47.48
42.82
40.00
33.32
32.26
31.52
30.49
30.42
30.54
34.80
33.56
36.76
36.05
35.37
40.97
45.91
44.53
43.78
42.97
37.84
46.82
43.52
44.74
47.67
50.45
41.39
42.48
38.00
31.58
29.99
30.89
29.94
30.82
32.58
33.31
35.34
39.31
40.04
44.84
38.70
42.02
36.24
36.27
38.35
40.86
43.24
44.62
50.30
44.87
40.93
39.11
33.42
31.18
29.64
29.45
29.20
29.08
32.34
30.54
35.46
35.64
43.23
38.69
44.56
51.63
45.98
39.91
42.70
42.77
46.56
46.92
48.27
46.84
46.54
36.35
32.85
31.61
30.35
29.67
29.63
28.89
31.30
33.10
33.73
18.06
44.92
35.27
41.30
40.37
43.00
44.55
39.86
48.31
48.60
50.49
54.81
44.28
40.95
40.15
38.85
30.73
29.05
28.01
29.52
28.95
33.39
33.31
37.20
35.01
40.03
48.61
46.13
45.62
51.98
54.22
49.53
46.08
47.83
42.98
49.19
36.09
41.12
36.90
35.85
31.44
30.49
30.30
29.53
28.10
29.68
32.34
34.08
36.92
44.49
42.85
46.56
51.69
49.45
52.00
43.13
46.90
42.73
39.83
39.70
45.60
37.59
37.43
38.92
32.23
31.19
29.67
27.93
27.77
30.06
29.36
32.27
38.87
47.24
48.50
51.66
55.76
57.80
57.82
53.17
55.84
50.57
54.57
56.38
57.84
57.57
47.29
37.40
31.35
29.27
28.57
28.09
28.42
33.93
32.54
38.79
41.26
43.60
46.67
52.18
46.05
44.56
46.01
48.89
49.10
52.84
48.67
51.33
45.63
42.98
49.39
35.63
30.30
28.92
27.91
26.52
28.91
29.78
31.25
36.00
36.79
38.40
37.45
38.60
38.17
42.73
40.59
45.06
41.39
44.31
45.85
57.16
49.35
48.08
39.01
33.53
35.20
32.27
28.70
28.53
29.01
30.43
31.92
41.37
42.43
53.12
46.20
48.80
39.63
46.57
45.06
42.38
45.68
42.69
45.79
50.13
46.07
53.88
36.38
41.12
33.06
29.07
28.13
28.11
28.35
29.93
30.49
35.22
43.05
38.56
39.92
44.10
41.58
35.39
45.64
41.91
48.55
46.29
49.33
47.26
49.09
48.46
44.08
36.10
35.22
30.54
28.88
29.07
29.31
35.19
34.96
41.43
39.06
45.01
52.97
53.54
51.69
54.33
47.28
45.46
50.88
45.83
48.05
44.51
43.88
40.22
40.18
39.91
35.72
31.66
27.74
27.38
28.05
27.78
28.28
31.21
36.14
51.59
49.58
46.02
54.34
45.70
52.44
55.18
49.44
46.13
36.39
37.63
37.83
38.48
36.75
34.71
31.71
29.71
28.24
27.38
28.25
31.96
32.47
36.21
36.17
38.15
43.02
50.10
43.53
41.17
36.14
40.43
38.72
38.41
46.26
40.42
35.88
39.83
37.59
38.90
34.40
29.28
27.60
26.91
27.40
26.86
26.76
29.77
37.65
36.96
44.99
48.22
49.34
47.25
52.13
53.79
49.61
53.34
53.10
50.55
52.96
48.09
41.11
38.76
31.83
28.88
27.94
27.34
28.51
29.94
39.20
41.97
40.01
46.62
47.85
48.03
43.18
48.77
46.77
44.20
39.90
45.19
49.53
54.83
53.38
47.76
46.79
34.87
29.69
28.96
27.49
27.89
28.22
29.58
31.34
33.96
36.22
47.40
45.61
47.55
53.98
49.60
48.87
45.74
41.67
46.13
45.52
51.50
47.31
52.88
40.92
34.48
30.38
29.39
36.98
29.74
31.26
30.47
31.08
34.93
33.72
36.73
41.64
40.14
47.73
46.72
43.99
49.54
42.88
45.83
45.23
52.02
45.66
40.80
39.19
34.87
34.01
29.50
28.85
27.79
32.74
29.88
31.14
39.62
40.77
50.90
53.30
45.54
48.66
52.33
50.77
46.60
43.25
47.20
48.89
48.26
48.92
47.84
42.81
37.19
34.38
29.00
28.27
27.42
27.40
27.64
34.71
39.47
38.74
38.82
36.87
50.56
49.46
45.06
43.90
44.76
44.60
45.53
44.05
51.01
42.26
36.33
41.42
36.81
33.10
33.91
27.70
27.40
26.56
29.81
32.27
33.53
34.39
39.33
45.12
50.68
51.25
51.54
50.58
47.50
43.36
49.86
47.55
50.85
47.36
44.42
47.78
45.04
37.10
29.11
28.10
27.07
27.88
31.24
33.30
36.34
36.25
43.80
44.11
53.34
47.35
51.01
46.26
42.70
51.27
45.20
46.84
48.61
51.20
52.78
46.81
35.79
30.93
29.93
28.33
27.68
28.88
33.45
33.45
31.31
33.26
38.88
39.32
40.06
39.43
40.94
52.85
50.18
43.87
45.52
49.46
53.24
49.79
40.77
40.61
36.08
34.33
29.43
28.86
27.86
28.06
29.69
31.58
33.04
39.55
40.87
42.25
47.74
51.19
48.62
49.41
42.54
42.43
42.04
53.97
50.78
49.52
44.17
44.57
35.72
32.12
29.23
28.70
28.67
28.33
29.37
33.45
36.42
41.37
43.26
42.43
36.52
40.87
44.89
42.32
48.25
54.18
46.13
49.93
47.47
48.67
43.84
41.73
41.23
36.13
31.47
29.69
29.36
29.87
32.03
40.57
44.15
39.89
44.59
53.69
50.22
52.55
54.32
55.53
53.49
47.39
46.10
46.54
44.43
38.63
38.06
36.86
35.72
38.98
30.98
30.39
30.18
29.39
28.97
30.09
38.25
44.07
48.37
51.41
47.53
47.94
48.34
48.51
46.49
44.17
45.37
43.15
43.64
40.24
45.12
40.83
39.36
34.24
33.53
33.96
31.81
29.73
31.88
32.10
40.15
42.26
53.41
53.33
55.41
50.94
52.90
47.76
47.44
44.54
38.53
41.78
49.49
55.69
49.32
37.91
34.13
31.31
29.94
30.03
29.27
29.18
31.76
33.02
36.30
44.51
39.56
38.37
47.20
52.27
40.52
45.59
43.02
51.19
49.11
51.88
51.33
52.04
51.53
45.84
35.18
31.28
30.85
29.96
29.47
30.23
32.53
38.88
40.07
34.57
41.01
43.63
41.40
44.30
48.91
43.64
46.61
45.08
48.73
48.12
55.44
47.93
52.40
42.81
38.82
33.17
29.78
28.88
29.53
30.35
29.79
33.63
34.61
34.94
48.02
43.27
44.03
46.57
43.84
41.83
44.44
43.90
45.18
53.32
51.18
46.25
49.78
40.41
40.48
33.05
29.49
28.92
28.94
28.63
30.58
33.24
34.03
39.78
43.42
42.89
48.42
43.10
45.87
52.71
51.13
49.36
45.68
47.44
50.87
53.06
43.58
39.54
37.11
35.18
30.23
30.26
29.07
29.25
29.56
35.64
44.95
39.79
50.04
47.83
48.54
54.33
49.45
52.95
49.32
48.38
49.11
45.11
44.83
50.33
48.14
41.98
35.00
31.93
30.42
29.19
29.00
29.48
29.43
33.03
33.07
36.78
39.42
48.61
44.94
42.57
41.25
44.43
39.06
43.38
41.20
39.84
42.40
51.64
43.91
39.43
36.03
35.47
31.11
31.31
30.02
29.55
31.55
34.15
39.82
40.34
48.22
53.20
54.41
47.33
45.32
45.48
49.94
46.22
55.92
54.12
49.97
56.68
54.68
45.96
37.67
34.98
31.16
30.48
30.18
30.59
32.91
35.56
35.00
41.13
48.21
45.83
50.11
53.30
47.67
48.60
52.72
51.90
49.13
50.55
55.17
57.37
52.87
49.46
41.65
32.46
30.40
30.22
28.45
29.53
31.82
33.86
37.95
37.82
47.58
45.03
43.56
42.43
37.47
43.03
51.02
49.64
45.19
46.59
46.71
56.39
48.52
43.04
35.63
30.83
30.13
29.25
29.15
29.32
33.60
32.18
39.22
34.94
49.45
42.80
43.93
47.13
47.16
46.27
44.64
49.47
48.59
46.71
50.16
53.15
48.28
41.75
40.42
35.11
30.38
29.60
29.17
29.89
32.18
36.66
35.55
42.67
37.73
40.57
46.72
41.24
41.92
46.62
47.22
42.19
42.44
46.22
50.01
46.79
42.35
37.03
37.08
35.35
31.97
15.20
21.57
29.51
29.39
33.51
38.36
42.72
39.95
49.86
48.93
44.93
45.19
45.78
46.73
52.12
50.97
47.61
44.98
40.49
41.00
38.81
33.71
31.13
29.04
27.94
28.27
28.26
28.38
31.05
36.06
46.90
40.48
40.74
42.02
48.49
52.81
50.36
45.72
42.06
41.13
44.09
39.47
39.22
40.01
36.70
34.29
32.98
30.18
28.80
28.63
29.13
28.91
30.73
40.40
48.51
42.98
48.22
49.68
47.38
48.70
54.81
48.09
50.37
50.75
46.73
55.88
48.65
47.19
49.35
36.58
33.52
32.57
28.79
28.79
29.32
29.68
33.84
37.45
40.14
46.35
43.95
45.36
44.81
42.72
44.39
46.64
48.28
47.14
49.48
49.88
52.37
48.59
45.96
39.18
33.77
30.32
29.04
28.75
29.22
30.63
34.88
33.54
35.68
35.02
37.05
44.22
41.70
41.66
44.28
42.11
41.26
52.41
53.24
48.01
50.08
55.33
41.13
33.81
31.72
31.15
30.26
30.22
32.70
31.22
38.96
38.19
26.27
46.27
45.01
47.74
41.35
46.35
51.25
52.63
51.09
45.24
52.06
49.34
47.33
51.28
43.47
42.98
33.86
31.43
30.27
29.38
31.59
30.37
33.45
35.08
36.11
41.20
44.80
50.77
42.20
38.22
43.49
49.63
48.27
50.70
50.33
46.37
56.43
50.98
45.55
36.89
34.86
31.61
30.96
30.95
30.56
32.68
38.40
36.16
42.07
42.53
52.34
55.14
57.66
55.42
45.94
43.05
42.09
48.13
46.27
46.74
45.31
43.08
36.57
35.91
33.83
33.44
29.77
29.46
29.39
28.82
33.21
38.59
39.82
37.70
48.88
44.75
55.59
53.74
49.59
43.25
39.89
43.67
45.04
55.49
46.42
44.03
38.19
35.78
33.48
31.27
30.56
29.22
28.48
29.23
30.31
30.26
35.23
47.47
51.13
48.58
46.49
48.95
51.84
45.06
49.40
48.49
55.79
57.02
56.27
45.81
46.82
39.02
33.52
30.09
29.10
32.08
33.39
35.08
31.69
36.45
38.78
43.11
43.53
51.42
50.06
43.76
43.61
42.79
53.48
44.21
45.58
53.92
52.07
46.86
41.16
32.74
30.52
29.58
28.39
28.95
29.68
31.84
33.82
31.00
34.19
47.96
42.33
38.48
37.26
48.50
43.27
47.52
43.33
47.27
44.63
47.72
53.38
49.50
40.57
40.62
33.32
31.84
31.25
30.41
29.27
29.91
31.19
37.37
40.65
40.33
48.43
46.25
44.50
46.71
43.22
44.23
45.61
55.92
57.03
54.35
58.07
62.18
47.25
40.98
35.11
31.08
29.21
33.28
30.00
30.38
34.49
33.53
39.49
54.20
51.77
45.37
48.54
48.21
54.55
55.43
58.93
50.96
49.57
52.98
48.25
48.17
44.52
38.22
37.96
34.87
34.98
33.67
29.90
34.57
33.71
46.06
53.92
49.67
57.89
58.78
59.10
56.53
53.00
49.76
45.13
48.42
48.63
45.37
50.17
51.34
43.42
44.62
36.02
31.09
30.23
30.30
29.79
29.10
29.04
32.98
42.04
44.06
46.58
49.94
49.44
50.33
45.14
39.00
40.24
42.39
47.83
37.94
40.18
36.41
33.07
31.96
30.98
33.68
30.48
28.38
28.06
28.77
30.62
30.63
33.33
37.76
36.91
43.58
39.29
35.41
38.10
32.90
32.78
38.76
43.35
48.10
42.36
34.23
30.85
28.70
28.37
28.05
27.80
27.75
29.03
30.88
27.88
29.95
29.24
28.57
32.00
32.66
32.44
29.93
34.17
32.66
31.68
33.41
30.80
30.43
30.89
29.56
28.45
28.19
27.12
27.38
26.63
26.34
26.50
25.57
27.38
27.24
27.60
31.61
35.67
36.53
30.86
29.56
31.80
34.49
33.06
33.37
30.33
30.17
29.94
29.37
29.85
28.49
27.48
27.18
26.85
26.72
26.88
26.20
27.98
28.51
28.11
29.12
32.91
33.03
31.41
34.04
36.81
37.17
35.41
32.73
41.94
33.61
31.85
34.20
31.22
29.52
28.84
28.96
28.37
28.42
27.50
26.78
27.81
31.74
35.65
34.71
35.01
33.27
40.51
41.01
30.92
38.33
31.64
32.79
37.55
35.42
34.32
35.57
30.44
29.25
28.61
28.87
28.64
28.13
28.17
27.17
27.47
28.23
28.73
28.63
28.09
32.86
34.16
34.11
30.92
35.95
33.55
31.07
33.82
33.65
29.46
30.41
30.64
27.77
27.60
27.27
27.32
27.24
26.67
26.05
26.92
27.08
27.67
29.29
33.09
46.10
36.38
34.10
36.32
36.86
38.30
37.80
39.34
34.60
37.53
34.01
32.20
30.44
28.30
28.06
29.97
26.82
26.65
25.49
27.66
28.56
33.54
40.80
40.62
38.29
38.47
51.20
49.66
44.36
51.93
50.26
48.75
47.79
50.24
42.73
40.24
39.58
33.69
29.51
28.93
28.92
29.14
29.26
34.27
42.91
37.96
39.54
44.09
42.60
39.92
44.51
46.11
44.95
43.49
44.62
46.62
44.43
46.99
44.88
39.53
36.67
35.55
30.23
29.27
28.67
29.78
29.10
35.61
35.62
43.01
45.13
37.38
40.82
37.83
36.13
38.03
47.05
44.13
44.63
43.22
44.77
44.25
41.23
37.55
31.99
30.98
30.08
29.03
28.42
28.76
29.15
32.38
39.62
37.53
42.19
40.86
45.99
39.30
41.36
42.56
47.91
48.53
45.44
43.90
43.36
44.33
42.09
44.33
40.66
32.07
29.75
28.60
28.03
29.42
28.98
32.55
40.91
39.44
37.55
42.63
42.34
49.25
42.85
44.32
39.41
45.59
45.98
47.92
53.69
48.28
42.29
40.03
37.00
31.91
29.94
29.23
28.91
28.43
29.07
34.46
39.74
35.62
45.51
42.40
49.53
55.41
54.04
47.22
44.28
46.78
41.63
44.98
47.96
46.23
43.52
44.90
37.58
32.87
31.83
28.97
32.37
29.64
29.44
35.54
40.45
40.32
48.65
48.50
51.92
48.36
46.36
46.31
43.86
46.37
46.58
40.73
42.22
44.54
40.85
38.47
34.00
32.00
30.65
30.60
29.83
29.83
31.84
33.95
41.71
46.07
54.12
52.19
51.89
59.27
53.30
44.95
49.19
54.01
49.12
50.65
51.77
52.07
47.13
44.40
40.16
39.12
32.15
35.26
32.67
30.32
33.80
36.63
38.24
47.28
49.28
47.39
51.05
50.12
50.59
50.88
53.21
47.26
54.50
56.45
51.01
54.99
49.99
47.13
43.37
36.43
33.04
32.18
30.52
31.69
32.08
37.37
40.52
44.22
42.42
40.65
45.20
52.11
49.22
47.47
50.96
44.92
53.30
54.18
50.65
50.28
54.57
51.77
42.99
36.99
32.73
32.07
31.00
31.73
30.98
34.24
38.96
44.83
47.46
44.87
48.35
44.57
48.99
44.08
40.80
44.29
44.15
50.75
50.53
53.62
55.78
46.65
37.16
34.13
32.73
31.77
31.04
31.59
33.68
34.01
36.87
38.76
44.27
43.04
43.87
40.43
49.11
50.48
54.38
46.25
50.25
48.74
44.09
54.27
47.88
40.00
38.23
34.29
31.95
30.24
30.76
29.88
28.50
34.14
37.39
39.26
50.53
52.10
54.71
48.46
52.05
43.37
44.72
49.32
43.99
40.27
44.09
47.90
51.52
42.08
35.22
34.21
32.59
30.73
30.45
29.47
29.54
36.81
36.53
40.54
47.21
44.18
48.08
52.35
41.64
47.70
48.06
41.89
51.94
52.68
47.22
51.90
48.64
42.79
43.12
36.79
34.23
30.92
30.54
30.66
35.10
35.34
39.42
46.11
52.81
53.78
50.68
48.78
49.99
47.18
43.95
49.73
49.90
56.98
61.86
58.90
53.55
47.50
40.36
34.88
32.96
31.33
31.98
35.81
33.85
39.62
48.87
45.96
49.16
50.01
51.53
47.88
43.98
49.78
47.90
53.69
46.33
53.19
54.51
58.69
50.12
44.00
40.36
35.35
32.99
32.31
31.13
32.91
36.72
38.18
37.49
51.27
48.90
43.70
46.40
43.93
47.56
54.08
53.19
48.51
50.52
55.16
51.38
53.60
54.87
47.15
41.54
38.25
34.41
32.49
31.62
31.16
32.78
35.05
39.19
38.04
44.51
51.62
45.61
52.39
46.55
46.38
43.86
48.16
48.48
53.17
56.19
51.41
45.64
55.65
40.23
35.36
32.82
31.95
30.78
31.21
34.56
35.91
38.74
41.93
43.57
44.73
50.24
44.07
42.90
47.08
52.47
54.83
50.34
47.42
59.07
49.60
36.73
21.55
40.41
38.03
34.63
33.18
33.55
36.11
35.76
38.66
44.70
52.78
48.90
56.25
55.80
51.54
52.59
52.39
46.22
44.20
45.04
49.35
42.24
45.63
44.48
41.28
36.97
33.47
32.75
31.12
30.39
30.12
36.47
38.87
43.35
42.12
45.52
49.04
46.82
48.72
44.25
43.40
43.34
42.53
44.10
42.92
45.58
40.99
45.43
36.68
35.31
35.38
32.87
31.46
31.28
30.20
33.95
35.40
40.42
51.10
43.83
41.66
47.71
48.75
49.77
53.12
52.91
49.36
51.62
49.16
51.70
50.32
54.64
51.92
45.03
35.13
32.08
31.59
30.63
31.14
33.28
36.01
43.24
45.16
49.02
44.51
46.11
54.54
51.70
47.55
44.58
46.74
50.12
48.91
58.48
59.96
54.08
50.30
39.07
38.04
38.73
31.56
31.85
31.46
31.02
36.86
38.89
43.20
39.85
43.75
42.22
39.68
45.91
47.50
51.56
44.83
52.59
50.86
54.23
56.83
50.02
46.59
39.61
36.13
33.95
38.61
34.84
30.73
31.86
36.35
43.44
45.59
53.15
50.22
42.17
44.46
49.50
49.19
51.25
52.34
51.98
48.80
53.93
52.12
46.43
43.88
42.75
35.52
32.62
32.70
31.44
31.31
31.38
34.84
41.16
41.40
49.07
43.93
45.26
43.27
51.77
53.13
51.75
48.63
49.91
48.43
52.69
56.52
53.18
49.09
39.33
35.95
33.82
32.40
31.88
31.02
33.23
40.72
41.93
47.35
48.18
58.02
53.46
50.23
53.70
57.13
54.09
47.75
48.83
47.60
48.26
45.22
44.34
42.72
39.28
37.27
35.22
33.75
32.71
31.54
32.41
37.48
37.25
45.71
45.36
48.69
45.23
47.08
47.26
47.22
42.53
53.12
48.85
53.58
44.47
47.18
44.86
43.42
38.27
34.02
34.77
33.24
32.33
31.52
31.50
37.51
41.08
45.27
52.98
50.81
56.19
57.55
57.11
54.45
51.29
51.33
54.35
51.38
58.72
49.43
47.93
43.61
40.69
41.32
35.97
39.26
34.81
34.05
35.77
42.13
44.28
45.12
49.97
53.17
52.58
54.34
50.65
47.22
54.52
54.72
51.28
58.29
62.73
57.08
61.54
52.88
43.27
41.31
38.73
36.18
35.82
33.83
35.91
41.00
42.47
48.87
45.76
56.53
49.90
49.72
47.01
55.51
59.08
55.71
50.08
50.98
55.60
51.52
54.28
49.10
41.68
37.43
34.45
33.46
32.94
32.38
34.30
40.29
45.55
44.84
47.08
43.39
48.63
47.41
45.11
46.51
47.95
56.38
57.28
51.17
57.93
60.12
52.35
49.78
39.62
38.87
33.96
32.49
32.08
31.41
31.99
38.22
40.08
43.85
39.96
23.69
46.27
45.71
51.05
55.06
53.44
44.95
46.97
47.54
53.01
51.48
45.18
44.43
36.76
35.53
37.54
36.21
32.52
31.50
31.90
36.70
42.66
45.85
41.67
47.58
49.12
47.86
52.12
54.71
49.50
47.45
49.80
47.89
43.86
44.22
40.73
40.02
37.26
36.99
37.22
37.37
36.72
31.00
33.14
38.19
43.81
50.35
43.36
48.01
51.30
50.53
51.53
56.21
49.40
48.71
49.18
47.54
44.52
44.88
44.63
45.33
38.85
41.53
38.39
33.59
32.10
30.95
32.41
38.09
39.70
48.58
47.90
47.51
53.47
54.58
54.94
47.40
49.75
46.97
51.31
49.57
52.84
55.13
53.13
50.66
38.54
37.28
34.03
33.55
32.31
33.57
34.59
38.21
49.66
44.05
47.17
49.92
47.16
43.67
51.48
52.79
57.46
47.95
51.82
54.84
47.90
48.26
56.42
46.60
41.02
40.27
36.14
33.35
31.63
31.31
33.14
39.80
44.65
46.03
42.68
42.97
45.30
46.86
48.55
44.81
51.57
47.76
53.08
54.64
46.59
53.35
53.72
45.55
39.23
34.32
32.91
32.33
31.33
30.79
31.71
36.86
40.75
43.74
46.70
39.85
46.40
44.57
48.87
47.35
45.69
42.63
50.55
54.44
52.22
49.43
45.92
41.91
36.14
35.16
33.53
32.47
32.78
30.93
33.24
37.45
40.45
40.10
46.66
48.59
42.86
44.62
45.49
48.74
52.07
51.99
47.75
47.02
50.54
50.32
52.63
49.43
44.03
37.73
34.47
33.23
36.08
31.59
35.27
37.42
41.28
46.55
54.26
57.66
57.71
54.13
57.57
53.83
46.97
50.36
44.35
48.26
44.97
42.43
42.51
42.18
38.98
36.12
34.62
33.67
32.76
32.03
32.81
35.05
38.07
42.17
45.64
42.57
44.91
49.69
49.17
55.02
46.82
48.84
44.00
41.01
46.31
43.91
46.34
40.00
37.68
38.38
34.50
33.79
33.33
32.49
35.95
37.64
39.16
41.88
43.45
42.64
46.19
47.05
47.79
44.74
44.82
52.36
49.67
55.11
54.55
50.51
45.56
41.68
40.29
35.29
32.83
34.44
35.37
33.30
33.20
36.51
45.53
48.77
44.87
44.17
43.64
44.83
55.62
49.56
47.28
50.42
49.55
46.07
54.60
54.43
49.98
46.67
42.73
35.83
34.86
33.27
32.77
32.79
34.91
37.87
41.60
41.83
49.57
49.01
48.21
45.22
46.69
50.16
44.26
48.64
46.82
53.48
50.17
52.20
47.93
48.17
39.27
36.62
34.98
33.88
38.17
32.98
34.62
38.75
41.37
43.64
51.11
48.26
47.49
49.95
52.70
52.68
48.43
49.70
51.24
47.85
52.70
49.20
52.47
52.87
48.89
39.01
34.76
33.75
33.24
32.62
35.19
40.25
42.96
44.55
48.11
47.37
48.60
51.81
49.14
48.40
49.76
52.84
53.45
54.53
55.48
51.22
51.00
44.42
41.60
40.98
36.06
34.41
35.03
33.21
35.19
42.18
46.43
46.84
51.44
50.94
57.35
50.58
48.68
49.66
53.32
56.73
52.28
51.17
45.91
47.48
47.40
44.32
39.93
38.41
38.55
35.46
36.95
34.42
38.14
44.14
46.03
53.42
54.63
49.00
48.98
54.28
49.97
56.89
50.48
53.82
59.68
51.52
47.83
47.32
48.02
46.97
38.65
37.35
35.66
34.79
33.73
33.99
35.92
39.61
40.89
45.75
54.83
50.47
57.12
54.95
57.60
50.60
49.08
48.29
56.93
49.93
52.06
53.69
49.61
47.92
42.99
43.97
34.97
34.87
33.63
31.85
33.67
36.14
43.78
44.55
44.23
52.87
48.11
46.45
51.79
51.01
55.29
50.47
43.79
47.63
55.23
52.87
46.27
40.18
39.68
35.51
34.07
32.73
32.45
31.36
33.58
39.45
44.12
43.00
47.24
44.47
48.39
44.74
48.62
46.70
52.04
49.04
48.42
45.15
49.40
45.39
46.36
41.13
38.09
37.52
33.98
33.84
32.98
31.20
33.31
40.24
44.01
42.50
53.13
47.86
52.20
47.03
53.13
54.41
55.83
52.22
42.79
48.02
50.22
47.90
46.07
42.30
38.91
36.27
35.05
30.95
29.42
30.50
40.05
36.31
43.80
55.12
51.65
51.29
51.80
49.80
48.31
49.76
50.79
44.55
51.34
44.37
51.25
46.98
47.77
42.51
34.92
31.83
30.99
29.05
29.16
28.49
29.92
38.72
43.78
49.81
44.04
47.67
47.36
48.11
44.09
44.52
41.27
39.02
36.31
39.60
34.31
35.82
36.71
34.90
32.08
32.94
36.02
30.93
30.44
27.47
31.24
37.54
40.61
38.33
38.47
37.45
36.42
39.49
35.87
32.48
33.44
34.26
39.87
31.99
29.63
29.88
27.92
28.32
28.14
28.17
26.80
27.07
26.31
26.29
26.95
33.73
30.77
30.23
30.44
30.01
29.17
29.84
29.19
30.02
29.57
28.21
30.77
29.13
29.08
28.11
27.69
27.01
26.67
26.42
26.02
26.01
25.57
24.68
24.80
25.91
26.89
27.39
27.12
28.22
32.92
31.17
30.09
31.40
30.35
28.45
31.71
28.60
28.78
27.98
27.21
26.47
26.20
25.90
25.04
24.65
23.98
23.58
23.82
23.08
25.24
25.40
28.25
25.82
27.92
31.91
29.17
27.33
28.93
27.06
27.62
27.32
27.73
27.34
25.71
25.24
24.72
24.57
24.55
24.00
23.83
22.88
22.92
25.00
29.27
27.15
25.52
25.10
24.64
25.34
27.47
28.58
28.30
26.62
26.56
27.54
28.19
29.13
26.77
25.31
24.74
23.88
23.72
23.33
23.36
23.17
24.56
25.12
27.25
26.65
26.89
26.36
30.02
30.29
28.66
26.78
27.83
32.97
30.11
28.49
27.92
26.90
26.00
30.74
26.55
25.29
25.09
23.57
24.05
23.40
24.86
27.34
14.91
29.88
27.29
28.98
28.30
28.38
27.15
27.18
26.92
26.73
27.89
27.28
27.16
27.68
25.63
25.11
24.80
30.90
25.47
24.51
23.58
23.26
27.06
26.51
27.57
31.42
26.88
25.95
30.56
26.33
27.57
28.21
29.47
27.68
27.14
27.42
27.04
27.82
25.78
25.52
25.53
25.02
24.72
25.27
24.84
24.35
24.40
25.34
26.76
26.64
25.86
28.41
26.18
26.75
26.62
27.28
29.40
26.88
29.05
27.60
27.86
26.24
25.32
25.02
24.67
24.01
24.48
24.06
24.14
24.10
25.27
26.87
28.16
27.48
26.33
27.21
25.47
26.02
26.85
27.86
29.95
28.38
28.86
28.70
28.13
27.73
26.98
25.98
26.00
26.98
26.17
24.98
24.41
24.87
26.25
27.62
28.16
28.07
27.71
27.66
27.80
28.57
30.99
30.64
30.80
30.46
30.34
30.07
29.83
28.96
28.64
28.39
27.77
27.36
27.07
26.07
25.92
25.59
26.96
27.92
30.01
29.89
29.51
29.66
32.85
29.97
30.30
31.04
30.82
30.34
30.22
30.43
31.01
29.27
28.11
27.99
27.34
26.73
26.42
26.07
25.67
24.81
25.04
26.04
27.77
28.17
28.22
27.40
27.70
27.86
32.80
29.70
29.94
29.43
29.56
28.86
28.78
28.16
27.42
26.70
25.57
25.57
25.33
25.11
24.57
25.33
28.10
26.70
26.80
26.74
25.72
25.99
25.86
27.23
27.16
26.92
26.98
26.96
26.74
26.66
26.48
26.32
25.10
24.49
25.93
24.48
23.95
23.93
23.57
24.06
24.84
25.91
26.47
26.07
26.10
26.33
24.90
25.50
26.33
28.41
27.02
26.65
26.62
26.39
26.24
26.07
26.00
25.77
24.92
24.20
24.52
24.54
23.68
23.24
23.06
23.59
24.61
25.33
25.32
25.61
26.42
26.45
26.45
25.76
25.62
25.46
26.38
25.80
26.00
25.86
24.92
24.56
24.16
23.96
23.33
23.51
22.85
21.92
22.23
23.38
24.70
25.19
24.57
23.81
24.07
23.65
24.01
24.16
23.69
23.53
24.09
24.29
24.64
23.84
23.41
22.26
24.20
23.12
21.90
21.82
21.13
21.47
22.32
23.82
24.36
24.66
24.78
23.55
23.53
23.38
23.62
24.71
25.43
25.59
24.75
25.27
25.23
24.88
23.54
23.03
22.73
22.74
22.30
21.83
22.00
20.85
21.50
23.40
24.32
24.72
25.70
23.80
24.61
25.18
25.09
24.67
24.18
24.23
24.58
24.53
25.30
24.53
23.58
23.21
23.13
22.64
22.60
22.36
21.91
21.29
23.57
24.95
25.55
25.66
25.70
24.39
24.26
23.77
24.14
24.57
25.44
26.65
27.12
25.40
25.10
25.02
23.92
23.29
22.42
22.73
22.89
22.60
21.58
22.50
24.65
25.86
27.10
27.56
28.25
25.41
29.60
28.05
26.90
28.00
28.68
29.22
27.58
31.25
29.33
27.85
26.38
26.05
25.93
25.67
24.81
25.27
24.90
25.74
26.81
27.90
28.42
28.02
27.50
26.53
28.49
29.01
31.06
30.98
30.22
30.55
29.52
28.73
28.22
27.43
27.49
26.38
26.80
26.56
25.98
26.30
25.79
26.46
27.59
28.05
28.25
29.17
29.19
27.98
28.16
28.03
29.15
30.27
30.27
30.91
30.45
29.56
28.79
27.95
27.40
27.02
26.63
26.63
25.79
26.04
25.40
25.97
25.64
26.16
28.40
28.41
27.51
26.64
26.94
27.09
27.69
28.64
29.38
29.63
28.75
28.36
28.09
27.55
26.70
26.65
26.02
26.01
25.73
25.56
25.08
26.07
27.51
28.76
29.02
28.75
28.05
27.48
28.00
27.68
28.73
29.39
29.68
29.80
28.92
30.24
28.72
28.03
26.86
27.48
26.57
25.70
25.93
25.94
25.70
26.48
27.74
29.73
29.90
29.71
28.65
28.41
28.15
28.75
29.37
30.49
30.79
30.64
30.28
29.83
29.20
30.07
29.12
28.10
27.57
27.52
26.88
27.04
26.73
27.94
28.85
30.20
31.49
30.80
30.08
29.24
29.36
29.78
30.58
31.49
32.10
31.84
31.35
31.12
32.63
32.80
29.66
28.78
30.55
28.29
27.86
27.87
27.11
27.36
29.29
30.99
31.96
32.64
32.41
31.59
30.32
31.00
31.73
32.45
32.48
32.70
32.00
32.15
32.89
31.16
29.88
28.78
28.56
28.29
28.33
27.97
27.88
28.45
29.38
30.89
31.49
31.65
30.52
30.04
30.12
31.10
32.70
33.87
33.36
33.75
31.84
31.98
33.04
30.88
29.96
29.93
29.48
29.18
28.69
28.62
28.16
28.76
29.43
30.97
32.07
32.45
31.71
31.22
30.98
31.21
33.15
33.57
32.50
32.97
33.26
35.59
32.51
30.95
29.71
29.76
30.84
29.21
28.61
28.54
27.92
27.63
30.07
31.97
33.44
33.58
32.45
32.36
32.42
32.77
32.85
34.47
33.72
33.80
32.59
33.63
32.81
32.33
31.28
29.92
30.23
29.69
28.98
29.25
28.89
29.11
30.54
32.29
33.76
33.41
32.95
31.96
32.82
33.24
33.79
33.94
34.09
33.53
33.05
33.11
32.91
32.24
31.48
31.16
30.71
30.84
29.59
30.39
29.83
30.30
31.60
32.90
34.64
34.87
34.59
33.73
33.61
33.76
34.54
35.40
35.36
35.24
35.04
34.80
34.39
33.40
32.70
32.27
31.79
31.84
31.25
31.27
30.72
31.29
32.31
33.99
35.96
35.94
35.87
34.54
34.32
34.51
34.73
35.30
35.57
33.95
34.25
33.97
32.92
32.42
31.76
31.14
30.07
30.69
30.52
30.52
29.70
30.65
31.75
32.71
33.62
33.67
32.72
32.43
33.52
33.23
34.65
34.33
34.69
33.27
32.38
32.25
31.64
31.06
30.23
29.95
29.10
29.28
28.93
28.80
28.31
29.72
31.14
31.98
32.73
32.53
31.89
30.73
30.84
31.98
35.10
36.60
34.34
35.18
32.94
32.54
32.13
31.35
30.81
30.02
29.63
29.61
29.37
29.32
28.82
30.00
30.80
32.19
32.53
32.40
32.79
32.21
32.41
32.91
33.85
38.78
36.90
34.51
35.90
35.54
34.78
31.58
31.55
30.83
30.56
30.15
30.00
29.88
29.18
29.50
32.03
34.22
35.06
34.81
34.06
17.11
29.58
34.96
34.95
34.82
35.62
35.50
35.23
35.03
36.20
34.31
32.82
32.30
31.72
31.64
31.39
31.15
30.79
31.22
32.91
34.61
35.12
35.74
35.41
38.55
36.70
35.93
36.22
36.44
35.99
37.44
35.99
35.79
35.23
35.58
35.55
33.50
32.64
33.28
31.77
31.33
30.89
31.29
33.09
33.42
33.78
34.87
34.43
34.97
36.46
36.07
35.90
36.90
38.29
37.68
36.03
34.60
34.27
34.73
34.97
33.24
32.42
31.80
31.32
30.76
30.38
29.97
30.34
33.39
33.24
33.92
33.40
33.54
34.60
34.54
36.45
37.77
37.62
37.74
34.84
35.18
34.48
34.45
33.81
32.29
31.32
31.43
31.08
30.16
29.80
31.11
33.08
35.82
34.54
34.04
34.44
34.29
33.99
34.88
35.41
35.71
36.79
35.76
34.47
34.19
33.17
32.58
32.61
34.09
33.55
32.38
33.54
31.41
30.51
31.07
32.38
35.12
34.88
34.11
34.97
32.89
32.98
33.46
33.76
35.00
35.98
35.89
33.54
33.69
33.02
32.12
31.78
31.05
30.89
30.74
30.46
30.62
29.85
30.50
31.07
32.73
33.45
33.64
33.33
32.85
32.64
32.79
34.14
36.73
35.89
35.49
34.73
35.25
34.53
32.77
32.34
31.71
31.09
30.59
30.35
30.43
29.89
29.43
31.05
32.99
34.74
35.57
34.34
33.23
34.31
34.37
34.12
34.81
32.92
31.90
31.39
31.99
32.37
31.41
29.75
28.88
28.24
28.37
28.56
28.23
27.83
28.04
29.23
31.20
31.99
31.80
36.55
31.97
30.65
31.40
32.81
32.70
34.05
31.79
32.01
32.63
31.44
29.93
29.57
28.96
28.74
28.64
27.98
28.28
27.29
27.80
29.83
31.49
32.54
37.62
41.11
34.00
32.80
32.97
32.64
33.52
33.43
32.53
32.69
33.40
32.43
32.24
30.88
30.52
29.98
29.52
29.29
29.00
27.63
29.23
31.46
32.29
40.31
35.61
34.59
34.33
34.45
35.20
35.85
36.27
35.58
34.93
36.19
34.53
33.63
34.56
32.12
31.76
31.05
30.80
30.22
29.30
29.00
30.76
32.07
33.28
35.51
36.70
39.91
34.38
33.71
36.42
34.28
34.17
33.07
32.94
32.68
32.19
32.08
31.29
29.99
30.42
29.83
29.18
29.22
28.14
27.33
28.55
29.33
31.14
32.57
32.63
32.28
39.90
33.23
33.24
34.31
33.77
34.07
34.01
31.02
31.73
31.11
30.58
30.01
29.58
29.38
28.88
28.82
27.46
26.74
27.72
29.05
31.36
31.52
31.36
30.93
30.70
30.79
30.95
33.17
31.98
32.43
33.54
32.06
31.84
31.81
34.99
31.88
30.62
28.05
27.47
27.11
26.68
26.42
26.54
27.58
29.52
30.18
29.82
29.81
29.07
28.32
29.04
30.47
31.82
32.12
30.88
30.63
30.64
29.72
30.13
29.03
28.00
27.64
27.56
27.03
27.18
26.71
26.68
27.47
28.99
30.29
30.67
29.66
28.82
28.65
29.15
29.91
29.47
34.71
30.13
29.94
29.37
28.94
29.02
27.98
27.65
26.72
26.36
26.01
26.04
25.47
25.83
27.15
28.49
29.87
29.44
29.19
29.37
28.91
28.44
29.29
30.12
29.88
29.86
29.90
29.68
29.07
27.71
27.47
27.12
26.74
26.56
26.10
25.97
25.71
25.75
27.00
28.86
29.59
28.90
26.80
25.49
24.90
25.36
26.46
31.50
28.26
27.18
28.11
27.57
26.79
25.61
25.78
24.98
24.65
23.92
24.15
24.66
24.27
23.49
24.37
20.68
27.05
29.09
27.30
27.64
27.77
27.70
29.41
30.03
30.12
29.72
29.94
30.57
29.25
27.60
27.26
26.68
26.15
25.21
25.62
25.67
25.33
24.11
25.00
27.04
28.42
28.86
28.30
28.61
29.06
29.07
29.41
31.05
31.70
31.04
31.31
30.82
29.95
31.31
28.05
27.37
26.89
27.12
26.72
26.17
26.26
26.18
25.61
29.11
29.19
29.64
29.41
27.83
29.10
31.51
30.16
31.17
31.43
31.20
31.10
31.04
31.11
29.66
29.70
30.44
30.14
30.33
29.51
28.70
28.35
27.88
29.09
30.01
29.82
30.52
29.97
29.12
29.27
29.44
30.09
30.75
31.24
30.67
30.52
30.02
29.62
28.59
27.75
27.46
27.02
26.13
26.26
25.96
25.84
25.63
27.33
29.39
30.06
31.20
30.75
30.54
28.92
29.28
30.07
30.40
30.96
30.81
30.41
30.69
29.36
30.03
33.22
29.07
26.91
26.43
26.24
26.03
25.65
25.78
26.98
28.69
30.13
30.98
29.37
29.58
31.32
31.25
31.39
31.81
31.23
31.36
30.85
30.56
29.75
27.73
27.82
27.12
26.87
26.27
26.25
24.77
25.31
25.24
26.73
27.51
29.37
29.63
31.18
28.60
28.85
30.01
29.31
30.56
32.52
30.30
31.05
32.26
29.98
29.13
28.32
27.25
26.72
26.53
26.08
25.90
25.33
25.24
26.96
28.41
29.32
28.94
28.45
27.85
28.83
28.09
28.49
29.53
29.94
30.02
29.40
29.57
29.98
28.93
28.20
26.96
25.67
26.10
25.63
25.46
25.31
25.07
26.39
27.94
29.09
29.04
28.40
27.16
27.65
28.31
28.88
29.92
30.42
30.59
29.76
29.29
29.12
28.62
28.38
27.34
26.98
26.50
26.42
26.22
24.91
25.03
25.85
27.97
29.50
29.74
29.55
28.81
29.43
30.12
29.51
29.98
28.93
29.50
29.98
31.17
29.28
31.68
26.55
25.73
25.04
24.83
24.81
24.22
24.13
23.23
25.03
26.99
28.18
28.55
27.26
27.12
26.75
26.13
26.09
26.36
26.71
28.94
26.79
26.84
27.44
27.01
25.02
24.77
24.21
23.85
23.65
23.48
22.93
21.73
24.33
26.68
28.05
28.61
28.13
28.36
29.19
28.93
29.37
30.49
31.65
29.92
29.42
29.53
28.82
28.57
26.14
26.59
26.27
25.12
25.67
25.11
24.75
24.37
25.59
27.93
28.30
28.35
26.97
26.74
25.96
26.66
27.23
27.77
28.38
28.32
28.18
27.95
27.53
26.61
26.34
25.79
25.28
25.02
24.77
24.73
24.29
23.40
23.41
23.95
26.30
27.93
27.36
27.42
28.22
27.81
27.68
28.22
26.74
26.59
26.06
26.29
26.73
28.22
25.06
24.92
24.67
24.19
24.27
23.86
22.98
22.57
22.66
23.83
24.65
29.76
27.14
26.27
26.03
26.38
28.51
28.41
28.15
26.20
26.10
26.68
26.77
26.35
25.68
28.04
25.03
24.82
24.04
23.98
23.99
23.00
24.42
25.85
26.95
26.99
26.21
26.96
26.21
26.51
27.30
30.08
30.56
28.15
27.60
27.48
27.10
26.80
27.85
26.68
25.42
25.23
24.08
24.68
24.58
23.81
25.08
26.71
27.56
27.58
27.09
26.38
28.54
27.10
29.27
29.03
28.91
28.71
28.15
27.54
28.08
25.54
25.83
25.54
24.34
25.14
23.74
24.54
24.15
23.74
25.42
26.75
28.08
28.64
28.25
27.06
27.23
28.22
28.50
28.94
29.04
29.81
28.79
28.77
28.69
27.68
26.87
26.34
25.73
25.58
24.75
25.03
24.78
23.88
24.13
25.02
27.47
29.07
28.47
26.99
27.34
27.18
28.41
28.54
28.10
28.85
27.67
28.55
26.62
29.05
27.17
26.98
27.08
25.97
24.96
25.27
24.74
24.29
26.06
28.32
29.27
30.19
30.63
29.80
29.98
29.92
29.61
30.45
31.89
31.19
29.12
30.45
30.20
29.98
29.15
28.76
28.27
28.11
27.26
26.95
26.78
26.02
27.53
29.08
29.71
30.10
29.87
28.80
29.34
29.11
29.02
29.77
30.18
29.22
29.94
30.52
29.59
29.00
28.18
26.59
27.28
27.64
27.26
26.74
26.47
25.68
26.25
27.43
28.32
28.35
28.95
28.47
28.09
29.34
29.28
30.36
30.40
29.90
29.79
30.79
29.50
28.67
28.30
27.76
26.95
26.91
26.66
26.35
26.04
25.52
26.96
28.85
30.00
30.30
29.31
28.65
28.82
29.02
30.12
32.44
33.59
31.22
31.42
30.96
29.78
28.97
34.01
28.87
28.27
27.97
27.82
27.80
27.53
26.96
28.40
30.33
31.73
32.14
31.93
30.90
31.14
30.82
32.11
33.24
35.06
37.00
33.16
31.98
31.20
30.75
30.72
30.24
29.84
29.69
29.31
28.67
28.39
26.58
27.23
28.36
29.76
30.26
30.08
30.65
30.05
30.33
30.39
31.04
30.98
31.17
29.88
29.63
29.59
29.03
27.98
27.40
26.94
26.19
26.75
25.97
25.77
24.94
24.97
26.04
26.94
28.20
28.56
28.87
28.57
29.59
30.04
30.69
31.12
30.91
30.59
30.41
30.07
30.36
29.38
28.78
28.15
28.19
27.67
27.82
27.43
26.66
26.11
28.18
31.15
30.76
29.82
30.26
29.87
30.61
31.37
31.83
32.63
32.03
31.10
30.93
30.53
30.00
29.07
28.10
28.17
28.09
27.90
27.73
27.23
27.04
28.47
30.21
31.36
32.41
32.57
32.04
31.75
31.90
33.26
36.39
36.61
36.34
33.20
33.01
33.00
33.06
31.13
31.46
30.88
30.38
29.99
29.52
29.45
28.26
28.44
30.09
32.51
32.74
31.95
31.44
31.74
31.52
33.25
33.48
33.15
32.63
32.30
31.70
31.35
31.03
32.23
29.42
29.91
29.71
28.46
29.33
28.99
28.35
29.58
31.19
32.90
32.20
32.11
32.86
34.36
31.86
32.11
33.31
33.96
33.75
31.65
32.08
31.99
31.16
32.05
34.08
30.08
30.00
29.65
29.42
29.01
28.38
28.75
29.93
31.79
31.92
31.67
31.37
31.32
33.04
33.06
33.24
32.98
32.62
32.21
32.15
32.47
34.16
31.77
30.23
30.08
29.92
29.94
29.41
29.21
28.34
28.50
29.24
29.96
30.71
31.99
31.65
31.98
32.40
33.08
33.11
32.49
32.88
32.68
33.10
33.52
31.93
30.93
30.70
30.36
30.23
30.13
29.79
29.13
28.55
28.47
30.21
30.88
32.30
32.19
31.70
31.23
31.41
33.02
33.54
32.25
31.70
31.46
31.72
31.23
30.46
29.92
29.32
29.23
28.68
28.55
28.38
28.01
26.95
27.05
28.29
28.27
29.27
29.49
29.62
29.65
29.52
30.22
30.59
29.62
29.72
31.34
30.60
30.60
30.38
31.84
29.03
28.70
28.50
28.65
27.82
27.48
26.81
28.31
29.44
30.31
30.76
30.13
29.79
29.70
30.37
32.01
31.59
31.93
32.17
32.09
34.47
31.85
31.47
30.33
30.07
30.42
30.06
29.88
29.25
29.46
28.60
29.21
34.69
32.47
31.78
32.81
33.57
31.33
32.53
32.60
33.34
34.11
31.03
32.39
32.04
31.97
32.20
31.19
31.03
30.18
30.69
30.22
29.92
29.89
28.66
29.39
28.90
31.55
31.36
30.96
29.60
32.47
30.84
31.71
31.32
31.38
32.57
35.34
30.17
30.13
29.76
28.88
28.39
30.69
28.13
27.82
27.48
27.05
26.11
26.56
28.14
32.71
34.96
31.10
31.76
30.64
31.31
32.68
31.44
31.75
32.38
33.67
31.21
32.51
32.87
31.56
30.45
29.93
29.82
30.78
27.89
28.49
27.32
29.92
30.85
31.07
32.13
31.62
33.67
33.91
33.56
34.55
35.15
34.20
33.74
32.55
31.95
35.71
32.25
30.54
29.82
29.52
28.62
28.51
28.92
28.55
27.49
26.87
29.40
32.16
29.21
29.07
28.96
29.69
29.92
33.27
31.82
32.16
31.86
31.29
32.33
31.66
34.38
35.29
30.33
29.83
29.60
29.28
29.06
28.77
26.87
28.43
30.47
31.78
32.37
33.04
31.84
35.26
34.14
34.10
33.54
32.50
31.51
31.87
32.03
32.26
32.18
30.89
30.32
30.17
30.53
29.32
28.73
28.10
27.71
29.03
31.04
33.13
32.48
31.43
30.52
30.36
32.65
34.86
35.13
34.59
37.86
35.12
34.35
35.36
33.45
32.17
31.18
31.27
31.17
30.57
30.37
29.86
28.27
29.28
30.83
31.11
30.56
30.35
31.47
31.85
32.58
34.07
34.38
34.62
33.47
33.54
32.49
31.66
31.27
30.01
29.47
29.74
30.24
29.60
29.34
29.19
28.22
29.03
29.91
31.78
35.36
32.42
31.61
33.37
37.61
33.72
33.70
36.42
32.65
32.06
31.99
32.47
30.65
30.97
29.07
29.71
29.18
28.50
28.78
28.34
27.73
30.08
31.81
31.84
37.30
33.24
32.43
36.11
35.33
34.77
35.30
35.17
32.96
33.09
32.77
34.19
31.65
32.90
30.33
29.87
29.63
29.28
28.52
28.77
27.19
28.96
31.58
32.02
32.71
33.79
30.75
30.78
31.99
32.24
33.06
33.35
32.43
32.91
32.62
32.93
32.51
30.96
29.93
29.21
31.01
28.65
27.91
27.32
27.26
28.61
31.43
31.97
31.31
32.17
32.16
32.87
40.51
33.59
35.84
35.02
36.02
36.65
33.27
33.11
32.86
31.98
31.03
30.37
29.62
29.66
29.24
28.83
27.32
28.97
31.32
34.77
36.38
34.56
34.42
34.37
37.82
43.00
43.20
44.25
44.00
44.26
41.15
41.88
38.99
36.72
34.61
32.71
32.11
29.91
28.54
29.10
29.20
30.37
31.67
34.42
35.82
38.59
37.10
37.67
40.83
47.44
45.33
43.45
41.43
41.90
38.92
38.91
39.07
36.44
34.57
32.54
32.67
32.02
30.99
31.27
30.82
33.07
33.97
35.27
36.42
44.09
36.91
36.75
41.78
36.64
41.14
38.26
36.29
37.47
35.84
35.38
39.35
40.03
33.45
31.79
33.48
32.08
29.66
30.65
29.57
32.39
37.59
39.19
41.02
42.42
45.28
47.56
52.98
52.38
63.79
62.09
57.53
56.48
50.22
49.92
53.72
56.01
47.48
44.10
40.16
39.05
38.12
37.01
36.82
37.24
41.87
44.74
48.54
47.72
49.09
50.00
48.99
49.14
53.73
50.68
51.25
48.99
53.13
51.41
52.06
48.57
44.25
41.22
37.91
36.87
35.01
35.32
34.14
36.07
37.04
43.70
47.13
39.24
41.32
44.81
46.85
47.38
53.08
60.08
54.91
51.08
47.09
48.69
49.87
49.00
46.15
44.72
41.33
37.44
36.66
36.48
35.39
38.06
42.45
49.79
55.00
51.57
55.70
53.39
52.71
45.35
41.64
42.34
53.85
60.32
58.38
54.97
53.79
48.11
46.23
42.85
39.79
39.55
38.04
36.07
36.34
37.79
40.74
49.16
50.19
60.27
62.84
55.81
65.26
58.46
49.98
49.46
51.69
55.47
59.47
60.26
59.13
54.98
45.51
42.04
39.97
37.48
38.02
36.88
36.49
39.05
46.10
46.22
50.96
51.43
58.96
57.83
53.73
59.61
58.64
60.92
54.19
61.68
58.59
60.24
57.88
49.02
49.01
42.23
39.31
38.53
36.51
37.46
37.17
39.92
42.49
47.61
49.18
55.59
50.87
57.90
54.84
59.39
60.13
57.90
50.85
53.11
52.87
52.69
57.17
48.98
47.01
45.31
40.63
40.25
38.58
37.72
37.04
37.04
40.09
47.75
52.10
55.21
61.73
58.11
59.86
58.38
58.58
60.55
53.93
50.57
53.03
54.14
59.85
54.02
49.35
45.80
44.46
40.24
38.08
37.20
38.28
42.96
41.97
46.45
53.55
54.23
54.57
64.62
62.06
64.67
61.41
61.76
56.27
55.16
58.38
59.09
57.37
53.76
47.93
42.79
43.45
38.19
38.41
36.93
36.94
41.71
44.31
50.46
49.60
49.19
53.69
50.73
57.50
56.05
53.13
52.74
52.31
58.61
58.73
54.69
56.33
51.71
47.37
45.28
40.44
38.56
36.57
37.82
38.40
42.41
43.70
47.25
48.40
49.15
53.53
52.27
55.87
56.88
59.47
67.19
66.11
55.86
57.23
61.44
60.63
51.73
48.25
46.16
40.45
39.23
38.71
37.57
37.60
38.76
42.56
46.36
52.55
50.77
55.87
56.44
55.79
55.64
55.70
54.60
57.32
62.91
59.79
55.18
53.04
54.88
47.00
45.60
43.14
38.52
37.01
36.25
36.71
38.25
43.04
44.68
46.74
49.48
47.89
53.15
51.99
52.88
55.86
49.90
52.89
48.63
44.78
52.71
56.33
51.57
49.65
44.30
42.19
39.83
38.03
36.48
36.31
37.71
44.49
48.40
47.61
55.63
59.13
54.67
56.37
67.49
64.40
60.79
54.51
50.00
54.95
60.54
53.08
46.98
45.85
42.88
41.61
40.71
38.58
37.51
36.98
37.44
38.85
50.48
47.21
56.77
56.10
56.69
62.80
66.72
58.24
56.84
52.02
55.38
49.78
49.32
51.63
51.06
46.22
42.73
42.78
39.31
37.54
37.03
38.92
39.32
40.34
44.94
42.39
47.33
50.68
51.29
55.68
56.14
54.85
52.00
47.97
48.88
52.48
48.48
47.97
44.69
46.52
43.73
41.19
39.60
37.37
36.73
35.95
36.68
39.75
45.18
49.48
51.80
52.26
49.00
56.48
60.55
64.05
59.81
57.57
55.30
59.21
59.66
57.31
57.51
49.92
49.32
40.97
38.58
38.18
37.96
37.00
37.49
40.30
43.85
50.04
45.98
52.68
57.16
53.21
55.47
62.15
58.13
57.07
50.60
57.98
58.08
57.95
54.34
47.61
44.63
40.28
41.12
38.72
36.84
37.74
38.28
43.20
46.37
44.17
51.74
55.15
54.54
51.65
55.50
54.59
52.54
57.23
55.91
60.22
57.07
53.53
56.43
52.32
44.66
42.14
39.28
38.91
37.32
36.87
38.66
44.34
45.87
47.48
48.71
52.25
51.42
51.62
53.04
55.12
49.86
53.02
52.83
59.07
62.17
65.72
53.04
53.49
47.31
41.47
38.46
38.01
37.75
37.60
38.24
41.58
47.80
52.47
49.27
56.73
52.43
56.57
54.41
62.75
56.54
53.48
52.36
53.21
51.67
58.01
55.72
51.43
50.90
43.16
41.30
40.38
45.14
38.12
37.63
37.34
42.71
46.93
52.52
56.38
56.81
61.01
54.44
56.24
63.87
56.80
48.52
50.97
55.44
54.55
46.43
52.38
46.05
42.83
39.43
36.31
35.79
35.80
42.86
41.55
45.77
53.06
54.18
58.33
58.58
61.14
64.07
62.03
65.50
53.66
59.75
57.05
64.85
61.35
54.77
62.52
50.97
43.23
41.97
38.10
35.84
35.89
38.80
42.21
46.26
48.54
43.61
49.41
46.63
56.40
55.21
54.84
54.75
53.93
60.00
57.57
59.37
57.81
55.57
47.50
43.52
41.91
38.96
37.83
36.98
36.33
38.67
42.30
45.67
49.33
47.46
49.14
43.28
49.73
49.49
53.47
53.99
49.41
50.48
53.70
53.41
57.44
55.98
49.13
44.52
39.38
37.20
36.30
36.03
34.91
37.05
44.27
45.32
46.56
49.83
46.07
48.40
45.43
49.51
49.88
59.00
52.41
49.20
57.29
61.65
57.58
47.92
45.72
44.63
41.25
38.19
36.56
35.85
35.64
34.09
40.62
48.16
54.38
49.22
53.03
50.63
50.90
47.39
48.69
52.79
54.78
58.97
63.83
61.81
54.07
53.90
52.36
46.16
40.97
37.98
36.16
35.44
36.40
35.23
40.72
50.48
49.04
50.94
52.16
54.55
57.93
51.42
56.61
55.23
55.46
51.78
49.45
50.95
50.34
47.52
44.51
45.31
46.30
39.36
38.18
41.32
39.73
36.21
39.39
40.97
52.30
51.91
57.60
62.02
61.33
60.68
60.61
56.26
54.95
48.65
50.40
54.92
51.12
53.27
47.87
46.90
40.28
47.88
39.00
39.80
35.78
35.37
43.89
46.86
53.20
56.85
60.14
61.08
59.90
62.01
65.83
56.52
55.98
59.08
63.59
64.80
55.13
64.63
57.16
44.86
39.82
37.92
37.48
36.36
36.62
40.14
40.91
46.34
48.13
49.60
58.35
49.95
52.23
51.54
49.86
53.26
56.22
53.38
56.13
64.72
59.81
51.11
46.29
40.44
39.49
38.56
38.43
35.26
34.51
36.26
39.46
41.02
46.26
46.56
48.17
50.19
52.27
55.80
52.10
55.94
55.68
54.54
57.87
62.25
65.22
55.61
48.59
49.25
45.61
38.71
38.48
39.01
39.67
39.77
44.16
48.14
44.89
52.57
49.60
52.50
51.89
53.10
46.44
47.75
47.17
47.95
53.57
53.25
58.34
54.58
48.08
41.45
38.63
36.84
36.04
35.92
36.08
36.77
42.73
44.53
53.15
50.58
48.45
48.25
49.23
54.15
55.51
54.05
59.69
58.98
57.46
53.02
55.68
55.81
57.12
48.51
41.36
36.15
35.24
33.53
32.94
35.52
40.21
48.42
46.64
47.12
52.25
55.91
55.89
56.27
61.59
60.79
53.47
53.98
49.42
50.66
49.43
47.77
45.34
43.03
38.76
35.94
33.84
33.38
32.46
32.53
35.87
39.72
45.15
45.64
51.45
51.44
53.86
57.04
50.85
46.52
43.43
47.75
54.02
50.57
47.31
44.47
45.74
45.38
42.98
39.54
33.68
33.42
31.87
34.22
41.33
43.90
43.82
49.18
52.69
56.81
55.22
57.33
57.35
60.27
63.28
60.60
63.11
66.86
59.40
52.06
49.48
44.32
44.13
40.77
39.93
37.83
34.80
36.62
41.51
51.78
47.72
44.56
49.45
55.16
51.97
55.19
53.99
53.50
50.56
51.63
57.13
56.46
52.85
48.37
48.28
43.53
40.83
34.29
32.88
32.11
33.77
33.77
36.51
41.06
43.49
46.92
49.14
50.92
49.12
49.22
58.48
55.71
49.64
53.62
49.98
54.21
62.32
58.89
48.68
40.13
40.42
36.34
33.65
34.53
34.14
35.55
42.44
43.97
43.05
45.63
44.91
45.98
47.89
48.08
46.65
49.79
51.25
48.97
55.93
59.57
54.17
53.72
52.21
44.47
37.02
37.19
35.36
34.17
34.11
35.14
40.05
48.17
47.19
47.58
48.72
50.53
48.17
49.26
52.23
54.07
48.57
53.38
52.99
54.45
58.19
53.92
48.39
43.41
40.23
36.63
34.47
34.31
33.59
35.39
42.19
46.88
44.65
44.65
55.10
50.27
52.12
49.83
56.89
51.18
49.84
49.39
45.87
46.23
45.78
45.50
42.38
41.41
40.27
39.27
37.49
34.22
33.69
33.03
38.99
40.90
42.81
52.80
53.17
51.69
49.13
59.71
46.19
52.20
50.58
48.38
55.20
44.58
46.15
44.70
47.67
43.83
39.15
37.17
34.97
34.22
34.24
34.16
43.02
44.84
42.83
49.46
55.46
61.30
56.93
62.14
60.68
53.96
57.04
52.82
58.23
59.91
56.13
52.63
51.85
41.42
41.25
35.22
33.56
32.83
33.10
35.96
33.46
42.77
44.54
48.01
49.68
48.26
48.75
52.05
54.12
50.88
55.05
51.23
52.28
62.31
60.41
49.36
43.67
39.72
38.78
33.28
32.67
33.10
33.44
32.82
36.54
39.84
44.09
42.19
42.00
46.71
46.53
49.35
54.67
48.21
58.00
56.02
51.07
56.26
55.37
53.75
48.85
48.88
39.69
35.12
33.73
32.98
33.06
33.18
38.52
43.34
40.98
48.67
48.74
45.86
44.16
52.41
50.52
50.07
50.96
51.74
53.37
60.91
62.53
52.47
52.80
40.79
35.08
35.94
33.54
32.96
33.08
34.94
39.12
48.98
47.37
43.77
54.22
49.42
47.11
52.07
51.22
50.89
53.93
53.19
56.69
53.05
58.62
53.30
54.40
46.38
39.53
37.53
36.18
34.89
34.67
35.96
40.07
48.39
47.35
53.94
53.14
49.48
49.93
57.97
52.13
56.94
53.21
45.23
53.13
51.88
49.95
51.53
46.48
41.26
43.03
37.42
34.77
34.29
33.40
33.18
36.21
43.42
41.86
43.20
50.34
56.67
52.31
52.48
52.46
59.24
52.68
43.33
48.74
47.77
46.33
48.18
41.28
44.33
40.36
37.79
33.55
32.97
31.88
35.18
37.57
48.25
50.20
51.75
51.78
52.63
53.93
49.09
55.79
56.34
53.23
52.40
61.18
62.13
59.36
53.34
49.02
46.42
36.85
39.46
33.29
34.03
33.25
33.16
37.44
41.15
40.39
44.22
54.01
51.06
48.77
55.09
50.22
50.76
53.52
53.72
52.82
59.25
59.23
56.33
45.75
41.87
38.03
34.24
34.27
33.90
32.33
35.43
39.54
42.51
45.88
48.81
51.56
50.31
51.07
52.16
53.37
59.91
49.42
48.80
51.59
59.03
56.46
52.59
49.03
46.90
41.14
36.59
36.41
33.63
35.86
36.99
39.94
44.36
43.81
47.59
46.98
44.11
45.40
52.01
47.69
47.15
45.34
50.27
53.89
67.94
54.94
48.13
42.17
40.02
36.21
33.97
33.56
32.38
32.78
33.31
38.85
46.37
46.79
42.85
51.70
49.46
47.91
49.46
53.65
48.33
49.54
55.12
54.46
55.95
54.37
50.55
44.08
47.28
36.79
34.51
32.49
31.55
31.21
30.55
36.56
40.12
44.09
42.28
53.27
55.86
49.33
50.82
53.16
50.12
44.26
48.38
44.21
42.89
41.58
38.13
38.32
34.45
31.94
31.39
32.96
29.00
29.32
28.10
30.82
37.84
39.39
43.19
37.82
35.79
40.06
38.00
38.00
42.72
49.24
42.92
40.43
38.52
35.06
35.73
34.72
31.35
31.72
32.30
30.34
29.76
28.93
27.70
30.94
33.48
35.69
37.10
41.93
39.84
40.21
47.05
41.07
38.04
38.70
42.17
35.94
38.14
41.60
37.45
34.08
35.81
33.00
30.23
30.33
29.26
29.53
28.65
32.51
31.72
36.50
38.19
38.56
42.07
42.00
44.36
47.92
43.43
41.16
40.15
44.79
45.54
40.78
44.22
37.43
34.77
34.61
32.25
31.94
31.04
30.43
30.10
33.36
35.94
37.37
41.92
47.01
53.58
57.00
52.31
52.89
52.71
53.15
58.09
57.73
55.41
53.75
55.23
45.73
38.18
35.77
33.91
32.72
31.57
30.99
32.74
36.49
41.16
44.69
48.90
49.68
48.84
48.92
52.57
50.77
44.42
47.04
43.75
51.43
47.48
52.75
47.18
44.75
41.67
37.64
34.22
34.47
32.71
32.54
33.84
39.93
40.83
46.71
46.49
46.02
49.17
53.87
53.81
52.84
49.26
47.26
50.76
50.73
54.91
49.35
46.04
45.95
44.92
39.37
34.07
33.47
31.48
30.95
30.99
35.76
40.65
47.82
45.17
49.34
48.56
49.75
46.28
43.68
40.01
45.91
44.33
49.70
44.02
43.32
44.61
42.11
38.77
35.22
36.54
33.24
30.38
30.57
29.34
32.13
37.53
37.80
45.99
51.23
49.23
58.64
55.56
54.01
46.73
51.07
45.88
46.32
48.22
48.98
44.66
40.75
44.17
38.27
34.35
31.63
29.39
30.20
30.14
34.18
38.95
43.35
48.28
49.00
53.00
57.33
54.75
58.44
55.33
54.08
51.58
50.37
58.74
52.22
45.06
43.49
38.59
35.76
32.14
33.34
29.78
33.01
34.47
37.82
37.40
37.44
41.57
44.25
47.97
52.91
51.24
49.64
49.70
49.18
50.74
49.37
50.63
47.80
54.92
45.64
42.54
35.43
31.24
31.18
30.02
28.65
33.67
33.90
34.69
37.03
45.15
52.85
46.88
44.65
47.43
50.27
47.02
48.09
52.06
53.79
54.63
53.19
43.01
44.02
43.48
36.38
32.32
31.98
30.17
30.59
32.13
38.54
41.95
41.55
40.56
39.07
40.64
46.25
44.81
51.92
43.45
48.95
49.23
48.93
51.85
55.02
47.13
40.17
38.40
39.79
38.33
31.79
31.22
32.89
31.51
38.63
40.98
49.76
39.13
51.26
47.66
47.49
45.04
47.17
52.72
54.26
47.03
50.24
50.89
50.05
48.32
43.47
43.40
38.28
32.52
31.68
31.19
30.44
29.12
32.00
40.05
45.99
51.07
42.18
45.72
50.25
46.21
60.11
55.87
50.53
42.94
42.47
49.26
46.77
48.03
37.37
40.00
36.73
31.45
31.46
30.49
28.98
29.17
30.62
37.28
39.57
36.92
38.57
48.28
51.00
51.07
45.67
49.11
46.97
47.92
53.62
46.62
44.88
38.18
40.88
41.68
36.54
32.73
32.71
30.48
29.20
31.17
33.38
35.23
40.09
47.72
48.58
51.58
55.88
57.33
58.28
55.14
48.52
55.90
57.28
58.28
50.26
47.04
38.97
39.45
35.66
31.47
30.85
30.18
30.43
30.67
34.42
40.58
43.55
45.66
51.09
45.92
52.01
47.75
43.13
48.95
49.63
53.87
56.98
54.24
54.54
51.46
44.49
37.94
32.71
30.62
28.74
28.38
29.63
28.43
31.12
32.76
40.69
43.56
43.34
40.99
47.68
52.49
52.12
50.22
47.38
44.42
47.01
51.68
52.87
47.72
46.44
37.84
37.38
30.18
29.34
28.21
28.29
28.83
31.46
39.24
33.04
42.51
45.47
46.81
41.45
41.45
47.37
46.84
45.68
45.04
47.41
46.29
52.63
45.67
44.07
37.96
35.07
35.43
30.93
28.93
28.58
28.58
34.58
37.96
40.60
45.28
45.23
45.66
44.55
47.35
52.16
47.14
46.05
46.34
43.01
44.33
47.13
40.25
38.14
34.67
30.67
31.69
30.49
29.90
29.38
28.63
29.84
35.36
37.52
41.21
42.03
43.20
49.06
56.41
45.83
48.36
49.68
41.88
47.24
44.89
42.22
45.73
43.77
39.27
36.51
31.56
29.81
28.88
28.43
26.83
30.16
33.29
35.16
45.37
46.69
48.79
48.01
51.72
53.05
52.12
50.90
48.85
52.14
48.69
42.77
47.95
45.45
38.77
37.36
40.47
32.33
34.66
31.72
31.79
32.39
37.52
39.79
43.31
51.33
50.50
59.44
62.14
56.83
51.07
52.84
57.13
61.50
60.57
52.96
56.12
45.89
38.18
35.27
33.64
32.78
30.72
31.03
32.23
36.66
36.49
39.27
38.30
47.10
47.61
47.86
53.17
54.97
50.80
57.74
53.58
55.55
57.98
50.56
54.52
46.58
42.30
38.98
33.80
31.65
30.12
31.25
30.70
34.98
36.46
44.32
44.68
46.57
54.60
56.71
47.39
53.23
50.35
45.04
46.43
49.83
50.58
49.05
52.83
53.35
46.92
42.21
37.39
34.25
32.82
31.99
37.22
36.75
46.56
43.46
49.81
48.58
45.84
47.83
49.86
51.77
52.72
53.74
59.26
56.37
57.63
50.72
53.89
48.78
42.06
35.49
33.75
32.77
32.29
31.06
32.81
35.52
44.21
54.62
49.94
53.73
45.25
48.88
53.81
54.25
54.17
51.07
51.13
56.43
55.84
57.10
52.46
50.18
47.92
37.68
34.17
32.81
31.62
32.92
32.26
41.55
44.23
50.13
47.64
50.94
52.90
50.25
56.89
54.48
52.86
49.77
43.59
43.38
48.75
43.91
42.14
41.44
39.27
37.68
34.46
31.13
32.17
30.63
29.97
29.64
33.93
41.77
45.73
44.19
48.67
37.66
45.15
46.99
43.97
47.46
44.17
44.25
47.77
45.12
47.32
39.82
36.04
34.33
32.74
32.14
32.11
30.83
33.49
39.38
37.17
45.34
43.47
45.36
46.91
49.70
53.93
48.23
51.95
50.20
51.55
45.34
48.43
44.53
46.87
44.40
37.24
36.12
35.54
32.54
33.18
31.72
31.52
31.90
41.79
42.22
46.39
53.62
54.43
48.53
57.14
55.58
53.46
49.13
54.89
57.07
57.43
52.84
49.23
46.85
43.76
41.53
34.25
33.48
32.60
32.41
32.86
35.18
39.29
42.76
43.61
46.81
47.93
47.87
52.18
58.11
54.45
50.21
49.82
51.12
51.44
57.64
47.54
45.36
38.48
35.02
33.10
32.57
31.72
31.71
33.84
33.85
41.84
43.59
37.21
48.65
46.46
50.57
50.62
47.20
47.80
48.43
45.45
46.13
46.78
50.71
54.30
51.56
44.13
33.48
32.63
31.41
29.78
30.25
30.57
34.25
42.28
46.67
40.03
47.19
47.90
48.07
47.67
47.15
53.35
52.63
51.18
48.73
52.92
48.43
48.82
43.19
43.52
38.93
32.66
31.22
32.00
31.09
32.96
32.30
43.11
48.15
46.58
53.39
50.85
52.04
51.37
50.64
49.97
46.72
53.77
42.66
44.47
42.94
39.83
37.33
38.58
35.93
33.53
31.48
31.68
31.39
30.85
29.96
31.02
41.91
42.82
44.72
48.05
48.68
45.53
51.35
50.14
51.12
40.98
42.01
39.37
41.55
47.45
38.43
39.35
34.12
32.92
31.29
30.82
30.67
31.26
33.24
32.12
43.61
39.21
45.52
52.99
58.63
55.51
56.85
50.57
52.88
50.83
55.18
60.83
51.91
53.58
45.12
41.58
33.57
31.91
30.97
31.23
30.56
31.22
34.67
47.08
42.28
44.62
46.93
49.25
50.57
45.64
49.29
45.68
52.13
48.95
46.22
51.04
53.38
51.38
44.03
38.19
34.36
31.58
31.16
31.60
30.60
31.59
34.44
35.70
40.02
38.68
47.05
44.87
45.98
49.65
49.01
53.97
52.59
54.38
52.58
51.76
50.33
46.47
43.33
40.37
39.33
33.67
31.20
30.70
30.54
31.43
35.36
39.73
41.06
42.50
45.54
45.68
44.70
46.41
47.48
48.67
45.67
41.97
46.10
49.32
48.68
43.30
43.75
36.96
33.80
32.89
31.60
31.09
31.28
31.30
35.17
39.27
44.76
43.78
41.67
50.71
45.36
48.10
50.87
53.00
47.87
52.05
52.56
52.89
51.14
46.53
44.37
38.16
33.99
31.42
30.16
29.57
30.57
29.48
31.36
41.35
44.80
48.64
52.43
50.67
49.66
44.20
48.19
47.83
42.14
36.81
40.92
41.55
38.52
39.52
36.77
34.42
34.06
30.86
29.73
29.36
29.57
32.06
31.11
36.19
40.04
42.36
50.37
51.57
51.42
49.42
47.73
44.51
48.52
46.53
49.18
45.53
48.98
46.21
44.67
33.58
31.54
30.97
30.37
29.26
29.55
28.95
31.72
31.85
35.57
36.01
46.14
56.31
54.94
49.02
57.31
53.66
53.59
52.08
55.54
56.79
49.32
43.22
47.28
41.97
35.64
31.22
30.15
29.71
29.16
28.51
33.45
35.69
38.66
40.31
42.53
48.73
49.64
51.36
51.20
49.76
53.15
52.31
48.97
56.23
59.47
53.48
46.94
46.36
44.15
40.53
37.38
36.45
35.77
37.01
34.64
37.30
43.13
46.74
53.68
56.68
48.46
53.31
52.02
53.26
52.02
46.66
51.14
49.55
49.42
52.45
41.25
41.37
36.17
32.30
33.79
29.18
30.07
32.13
34.91
42.25
48.17
44.40
46.56
57.04
48.25
48.93
43.00
43.84
38.40
44.08
37.41
30.79
36.90
30.49
29.22
32.53
28.38
26.73
27.68
26.72
27.43
26.57
25.89
27.22
30.41
31.75
31.99
27.49
30.46
28.07
29.78
29.42
28.81
31.74
32.75
29.30
29.84
27.48
27.27
27.52
27.81
26.24
27.13
27.02
26.38
25.33
25.56
26.94
29.54
26.59
26.29
25.70
27.70
29.32
31.54
28.58
32.34
37.12
30.12
30.44
33.79
32.68
29.12
28.52
26.08
26.61
25.86
25.57
26.48
25.40
24.95
25.39
26.05
34.88
31.93
34.92
33.81
34.03
44.54
45.48
35.67
31.46
31.37
29.48
31.13
28.67
31.69
34.38
31.76
28.18
27.28
26.80
25.82
26.55
27.45
33.20
35.29
37.77
42.42
44.66
45.29
36.84
39.61
43.01
45.33
49.57
47.00
51.44
50.17
42.48
41.32
35.12
33.69
30.77
29.94
29.31
29.65
30.57
31.66
35.27
34.57
36.61
41.47
41.71
41.63
46.34
45.62
40.48
45.53
44.15
43.16
45.35
53.46
41.87
39.48
34.23
32.45
29.50
29.70
28.51
28.65
30.63
33.42
33.53
40.01
41.50
43.31
46.05
41.88
45.28
45.90
44.44
45.07
45.54
44.52
48.97
54.34
46.62
37.57
36.49
35.07
32.42
30.68
29.56
30.37
30.32
31.98
36.77
39.05
44.88
42.82
53.06
39.24
37.59
38.78
44.24
51.10
51.01
50.95
46.79
53.28
43.34
45.30
36.59
34.18
32.95
30.35
29.72
31.26
32.72
34.09
45.02
47.45
45.44
40.00
51.14
48.83
45.36
42.46
47.03
47.78
44.27
48.12
49.07
42.34
45.03
41.92
37.58
34.81
32.53
31.73
30.70
30.04
30.80
30.61
44.99
44.17
40.65
41.65
50.51
45.64
53.50
49.48
44.62
45.73
46.48
45.07
46.33
47.42
41.47
41.01
36.71
35.67
31.13
31.41
30.74
31.15
30.43
29.27
34.36
35.29
40.48
52.59
53.50
49.34
45.89
51.07
52.10
49.13
40.62
41.77
51.59
47.32
40.53
42.65
41.92
34.57
33.57
31.19
31.20
31.78
32.66
36.20
29.54
35.39
48.57
42.78
46.34
51.84
48.66
46.78
41.32
41.72
46.87
47.03
47.54
44.45
39.40
40.13
38.53
36.48
31.59
30.82
29.97
30.02
30.20
29.57
31.92
35.17
51.73
50.99
51.28
50.61
51.01
48.19
47.56
42.33
47.26
50.65
48.63
48.57
40.57
42.49
40.68
33.52
32.36
30.15
30.64
30.32
32.15
34.86
35.43
40.56
42.41
49.01
48.16
48.00
52.11
50.11
48.96
49.69
39.18
44.12
46.72
47.75
53.20
49.92
44.33
33.32
34.28
31.63
29.06
29.72
32.33
35.03
39.84
40.56
41.26
49.16
50.89
55.58
57.25
52.77
49.94
48.92
48.67
46.92
48.41
47.53
53.08
41.08
46.54
35.69
33.42
29.92
32.12
28.92
29.41
29.23
36.73
44.54
49.10
43.26
42.36
52.20
44.46
48.86
50.22
47.16
46.88
48.77
52.18
48.32
48.31
37.43
40.71
35.15
31.05
30.45
33.28
30.94
29.08
29.06
33.40
34.69
40.67
47.24
44.13
42.49
41.31
37.24
45.69
38.77
42.24
36.62
38.68
33.39
35.43
38.15
31.07
29.55
26.88
25.82
25.34
25.29
25.86
25.45
26.20
30.26
37.97
41.19
38.26
39.70
40.34
34.67
31.44
33.34
34.32
36.25
30.44
32.03
27.69
26.50
24.86
25.37
25.38
24.35
25.03
24.56
25.36
28.36
25.47
24.80
30.08
33.44
29.12
27.52
27.79
32.22
34.05
29.20
31.98
36.68
28.94
27.61
30.20
27.27
25.40
24.90
24.62
24.24
25.07
25.02
24.79
25.15
25.44
25.58
26.88
25.81
27.64
30.74
30.92
29.16
27.65
31.12
25.35
27.77
31.12
32.39
27.69
26.12
24.90
25.44
26.03
24.28
24.03
23.92
24.27
23.79
25.07
23.74
22.78
23.17
30.04
24.23
27.68
26.03
25.49
27.03
29.19
27.03
28.87
26.71
26.05
25.45
24.23
25.33
24.48
24.42
24.56
24.58
24.49
24.00
27.19
8.10
14.40
28.28
24.71
24.43
25.14
24.92
25.55
26.30
26.83
28.10
26.08
27.06
26.20
26.47
24.10
26.57
24.49
24.50
24.16
24.30
24.89
31.47
26.36
23.82
25.47
31.04
24.14
24.17
23.77
24.03
23.94
26.22
26.46
26.54
26.68
25.66
26.43
25.35
24.48
24.52
24.23
23.58
24.33
23.68
23.94
23.39
24.22
24.16
23.91
23.54
24.12
28.57
24.34
23.94
29.70
28.04
26.66
25.52
28.11
30.55
26.43
31.03
26.42
27.22
26.79
26.95
26.50
26.63
25.99
25.68
27.18
30.80
29.71
27.38
28.97
27.15
28.54
28.84
25.66
26.31
26.42
29.53
26.26
26.49
27.39
24.66
24.64
25.05
25.22
25.07
24.72
25.09
25.15
23.64
24.79
23.82
27.62
29.58
27.29
27.30
26.94
26.44
25.28
27.78
31.43
27.52
26.17
25.43
26.46
24.78
25.02
24.95
25.48
24.79
25.35
24.72
24.57
23.22
25.25
25.28
24.71
31.13
24.88
23.85
24.44
24.63
29.14
27.74
25.86
28.13
28.87
27.80
26.29
25.08
25.25
25.52
24.60
24.79
25.13
25.25
24.61
25.64
24.68
24.46
25.30
28.41
24.36
23.94
24.12
23.88
24.88
25.88
26.09
25.63
25.18
26.86
23.12
24.41
24.77
23.51
24.39
24.67
23.84
24.96
26.20
23.86
25.14
26.47
24.59
24.10
23.01
24.26
24.72
24.04
24.40
25.30
25.28
25.69
24.85
29.34
24.43
24.73
24.54
24.68
23.01
24.21
23.98
24.18
24.05
23.49
23.55
23.42
23.15
27.25
27.11
24.74
24.73
24.26
25.44
27.54
25.88
25.88
27.57
25.77
27.55
24.57
27.69
24.55
24.80
24.77
24.75
23.92
24.53
23.63
24.20
24.31
24.82
25.08
25.02
25.39
24.20
24.69
24.90
27.38
27.70
26.05
26.90
26.48
24.80
23.79
24.67
24.83
24.03
24.28
24.25
22.92
23.67
23.42
22.62
22.84
22.91
23.12
24.32
24.54
24.07
25.32
28.02
26.31
26.65
27.33
29.44
33.38
26.09
24.41
25.35
26.06
25.27
24.88
25.10
24.89
24.57
26.34
24.57
22.69
25.18
24.39
23.67
23.47
30.97
28.32
28.42
26.39
28.09
27.78
26.93
26.68
26.58
26.07
25.12
26.75
26.27
24.88
25.15
25.16
24.81
24.23
25.16
24.83
25.20
25.24
24.87
23.78
24.85
24.38
25.41
25.76
29.59
28.73
37.08
26.58
25.67
26.76
25.72
25.44
25.17
25.19
24.56
24.05
24.67
23.70
24.89
25.96
26.53
25.87
25.00
25.02
24.88
26.71
28.42
34.19
28.45
26.46
26.16
25.59
27.97
