25.23
24.87
24.78
24.76
25.12
25.39
25.50
25.09
24.68
24.77
24.62
21.09
21.42
21.15
23.70
23.01
29.64
26.55
30.32
31.98
28.93
26.78
26.17
28.16
26.29
25.43
25.48
25.52
25.27
24.96
24.93
25.58
23.74
22.93
21.96
21.02
22.79
22.06
21.98
23.21
28.20
29.13
28.96
30.10
31.57
35.42
30.10
26.58
26.51
25.58
26.23
25.88
24.93
25.17
25.99
25.50
25.47
23.49
25.03
21.35
23.40
25.60
23.17
27.79
27.26
29.18
35.75
29.87
29.28
29.27
28.46
33.12
32.01
26.55
26.36
26.20
26.48
26.56
26.01
26.94
31.19
24.96
26.82
21.82
23.94
29.92
26.03
29.79
27.64
31.80
37.15
34.61
31.02
30.77
29.84
29.47
28.51
27.19
28.37
33.26
26.19
25.19
26.15
25.93
27.20
25.56
26.84
25.17
33.25
36.02
47.74
42.73
37.00
40.24
36.27
34.16
38.30
38.81
38.46
37.73
33.42
31.24
30.43
29.72
28.54
30.49
28.70
27.39
27.97
29.57
32.32
38.22
45.85
47.15
46.87
51.34
52.33
54.09
47.24
49.48
52.55
51.44
47.48
42.82
40.00
33.32
32.26
31.52
30.49
30.42
30.54
34.80
33.39
35.25
32.91
31.89
37.28
42.19
41.04
40.79
41.61
37.66
46.82
43.52
44.74
47.67
50.45
41.39
42.48
38.00
31.58
29.99
30.89
29.94
30.82
32.58
32.93
33.77
36.23
36.41
40.93
34.83
38.59
33.41
34.84
38.19
40.86
43.24
44.62
50.30
44.87
40.93
39.11
33.42
31.18
29.64
29.45
29.20
29.08
32.34
30.45
33.94
34.20
41.58
37.62
41.89
48.37
43.26
38.84
42.64
42.77
46.56
46.92
48.27
46.84
46.54
36.35
32.85
31.61
30.35
29.68
29.63
28.89
31.30
32.90
33.43
18.05
43.86
33.98
39.95
39.03
41.15
43.53
39.65
48.31
48.60
50.49
54.81
44.28
40.95
40.15
38.85
30.73
29.05
28.01
29.52
28.95
33.39
32.78
35.39
32.10
36.57
44.76
42.48
42.25
49.26
53.00
49.43
46.08
47.83
42.98
49.19
36.09
41.12
36.90
35.85
31.44
30.49
30.30
29.53
28.10
29.68
32.19
32.59
34.29
40.83
39.23
43.17
49.04
47.16
51.68
43.09
46.90
42.73
39.83
39.70
45.60
37.59
37.43
38.92
32.23
31.19
29.67
27.93
27.77
30.06
29.25
32.11
36.18
44.61
46.20
47.60
52.41
55.48
56.72
53.12
55.84
50.57
54.57
56.38
57.84
57.57
47.29
37.40
31.35
29.27
28.57
28.09
28.42
33.93
32.44
38.46
38.36
39.98
42.74
48.18
43.50
43.46
45.46
48.79
49.10
52.84
48.67
51.33
45.63
42.98
49.39
35.63
30.30
28.92
27.91
26.52
28.91
29.78
31.04
35.62
35.59
37.02
36.22
37.80
37.82
42.16
40.23
45.06
41.39
44.31
45.85
57.16
49.35
48.08
39.01
33.53
35.20
32.27
28.70
28.53
29.01
30.43
31.63
39.53
39.62
49.86
42.50
45.34
37.10
43.60
44.25
42.37
45.68
42.69
45.79
50.13
46.07
53.88
36.38
41.12
33.06
29.07
28.13
28.11
28.35
29.93
30.25
33.38
39.93
35.15
36.65
41.15
38.61
33.25
44.85
41.83
48.55
46.29
49.33
47.26
49.09
48.46
44.08
36.10
35.22
30.54
28.88
29.07
29.31
35.19
34.63
39.93
36.09
41.60
49.11
49.88
48.32
51.19
45.70
45.25
50.88
45.83
48.05
44.51
43.88
40.22
40.18
39.91
35.72
31.66
27.74
27.38
28.05
27.78
27.92
29.19
33.07
47.79
45.43
42.02
50.86
42.73
50.71
54.82
49.44
46.13
36.39
37.63
37.83
38.48
36.75
34.71
31.71
29.71
28.24
27.38
28.25
31.96
31.92
34.58
33.15
34.60
39.86
46.96
40.77
38.95
34.94
40.30
38.72
38.41
46.26
40.42
35.88
39.83
37.59
38.90
34.40
29.28
27.60
26.91
27.40
26.86
26.60
28.96
34.85
33.19
40.84
44.23
46.31
44.18
50.30
53.51
49.61
53.34
53.10
50.55
52.96
48.09
41.11
38.76
31.83
28.88
27.94
27.34
28.51
29.94
38.99
39.97
36.91
42.86
43.80
43.87
39.65
45.69
44.86
43.90
39.90
45.19
49.53
54.83
53.38
47.76
46.79
34.87
29.69
28.96
27.49
27.89
28.22
29.58
31.09
31.87
33.05
43.59
41.52
43.43
50.50
46.59
47.09
45.46
41.67
46.13
45.52
51.50
47.31
52.88
40.92
34.48
30.38
29.39
36.98
29.74
31.26
30.47
30.85
32.85
30.52
32.92
37.54
36.10
44.06
43.58
42.09
49.17
42.88
45.83
45.23
52.02
45.66
40.80
39.19
34.87
34.01
29.50
28.85
27.79
32.74
29.88
30.78
37.51
37.59
47.08
49.23
41.55
45.14
49.88
49.43
46.28
43.25
47.20
48.89
48.26
48.92
47.84
42.81
37.19
34.38
29.00
28.27
27.42
27.40
27.64
34.43
37.36
35.44
34.95
32.94
46.49
45.87
42.03
41.94
44.36
44.60
45.53
44.05
51.01
42.26
36.33
41.42
36.81
33.10
33.91
27.70
27.40
26.56
29.80
31.83
32.15
32.04
35.78
41.27
47.34
48.44
48.70
48.65
47.09
43.36
49.86
47.55
50.85
47.36
44.42
47.78
45.04
37.10
29.11
28.10
27.07
27.88
31.24
32.97
34.26
33.05
40.10
39.86
49.35
44.15
48.86
45.19
42.54
51.27
45.20
46.84
48.61
51.20
52.78
46.81
35.79
30.93
29.93
28.33
27.68
28.88
33.45
33.07
29.28
31.07
36.65
37.28
38.06
37.75
38.42
49.58
50.07
43.87
45.52
49.46
53.24
49.79
40.77
40.61
36.08
34.33
29.43
28.86
27.86
28.06
29.69
31.43
32.28
37.00
38.55
38.63
44.25
48.26
47.19
48.76
42.46
42.43
42.04
53.97
50.78
49.52
44.17
44.57
35.72
32.12
29.22
28.70
28.67
28.33
29.36
33.08
34.60
39.09
41.21
40.12
32.91
38.22
43.63
40.89
47.80
54.18
46.13
49.93
47.47
48.67
43.84
41.73
41.23
36.13
31.47
29.69
29.36
29.87
32.03
40.27
42.24
37.03
40.95
49.68
46.53
49.01
51.38
53.93
52.98
47.39
46.10
46.54
44.43
38.63
38.06
36.86
35.72
38.98
30.98
30.39
30.18
29.39
28.97
30.03
37.91
43.50
46.62
49.24
43.89
46.16
45.63
47.13
46.07
44.17
45.37
43.15
43.64
40.24
45.12
40.83
39.36
34.24
33.53
33.96
31.81
29.73
31.88
32.06
39.70
41.70
52.99
52.36
54.44
50.22
51.95
47.20
47.18
44.53
38.53
41.78
49.49
55.69
49.32
37.91
34.13
31.31
29.94
30.03
29.27
29.18
31.76
32.87
35.39
42.96
38.59
36.63
44.51
50.40
38.27
44.30
42.66
51.19
49.11
51.88
51.33
52.04
51.53
45.84
35.18
31.28
30.85
29.96
29.47
30.23
32.52
38.67
38.54
32.03
38.67
40.41
40.01
42.58
46.25
41.89
45.84
45.08
48.73
48.12
55.44
47.93
52.40
42.81
38.82
33.17
29.78
28.88
29.53
30.35
29.79
32.99
32.21
31.43
43.71
38.56
39.30
42.24
40.32
39.64
43.83
43.90
45.18
53.32
51.18
46.25
49.71
40.41
40.52
33.05
29.49
28.92
28.94
28.63
30.58
32.62
31.60
36.30
39.24
38.36
43.92
38.93
42.43
50.39
50.30
49.36
45.68
47.44
50.87
53.06
43.58
39.54
37.11
35.18
30.23
30.26
29.07
29.25
29.56
34.93
42.54
36.37
45.97
43.34
44.22
50.32
46.14
50.79
48.49
48.38
49.11
45.11
44.83
50.33
48.14
41.98
35.00
31.93
30.42
29.19
29.00
29.48
29.43
32.67
31.99
35.36
37.87
47.26
43.90
41.58
40.14
43.83
38.90
43.37
41.20
39.84
42.40
51.64
43.91
39.43
36.03
35.47
31.11
31.31
30.02
29.55
31.53
33.61
37.82
36.83
44.22
49.44
49.96
43.22
41.96
43.20
49.09
46.22
55.92
54.12
49.97
56.68
54.68
45.96
37.67
34.98
31.16
30.48
30.18
30.59
32.90
34.78
32.52
37.69
43.92
41.30
45.53
49.25
44.07
46.39
51.84
51.89
49.13
50.55
55.17
57.37
52.87
49.46
41.65
32.46
30.40
30.22
28.45
29.53
31.82
33.08
35.48
34.15
43.41
40.68
39.13
38.49
34.32
41.23
50.45
49.64
45.19
46.59
46.71
56.39
48.52
43.04
35.63
30.83
30.13
29.25
29.15
29.32
33.60
32.03
38.54
33.46
46.38
40.80
42.37
45.57
46.33
45.28
44.34
49.46
48.59
46.71
50.16
53.15
48.28
41.75
40.42
35.11
30.38
29.60
29.17
29.89
32.18
36.59
35.16
42.33
37.18
40.21
45.98
40.63
41.51
46.48
47.18
42.19
42.44
46.22
50.01
46.79
42.35
37.03
37.08
35.35
31.97
15.20
21.57
29.51
29.36
33.00
36.80
40.04
36.17
46.73
46.81
42.58
42.38
44.97
46.58
52.12
50.97
47.61
44.98
40.49
41.00
38.81
33.71
31.13
29.04
27.94
28.27
28.26
28.37
30.57
33.96
43.26
36.27
37.69
38.71
45.20
49.17
48.35
44.64
42.06
41.13
44.09
39.47
39.22
40.01
36.70
34.29
32.98
30.18
28.80
28.63
29.13
28.90
30.08
37.95
44.94
39.48
47.24
47.49
46.05
46.35
52.51
47.30
50.36
50.75
46.73
55.88
48.65
47.19
49.35
36.57
33.52
32.57
28.79
28.79
29.32
29.65
33.66
36.83
39.31
45.80
41.78
44.58
41.36
39.52
43.10
45.81
48.27
47.14
49.48
49.88
52.37
48.59
45.96
39.18
33.77
30.32
29.04
28.75
29.22
30.61
33.84
30.95
32.00
30.67
32.32
40.39
38.94
38.82
42.61
41.10
41.26
52.41
53.24
48.01
50.08
55.33
41.13
33.81
31.72
31.15
30.26
30.22
32.70
31.21
37.89
35.55
23.83
41.86
40.34
43.26
36.89
42.67
48.78
51.89
51.06
45.24
52.06
49.34
47.33
51.28
43.47
42.98
33.86
31.43
30.27
29.38
31.59
30.37
33.40
34.74
34.90
39.24
42.21
49.91
41.86
38.02
43.46
49.61
48.27
50.70
50.33
46.37
56.43
50.98
45.55
36.89
34.86
31.61
30.96
30.95
30.56
32.68
38.35
35.83
41.54
40.64
51.11
54.82
55.10
54.42
45.50
42.93
42.07
48.13
46.27
46.74
45.31
43.08
36.57
35.91
33.83
33.44
29.77
29.46
29.39
28.78
31.98
35.85
36.01
33.32
44.15
40.02
51.21
50.05
47.00
42.04
39.83
43.67
45.04
55.49
46.42
44.03
38.19
35.78
33.48
31.27
30.56
29.22
28.48
29.18
29.33
28.06
31.76
43.21
47.29
44.17
42.44
45.86
49.19
44.55
49.36
48.49
55.79
57.02
56.27
45.81
46.82
39.02
33.52
30.09
29.10
32.08
33.39
34.99
30.52
34.28
35.89
39.59
39.45
47.52
45.94
40.74
41.16
42.01
53.45
44.21
45.58
53.92
52.07
46.86
41.16
32.74
30.52
29.58
28.39
28.95
29.68
31.74
32.60
28.46
30.50
43.72
37.87
34.50
34.40
45.70
42.35
47.30
43.31
47.27
44.63
47.72
53.38
49.50
40.57
40.62
33.32
31.84
31.25
30.41
29.27
29.87
30.70
36.74
39.04
36.79
44.03
42.00
40.58
43.25
40.83
43.21
45.53
55.92
57.03
54.35
58.07
62.18
47.25
40.98
35.11
31.08
29.21
33.28
30.00
30.24
33.29
30.91
35.89
50.01
47.33
41.00
44.53
44.70
52.11
54.26
58.85
50.96
49.57
52.98
48.25
48.17
44.52
38.22
37.96
34.87
34.98
33.67
29.90
34.53
33.33
44.25
51.30
45.51
53.65
54.74
55.27
53.33
50.87
49.12
45.11
48.42
48.63
45.37
50.17
51.34
43.42
44.62
36.02
31.09
30.23
30.30
29.79
29.06
28.61
31.68
38.83
42.59
45.57
48.39
45.68
47.47
43.29
38.13
40.22
42.39
47.82
37.94
40.18
36.41
33.07
31.96
30.98
33.68
30.48
28.38
28.06
28.56
29.39
27.99
29.76
33.61
32.64
39.24
35.33
32.10
35.49
31.74
32.63
38.76
43.35
48.10
42.36
34.23
30.85
28.70
28.37
28.05
27.80
27.75
29.03
30.73
26.88
27.49
25.65
24.20
27.50
28.15
28.45
26.91
32.08
31.86
31.63
33.41
30.80
30.43
30.89
29.56
28.45
28.19
27.12
27.38
26.63
26.34
26.50
25.34
26.05
24.49
23.98
27.38
31.21
32.14
26.88
26.14
29.30
33.40
32.93
33.37
30.33
30.17
29.94
29.37
29.85
28.49
27.48
27.18
26.85
26.72
26.88
26.05
27.42
26.18
25.11
24.96
30.52
29.28
28.20
30.65
34.22
36.05
35.37
32.73
41.94
33.61
31.85
34.20
31.22
29.52
28.84
28.96
28.37
28.42
27.50
26.72
27.24
30.42
33.79
32.29
32.28
30.33
37.92
39.11
29.66
37.91
31.62
32.79
37.55
35.42
34.32
35.57
30.44
29.25
28.61
28.87
28.64
28.13
28.17
27.17
27.39
27.86
27.76
26.60
25.00
30.93
29.68
30.38
28.28
34.72
33.42
31.07
33.82
33.65
29.46
30.41
30.64
27.77
27.60
27.27
27.32
27.24
26.67
25.73
25.52
24.21
23.93
24.95
28.46
41.76
33.34
31.80
35.12
36.49
38.28
37.80
39.34
34.60
37.53
34.01
32.20
30.44
28.30
28.06
29.97
26.82
26.65
25.16
26.14
25.57
29.74
36.35
35.94
33.68
34.28
47.90
47.51
43.77
51.89
50.26
48.75
47.79
50.24
42.73
40.24
39.58
33.69
29.51
28.93
28.92
29.14
28.94
32.88
40.15
34.24
36.10
42.79
42.06
39.60
44.30
45.87
44.90
43.46
44.62
46.62
44.43
46.99
44.88
39.53
36.67
35.55
30.23
29.27
28.67
29.78
29.09
35.54
35.34
41.93
43.67
36.58
39.79
35.32
33.41
36.73
46.37
44.02
44.63
43.22
44.77
44.25
41.23
37.55
31.99
30.98
30.08
29.03
28.42
28.76
29.13
31.66
36.81
34.01
37.20
35.70
42.25
35.12
38.00
39.79
46.50
48.33
45.44
43.90
43.36
44.33
42.09
44.33
40.66
32.07
29.75
28.60
28.03
29.42
28.54
30.91
37.86
35.47
33.09
37.86
37.67
44.85
39.05
41.49
38.11
45.39
45.98
47.92
53.69
48.28
42.29
40.03
37.00
31.91
29.94
29.23
28.91
28.43
28.64
32.87
36.71
31.67
41.01
37.74
45.43
51.23
51.70
45.96
43.69
46.74
41.63
44.98
47.96
46.23
43.52
44.90
37.58
32.87
31.83
28.97
32.37
29.64
29.05
34.03
37.55
36.70
44.36
44.01
47.38
44.16
42.79
43.70
42.74
46.19
46.58
40.73
42.22
44.54
40.85
38.47
34.00
32.00
30.65
30.60
29.83
29.83
31.43
32.40
38.71
42.22
49.87
47.64
47.47
55.16
49.84
42.40
47.97
53.82
49.12
50.65
51.77
52.07
47.13
44.40
40.16
39.12
32.15
35.26
32.67
30.32
33.38
35.07
35.49
43.54
45.03
42.94
46.72
46.09
47.14
48.30
52.03
47.10
54.50
56.45
51.01
54.99
49.99
47.13
43.37
36.43
33.04
32.18
30.52
31.69
31.65
35.81
38.06
40.49
38.46
36.36
40.99
48.03
45.76
44.91
49.79
44.77
53.30
54.18
50.65
50.28
54.58
51.77
42.99
36.99
32.73
32.07
31.00
31.73
30.76
33.14
36.71
42.49
43.61
40.52
43.88
40.83
46.23
42.30
40.32
44.21
44.15
50.75
50.53
53.62
55.78
46.65
37.16
34.13
32.73
31.77
31.04
31.59
33.47
32.50
34.55
35.19
40.18
38.48
39.84
38.40
47.82
49.58
53.99
46.17
50.25
48.74
44.09
54.27
47.88
40.00
38.23
34.29
31.95
30.24
30.76
29.88
28.04
32.48
34.43
35.43
46.14
47.49
50.14
44.23
48.38
40.68
43.53
49.11
43.99
40.27
44.09
47.90
51.52
42.08
35.22
34.21
32.59
30.73
30.45
29.47
29.32
35.23
34.20
37.19
42.85
39.67
43.45
48.18
38.17
45.59
46.89
41.81
51.94
52.68
47.22
51.90
48.64
42.79
43.12
36.79
34.23
30.92
30.54
30.66
34.61
33.68
36.47
42.34
48.60
49.41
46.33
44.90
46.59
44.79
42.80
49.53
49.90
56.98
61.86
58.90
53.55
47.50
40.36
34.88
32.96
31.33
31.98
35.81
33.34
37.89
45.87
42.19
44.82
45.60
47.19
43.90
40.43
47.25
46.70
53.49
46.33
53.19
54.51
58.69
50.12
44.00
40.36
35.35
32.99
32.31
31.13
32.90
36.15
36.96
34.81
48.20
45.63
39.72
42.55
40.91
45.62
52.56
52.72
48.47
50.52
55.16
51.38
53.60
54.87
47.15
41.54
38.25
34.41
32.49
31.62
31.16
32.48
34.14
37.32
35.87
42.67
49.20
43.31
49.72
45.48
45.90
43.66
48.13
48.48
53.17
56.19
51.41
45.64
55.65
40.23
35.36
32.82
31.95
30.78
31.21
34.09
34.24
35.87
38.29
39.44
40.33
45.91
40.09
39.48
44.42
51.22
54.73
50.34
47.42
59.07
49.60
36.73
21.55
40.41
38.03
34.63
33.18
33.55
36.11
35.24
36.89
41.68
48.96
44.47
51.58
51.17
47.17
49.11
49.61
45.04
43.98
45.04
49.35
42.24
45.63
44.48
41.28
36.97
33.47
32.75
31.12
30.39
30.11
36.02
37.27
40.40
38.10
41.14
44.47
42.31
44.62
40.70
40.67
42.12
42.31
44.10
42.92
45.58
40.99
45.43
36.68
35.31
35.38
32.87
31.46
31.28
30.20
33.47
33.63
37.23
47.46
39.60
37.07
43.19
44.65
46.25
50.66
51.69
49.14
51.62
49.16
51.70
50.32
54.64
51.92
45.03
35.13
32.08
31.59
30.63
31.14
32.98
34.54
40.44
41.59
45.10
40.07
41.77
50.65
48.44
45.22
43.31
46.53
50.12
48.91
58.48
59.96
54.08
50.30
39.07
38.04
38.73
31.56
31.85
31.46
30.62
34.94
36.08
39.59
35.60
39.32
37.80
35.70
42.87
45.42
50.79
44.71
52.59
50.86
54.23
56.83
50.02
46.59
39.61
36.13
33.95
38.61
34.84
30.73
31.35
34.51
40.50
41.72
48.82
45.68
37.69
40.68
46.13
46.64
50.11
52.23
51.98
48.80
53.93
52.12
46.43
43.88
42.75
35.52
32.62
32.70
31.44
31.29
31.14
33.63
39.33
38.18
45.84
40.16
42.29
40.45
49.31
50.52
50.57
48.40
49.91
48.43
52.69
56.52
53.18
49.09
39.33
35.95
33.82
32.40
31.88
31.00
32.48
38.76
38.84
43.66
44.01
53.37
49.05
46.09
50.34
54.56
52.91
47.51
48.83
47.60
48.26
45.22
44.34
42.72
39.28
37.27
35.22
33.75
32.71
31.53
32.09
36.33
34.27
41.83
41.08
44.55
41.10
43.83
44.76
44.54
41.54
52.81
48.85
53.58
44.47
47.18
44.86
43.42
38.27
34.02
34.77
33.24
32.33
31.52
30.93
35.67
38.00
41.44
48.72
46.95
51.70
53.47
54.22
51.82
50.09
51.05
54.35
51.38
58.72
49.43
47.93
43.61
40.69
41.32
35.97
39.26
34.81
34.04
35.20
40.20
41.20
41.33
46.05
48.94
48.36
50.41
47.29
44.79
53.76
54.62
51.28
58.29
62.73
57.08
61.54
52.88
43.27
41.31
38.73
36.18
35.83
33.81
35.36
39.39
39.52
45.29
42.03
51.98
46.66
46.63
43.65
53.07
57.87
55.60
50.08
50.98
55.60
51.52
54.28
49.10
41.68
37.43
34.45
33.46
32.94
32.35
33.72
38.24
42.37
40.57
42.25
38.33
43.64
42.89
41.28
43.63
46.63
56.12
57.28
51.17
57.93
60.12
52.35
49.78
39.62
38.87
33.96
32.49
32.08
31.40
31.36
36.23
36.80
39.69
35.37
21.11
42.22
42.18
48.19
52.95
52.45
44.81
46.97
47.54
53.01
51.48
45.18
44.43
36.76
35.53
37.54
36.21
32.52
31.50
31.80
35.98
39.76
42.39
37.55
43.03
45.10
45.63
49.04
53.11
49.07
47.24
49.80
47.89
43.86
44.22
40.73
40.02
37.26
36.99
37.22
37.37
36.72
30.98
32.49
36.34
40.67
46.44
39.01
43.52
46.81
46.57
48.01
53.65
48.19
48.48
49.18
47.54
44.52
44.88
44.63
45.33
38.85
41.53
38.39
33.59
32.10
30.91
31.78
36.06
36.57
44.68
43.80
42.97
49.28
50.64
51.41
45.11
48.83
46.81
51.31
49.57
52.84
55.13
53.13
50.66
38.54
37.28
34.03
33.55
32.31
33.54
34.00
36.24
46.60
39.83
42.99
46.48
43.59
40.68
48.06
50.53
56.53
47.74
51.82
54.84
47.90
48.26
56.42
46.60
41.02
40.27
36.14
33.35
31.63
31.25
32.49
37.83
41.50
42.08
38.27
39.11
41.56
44.31
46.61
43.78
51.38
47.75
53.08
54.64
46.59
53.35
53.72
45.55
39.23
34.32
32.91
32.33
31.33
30.76
31.20
35.41
37.82
39.75
42.02
35.04
42.18
40.35
45.26
44.73
44.44
42.38
50.55
54.44
52.22
49.43
45.92
41.91
36.14
35.16
33.53
32.47
32.77
30.92
32.54
35.31
37.17
36.15
42.19
44.19
38.50
40.66
42.08
46.32
50.86
51.70
47.74
47.02
50.54
50.32
52.63
49.43
44.03
37.73
34.47
33.23
36.08
31.54
34.56
35.37
38.16
42.72
50.11
53.30
53.44
50.09
54.18
51.43
45.93
50.06
44.35
48.26
44.97
42.43
42.51
42.18
38.98
36.12
34.62
33.67
32.76
31.98
32.11
33.23
34.93
38.25
41.34
38.05
40.46
45.79
45.71
52.45
45.51
48.60
43.99
41.01
46.31
43.91
46.34
40.00
37.68
38.38
34.50
33.79
33.33
32.44
35.24
35.58
36.01
37.95
39.14
38.19
41.87
43.09
44.24
42.10
43.53
52.09
49.67
55.11
54.55
50.51
45.56
41.68
40.29
35.29
32.83
34.44
35.37
33.26
32.45
34.47
42.45
44.91
40.74
39.70
39.30
40.76
52.17
47.14
45.96
50.18
49.55
46.07
54.60
54.43
49.98
46.67
42.73
35.83
34.86
33.27
32.77
32.77
34.18
35.84
38.97
38.73
45.86
44.33
46.38
43.91
45.77
48.77
43.51
48.56
46.82
53.48
50.17
52.20
47.93
48.17
39.27
36.62
34.98
33.88
38.17
32.94
33.90
36.84
38.33
39.89
47.01
43.97
43.26
45.92
49.37
50.19
47.19
49.44
51.24
47.85
52.70
49.20
52.47
52.87
48.89
39.01
34.76
33.75
33.24
32.59
34.47
38.26
40.14
40.92
43.96
43.22
44.49
47.98
45.81
45.93
48.47
52.58
53.45
54.53
55.48
51.22
51.00
44.42
41.60
40.98
36.06
34.41
35.03
33.17
34.47
40.20
43.45
43.21
47.49
46.81
53.44
46.83
45.46
47.25
52.05
56.47
52.27
51.17
45.91
47.48
47.40
44.32
39.93
38.41
38.55
35.46
36.95
34.39
37.38
42.07
42.93
49.68
50.60
44.74
44.81
50.36
46.55
54.37
49.23
53.57
59.68
51.52
47.83
47.32
48.02
46.97
38.65
37.35
35.66
34.79
33.73
33.95
35.16
37.47
37.79
41.97
50.70
46.21
52.96
50.90
54.23
48.13
47.80
48.09
56.93
49.93
52.06
53.69
49.61
47.92
42.99
43.97
34.97
34.87
33.63
31.81
33.28
35.07
42.91
43.49
42.74
52.42
47.57
45.62
49.02
48.37
54.22
50.19
43.79
47.63
55.23
52.87
46.27
40.18
39.68
35.51
34.07
32.73
32.45
31.32
32.80
37.44
41.00
39.87
43.33
40.28
44.75
40.74
45.23
44.20
50.84
48.77
48.42
45.15
49.40
45.39
46.36
41.13
38.09
37.52
33.98
33.84
32.98
31.14
32.52
38.17
40.93
38.69
49.12
43.67
47.92
43.01
49.77
51.90
54.62
51.91
42.78
48.02
50.22
47.90
46.07
42.30
38.91
36.27
35.05
30.95
29.42
30.43
39.27
34.27
40.87
52.26
48.69
47.91
49.35
47.62
45.45
47.84
49.91
44.35
51.34
44.37
51.25
46.98
47.77
42.51
34.92
31.83
30.99
29.05
29.16
28.44
29.10
36.53
40.80
46.19
39.93
43.44
43.22
44.28
40.70
42.01
39.99
38.74
36.31
39.60
34.31
35.82
36.71
34.90
32.08
32.94
36.02
30.93
30.44
27.41
30.44
35.48
37.51
34.64
34.34
33.49
32.18
35.62
32.62
30.09
32.20
33.99
39.87
31.99
29.63
29.88
27.92
28.32
28.14
28.17
26.80
27.07
26.31
26.21
26.13
31.64
27.70
26.57
26.80
25.81
25.39
26.13
26.78
28.53
28.74
27.98
30.77
29.13
29.08
28.11
27.69
27.01
26.67
26.42
26.02
26.01
25.57
24.57
24.13
24.38
24.97
25.06
24.38
25.56
29.91
27.98
26.66
29.53
29.42
28.04
31.71
28.60
28.78
27.98
27.21
26.47
26.20
25.90
25.04
24.65
23.98
23.53
23.50
22.61
23.93
21.55
23.77
21.20
23.88
27.76
26.71
24.64
27.53
26.77
27.61
27.32
27.73
27.34
25.71
25.24
24.72
24.57
24.55
24.00
23.83
22.82
22.62
24.76
26.54
23.50
21.36
20.81
20.39
21.28
24.02
26.05
27.06
26.55
26.56
27.54
28.19
29.13
26.77
25.31
24.74
23.88
23.72
23.33
23.36
23.08
23.72
23.03
24.16
23.01
23.20
22.66
26.82
26.64
26.07
25.33
27.03
32.76
30.10
28.49
27.92
26.90
26.00
30.74
26.55
25.29
25.09
23.57
24.05
23.31
23.98
25.44
13.45
26.58
23.74
25.15
24.57
24.41
23.95
24.71
26.08
26.43
27.89
27.28
27.16
27.68
25.63
25.11
24.80
30.90
25.47
24.51
23.58
23.14
26.16
24.44
24.40
27.71
22.78
21.64
26.24
22.50
24.30
25.73
28.04
27.57
27.14
27.42
27.04
27.82
25.78
25.52
25.53
25.02
24.72
25.27
24.84
24.26
23.68
23.34
24.36
24.40
21.73
23.90
22.53
23.72
25.46
26.46
28.25
26.45
29.05
27.60
27.86
26.24
25.32
25.02
24.67
24.01
24.48
24.06
24.14
24.02
24.41
24.77
25.11
23.76
22.24
23.01
21.31
22.07
23.54
25.40
28.63
28.09
28.85
28.70
28.13
27.73
26.98
25.98
26.00
26.98
26.17
24.98
24.41
24.78
25.41
25.58
25.39
24.47
23.97
23.59
23.72
24.82
27.81
28.22
29.62
30.17
30.34
30.07
29.83
28.96
28.64
28.39
27.77
27.36
27.07
26.07
25.92
25.52
26.11
25.81
27.27
26.52
25.69
26.33
28.93
26.25
26.95
28.90
29.72
30.02
30.21
30.43
31.01
29.27
28.11
27.99
27.34
26.73
26.42
26.07
25.67
24.69
24.42
24.36
25.34
24.98
24.03
23.23
23.22
23.78
29.34
27.11
28.55
29.03
29.53
28.86
28.78
28.16
27.42
26.70
25.57
25.57
25.33
25.11
24.57
25.24
27.19
24.45
23.80
22.87
21.37
21.93
21.47
23.01
23.54
24.64
25.60
26.58
26.72
26.66
26.48
26.32
25.10
24.49
25.93
24.48
23.95
23.93
23.58
23.96
23.94
23.72
23.34
22.46
21.95
22.20
20.69
21.55
22.79
26.03
25.67
26.31
26.61
26.39
26.24
26.07
26.00
25.77
24.92
24.20
24.52
24.54
23.67
23.17
22.49
22.33
22.32
23.76
23.08
23.29
24.16
24.24
24.63
24.34
24.83
25.27
26.38
25.80
26.00
25.86
24.92
24.56
24.16
23.96
23.33
23.51
22.85
21.77
21.49
22.08
21.48
22.08
21.41
19.45
19.08
19.54
20.93
22.85
22.82
23.36
24.08
24.29
24.64
23.84
23.41
22.26
24.20
23.12
21.90
21.82
21.13
21.35
21.39
21.58
21.01
20.70
20.23
19.62
18.74
19.11
20.00
22.04
23.98
25.22
24.73
25.27
25.23
24.88
23.54
23.03
22.73
22.74
22.30
21.83
22.00
20.74
21.04
21.71
21.10
21.68
21.56
19.20
20.40
22.47
23.72
23.82
23.75
24.04
24.57
24.53
25.30
24.53
23.58
23.21
23.13
22.64
22.60
22.36
21.91
21.20
22.64
22.69
22.04
22.46
21.31
20.10
19.80
20.79
22.05
22.03
24.00
26.32
27.11
25.40
25.10
25.02
23.92
23.29
22.42
22.73
22.89
22.60
21.58
22.39
23.73
23.62
23.87
23.72
24.08
21.08
25.31
24.07
23.47
25.40
27.25
28.86
27.58
31.25
29.33
27.85
26.38
26.05
25.93
25.67
24.81
25.27
24.90
25.68
25.88
25.71
25.26
24.24
23.35
22.43
24.18
25.00
27.61
28.35
28.75
30.19
29.52
28.73
28.22
27.43
27.49
26.38
26.80
26.56
25.98
26.30
25.79
26.37
26.68
26.36
25.16
25.42
24.90
23.26
23.67
23.82
25.59
27.64
28.82
30.56
30.45
29.56
28.79
27.95
27.40
27.02
26.63
26.63
25.79
26.04
25.40
25.89
25.22
24.66
25.64
24.96
22.96
22.04
22.34
22.92
24.13
26.09
27.89
29.26
28.74
28.36
28.09
27.55
26.70
26.65
26.02
26.01
25.73
25.56
25.08
25.98
26.57
26.57
25.88
25.13
24.08
23.17
23.75
23.82
25.42
26.86
28.20
29.44
28.90
30.24
28.72
28.03
26.86
27.48
26.57
25.70
25.93
25.94
25.70
26.39
26.82
27.61
26.82
26.06
24.61
24.00
24.10
24.85
26.01
27.98
29.40
30.30
30.27
29.83
29.20
30.07
29.12
28.10
27.57
27.52
26.88
27.04
26.73
27.86
27.96
28.34
28.39
27.22
26.12
25.11
25.28
26.14
27.45
29.03
30.73
31.49
31.35
31.12
32.63
32.80
29.66
28.78
30.55
28.29
27.86
27.87
27.11
27.27
28.39
28.88
28.94
29.00
28.40
27.53
26.25
27.10
28.43
29.95
31.06
32.33
32.00
32.15
32.89
31.16
29.88
28.78
28.56
28.29
28.33
27.97
27.88
28.34
28.50
28.85
28.57
28.09
26.55
25.82
25.94
27.11
29.37
31.35
31.92
33.38
31.83
31.98
33.04
30.88
29.96
29.93
29.48
29.18
28.69
28.62
28.16
28.56
28.42
28.86
29.22
28.88
27.72
27.33
26.77
27.44
29.96
31.02
31.14
32.61
33.26
35.59
32.51
30.95
29.71
29.76
30.84
29.21
28.61
28.54
27.92
27.54
29.21
29.97
30.57
30.08
28.76
28.27
28.32
29.03
29.78
32.06
32.36
33.44
32.58
33.63
32.81
32.33
31.28
29.92
30.23
29.69
28.98
29.25
28.89
29.00
29.67
30.27
30.85
29.88
29.01
27.87
28.60
29.45
30.51
32.14
32.80
33.10
33.01
33.11
32.91
32.24
31.48
31.16
30.71
30.84
29.59
30.39
29.83
30.22
30.75
30.89
31.72
31.30
30.66
29.74
29.58
30.15
31.45
32.89
33.95
34.87
35.04
34.80
34.39
33.40
32.70
32.28
31.79
31.84
31.25
31.27
30.72
31.20
31.46
31.99
33.06
32.47
32.01
30.47
30.30
30.72
31.48
32.80
34.17
33.54
34.20
33.97
32.92
32.42
31.76
31.14
30.07
30.69
30.52
30.52
29.71
30.56
30.88
30.75
30.91
30.35
28.76
28.61
29.70
29.40
31.59
32.07
33.20
32.77
32.33
32.25
31.64
31.06
30.23
29.95
29.10
29.28
28.93
28.80
28.31
29.60
30.21
29.86
29.74
28.94
27.78
26.79
26.73
28.18
31.86
34.11
32.93
34.80
32.93
32.54
32.13
31.35
30.81
30.02
29.63
29.61
29.37
29.32
28.83
29.90
29.91
30.28
30.06
29.15
29.36
28.54
28.43
29.23
30.51
36.27
35.43
34.09
35.84
35.54
34.78
31.58
31.55
30.83
30.56
30.15
30.00
29.88
29.17
29.29
31.18
32.13
32.21
31.34
30.14
6.89
24.06
31.33
32.47
34.00
34.18
35.06
35.22
35.03
36.20
34.31
32.82
32.30
31.72
31.64
31.39
31.15
30.79
31.13
32.09
32.62
32.26
32.30
31.69
34.52
33.37
32.30
32.94
33.99
34.92
36.97
35.95
35.79
35.23
35.58
35.55
33.50
32.64
33.28
31.77
31.33
30.88
31.14
31.86
32.08
31.19
31.66
30.46
31.11
32.52
32.55
32.71
34.44
36.86
37.29
36.02
34.60
34.27
34.73
34.97
33.24
32.42
31.80
31.32
30.76
30.38
29.82
29.89
31.73
30.84
30.97
30.95
31.70
32.48
32.21
34.23
36.26
36.50
37.37
34.80
35.18
34.48
34.45
33.81
32.29
31.32
31.43
31.08
30.16
29.80
31.03
32.23
33.78
31.58
30.63
30.52
30.05
29.96
31.06
32.11
33.18
35.32
35.35
34.46
34.19
33.17
32.58
32.61
34.09
33.55
32.38
33.54
31.41
30.51
30.96
31.54
33.12
31.98
30.78
31.30
28.89
29.06
29.76
30.74
32.68
34.57
35.50
33.53
33.69
33.02
32.12
31.78
31.05
30.89
30.74
30.46
30.62
29.85
30.41
30.25
30.81
30.82
30.16
29.51
28.89
29.00
29.27
30.95
34.27
34.47
35.10
34.72
35.25
34.53
32.77
32.34
31.71
31.09
30.59
30.35
30.43
29.89
29.35
30.28
31.11
31.88
31.98
30.52
29.11
30.33
30.60
30.90
32.61
31.47
31.48
31.36
31.99
32.37
31.41
29.75
28.88
28.24
28.37
28.56
28.23
27.83
27.94
28.40
29.22
29.08
28.27
32.58
27.78
26.53
27.51
29.49
30.20
32.58
31.37
32.00
32.63
31.44
29.93
29.57
28.96
28.74
28.64
27.98
28.28
27.29
27.70
29.00
29.49
30.00
34.23
37.24
29.91
28.74
29.16
29.36
31.02
31.96
32.12
32.67
33.40
32.43
32.24
30.88
30.52
29.98
29.52
29.29
29.00
27.63
29.14
30.60
30.29
37.29
31.92
30.54
30.14
30.08
31.27
32.61
33.77
34.20
34.52
36.18
34.53
33.63
34.56
32.12
31.76
31.05
30.80
30.22
29.30
29.00
30.65
31.25
31.37
32.44
33.13
35.87
30.22
29.58
32.59
30.93
31.58
31.56
32.52
32.66
32.19
32.08
31.29
29.99
30.42
29.83
29.18
29.22
28.14
27.33
28.48
28.52
29.18
29.66
29.07
28.29
35.79
29.16
29.41
30.91
31.32
32.53
33.59
31.00
31.73
31.11
30.58
30.01
29.58
29.38
28.88
28.82
27.46
26.74
27.64
28.24
29.36
28.56
27.72
26.92
26.57
26.71
27.15
29.86
29.43
30.90
33.10
32.05
31.84
31.81
34.99
31.88
30.62
28.05
27.47
27.11
26.68
26.42
26.44
26.79
27.56
27.20
26.19
25.94
25.02
24.33
25.25
27.23
29.46
30.63
30.45
30.62
30.64
29.72
30.13
29.03
28.00
27.64
27.56
27.03
27.18
26.71
26.61
27.51
27.39
27.38
27.12
25.74
24.92
25.14
25.94
28.07
26.96
33.19
29.70
29.94
29.37
28.94
29.02
27.98
27.65
26.72
26.36
26.01
26.04
25.47
25.69
26.25
26.57
27.12
25.89
25.72
25.24
25.03
25.44
26.44
27.59
28.39
29.45
29.88
29.68
29.07
27.71
27.47
27.12
26.74
26.56
26.10
25.97
25.71
25.65
26.20
26.90
26.75
25.38
22.85
21.36
20.89
21.61
23.13
29.14
26.78
26.77
28.10
27.57
26.79
25.61
25.78
24.98
24.65
23.92
24.15
24.66
24.27
23.45
23.74
19.23
24.39
25.88
23.64
23.84
23.87
23.99
26.21
27.58
28.83
29.33
29.92
30.57
29.25
27.60
27.26
26.68
26.15
25.21
25.62
25.67
25.33
23.90
24.25
25.47
25.87
25.61
24.42
24.55
24.98
26.36
26.85
28.64
30.04
30.67
31.31
30.82
29.95
31.31
28.05
27.37
26.89
27.12
26.72
26.17
26.26
26.11
24.89
26.97
26.83
26.21
25.66
23.97
25.45
28.43
27.55
28.62
29.86
30.76
31.09
31.04
31.11
29.66
29.70
30.44
30.14
30.33
29.51
28.70
28.35
27.84
28.38
28.17
27.11
27.16
26.22
25.16
25.36
25.65
26.79
28.22
29.74
30.24
30.51
30.02
29.62
28.59
27.75
27.46
27.02
26.13
26.26
25.96
25.85
25.56
26.63
27.55
27.33
27.86
26.92
26.55
24.89
25.53
26.87
27.83
29.41
30.34
30.39
30.69
29.36
30.03
33.22
29.07
26.91
26.43
26.24
26.03
25.65
25.72
26.26
26.81
27.31
27.49
25.42
25.49
27.20
27.35
28.07
29.24
29.69
30.91
30.83
30.56
29.75
27.73
27.82
27.12
26.87
26.27
26.25
24.77
25.31
25.17
25.99
25.58
26.47
26.04
27.21
24.44
24.75
26.15
26.00
28.01
30.99
29.88
31.04
32.26
29.98
29.13
28.32
27.25
26.72
26.53
26.08
25.90
25.34
25.18
26.15
26.47
26.44
25.46
24.53
23.80
24.81
24.35
25.21
27.01
28.43
29.56
29.39
29.57
29.98
28.93
28.20
26.96
25.67
26.10
25.63
25.46
25.31
25.03
25.68
26.11
26.34
25.63
24.61
23.14
23.69
24.65
25.68
27.46
28.96
30.19
29.75
29.29
29.12
28.62
28.38
27.34
26.98
26.50
26.42
26.22
24.91
24.98
25.26
25.97
26.57
26.28
25.95
24.91
25.26
26.36
26.70
27.65
27.80
29.15
29.89
31.18
29.28
31.68
26.55
25.73
25.04
24.83
24.81
24.22
24.13
23.21
24.28
24.99
25.23
24.89
23.38
22.87
22.46
22.24
22.69
23.71
25.15
28.49
26.76
26.84
27.44
27.01
25.02
24.77
24.21
23.85
23.65
23.48
22.93
21.66
23.60
24.81
25.26
25.13
24.23
24.28
25.21
25.23
26.20
27.98
30.16
29.48
29.40
29.53
28.82
28.57
26.14
26.59
26.27
25.12
25.67
25.11
24.75
24.32
24.97
26.33
25.53
25.35
24.87
22.95
21.79
22.89
24.45
25.10
26.60
27.77
28.16
27.95
27.53
26.61
26.34
25.79
25.28
25.02
24.77
24.73
24.28
23.36
23.17
23.02
24.26
24.77
25.93
23.95
24.15
24.00
24.42
25.63
25.62
26.22
26.04
26.29
26.73
28.22
25.06
24.92
24.67
24.19
24.27
23.86
22.98
22.54
22.28
22.39
21.94
26.41
23.93
23.49
22.97
22.88
26.92
27.59
27.53
26.05
26.10
26.68
26.77
26.35
25.68
28.04
25.03
24.82
24.04
23.98
23.99
22.93
23.84
24.10
24.64
23.59
22.36
22.97
22.21
22.80
24.04
27.80
29.06
27.72
27.58
27.48
27.10
26.80
27.85
26.68
25.42
25.23
24.08
24.68
24.59
23.71
24.51
25.17
24.94
24.28
23.35
22.39
24.55
23.30
25.99
26.53
27.47
28.33
28.13
27.54
28.08
25.54
25.83
25.54
24.34
25.14
23.74
24.54
24.15
23.69
24.80
25.07
25.50
25.43
24.65
23.65
23.40
24.62
25.28
26.49
27.59
29.41
28.77
28.77
28.69
27.68
26.87
26.34
25.73
25.58
24.75
25.03
24.78
23.79
23.66
23.47
24.65
25.85
24.83
23.14
23.47
23.37
25.14
26.05
26.60
28.44
27.66
28.55
26.62
29.05
27.17
26.98
27.08
25.97
24.96
25.27
24.73
24.23
25.34
26.68
26.72
26.92
27.29
26.62
26.69
27.65
27.21
28.09
30.46
30.84
29.09
30.45
30.20
29.98
29.15
28.76
28.27
28.11
27.26
26.95
26.78
25.97
26.92
27.37
26.97
26.78
26.18
24.86
25.32
25.48
26.34
27.64
28.97
28.83
29.93
30.52
29.59
29.00
28.18
26.59
27.28
27.64
27.26
26.74
26.47
25.65
25.50
26.18
26.79
26.41
26.43
26.01
24.03
25.57
25.90
27.68
28.92
29.61
29.76
30.79
29.50
28.67
28.30
27.76
26.95
26.91
26.66
26.35
26.04
25.46
26.31
27.15
27.30
26.98
25.57
24.62
24.61
25.61
26.80
30.11
32.10
30.80
31.42
30.96
29.78
28.97
34.01
28.87
28.27
27.97
27.82
27.80
27.53
26.93
27.86
28.60
29.08
28.81
28.17
26.85
27.20
26.98
28.90
30.73
33.59
36.69
33.13
31.98
31.20
30.75
30.72
30.24
29.84
29.69
29.31
28.67
28.39
26.57
26.99
27.08
28.16
28.10
28.29
28.33
27.18
29.04
28.47
28.73
29.58
30.83
29.88
29.63
29.59
29.03
27.98
27.40
26.94
26.19
26.75
25.97
25.77
24.89
24.65
25.54
24.55
25.08
24.77
24.95
24.89
26.02
26.94
28.58
29.77
30.48
30.53
30.41
30.07
30.36
29.38
28.78
28.15
28.19
27.67
27.82
27.43
26.63
25.49
26.44
28.66
27.05
26.60
26.56
25.87
26.92
28.12
29.36
31.24
31.66
31.07
30.93
30.53
30.00
29.07
28.10
28.17
28.09
27.90
27.73
27.23
26.91
27.78
28.54
28.75
29.17
28.92
28.24
27.94
28.43
30.04
34.13
35.38
35.92
33.17
33.01
33.00
33.06
31.13
31.46
30.88
30.38
29.99
29.52
29.45
28.25
28.11
28.28
29.94
29.51
28.29
27.56
27.85
27.83
30.06
31.03
31.73
32.24
32.27
31.70
31.35
31.03
32.23
29.42
29.91
29.71
28.46
29.33
28.99
28.28
28.96
29.43
30.20
28.83
28.39
29.01
30.46
28.06
28.77
30.79
32.46
33.32
31.62
32.08
31.99
31.16
32.05
34.08
30.08
30.00
29.65
29.42
29.01
28.26
28.09
28.42
29.31
28.53
27.66
27.35
27.24
29.21
29.84
30.61
31.44
32.15
32.18
32.15
32.47
34.16
31.77
30.23
30.08
29.92
29.94
29.41
29.21
28.29
28.09
28.65
28.77
27.65
28.93
27.92
28.85
29.03
29.96
31.31
31.60
32.45
32.64
33.10
33.52
31.93
30.93
30.70
30.36
30.23
30.13
29.79
29.13
28.47
28.04
28.66
28.35
28.97
28.47
27.75
27.30
28.09
29.98
30.68
32.07
31.70
31.46
31.72
31.23
30.46
29.92
29.32
29.23
28.68
28.55
28.38
28.01
26.94
26.85
27.70
26.90
26.98
26.29
26.23
27.51
25.68
27.13
29.43
29.47
29.63
31.27
30.60
30.60
30.38
31.84
29.03
28.70
28.50
28.65
27.82
27.47
26.78
27.74
27.75
27.59
27.49
26.41
25.92
26.04
26.70
28.88
29.18
30.61
31.74
32.08
34.47
31.85
31.47
30.33
30.07
30.42
30.06
29.88
29.25
29.46
28.56
28.75
33.01
29.88
28.88
29.15
29.72
27.49
28.86
29.38
31.15
32.96
30.79
32.36
32.04
31.97
32.20
31.19
31.03
30.18
30.69
30.22
29.92
29.89
28.60
29.08
27.73
29.10
28.37
27.49
25.76
28.74
27.27
28.35
29.58
30.60
32.37
35.33
30.17
30.13
29.76
28.88
28.39
30.69
28.13
27.82
27.48
27.05
26.03
25.91
26.58
30.12
31.66
27.60
28.01
26.80
27.72
29.47
28.95
30.36
32.10
33.66
31.21
32.51
32.87
31.56
30.45
29.93
29.82
30.78
27.89
28.49
27.28
29.24
29.55
28.58
28.91
28.26
29.74
30.16
30.00
31.45
32.72
33.33
33.33
32.52
31.95
35.71
32.25
30.54
29.82
29.52
28.62
28.51
28.92
28.55
27.47
26.65
28.89
31.74
28.64
28.02
28.19
29.04
27.70
30.10
29.41
30.88
31.45
31.28
32.33
31.66
34.38
35.29
30.32
29.83
29.60
29.28
29.06
28.77
26.79
27.47
29.04
29.26
29.43
29.76
28.25
31.33
30.46
30.91
31.30
31.92
31.45
31.87
32.03
32.26
32.18
30.89
30.32
30.17
30.53
29.32
28.73
28.10
27.66
28.45
29.34
30.61
29.12
27.70
26.82
26.87
28.72
31.65
33.46
33.13
37.32
35.10
34.35
35.36
33.45
32.17
31.18
31.27
31.17
30.57
30.37
29.86
28.24
28.67
29.90
29.81
29.30
27.55
28.15
29.44
30.34
31.45
32.08
33.53
33.21
33.54
32.49
31.66
31.27
30.01
29.47
29.74
30.24
29.60
29.34
29.19
28.14
28.41
28.12
29.04
32.69
28.69
27.44
29.18
33.93
30.93
32.44
35.96
32.55
32.06
31.99
32.47
30.65
30.97
29.07
29.71
29.18
28.50
28.78
28.34
27.70
29.44
30.02
29.00
34.00
29.70
28.63
32.13
32.46
32.09
34.16
34.07
32.70
33.09
32.77
34.19
31.65
32.90
30.33
29.87
29.63
29.28
28.52
28.77
27.17
28.44
29.88
29.26
29.31
29.96
26.75
26.67
28.47
28.94
30.70
32.03
32.10
32.91
32.62
32.93
32.51
30.96
29.93
29.21
31.01
28.65
27.91
27.32
27.25
28.04
29.64
29.13
27.90
28.39
28.04
28.92
36.77
30.53
33.51
33.67
35.70
36.65
33.27
33.11
32.86
31.98
31.03
30.37
29.62
29.66
29.24
28.83
27.28
28.39
29.64
32.01
32.96
30.79
30.48
30.37
34.10
39.78
40.70
42.89
43.65
44.25
41.15
41.88
38.99
36.72
34.61
32.71
32.11
29.91
28.54
29.10
29.18
29.83
30.01
31.70
32.34
34.77
33.10
33.73
37.22
43.95
42.64
42.10
41.10
41.89
38.92
38.91
39.07
36.44
34.57
32.54
32.67
32.02
30.99
31.27
30.80
32.51
32.21
32.57
32.99
40.28
32.95
32.85
38.17
33.54
38.88
36.95
35.76
37.46
35.84
35.38
39.35
40.03
33.45
31.79
33.48
32.08
29.66
30.65
29.54
31.84
35.85
36.48
37.58
38.52
41.06
43.52
49.18
49.16
61.19
60.85
57.25
56.48
50.22
49.92
53.72
56.01
47.48
44.10
40.16
39.05
38.12
37.01
36.77
36.68
40.15
42.18
45.71
44.27
45.87
46.06
46.80
47.29
52.34
49.72
50.85
48.99
53.13
51.41
52.06
48.57
44.25
41.22
37.91
36.87
35.01
35.32
34.10
35.50
35.27
40.95
43.70
35.43
37.54
40.82
43.04
44.11
50.61
58.75
54.62
51.08
47.09
48.69
49.87
49.00
46.15
44.72
41.33
37.44
36.66
36.48
35.35
37.50
40.68
47.05
51.61
47.79
51.74
49.36
49.01
42.18
39.25
41.11
53.58
60.32
58.38
54.97
53.79
48.11
46.23
42.85
39.79
39.55
38.04
36.07
36.32
37.23
39.01
46.49
46.82
56.48
58.89
52.08
61.72
55.01
47.53
48.21
51.49
55.46
59.47
60.26
59.13
54.98
45.51
42.04
39.97
37.48
38.02
36.88
36.46
38.49
44.35
43.45
47.46
46.86
54.90
53.89
50.11
56.53
56.98
59.76
54.06
61.68
58.59
60.24
57.88
49.02
49.01
42.23
39.31
38.53
36.51
37.46
37.13
39.40
40.82
44.95
45.74
51.75
46.88
53.84
51.21
56.28
57.83
56.77
50.61
53.11
52.87
52.69
57.17
48.98
47.01
45.31
40.63
40.25
38.58
37.72
37.01
36.58
38.56
45.09
49.06
52.50
57.79
54.03
56.10
55.70
56.29
59.39
53.75
50.57
53.03
54.14
59.85
54.02
49.35
45.80
44.46
40.24
38.08
37.20
38.26
42.45
40.30
43.73
50.01
50.24
50.36
60.47
58.22
61.46
59.06
60.59
56.09
55.16
58.38
59.09
57.37
53.76
47.93
42.79
43.45
38.19
38.41
36.93
36.91
41.17
42.67
48.05
46.14
45.30
49.73
46.70
53.71
52.94
50.83
51.57
52.07
58.61
58.73
54.69
56.33
51.71
47.37
45.28
40.44
38.56
36.57
37.82
38.38
41.91
42.05
44.62
45.03
45.22
49.45
48.11
52.15
53.71
57.16
66.14
65.90
55.86
57.23
61.44
60.63
51.73
48.25
46.16
40.45
39.23
38.71
37.57
37.58
38.28
40.92
43.75
49.67
47.03
51.90
52.46
52.25
52.48
53.39
53.52
57.11
62.91
59.79
55.18
53.04
54.88
47.00
45.60
43.14
38.52
37.01
36.25
36.68
37.65
41.50
41.91
43.23
45.59
43.77
49.14
48.26
49.67
53.54
48.81
52.68
48.63
44.78
52.71
56.33
51.57
49.65
44.30
42.19
39.83
38.03
36.48
36.29
37.19
42.82
45.71
44.21
51.81
55.17
50.86
52.64
64.27
62.06
59.67
54.24
50.00
54.95
60.54
53.08
46.97
45.85
42.88
41.61
40.71
38.58
37.51
36.95
36.90
37.14
47.75
43.76
52.87
51.80
52.79
59.10
63.57
55.96
55.80
51.82
55.38
49.78
49.32
51.63
51.06
46.22
42.73
42.78
39.31
37.54
37.03
38.92
38.83
38.66
42.14
39.00
43.51
46.72
47.40
52.08
52.98
52.54
51.29
47.90
48.88
52.48
48.48
47.97
44.69
46.52
43.73
41.19
39.60
37.37
36.73
35.94
36.14
38.08
42.58
45.96
47.91
48.14
44.93
52.80
57.44
61.80
58.70
57.37
55.30
59.21
59.66
57.31
57.51
49.92
49.32
40.97
38.58
38.18
37.96
36.99
36.96
38.66
41.17
46.65
42.19
48.64
53.20
49.41
52.33
59.87
57.10
56.87
50.60
57.98
58.08
57.95
54.34
47.61
44.63
40.28
41.12
38.72
36.84
37.72
37.75
41.51
43.55
40.71
47.90
51.09
50.46
47.97
52.42
52.38
51.55
57.05
55.91
60.22
57.07
53.53
56.43
52.32
44.66
42.14
39.28
38.91
37.32
36.83
38.15
42.99
43.43
43.92
44.85
48.26
47.42
48.06
50.39
53.23
49.02
52.86
52.83
59.07
62.17
65.72
53.04
53.49
47.31
41.47
38.46
38.01
37.75
37.57
38.05
40.70
46.61
49.41
45.61
52.86
48.48
52.97
51.38
60.53
55.57
53.33
52.36
53.21
51.67
58.01
55.72
51.43
50.90
43.16
41.30
40.38
45.14
38.11
37.48
36.77
39.92
43.48
48.54
52.51
52.92
57.40
52.05
53.94
63.05
56.63
48.52
50.97
55.44
54.55
46.43
52.38
46.05
42.83
39.43
36.31
35.79
35.80
42.34
39.85
42.98
49.57
50.87
55.45
55.72
59.38
61.68
60.12
64.46
53.49
59.75
57.05
64.85
61.35
54.77
62.52
50.97
43.23
41.97
38.10
35.84
35.88
38.27
40.44
43.78
44.95
39.88
46.33
42.83
52.60
52.30
52.45
53.78
53.78
60.00
57.57
59.37
57.81
55.57
47.50
43.52
41.91
38.96
37.83
36.98
36.33
38.29
40.49
42.68
45.81
43.18
44.91
39.03
46.32
46.86
51.58
53.44
49.32
50.48
53.70
53.41
57.44
55.98
49.13
44.52
39.38
37.20
36.30
36.03
34.90
36.54
42.48
42.47
43.66
45.75
42.41
45.32
42.36
46.29
47.54
58.05
52.27
49.20
57.29
61.65
57.58
47.92
45.72
44.63
41.25
38.19
36.56
35.85
35.64
33.58
38.84
45.28
50.79
45.26
48.89
46.64
47.28
44.38
46.41
51.82
54.65
58.97
63.83
61.81
54.07
53.90
52.36
46.16
40.97
37.98
36.16
35.44
36.39
34.61
38.96
47.60
45.37
47.00
48.25
50.60
54.79
48.55
55.65
54.49
55.43
51.78
49.45
50.95
50.34
47.52
44.51
45.31
46.30
39.36
38.18
41.32
39.73
36.15
38.54
38.31
49.26
49.68
55.17
57.81
57.67
57.74
58.88
55.70
54.92
48.65
50.40
54.92
51.12
53.27
47.87
46.90
40.28
47.88
39.00
39.80
35.78
35.14
43.01
44.64
49.60
52.73
56.01
57.08
56.15
58.95
63.72
54.67
55.88
59.08
63.59
64.80
55.13
64.63
57.16
44.86
39.82
37.92
37.48
36.36
36.62
39.99
39.06
44.11
45.09
46.76
55.78
47.36
49.61
50.93
48.49
52.41
56.14
53.38
56.13
64.72
59.81
51.11
46.29
40.44
39.49
38.56
38.43
35.26
34.50
35.61
37.53
38.34
42.66
42.56
44.23
46.12
48.58
52.66
49.91
55.05
55.58
54.54
57.87
62.25
65.22
55.61
48.59
49.25
45.61
38.71
38.48
39.01
39.67
39.16
42.38
45.37
41.48
48.79
45.33
48.49
48.17
49.96
44.30
46.87
47.09
47.95
53.57
53.25
58.34
54.58
48.08
41.45
38.63
36.84
36.04
35.92
36.08
36.13
40.90
41.47
49.54
46.57
44.36
44.09
45.41
51.08
53.33
53.20
59.61
58.98
57.46
53.02
55.68
55.81
57.12
48.51
41.36
36.15
35.24
33.53
32.93
34.85
38.22
45.40
42.89
42.81
47.94
51.66
52.02
53.05
59.29
59.87
53.39
53.98
49.42
50.66
49.43
47.77
45.34
43.03
38.76
35.94
33.84
33.38
32.46
31.86
34.00
36.72
41.43
41.57
47.24
47.31
50.09
53.91
48.59
45.61
43.35
47.75
54.02
50.57
47.31
44.47
45.74
45.38
42.98
39.54
33.68
33.42
31.86
33.55
39.47
40.91
40.16
45.12
48.53
52.81
51.54
54.25
55.38
59.41
63.23
60.60
63.11
66.86
59.40
52.06
49.48
44.32
44.13
40.77
39.93
37.83
34.80
36.53
40.54
49.00
45.44
43.20
46.86
52.52
49.95
53.61
53.15
53.34
50.56
51.63
57.13
56.46
52.85
48.37
48.28
43.53
40.83
34.29
32.88
32.11
33.77
33.65
36.24
39.94
41.07
43.67
44.94
46.72
45.32
45.77
56.32
54.85
49.60
53.62
49.98
54.21
62.32
58.89
48.68
40.13
40.42
36.34
33.65
34.53
34.14
35.30
41.71
42.26
41.13
43.40
42.83
43.59
44.73
45.52
44.69
49.41
51.22
48.97
55.93
59.57
54.17
53.72
52.21
44.47
37.02
37.19
35.36
34.17
34.11
34.48
38.66
46.31
44.17
44.42
45.09
47.22
45.25
48.59
52.15
54.00
48.57
53.38
52.99
54.45
58.19
53.92
48.39
43.41
40.23
36.63
34.47
34.31
33.58
34.78
40.43
44.62
42.14
41.86
51.35
45.96
48.51
47.26
54.83
50.37
49.82
49.39
45.87
46.23
45.78
45.50
42.38
41.41
40.27
39.27
37.49
34.22
33.68
32.41
37.19
37.96
39.17
48.78
48.86
47.55
45.34
56.48
44.37
51.37
50.57
48.38
55.20
44.58
46.15
44.70
47.67
43.83
39.15
37.17
34.97
34.22
34.23
33.53
41.22
41.92
39.21
45.18
51.11
57.04
53.13
59.89
58.64
53.17
57.03
52.82
58.23
59.91
56.13
52.63
51.85
41.42
41.25
35.22
33.56
32.83
33.10
35.34
31.86
39.78
40.88
43.96
45.46
44.14
44.91
48.98
51.99
50.08
55.04
51.23
52.28
62.31
60.41
49.36
43.67
39.72
38.78
33.28
32.67
33.10
33.44
32.15
34.60
36.69
40.22
37.97
37.81
42.44
42.66
46.18
52.68
47.41
57.99
56.02
51.07
56.26
55.37
53.75
48.85
48.88
39.69
35.12
33.73
32.98
33.05
32.52
36.65
40.21
37.22
44.54
44.66
41.90
40.44
49.32
48.52
49.30
50.96
51.74
53.37
60.91
62.53
52.47
52.80
40.79
35.08
35.94
33.54
32.96
33.08
34.31
37.41
46.00
43.67
39.74
50.09
45.42
43.53
49.10
49.35
50.21
53.93
53.19
56.69
53.05
58.62
53.30
54.40
46.38
39.53
37.53
36.18
34.89
34.66
35.36
38.28
45.52
43.85
49.99
49.26
45.82
46.32
55.17
50.25
56.24
53.21
45.23
53.13
51.88
49.95
51.53
46.48
41.26
43.03
37.42
34.77
34.29
33.40
32.65
34.34
40.46
37.95
39.15
46.22
52.66
48.71
49.46
50.64
58.79
52.68
43.33
48.74
47.77
46.33
48.18
41.28
44.33
40.36
37.79
33.55
32.97
31.87
34.59
35.80
45.13
46.38
47.56
47.78
48.58
50.41
46.21
53.94
55.63
53.22
52.40
61.18
62.13
59.36
53.34
49.02
46.42
36.85
39.46
33.29
34.03
33.25
32.61
35.74
38.14
36.56
40.16
49.91
47.06
45.20
52.18
48.37
50.05
53.51
53.72
52.82
59.25
59.23
56.33
45.75
41.87
38.03
34.24
34.27
33.90
32.33
34.91
37.79
39.56
42.24
44.83
47.46
46.51
47.65
49.18
51.52
59.26
49.41
48.80
51.59
59.03
56.46
52.59
49.03
46.90
41.14
36.59
36.41
33.63
35.86
36.49
38.20
41.40
40.09
43.53
42.86
39.98
41.78
49.06
45.91
46.56
45.34
50.27
53.89
67.94
54.94
48.13
42.17
40.02
36.21
33.97
33.56
32.38
32.78
32.82
37.10
43.45
43.09
38.76
47.48
45.32
44.14
46.31
51.83
47.73
49.54
55.12
54.46
55.95
54.37
50.55
44.08
47.28
36.79
34.51
32.49
31.55
31.21
30.03
34.71
36.96
40.09
37.83
48.67
51.45
45.44
47.72
51.31
49.48
44.26
48.38
44.21
42.89
41.58
38.13
38.32
34.45
31.94
31.39
32.96
29.00
29.32
27.61
28.95
34.82
35.91
39.09
33.57
31.76
36.36
35.02
36.27
42.16
49.24
42.92
40.43
38.52
35.06
35.73
34.72
31.35
31.72
32.30
30.34
29.76
28.94
27.20
29.19
30.54
31.99
32.97
37.70
35.82
36.54
44.17
39.35
37.51
38.69
42.17
35.94
38.14
41.60
37.45
34.08
35.81
33.00
30.23
30.33
29.26
29.53
28.20
30.85
29.39
32.95
34.20
34.42
39.37
39.46
42.82
47.20
43.05
41.16
40.15
44.79
45.54
40.78
44.22
37.43
34.77
34.61
32.25
31.94
31.04
30.43
29.68
31.69
33.10
33.77
37.90
42.90
49.58
53.37
49.43
51.18
52.10
53.15
58.09
57.73
55.41
53.75
55.23
45.73
38.18
35.77
33.91
32.72
31.57
30.98
32.33
34.84
38.41
41.13
44.97
45.55
44.90
45.46
50.26
49.65
44.03
47.03
43.75
51.43
47.48
52.75
47.18
44.75
41.67
37.64
34.22
34.47
32.71
32.54
33.44
38.26
38.09
43.06
42.47
41.93
45.29
50.40
51.00
51.22
48.83
47.26
50.76
50.73
54.91
49.35
46.04
45.95
44.92
39.37
34.07
33.47
31.48
30.95
30.64
34.14
37.76
44.21
41.11
45.12
44.56
46.14
43.45
42.12
39.63
45.91
44.33
49.70
44.02
43.32
44.61
42.11
38.77
35.22
36.54
33.24
30.38
30.57
28.97
30.50
34.77
34.09
41.84
46.97
45.10
55.10
52.66
52.35
46.27
51.07
45.88
46.32
48.22
48.98
44.66
40.75
44.17
38.27
34.35
31.63
29.39
30.20
29.81
32.51
36.07
39.61
44.21
44.77
48.81
53.63
51.97
56.79
54.88
54.08
51.58
50.37
58.74
52.22
45.06
43.49
38.59
35.76
32.14
33.34
29.78
33.01
34.16
36.29
34.55
33.60
37.43
40.05
43.94
49.28
48.40
48.32
49.41
49.18
50.74
49.37
50.63
47.80
54.92
45.64
42.54
35.43
31.24
31.18
30.02
28.65
33.39
32.23
31.79
33.38
41.03
48.60
42.86
41.03
44.64
48.69
46.66
48.09
52.06
53.79
54.63
53.19
43.01
44.02
43.48
36.38
32.32
31.98
30.17
30.59
31.89
36.93
39.11
37.96
36.55
35.02
36.74
42.98
42.09
50.41
43.13
48.95
49.23
48.93
51.85
55.02
47.13
40.17
38.40
39.79
38.33
31.79
31.22
32.89
31.28
37.00
38.09
45.87
35.05
46.85
43.48
43.78
42.06
45.54
52.39
54.26
47.03
50.24
50.89
50.05
48.32
43.47
43.40
38.28
32.52
31.68
31.19
30.44
28.91
30.39
37.09
42.06
46.84
37.87
41.54
46.53
43.46
58.54
55.55
50.53
42.94
42.48
49.26
46.77
48.03
37.37
40.00
36.73
31.45
31.46
30.49
28.98
28.97
29.04
34.45
35.96
32.92
34.47
44.36
47.53
48.38
44.34
48.86
46.97
47.92
53.62
46.62
44.88
38.18
40.88
41.68
36.54
32.73
32.71
30.48
29.20
30.98
31.86
32.47
36.51
43.64
44.42
47.66
52.41
54.66
56.86
54.91
48.52
55.90
57.28
58.28
50.26
47.04
38.97
39.45
35.66
31.47
30.85
30.18
30.43
30.47
32.82
37.75
39.78
41.40
46.63
41.63
48.24
44.85
41.58
48.72
49.63
53.87
56.98
54.24
54.54
51.46
44.49
37.94
32.71
30.62
28.74
28.38
29.63
28.24
29.42
29.81
37.01
39.46
39.13
36.94
44.12
49.73
50.63
50.02
47.38
44.42
47.01
51.68
52.87
47.72
46.44
37.84
37.38
30.18
29.34
28.21
28.29
28.61
30.26
36.48
29.01
37.94
40.81
42.38
37.59
38.51
45.83
46.62
45.68
45.04
47.41
46.29
52.63
45.67
44.07
37.96
35.07
35.43
30.93
28.93
28.58
28.42
32.93
34.97
36.76
41.02
40.91
41.53
40.93
44.70
50.67
46.90
46.05
46.34
43.01
44.33
47.13
40.25
38.14
34.67
30.67
31.69
30.49
29.90
29.37
28.52
28.26
32.34
33.77
37.03
37.86
39.19
45.55
53.73
44.52
48.16
49.68
41.88
47.24
44.89
42.22
45.73
43.77
39.27
36.51
31.56
29.81
28.88
28.43
26.75
28.68
30.56
31.63
41.39
42.63
44.82
44.65
49.09
51.70
51.98
50.90
48.85
52.14
48.69
42.77
47.95
45.45
38.77
37.36
40.47
32.33
34.66
31.72
31.73
30.99
34.90
36.59
39.62
47.81
47.18
56.19
59.65
55.51
50.91
52.84
57.13
61.50
60.57
52.96
56.12
45.89
38.18
35.27
33.64
32.78
30.72
31.03
32.15
35.29
33.84
35.89
34.46
43.38
43.90
44.54
50.86
53.71
50.69
57.74
53.58
55.55
57.98
50.56
54.52
46.58
42.30
38.98
33.80
31.65
30.12
31.25
30.67
33.69
33.88
41.01
40.76
42.70
51.02
53.45
45.00
51.98
50.18
45.13
46.43
49.83
50.58
49.05
52.83
53.35
46.92
42.21
37.39
34.25
32.82
31.99
37.20
36.17
43.91
40.09
46.08
44.66
42.00
45.10
47.50
50.54
52.63
53.74
59.26
56.37
57.63
50.72
53.89
48.78
42.06
35.49
33.75
32.77
32.29
31.06
32.78
34.53
41.81
51.34
46.23
49.90
41.53
45.70
51.51
53.09
54.12
51.04
51.13
56.43
55.84
57.10
52.46
50.18
47.92
37.68
34.17
32.81
31.62
32.92
32.20
40.37
42.39
46.85
44.50
46.86
49.48
46.89
54.48
53.26
52.77
49.83
43.59
43.38
48.75
43.91
42.14
41.44
39.27
37.68
34.46
31.13
32.17
30.63
29.93
28.93
31.88
39.34
42.77
40.37
45.27
35.72
43.75
46.22
43.93
47.46
44.17
44.25
47.77
45.12
47.32
39.82
36.04
34.33
32.74
32.14
32.11
30.83
33.45
38.39
34.70
42.12
40.54
41.66
43.38
46.65
51.79
47.20
51.94
50.20
51.55
45.34
48.43
44.53
46.87
44.40
37.24
36.12
35.54
32.54
33.18
31.72
31.49
30.81
39.39
39.05
42.81
49.89
50.91
45.45
54.78
54.44
53.40
49.13
54.89
57.07
57.43
52.84
49.23
46.85
43.76
41.53
34.25
33.48
32.60
32.41
32.77
34.14
36.99
39.58
40.14
42.99
44.36
44.84
49.90
57.04
54.39
50.21
49.82
51.12
51.44
57.64
47.54
45.36
38.48
35.02
33.10
32.57
31.72
31.71
33.82
32.83
39.34
40.34
33.85
44.79
42.82
47.61
48.21
46.17
47.76
48.43
45.45
46.13
46.78
50.71
54.30
51.56
44.13
33.48
32.63
31.41
29.78
30.25
30.51
33.26
39.93
43.56
36.45
43.51
44.75
44.95
45.43
46.11
53.31
52.63
51.18
48.73
52.92
48.43
48.82
43.19
43.52
38.93
32.66
31.22
32.00
31.09
32.90
31.91
40.47
45.60
43.56
49.63
47.68
49.62
49.67
49.97
49.95
46.72
53.77
42.66
44.47
42.94
39.83
37.33
38.58
35.93
33.53
31.48
31.68
31.39
30.77
29.48
29.98
40.19
39.59
40.88
45.38
46.11
44.96
51.08
50.12
51.12
40.98
42.01
39.37
41.55
47.45
38.43
39.35
34.12
32.92
31.29
30.82
30.67
31.21
32.24
29.72
40.43
35.39
41.76
49.41
55.59
53.26
55.84
50.55
52.88
50.83
55.18
60.83
51.91
53.58
45.12
41.58
33.57
31.91
30.97
31.23
30.56
31.18
33.88
44.67
39.15
41.02
43.12
45.74
47.65
43.36
48.37
45.67
52.13
48.95
46.22
51.04
53.38
51.38
44.03
38.19
34.36
31.58
31.16
31.60
30.60
31.55
34.02
34.05
39.06
37.06
45.66
44.84
45.98
49.60
49.01
53.97
52.59
54.38
52.58
51.76
50.33
46.47
43.33
40.37
39.33
33.67
31.20
30.70
30.54
31.43
35.28
39.03
39.20
39.99
43.16
43.29
43.88
45.45
46.92
48.66
45.67
41.97
46.10
49.32
48.68
43.30
43.75
36.96
33.80
32.89
31.60
31.09
31.28
31.30
34.71
37.04
43.95
43.65
39.22
47.03
42.17
45.55
50.70
52.96
47.87
52.05
52.56
52.89
51.14
46.53
44.37
38.16
33.99
31.42
30.16
29.57
30.57
29.44
30.61
38.85
41.47
44.75
48.45
46.91
46.36
41.70
47.64
47.79
42.14
36.81
40.92
41.55
38.52
39.52
36.77
34.42
34.06
30.86
29.73
29.36
29.57
32.05
30.36
33.62
36.64
38.42
46.50
48.54
48.20
47.03
46.61
44.48
48.52
46.53
49.18
45.53
48.98
46.21
44.67
33.58
31.54
30.97
30.37
29.26
29.55
28.94
31.41
29.60
34.24
34.38
42.96
52.51
51.61
46.48
56.38
53.65
53.59
52.08
55.54
56.79
49.32
43.22
47.28
41.97
35.64
31.22
30.15
29.71
29.16
28.50
33.14
34.78
36.82
38.20
39.62
45.92
47.01
49.12
50.59
49.73
53.15
52.31
48.97
56.23
59.47
53.48
46.94
46.36
44.15
40.53
37.38
36.45
35.77
37.00
33.99
34.80
39.66
42.87
49.59
52.72
45.12
50.62
51.01
53.23
52.02
46.66
51.14
49.55
49.42
52.45
41.25
41.37
36.17
32.30
33.79
29.18
30.07
32.12
34.54
41.14
46.42
41.62
43.81
54.14
46.29
48.01
42.78
43.83
38.40
44.08
37.41
30.79
36.90
30.49
29.22
32.53
28.38
26.73
27.68
26.72
27.43
26.57
25.77
26.55
29.45
30.39
30.25
23.84
28.44
27.02
29.57
29.40
28.81
31.74
32.75
29.30
29.84
27.48
27.27
27.52
27.81
26.24
27.13
27.02
26.38
25.33
25.54
26.70
29.09
25.31
23.60
22.13
24.84
26.85
31.07
28.58
32.34
37.12
30.12
30.44
33.79
32.68
29.12
28.52
26.08
26.61
25.86
25.57
26.48
25.39
24.51
22.96
22.74
31.11
28.03
31.12
30.38
31.40
43.57
45.48
35.67
31.46
31.37
29.48
31.13
28.67
31.69
34.38
31.76
28.18
27.28
26.80
25.82
26.54
26.92
30.92
31.94
33.92
38.46
40.89
41.93
34.26
38.63
43.00
45.33
49.57
47.00
51.44
50.17
42.48
41.32
35.12
33.69
30.77
29.94
29.31
29.65
30.56
31.14
34.24
32.22
34.76
39.52
39.31
40.19
43.90
44.99
40.46
45.53
44.15
43.16
45.35
53.46
41.87
39.48
34.23
32.45
29.50
29.70
28.51
28.65
30.62
33.11
31.50
38.23
38.51
39.69
44.40
41.03
44.65
45.79
44.44
44.97
45.54
44.52
48.97
54.34
46.62
37.57
36.49
35.07
32.42
30.68
29.56
30.37
30.33
31.65
36.14
36.44
41.75
39.06
49.90
36.85
36.36
38.45
44.23
51.10
51.01
50.95
46.79
53.28
43.34
45.30
36.59
34.18
32.95
30.35
29.72
31.26
32.72
33.66
43.47
44.74
42.14
36.69
47.70
45.66
43.55
41.99
47.00
47.78
44.27
48.12
49.07
42.34
45.03
41.92
37.58
34.81
32.53
31.73
30.70
30.04
30.80
30.43
43.58
42.01
38.34
40.08
49.00
43.21
51.93
48.92
44.59
45.73
46.48
45.07
46.33
47.42
41.47
41.01
36.71
35.67
31.13
31.41
30.74
31.15
30.43
28.74
32.67
33.95
38.36
49.10
51.32
48.22
45.52
50.98
52.09
49.13
40.62
41.77
51.59
47.32
40.53
42.65
41.92
34.57
33.57
31.19
31.20
31.78
32.66
36.13
29.16
35.03
48.17
41.97
45.51
51.38
48.46
46.70
41.31
41.72
46.87
47.03
47.54
44.45
39.40
40.13
38.53
36.48
31.59
30.82
29.97
30.02
30.20
29.33
31.50
32.84
48.20
48.27
50.33
48.82
50.84
48.11
47.56
42.33
47.26
50.65
48.63
48.57
40.57
42.49
40.68
33.52
32.36
30.15
30.64
30.32
32.15
34.51
33.31
37.38
38.74
45.15
44.45
44.61
49.53
49.10
48.95
49.69
39.18
44.12
46.72
47.75
53.20
49.92
44.33
33.32
34.28
31.63
29.06
29.72
32.33
34.87
38.58
38.97
38.04
45.43
47.16
52.35
54.72
51.87
49.93
48.92
48.67
46.92
48.41
47.53
53.08
41.08
46.54
35.69
33.42
29.92
32.12
28.92
29.40
28.99
34.76
41.46
45.79
39.89
39.06
49.46
42.16
48.43
50.19
47.16
46.88
48.77
52.18
48.32
48.31
37.43
40.71
35.15
31.05
30.45
33.28
30.94
29.08
28.80
31.52
31.55
37.23
43.64
40.62
39.34
38.87
36.46
45.73
38.77
42.24
36.62
38.68
33.39
35.43
38.15
31.07
29.55
26.88
25.82
25.34
25.29
25.86
24.84
24.28
27.31
34.69
37.50
35.19
37.52
39.03
34.19
31.41
33.34
34.32
36.25
30.44
32.03
27.69
26.50
24.86
25.37
25.38
24.35
25.03
24.56
25.36
28.09
23.72
21.80
26.68
29.51
25.31
24.25
25.15
31.36
34.03
29.20
31.98
36.68
28.94
27.61
30.20
27.27
25.40
24.90
24.62
24.24
25.07
25.02
24.79
24.51
23.63
22.42
23.21
21.97
23.86
27.38
28.22
28.29
27.60
31.12
25.35
27.77
31.12
32.39
27.69
26.12
24.90
25.44
26.03
24.28
24.03
23.92
24.27
23.34
23.07
20.26
18.93
19.11
26.03
20.62
24.87
25.15
25.46
27.03
29.19
27.03
28.87
26.71
26.05
25.45
24.23
25.33
24.48
24.42
24.56
24.58
24.49
23.81
25.79
7.40
13.08
24.37
20.91
21.16
22.58
24.25
25.52
26.30
26.83
28.10
26.08
27.06
26.20
26.47
24.10
26.57
24.49
24.50
24.16
24.30
24.89
31.25
24.48
20.71
21.90
27.26
20.62
20.75
21.20
23.25
23.91
26.22
26.46
26.54
26.68
25.66
26.43
25.35
24.48
24.52
24.23
23.58
24.33
23.68
23.94
23.16
22.33
21.01
20.28
19.68
20.40
25.10
21.71
22.96
29.67
28.04
26.66
25.52
28.11
30.55
26.43
31.03
26.42
27.22
26.79
26.95
26.50
26.63
25.99
25.45
25.12
27.61
26.19
23.96
25.64
24.12
26.07
27.99
25.63
26.31
26.42
29.53
26.26
26.49
27.39
24.66
24.64
25.05
25.22
25.07
24.72
25.09
25.15
23.47
23.97
21.49
25.16
26.59
25.00
26.05
26.18
26.20
25.27
27.78
31.43
27.52
26.17
25.43
26.46
24.78
25.02
24.95
25.48
24.79
25.35
24.72
24.57
23.16
24.96
24.69
23.77
30.87
24.52
23.43
24.28
24.57
29.14
27.74
25.86
28.13
28.87
27.80
26.29
25.08
25.25
25.52
24.60
24.79
25.13
25.25
24.61
25.63
24.64
24.15
25.04
28.02
23.68
23.00
23.06
23.72
24.86
25.88
26.09
25.63
25.18
26.86
23.12
24.41
24.77
23.51
24.39
24.67
23.84
24.96
26.20
23.85
24.96
26.11
23.87
20.93
19.34
20.83
22.82
23.54
24.36
25.30
25.28
25.69
24.85
29.34
24.43
24.73
24.54
24.68
23.01
24.21
23.98
24.18
24.05
23.25
22.17
20.24
19.70
23.55
25.35
23.98
24.34
24.22
25.44
27.54
25.88
25.88
27.57
25.77
27.55
24.57
27.69
24.55
24.80
24.77
24.75
23.92
24.53
23.56
24.12
24.12
24.63
24.78
24.52
24.53
22.57
24.17
24.85
27.38
27.70
26.05
26.90
26.48
24.80
23.79
24.67
24.82
24.03
24.28
24.25
22.92
23.67
23.24
20.91
19.62
19.11
19.05
22.13
22.40
22.00
24.58
27.98
26.31
26.65
27.33
29.44
33.38
26.09
24.41
25.35
26.06
25.27
24.88
25.10
24.89
24.57
26.01
22.87
19.47
21.49
20.35
20.01
19.95
28.07
27.40
28.35
26.39
28.09
27.78
26.93
26.68
26.58
26.07
25.12
26.75
26.27
24.88
25.15
25.16
24.81
24.02
24.55
23.60
23.65
24.16
23.87
22.86
23.99
24.12
25.40
25.76
29.59
28.73
37.08
26.58
25.67
26.76
25.72
25.44
25.17
25.19
24.56
24.05
24.67
23.63
24.46
25.15
25.40
24.78
23.88
24.25
23.43
25.52
28.33
34.19
28.45
26.46
26.16
25.59
27.97
