31.47
30.87
30.07
30.48
30.07
29.93
29.43
29.95
29.25
28.67
28.70
28.01
28.13
26.69
29.37
28.72
29.75
29.50
30.35
31.58
30.75
29.88
30.10
30.28
29.58
29.50
28.52
27.90
27.22
26.90
28.10
28.90
28.60
28.41
29.57
28.16
30.03
30.93
30.35
31.53
28.81
28.14
30.52
30.73
30.50
30.27
30.20
29.72
29.67
29.45
29.47
29.13
28.97
28.35
30.07
30.07
29.04
28.24
28.55
27.76
29.09
29.30
29.25
28.83
30.77
31.41
32.18
30.85
29.47
30.42
29.93
30.20
29.07
28.87
27.98
29.00
30.15
28.95
28.72
30.87
29.81
27.23
27.22
25.69
28.54
29.95
28.67
29.81
29.38
30.66
32.73
31.15
33.15
33.02
32.47
31.50
32.03
32.25
31.47
31.18
30.57
31.15
30.75
31.08
30.07
29.29
29.68
29.90
29.29
31.98
31.32
31.59
31.82
33.12
34.37
35.02
36.18
38.48
35.83
33.88
33.63
32.77
30.58
31.08
30.35
29.90
29.72
29.67
29.33
31.15
31.24
32.39
33.03
34.16
38.15
35.34
37.96
37.59
38.73
40.52
41.48
38.62
41.50
42.00
38.42
35.18
34.00
31.93
31.22
31.40
31.37
33.80
37.15
37.34
37.93
37.39
35.91
39.36
37.65
37.26
34.94
36.96
40.42
41.08
43.77
44.92
42.48
40.23
39.90
35.93
32.40
32.05
30.72
30.42
31.12
32.78
35.30
36.66
35.96
34.87
36.02
36.12
34.13
35.06
35.30
36.97
39.90
39.85
43.08
41.67
40.90
41.58
38.27
34.97
33.45
31.68
31.52
31.53
32.58
33.68
33.84
35.14
39.09
36.46
37.28
36.24
37.40
37.29
38.33
36.44
40.93
41.78
42.70
45.42
43.62
42.02
38.42
35.55
33.50
32.18
31.43
30.77
31.55
32.82
34.77
35.66
19.30
34.98
34.05
34.95
36.12
37.21
38.00
40.13
40.60
41.03
42.00
42.32
40.90
40.92
40.93
37.45
33.65
32.77
31.90
31.95
31.42
34.15
35.19
35.39
35.02
35.48
35.65
36.16
38.56
38.88
38.45
37.74
38.10
37.63
41.07
39.03
37.85
36.87
36.40
37.50
34.18
32.63
31.88
31.25
31.37
30.88
31.24
32.27
32.45
33.18
33.77
34.52
34.56
35.44
36.70
35.92
37.87
38.12
39.32
38.22
39.13
39.18
37.03
38.98
36.27
33.85
31.83
31.12
30.95
30.93
30.70
32.20
32.57
33.15
35.15
35.35
37.61
38.24
38.37
36.93
37.93
39.22
39.08
42.53
42.47
40.58
37.67
34.67
33.67
32.97
32.50
32.15
32.82
32.60
33.53
36.69
36.20
34.71
32.11
34.17
35.28
37.55
37.27
36.49
39.62
40.25
39.82
41.65
40.88
39.68
38.23
35.63
32.93
32.12
31.32
30.68
32.03
33.65
34.24
34.68
35.05
35.28
36.39
37.11
36.34
36.91
35.91
37.41
38.28
39.68
41.67
41.80
41.62
40.93
39.07
35.82
32.98
32.72
32.12
31.07
32.88
33.57
33.16
36.06
38.32
35.27
36.22
34.95
37.54
35.74
37.45
37.80
38.32
37.93
40.28
41.57
39.68
39.63
38.67
36.20
33.67
33.33
32.92
31.93
32.73
34.05
35.73
36.34
35.37
34.83
32.62
34.11
34.65
35.88
36.56
37.22
39.93
39.70
39.60
40.17
41.65
40.97
39.00
35.65
34.92
32.78
31.02
30.83
30.93
31.70
32.64
33.68
33.89
34.79
35.37
34.42
37.07
37.01
35.86
36.42
39.28
37.12
39.03
39.23
38.48
38.68
39.05
37.12
35.12
32.62
31.87
30.92
31.40
31.47
31.98
31.40
31.50
31.77
32.09
33.27
32.85
35.69
34.40
34.52
36.25
36.68
36.78
38.35
37.92
36.40
36.65
34.32
34.55
33.17
31.92
31.75
31.38
31.07
30.67
31.32
31.38
32.22
32.85
36.33
35.87
35.20
35.42
36.54
36.47
35.67
37.40
37.68
36.40
36.68
36.27
35.10
33.33
32.18
31.18
31.02
30.07
30.55
30.81
31.58
31.98
32.26
33.09
35.17
35.15
36.06
38.13
38.63
39.33
41.52
41.67
41.57
42.58
40.57
38.62
36.12
34.17
32.83
32.52
31.87
32.12
35.50
36.28
36.19
36.17
33.78
34.74
33.52
34.58
32.12
34.94
34.53
39.68
38.78
38.98
40.95
41.38
39.85
39.52
34.92
33.37
32.98
31.68
31.77
32.93
35.20
36.08
34.44
36.14
34.33
36.14
35.89
35.54
36.20
35.28
36.42
37.03
37.85
41.38
41.07
43.28
42.00
37.38
36.82
35.60
33.63
32.93
33.53
33.43
35.97
36.79
37.83
36.68
35.63
36.70
36.02
34.57
35.82
36.55
36.78
38.50
36.72
37.60
38.80
40.62
39.23
37.93
34.77
34.27
33.00
31.72
30.42
31.33
31.08
35.90
35.95
35.59
34.60
36.06
35.88
38.38
37.50
36.87
35.66
38.05
36.03
39.08
37.78
39.02
38.27
38.80
35.20
33.67
31.92
30.68
30.58
30.17
29.60
29.80
30.64
31.64
29.37
31.85
33.65
36.57
36.27
34.57
34.43
35.47
37.62
37.72
39.50
36.65
37.45
36.55
34.13
34.38
32.72
31.68
31.90
30.90
31.24
32.50
32.46
32.08
33.44
35.20
37.35
35.96
37.03
36.32
35.57
37.97
39.65
40.37
41.75
40.27
38.70
38.50
33.63
32.37
32.07
30.23
31.43
32.73
33.28
35.35
35.85
35.37
34.13
35.52
34.51
36.55
36.37
35.22
36.13
37.83
38.97
42.42
44.62
42.62
40.63
38.47
36.60
34.92
31.58
32.02
31.48
32.38
33.57
33.33
34.31
34.18
33.62
35.60
34.35
35.48
34.52
9.37
36.70
39.37
39.25
39.97
40.70
41.27
42.17
41.37
36.82
34.05
32.68
32.72
32.33
33.17
34.05
35.14
35.45
34.38
35.43
33.74
35.29
37.01
37.09
37.02
36.61
39.28
39.02
40.62
39.25
40.40
40.38
38.72
37.77
34.58
33.73
33.55
32.53
32.65
34.29
34.31
36.74
37.74
36.81
35.96
37.02
38.53
38.75
38.54
38.90
39.62
39.20
40.02
40.23
41.87
41.32
39.08
35.93
35.70
34.88
32.53
32.33
33.47
35.08
35.82
37.07
36.64
36.90
36.08
36.20
36.36
36.92
38.26
37.74
39.18
39.43
38.53
39.53
38.00
39.28
38.05
36.23
35.00
35.15
33.08
32.73
32.28
31.20
32.03
31.54
35.26
35.13
35.74
34.82
37.33
38.14
38.28
38.27
38.57
39.27
40.37
42.50
40.97
40.20
37.62
37.30
35.95
34.80
33.55
32.43
32.48
31.78
32.17
33.98
34.90
36.91
35.64
38.04
37.99
38.61
37.66
37.37
38.86
39.98
40.97
40.33
41.88
40.65
39.77
36.40
35.13
34.22
33.87
33.07
32.57
34.09
36.87
36.53
38.29
35.33
36.16
37.96
38.48
38.39
38.69
39.54
39.20
42.47
39.88
40.25
41.95
42.78
39.27
37.67
34.47
32.35
31.93
31.48
32.43
34.08
34.77
34.61
35.84
36.07
35.85
35.71
36.95
34.69
36.07
36.55
37.48
39.27
40.77
40.42
42.45
41.78
39.65
36.15
35.23
32.98
31.85
32.50
33.03
34.18
34.85
35.27
35.49
33.20
32.67
33.88
36.53
34.04
36.54
36.01
39.50
40.20
43.45
42.13
41.93
43.89
41.87
37.51
35.48
34.02
33.00
33.10
33.28
34.82
36.41
36.20
37.00
36.29
35.95
36.11
39.13
38.67
39.89
36.38
38.90
40.35
42.00
41.60
41.83
41.43
39.92
35.95
34.52
33.38
32.77
31.83
33.08
33.17
34.80
34.99
36.89
36.54
35.25
36.68
35.48
37.66
37.01
37.34
39.67
38.32
39.15
40.10
41.57
40.97
38.42
37.80
35.83
33.28
32.32
32.63
30.65
31.72
32.17
32.20
32.86
33.95
35.05
38.10
37.93
38.50
37.83
37.94
38.74
37.77
38.05
38.08
39.03
39.17
38.80
36.70
35.80
35.32
34.55
34.30
34.18
34.76
34.20
34.01
35.01
35.75
39.04
39.84
38.56
39.10
39.00
40.91
40.03
41.47
41.63
42.63
43.53
43.07
41.37
39.30
35.23
35.08
33.58
32.92
33.23
34.65
34.71
35.26
37.54
35.24
34.55
36.82
36.01
36.48
38.46
38.74
39.30
41.43
42.28
43.52
42.62
42.83
42.37
39.57
37.92
35.08
34.72
33.93
35.90
35.25
38.97
35.35
36.47
36.45
36.62
38.35
36.75
37.39
36.26
39.62
40.19
43.20
44.53
43.53
43.53
42.55
40.57
39.13
36.28
34.18
33.82
32.90
34.38
36.67
35.04
36.90
36.36
35.89
35.65
37.66
39.36
36.95
38.49
38.68
38.77
40.80
40.95
42.02
43.15
43.18
41.80
37.70
36.23
34.82
33.63
33.30
33.22
34.32
36.83
36.48
36.74
36.40
36.41
36.92
38.85
39.65
37.61
37.12
39.60
39.80
40.93
40.88
41.13
40.20
39.82
39.38
35.70
33.68
16.83
24.58
32.83
33.45
33.53
36.42
35.47
35.19
36.63
38.40
38.68
37.40
37.47
35.68
37.85
37.37
39.57
39.42
38.45
39.98
38.83
38.08
37.78
35.07
33.45
32.30
32.53
31.85
32.13
31.87
32.92
32.99
33.53
34.15
34.81
35.43
37.14
37.02
37.22
37.47
36.50
38.62
38.98
39.18
37.38
36.50
35.20
33.23
33.48
31.55
31.75
31.55
33.04
33.63
34.09
35.60
37.82
38.72
39.34
40.56
37.94
35.96
37.69
40.45
40.22
40.92
41.48
41.62
41.03
38.40
35.60
34.70
34.10
33.92
34.23
34.49
35.64
35.93
35.80
37.07
36.01
37.60
38.10
35.88
39.60
38.85
37.92
40.10
42.80
44.17
42.77
42.25
41.32
38.07
35.93
34.58
33.05
34.02
34.98
35.68
36.20
33.86
35.35
34.69
32.06
35.83
32.52
34.77
35.53
35.89
41.84
41.10
40.97
41.50
43.40
41.47
39.35
37.78
35.50
34.67
34.83
34.65
34.52
34.51
35.33
36.25
23.22
30.03
34.84
35.46
35.96
35.79
35.18
36.28
38.95
39.07
40.12
41.42
41.02
40.22
40.12
37.85
36.07
34.10
33.03
33.42
34.45
34.72
35.09
37.52
37.38
36.60
39.20
37.84
38.15
36.51
38.46
39.44
40.15
40.57
42.13
44.53
41.80
41.78
41.70
37.42
36.12
34.00
33.87
31.63
32.60
33.27
35.31
37.68
36.93
36.67
38.44
38.71
38.75
41.10
40.64
40.32
40.31
39.87
41.22
42.63
41.78
39.68
40.12
39.23
37.17
36.08
35.93
33.73
34.35
35.25
33.19
33.62
35.37
36.08
36.36
35.49
37.21
37.11
37.60
38.67
39.00
39.53
38.93
39.17
39.63
40.43
39.42
38.23
37.85
36.18
35.93
34.60
34.60
33.78
33.74
34.55
33.82
34.83
37.55
37.56
35.58
38.50
36.37
37.93
39.61
41.05
40.95
40.82
40.82
41.25
38.75
36.65
34.72
34.47
32.62
33.77
33.93
34.48
33.34
36.35
37.67
37.19
35.69
36.42
36.71
35.61
36.90
37.07
38.58
39.28
42.10
41.87
41.65
43.08
39.07
36.13
36.23
33.77
32.65
32.67
35.87
35.02
35.43
33.94
34.63
35.70
37.00
37.35
35.97
36.18
38.07
38.82
40.77
40.50
41.75
42.95
44.43
41.30
39.97
38.27
36.12
34.28
32.72
32.25
32.53
32.85
34.73
36.43
35.92
34.39
37.19
37.72
38.91
38.98
40.04
40.47
40.01
40.08
40.30
42.67
42.48
40.08
39.37
39.25
36.13
34.05
32.55
32.62
32.62
33.90
35.66
37.32
37.97
36.00
35.45
37.90
38.09
37.49
40.97
41.44
40.80
40.08
42.13
43.95
43.43
42.05
40.97
39.20
37.92
35.15
34.92
33.65
34.88
33.87
35.84
36.38
37.93
40.30
39.95
40.35
40.00
40.47
39.87
39.53
39.04
38.22
38.53
40.43
39.10
36.68
37.80
37.13
35.77
34.32
33.53
33.40
32.37
30.44
31.74
31.88
31.32
33.10
34.26
33.33
32.83
34.61
35.03
33.72
34.33
33.65
34.63
34.90
34.53
33.17
34.73
34.27
33.83
32.75
32.67
31.48
31.63
30.34
33.35
33.36
33.36
31.15
30.10
29.69
32.04
32.58
32.52
33.04
33.50
34.03
34.20
34.58
33.00
33.12
33.62
32.90
32.23
32.52
32.15
32.22
32.08
31.64
31.56
31.34
30.83
30.54
28.74
29.64
32.54
33.22
33.54
33.41
32.59
33.48
33.63
32.83
32.05
32.38
32.32
32.03
31.75
30.92
30.62
30.55
31.10
30.86
31.85
31.68
31.18
32.96
32.45
33.90
31.50
33.28
34.88
34.40
33.65
33.58
33.42
32.63
32.55
31.35
30.92
30.62
30.00
30.32
29.33
28.62
29.82
29.57
30.09
30.44
29.45
29.50
33.02
33.26
33.87
33.70
35.64
36.16
35.41
34.52
33.92
33.60
32.87
31.98
31.13
31.22
30.93
30.15
30.35
30.52
29.80
29.84
30.30
29.10
30.36
29.91
31.77
32.95
35.70
37.37
35.84
34.19
33.34
34.43
34.90
33.63
33.37
33.08
32.02
31.77
32.65
32.00
32.55
32.23
33.18
33.18
31.25
32.14
32.83
32.93
31.38
33.37
32.75
34.27
34.02
33.73
33.38
33.37
33.38
33.72
33.90
33.23
32.83
31.60
31.73
31.88
31.57
31.22
30.92
30.49
31.85
32.04
28.99
26.15
27.32
30.83
34.11
34.61
34.38
33.55
34.46
34.55
34.95
35.63
34.95
34.17
34.98
35.05
34.35
32.97
32.60
31.82
32.00
31.45
33.14
32.94
33.51
33.04
35.67
36.81
35.47
37.54
36.48
36.73
36.35
38.30
40.12
41.28
42.07
41.38
40.95
37.12
34.95
33.73
33.40
32.97
33.32
33.78
36.72
36.84
36.67
38.93
39.91
38.83
39.22
39.79
41.56
40.30
41.43
42.18
42.23
44.45
43.72
43.12
40.95
38.03
36.78
35.30
35.12
34.52
34.88
36.81
37.43
36.88
36.51
37.20
40.70
40.27
36.80
39.97
38.78
37.64
41.11
41.58
41.05
43.53
42.72
40.28
39.68
38.75
34.98
34.47
32.90
33.50
34.15
35.92
35.40
36.60
38.75
37.31
38.25
37.46
37.55
40.30
40.86
39.36
41.22
41.43
42.58
44.25
44.42
42.75
41.12
38.87
36.48
34.70
33.65
33.93
34.90
34.79
36.03
36.46
36.93
34.17
37.07
37.63
38.03
38.12
38.55
37.99
38.89
38.52
40.10
44.08
45.80
42.98
40.55
38.28
36.38
34.48
33.65
33.38
33.35
32.71
36.05
37.26
39.19
35.74
36.88
38.67
40.17
40.62
39.26
39.32
39.08
37.28
38.27
38.65
39.78
39.47
37.43
37.43
35.73
33.68
33.57
32.45
32.80
32.31
35.43
35.27
35.02
35.17
35.50
37.58
38.23
38.34
40.65
40.15
39.35
39.38
40.25
41.93
40.92
39.50
39.52
39.08
36.60
35.25
33.80
32.57
32.38
32.15
34.66
35.64
35.89
37.53
37.32
37.76
39.48
39.45
41.96
41.53
40.59
39.33
41.48
40.73
41.93
41.42
40.82
39.02
36.88
35.17
34.18
33.65
33.63
33.80
38.59
39.11
39.42
39.12
40.44
41.16
41.87
42.18
42.85
43.16
43.69
43.95
43.17
43.60
44.55
41.97
40.17
38.75
37.13
34.65
35.03
34.57
34.50
35.38
38.84
39.19
39.22
41.37
43.16
40.77
42.75
42.63
43.31
43.38
44.04
45.20
44.53
46.70
46.23
46.73
43.18
39.30
37.42
35.15
34.37
33.88
34.98
34.33
36.36
39.45
39.02
39.79
40.04
40.87
42.49
43.10
43.39
41.98
41.47
43.13
41.13
44.13
42.88
42.78
41.30
38.33
36.45
34.90
33.25
32.80
33.22
32.83
37.50
36.71
37.69
38.22
38.16
39.51
39.52
40.80
39.25
38.57
38.74
39.75
40.93
40.18
41.77
40.17
39.43
37.95
36.65
35.28
34.52
33.83
32.62
33.69
35.49
39.18
38.87
36.48
36.30
36.80
39.08
40.18
39.31
40.88
39.00
39.57
37.82
39.77
40.28
39.13
39.63
38.37
36.77
35.63
34.72
33.30
33.72
32.04
34.05
34.58
33.67
36.29
36.87
36.71
38.94
39.32
39.23
39.34
38.72
38.83
38.62
40.48
39.10
39.08
41.50
39.43
39.23
37.40
35.37
34.03
33.58
33.64
35.31
36.74
36.57
38.06
39.24
39.31
41.06
43.15
43.13
44.58
42.79
42.62
44.28
43.03
43.05
44.67
42.97
39.43
37.92
35.50
34.17
33.63
34.15
34.43
38.15
37.87
40.52
40.34
42.20
40.66
42.32
42.58
44.07
44.19
43.64
43.90
42.72
46.88
44.97
43.97
42.95
40.88
38.62
36.98
35.15
34.90
35.37
36.54
39.44
40.41
40.97
40.36
42.24
43.90
43.76
43.47
42.19
42.38
45.06
46.25
46.25
46.13
45.97
43.52
42.92
39.48
37.65
35.72
35.38
34.12
34.04
35.12
36.61
38.67
40.04
40.78
41.03
44.03
42.70
41.90
42.14
44.37
43.87
43.83
44.40
45.37
45.20
43.40
41.85
40.05
37.65
36.48
35.35
35.57
35.32
36.25
40.81
41.58
42.00
40.87
41.61
41.05
41.81
42.41
44.15
46.98
45.06
45.05
43.98
45.27
46.35
34.54
21.48
41.80
38.40
36.68
35.73
35.00
36.01
36.70
38.19
40.67
40.94
40.89
40.60
40.86
40.03
43.65
43.48
43.52
42.81
40.92
40.35
41.13
41.32
40.37
39.02
38.37
37.08
35.97
35.28
33.92
34.17
35.20
36.76
37.87
38.44
39.73
40.85
40.48
42.14
42.01
42.91
41.88
42.69
41.75
41.17
41.42
41.27
40.30
40.05
39.12
38.45
36.50
35.40
35.18
35.61
35.37
38.44
39.78
39.89
39.97
40.11
40.84
41.33
43.18
42.31
41.98
43.98
43.77
45.17
44.88
44.23
45.83
41.68
40.15
38.05
35.87
35.85
34.50
35.42
35.49
38.47
38.41
39.07
39.85
41.16
40.70
42.79
43.83
43.70
43.04
43.57
44.10
44.92
44.87
45.05
45.53
46.07
43.23
39.22
35.32
36.18
35.33
36.17
36.80
41.97
41.05
41.62
40.51
42.53
41.23
44.29
45.55
44.12
45.55
44.59
45.85
45.95
45.62
46.12
43.98
42.72
39.32
37.42
35.90
34.92
33.93
35.70
36.48
38.86
41.25
42.08
42.17
41.66
42.98
42.99
43.51
43.52
42.50
43.19
43.43
42.70
45.08
48.17
44.93
43.13
39.63
37.53
36.15
35.62
34.35
34.95
34.96
36.07
38.79
40.88
42.18
42.30
40.97
43.82
41.67
46.05
46.54
45.40
43.83
43.48
45.32
43.63
43.97
42.37
40.82
38.02
35.92
35.42
35.07
35.53
37.20
39.67
40.56
42.00
41.35
40.85
42.34
42.04
44.17
44.79
45.87
43.22
43.12
43.30
43.05
42.55
42.42
41.75
40.10
39.88
37.70
37.65
36.45
35.97
36.39
36.88
39.00
40.92
39.92
37.95
40.63
41.90
40.61
43.23
43.43
44.07
42.35
42.83
42.28
41.02
40.78
41.95
40.22
39.17
38.48
37.53
36.18
35.61
36.92
39.01
40.85
40.62
42.97
42.50
43.63
44.42
47.23
44.27
47.64
47.76
47.58
50.05
48.67
49.67
49.27
45.80
41.95
40.40
38.10
37.92
37.03
37.00
38.68
40.86
44.67
44.53
46.00
44.22
43.87
46.49
46.66
47.14
47.42
48.44
49.20
49.62
49.87
51.08
51.18
47.20
46.22
43.42
38.85
39.02
38.05
37.30
38.43
42.08
44.71
44.54
43.91
44.99
45.03
47.00
47.63
48.11
47.63
48.53
49.55
49.10
50.02
47.92
47.47
46.78
43.23
40.97
37.90
37.07
36.03
36.30
37.33
40.71
40.03
40.96
42.74
40.96
41.66
40.91
41.37
42.76
39.96
42.85
42.87
43.00
43.88
44.27
44.28
42.53
41.12
38.77
36.58
35.92
35.05
35.33
36.73
37.98
38.52
38.59
37.31
21.46
39.55
38.40
39.53
40.72
41.19
40.51
40.45
43.28
43.28
42.35
43.40
43.78
42.17
40.53
38.27
37.25
35.85
34.97
35.99
36.70
38.63
37.75
37.80
37.67
40.89
42.38
43.09
42.19
41.13
40.42
41.53
40.70
41.88
41.63
40.87
39.68
38.72
37.42
36.72
35.67
35.17
34.75
34.84
36.75
37.29
37.68
38.70
37.41
38.60
39.23
39.86
40.90
39.39
40.66
39.13
40.12
41.02
40.33
38.18
38.68
37.38
36.92
36.02
35.22
33.62
33.69
33.30
35.56
35.70
37.50
37.80
38.87
40.49
41.34
43.16
43.00
44.51
43.11
43.48
44.63
46.35
43.95
43.37
42.28
42.55
41.08
38.83
37.27
36.37
35.27
36.76
39.23
41.37
42.01
40.90
41.84
43.36
43.96
42.86
42.52
44.11
45.58
46.45
46.95
48.02
46.35
45.93
44.30
41.60
38.95
37.40
36.60
36.38
35.85
38.50
41.12
42.69
42.61
41.68
42.35
38.96
40.53
42.54
41.82
40.88
43.76
43.32
43.07
45.45
46.22
43.48
42.32
41.03
38.92
37.90
36.38
35.55
35.24
36.49
37.05
38.12
40.49
40.81
41.63
41.94
42.38
40.37
42.12
40.31
41.64
41.07
42.77
43.03
43.23
44.75
42.68
40.28
37.47
36.15
34.90
34.77
35.11
37.17
38.04
38.82
37.99
39.23
37.34
38.99
39.41
41.04
42.64
43.79
43.73
44.92
44.68
45.82
45.28
44.57
42.65
41.35
38.52
38.05
36.67
36.28
35.40
37.12
39.79
39.49
40.60
40.48
40.64
40.71
40.98
42.08
43.77
46.10
42.06
42.13
43.87
41.93
42.20
42.48
41.82
40.07
38.97
38.23
38.33
36.87
35.96
36.29
37.53
38.14
40.54
38.87
40.57
40.76
39.42
41.09
41.12
41.68
39.92
41.27
41.03
41.68
41.88
42.20
41.07
39.67
38.52
37.98
37.58
37.63
36.92
37.80
38.75
39.05
38.19
39.50
39.71
39.13
38.56
39.62
40.73
40.72
43.61
45.15
46.02
45.92
45.53
44.88
43.18
40.98
39.32
37.88
37.33
35.58
35.69
37.62
39.41
41.44
42.07
39.47
38.92
39.01
40.66
41.09
43.04
43.30
42.84
42.43
45.32
44.40
44.70
44.95
43.75
41.18
38.18
36.80
35.13
35.48
35.11
37.01
39.00
41.33
42.07
40.57
40.86
40.56
40.47
39.47
39.64
41.07
39.95
42.78
42.32
43.68
43.80
42.88
42.30
40.87
39.12
37.83
37.80
37.00
36.60
37.59
40.28
43.07
41.91
40.35
39.91
38.98
39.87
39.78
40.93
43.67
43.63
44.48
44.22
44.07
45.33
44.85
44.50
41.97
40.32
38.08
37.47
36.18
36.74
39.45
42.29
41.09
40.17
38.88
40.34
40.74
41.92
44.10
43.51
44.93
44.90
43.43
45.93
45.50
44.38
45.30
43.23
41.35
39.30
37.63
37.03
35.32
35.66
39.13
40.55
42.35
42.13
41.79
41.53
40.04
43.52
42.94
43.79
43.99
44.47
44.18
43.82
46.08
45.18
44.97
42.77
41.37
40.43
38.32
37.95
38.08
37.56
39.37
41.25
40.42
41.78
40.97
40.58
39.85
41.63
44.46
42.46
44.81
42.91
43.37
44.13
43.52
43.43
42.83
42.55
41.23
40.07
38.25
38.35
37.10
37.02
38.33
38.79
40.59
41.09
41.66
40.80
41.25
43.44
44.84
42.17
42.74
43.23
44.48
44.72
44.68
45.45
44.37
43.30
42.10
40.90
38.27
37.67
37.10
35.84
36.33
37.20
39.17
40.17
39.40
42.01
41.59
42.39
43.17
43.32
43.47
42.79
41.87
43.30
43.77
44.43
42.22
41.85
41.73
39.52
37.77
35.97
35.85
35.97
37.88
39.38
39.80
41.06
40.64
39.80
38.48
39.30
41.16
40.76
41.80
42.50
40.72
42.03
44.25
44.35
43.08
40.83
41.15
38.53
37.72
36.53
35.47
35.59
36.96
38.85
41.13
42.22
41.26
40.10
40.13
41.11
42.20
42.49
42.35
40.92
42.14
41.50
41.60
39.45
39.02
40.37
39.77
37.63
35.82
34.23
34.22
34.93
35.22
37.28
37.98
38.69
38.77
37.51
38.63
40.30
42.96
41.42
40.11
40.20
39.42
39.50
41.30
41.08
38.62
38.62
38.60
37.30
36.20
35.17
34.57
34.28
35.33
36.74
39.43
41.18
40.33
40.67
40.72
39.58
39.78
38.78
39.18
39.15
39.45
35.97
36.28
36.48
33.42
34.12
33.90
33.78
32.98
31.63
30.35
31.63
33.35
34.30
37.03
35.77
34.98
34.61
34.57
35.23
35.71
36.05
34.86
34.71
35.92
34.58
33.10
33.48
33.08
32.47
32.45
32.43
31.50
31.88
31.13
31.67
33.09
34.94
35.29
33.95
33.99
32.83
32.30
31.89
33.86
32.52
33.07
32.87
33.43
33.50
33.23
32.90
32.12
31.82
31.50
31.42
30.58
30.52
30.00
30.08
29.88
32.34
31.80
32.14
31.20
32.17
32.06
32.52
32.39
33.13
32.77
33.43
32.70
32.65
32.48
32.40
31.80
31.33
31.80
31.05
30.45
30.07
29.93
29.97
29.67
29.69
29.47
28.20
26.65
26.57
27.23
28.29
29.43
30.76
31.63
31.38
31.41
31.23
32.18
31.88
30.67
30.47
30.50
29.95
29.58
29.08
29.30
29.14
29.63
29.55
29.22
28.07
27.17
29.43
26.69
28.35
29.97
31.44
31.62
30.52
30.41
31.10
30.38
30.80
30.10
30.37
29.80
29.17
28.25
28.58
27.92
28.40
29.43
31.92
32.04
29.96
30.29
28.83
29.92
28.96
30.41
31.06
31.53
31.24
31.85
31.58
31.00
31.63
31.07
29.80
30.12
30.57
29.55
29.38
29.32
29.96
30.74
31.79
17.27
30.64
29.64
28.97
30.01
30.03
31.09
33.61
32.28
32.01
31.50
31.23
31.42
30.73
30.85
29.87
30.03
30.85
29.92
29.13
29.70
28.44
30.04
31.46
31.57
30.55
28.15
25.73
26.65
29.20
31.43
31.70
32.68
31.96
32.07
32.03
32.15
31.32
30.85
30.42
30.77
30.55
31.00
30.48
29.77
29.99
30.10
31.12
31.28
29.79
27.97
26.36
28.52
30.05
31.68
31.07
31.36
32.07
30.46
31.85
32.35
30.88
30.77
30.52
30.65
29.65
30.47
29.78
29.33
30.12
31.38
32.34
32.70
31.06
29.61
29.16
27.50
30.04
32.37
32.61
33.30
32.90
32.19
32.02
32.52
32.10
31.90
31.60
31.85
32.15
31.83
30.07
30.50
32.14
31.53
32.70
31.86
31.77
31.53
31.93
30.09
31.88
32.91
32.39
34.28
34.05
34.40
33.97
33.75
33.67
33.07
32.73
32.83
32.52
32.00
30.80
30.60
30.42
32.33
32.60
33.17
32.87
33.11
34.10
32.34
32.87
34.64
35.22
34.22
34.79
34.44
33.77
34.50
33.03
33.00
33.22
32.37
31.90
31.93
30.43
31.03
30.45
29.78
31.02
32.21
30.72
29.74
29.48
29.76
30.32
32.21
33.77
33.54
32.25
32.16
32.33
32.72
31.82
32.07
31.67
31.27
30.95
30.60
29.40
29.83
30.55
31.08
31.89
31.59
30.08
27.62
29.13
26.98
27.69
30.75
31.46
31.74
30.80
31.74
31.18
31.15
30.75
30.38
29.83
30.37
29.70
29.60
28.13
28.98
31.25
31.55
32.23
31.35
30.59
28.13
26.96
27.10
28.48
31.11
32.95
32.00
31.44
30.96
31.48
31.35
30.92
30.82
30.55
30.67
30.40
30.03
29.52
29.63
28.28
28.97
28.90
29.85
29.84
30.38
30.01
30.40
30.77
30.30
30.45
30.00
29.31
30.55
30.32
30.23
30.03
30.12
29.18
29.50
28.97
28.37
28.55
28.10
27.81
29.99
30.18
28.05
27.11
28.97
26.61
24.64
26.01
27.65
30.04
29.23
28.61
29.16
29.03
29.85
28.57
28.05
28.20
27.75
27.52
28.47
27.20
28.48
29.39
29.99
30.31
30.97
28.57
26.84
25.48
24.95
26.10
28.12
30.59
32.23
30.35
30.16
30.60
30.52
29.93
29.60
29.75
29.05
28.72
28.67
28.12
27.97
26.89
27.63
28.55
28.42
27.77
27.42
23.93
24.63
28.41
29.64
30.04
31.89
29.63
29.73
30.88
30.37
29.38
28.97
28.95
28.75
28.88
28.17
27.72
27.62
28.07
30.53
31.90
29.75
27.72
24.66
25.77
31.01
27.56
28.49
29.62
30.66
30.24
31.15
30.10
30.32
29.97
29.62
28.97
28.65
28.92
28.58
28.38
28.35
29.51
30.10
30.58
29.72
27.06
26.15
27.10
25.19
25.79
29.58
30.59
31.04
30.73
31.42
30.65
30.57
30.30
29.97
29.43
29.43
29.68
29.08
28.72
28.57
29.18
30.85
31.08
30.87
30.48
27.02
25.45
24.89
27.35
30.22
31.01
31.58
31.16
31.02
30.95
31.10
30.57
30.05
30.45
30.00
30.32
30.28
29.43
29.42
30.07
31.16
32.07
31.18
30.58
27.99
25.43
26.06
28.48
30.58
30.98
32.56
32.19
31.82
31.60
31.82
31.18
30.50
30.57
30.32
30.47
30.20
30.02
28.80
29.20
29.41
29.72
30.01
29.77
26.55
25.42
24.61
26.58
30.29
30.93
31.23
31.69
30.92
30.67
30.78
30.80
29.60
29.87
29.80
29.72
29.15
28.57
28.50
30.08
31.03
31.63
31.29
30.32
28.08
25.32
25.60
28.02
30.63
31.54
31.37
31.82
31.40
31.22
30.67
31.48
30.28
29.65
29.25
29.70
29.23
29.40
28.69
31.63
31.77
33.80
31.67
31.15
31.88
28.49
27.08
30.17
31.75
31.99
32.99
32.32
32.68
31.72
31.75
31.57
31.35
30.90
30.33
30.58
30.80
29.67
29.53
30.52
31.80
31.96
31.90
31.94
30.95
32.05
31.24
31.32
31.61
33.53
34.11
33.55
33.11
33.35
33.62
32.32
32.45
32.30
31.52
31.45
31.30
30.67
30.24
32.40
33.26
33.01
34.21
32.52
32.19
32.06
31.30
32.15
32.51
33.86
34.03
33.68
34.05
33.70
33.82
32.85
32.73
30.95
31.85
31.05
31.80
30.85
30.30
31.05
32.96
33.19
33.15
33.14
31.46
32.10
31.62
32.14
33.09
33.59
34.90
34.44
34.11
33.95
34.33
32.40
32.77
32.18
31.90
32.17
32.10
31.60
31.12
31.78
32.17
33.24
33.70
33.77
32.25
32.84
31.93
32.10
33.76
33.78
35.04
34.61
34.86
33.47
33.67
33.07
32.97
32.37
31.95
32.33
32.17
31.17
31.49
31.94
33.20
33.26
34.25
33.89
33.40
32.52
32.24
33.18
33.41
34.47
34.34
33.94
34.26
33.90
33.67
33.20
32.92
32.43
32.13
31.87
31.77
30.98
31.07
32.67
33.56
33.22
33.96
33.39
32.26
31.61
31.99
33.20
33.36
33.63
33.77
33.55
33.93
33.93
33.78
33.03
32.68
32.35
32.07
31.38
32.00
32.17
31.00
33.42
34.05
34.19
33.91
33.70
32.80
32.83
32.15
33.23
33.66
34.25
34.63
34.39
34.74
34.38
34.45
33.80
33.32
33.12
32.63
32.53
32.52
31.93
31.40
33.27
33.55
34.28
33.79
33.92
34.17
32.90
32.28
33.50
35.07
34.07
34.24
33.93
35.07
34.92
33.93
33.77
32.97
32.58
32.45
33.03
32.27
31.72
32.22
32.19
33.36
34.50
33.95
34.23
34.50
33.81
32.87
33.33
33.50
34.30
35.64
35.00
34.43
34.43
34.48
32.88
33.30
33.68
32.67
32.55
32.35
31.62
31.10
32.56
33.57
34.02
33.91
33.86
32.93
31.89
32.23
31.73
33.25
34.72
34.67
34.45
34.51
34.25
33.92
33.25
33.50
32.82
32.90
32.33
32.03
31.98
31.65
32.69
33.09
34.08
33.87
33.10
33.43
32.32
32.92
33.73
33.99
34.11
35.19
35.56
34.74
34.82
34.93
34.25
33.72
33.78
33.32
32.83
32.92
32.62
32.17
33.17
34.06
22.94
3.21
35.88
36.10
36.34
36.78
37.96
37.05
37.91
37.95
38.18
38.39
37.87
37.37
37.63
36.60
35.78
35.82
36.03
35.73
35.22
34.63
35.66
36.94
37.39
37.79
38.90
38.34
38.30
38.66
39.49
39.30
39.61
40.31
40.12
39.00
39.62
39.55
38.75
38.48
37.75
37.32
37.45
37.08
37.13
35.79
38.27
38.13
38.85
38.58
39.26
38.41
40.45
38.50
39.61
39.76
40.48
40.21
39.15
40.25
39.75
40.03
39.62
39.38
38.80
37.43
38.40
37.98
37.42
37.11
37.60
38.10
39.02
40.99
40.82
41.20
41.80
41.54
41.42
42.42
43.79
42.93
43.08
42.28
42.05
41.42
40.25
40.78
38.88
38.90
38.83
38.87
38.20
37.50
39.07
40.08
42.16
42.81
43.60
42.50
41.61
41.19
41.50
42.68
43.20
43.23
42.88
42.04
43.22
42.18
41.22
41.03
40.58
40.33
40.45
40.30
39.32
39.34
40.07
41.87
42.31
42.25
41.94
41.68
40.76
40.87
41.11
41.40
42.15
43.11
42.79
42.19
42.67
42.43
41.50
40.75
40.12
40.00
40.03
40.07
39.42
38.96
39.35
41.44
41.77
41.73
41.36
41.15
40.19
40.10
40.88
40.97
41.77
42.44
43.40
42.81
42.60
42.02
41.12
40.58
40.33
38.70
40.15
39.72
39.15
38.58
38.84
40.38
42.37
42.21
40.97
42.69
40.52
41.01
40.77
41.30
42.92
42.73
41.93
41.93
42.08
41.53
40.63
40.17
39.28
39.45
39.55
39.88
39.05
38.84
39.60
41.57
41.39
43.59
43.30
42.90
41.99
41.04
39.80
39.72
41.10
40.09
40.45
39.71
40.77
40.55
38.97
37.87
37.98
37.62
37.95
37.65
37.18
36.73
38.03
39.10
40.08
39.05
46.48
43.99
41.76
39.83
39.52
39.03
39.01
39.06
38.53
37.96
37.98
17.12
0.00
31.67
36.03
36.63
36.05
36.05
35.53
34.90
35.67
37.02
37.49
37.83
37.23
36.43
34.16
33.70
34.21
33.99
33.31
32.62
32.84
32.76
32.77
32.83
32.45
31.92
31.68
31.98
31.68
31.17
30.90
30.64
30.67
31.76
32.67
33.07
32.51
32.51
31.85
33.20
34.00
34.47
35.19
35.09
35.14
34.78
34.55
34.13
34.23
33.50
33.33
33.82
33.48
32.70
32.53
32.15
32.38
32.50
34.12
34.09
33.19
33.13
32.11
32.02
33.46
35.17
34.83
36.08
35.41
34.66
34.95
34.27
33.68
32.50
31.98
32.95
32.80
32.70
32.07
31.34
31.90
32.92
34.09
33.86
32.51
32.50
31.55
31.41
32.86
33.08
33.57
35.20
34.23
34.27
34.38
34.27
33.10
33.72
32.83
32.20
32.30
32.42
31.47
31.44
31.15
33.02
33.91
34.22
33.08
34.25
33.86
32.49
32.64
32.98
32.85
33.06
32.73
32.54
32.83
32.82
31.65
31.55
31.33
30.87
30.88
29.82
30.15
29.30
30.17
30.93
32.18
32.06
31.63
31.22
32.19
30.50
31.15
31.82
32.59
33.49
32.14
32.17
33.62
32.62
31.82
31.73
31.42
30.90
31.28
30.93
29.90
30.65
29.83
31.31
33.20
32.35
32.80
32.71
32.03
31.48
32.63
33.64
35.75
35.83
35.38
35.19
35.45
34.35
34.32
33.75
33.40
32.67
33.43
33.13
31.32
32.55
33.16
33.77
34.60
34.91
34.11
33.35
32.57
32.53
32.23
33.68
34.92
34.53
33.94
34.04
34.50
33.85
34.07
33.73
32.77
33.27
32.42
32.90
32.20
31.32
33.30
33.57
25.88
34.43
28.62
33.93
33.57
34.06
33.88
35.04
36.01
37.36
36.73
36.17
36.57
35.87
34.62
34.13
34.52
33.37
33.93
32.73
33.15
32.72
31.63
33.45
33.75
34.65
35.08
33.75
35.28
33.86
33.92
35.16
36.76
37.56
37.00
36.24
36.72
35.73
34.95
35.23
34.83
34.45
34.28
34.45
33.43
33.20
31.01
34.22
35.39
35.55
36.04
34.83
34.48
35.07
35.22
35.04
36.17
38.19
37.74
36.60
36.72
36.85
35.77
36.68
37.70
37.70
34.88
37.00
36.10
35.07
37.30
36.79
36.30
37.05
36.36
33.62
31.85
30.81
30.75
31.93
32.44
30.47
31.21
30.91
31.38
30.95
29.50
29.22
28.83
28.83
28.42
28.43
27.75
27.70
29.24
30.94
31.28
32.06
31.23
29.87
31.37
29.26
29.86
31.90
31.84
32.69
31.81
31.22
31.28
30.75
29.20
29.83
28.82
27.95
28.43
27.18
27.22
26.68
28.46
31.32
31.60
32.04
31.34
30.68
29.88
29.93
30.61
31.75
33.13
33.03
33.31
32.27
31.85
30.73
29.75
29.53
29.10
28.58
28.93
28.33
27.77
27.35
27.34
30.16
30.94
30.94
29.99
29.16
28.27
27.77
29.32
29.89
31.94
32.15
32.57
31.44
30.85
31.32
30.23
29.35
29.50
29.17
28.33
27.63
27.98
27.18
27.85
30.06
32.02
31.20
30.06
30.66
29.59
29.11
29.97
30.78
32.33
32.16
32.53
32.99
32.33
30.92
30.87
30.50
29.97
30.08
29.40
28.70
28.93
28.55
28.52
30.43
31.67
31.65
30.67
30.55
29.49
28.79
29.43
31.29
32.75
32.97
32.89
32.71
32.63
31.72
30.83
30.87
30.65
30.12
29.60
30.05
29.47
28.67
28.07
29.24
31.31
31.79
31.64
31.25
30.19
29.40
31.37
31.82
31.85
32.75
32.38
31.89
31.13
31.07
29.92
29.35
28.63
29.22
28.62
27.43
27.97
27.50
26.81
31.63
32.11
33.17
33.64
32.71
34.01
32.16
32.27
33.27
32.93
33.93
34.21
32.82
32.32
32.63
31.18
30.32
30.20
30.08
30.15
29.53
29.13
28.70
29.83
30.36
32.26
32.76
32.85
31.92
30.13
28.21
29.16
29.32
26.66
29.47
28.56
27.82
28.07
28.60
27.47
26.53
26.43
26.98
27.02
26.78
26.27
26.48
27.49
28.42
29.81
30.09
31.09
31.21
29.61
29.58
30.99
33.15
33.90
33.35
33.44
33.97
32.95
32.37
31.57
31.58
30.78
30.53
30.55
29.95
29.88
29.35
29.26
28.93
31.04
32.32
32.54
31.32
30.77
30.45
31.21
32.70
33.91
33.93
33.24
32.71
32.35
32.75
31.58
30.80
31.08
30.77
30.25
30.90
29.92
29.58
30.68
29.79
30.43
32.86
33.98
34.19
32.41
32.77
34.56
32.33
31.17
28.35
27.83
27.95
28.40
29.13
27.95
27.03
27.08
26.72
26.53
27.50
27.10
26.95
26.99
28.25
29.10
30.07
29.09
28.88
28.35
27.59
28.06
29.64
30.77
31.84
31.50
30.89
30.15
30.73
29.35
29.28
29.65
29.38
28.77
28.83
28.52
27.70
27.45
27.84
30.44
31.51
30.51
29.32
28.54
28.05
28.35
29.75
31.46
32.02
32.16
31.32
30.67
31.08
29.92
29.22
28.78
29.07
29.12
28.32
28.38
27.99
28.14
29.66
30.98
31.71
30.86
30.28
29.89
30.27
29.81
31.18
32.26
32.52
32.42
31.94
31.28
30.37
29.85
30.35
29.77
28.92
29.40
29.40
28.87
27.97
28.36
29.04
29.38
31.08
31.55
30.66
30.50
30.58
31.30
33.71
31.84
31.55
31.55
30.86
31.35
31.48
30.33
29.33
29.78
29.02
27.67
29.37
28.68
28.78
31.10
31.73
32.80
33.79
32.34
32.30
31.65
31.56
32.07
32.82
33.95
33.69
34.15
33.06
32.98
32.95
32.03
31.07
31.53
31.02
30.77
31.10
29.97
30.27
31.13
32.65
33.40
33.26
34.15
32.98
32.21
32.21
31.64
32.43
33.26
32.99
33.44
31.46
31.98
32.65
30.93
30.53
30.60
30.37
30.78
31.23
29.90
30.58
31.12
31.15
31.56
31.84
30.57
31.98
31.20
29.66
30.53
32.02
34.06
34.44
32.95
32.22
31.85
32.00
31.12
30.93
30.47
30.72
29.62
30.20
29.67
29.28
29.67
31.48
33.06
32.52
33.32
32.28
31.10
29.86
30.51
31.29
33.34
34.13
33.48
33.21
32.03
32.13
31.45
30.62
30.58
30.62
30.75
30.32
29.13
31.15
30.64
33.04
34.01
34.54
33.79
33.73
33.41
32.02
31.57
35.11
34.58
34.66
34.68
33.97
33.38
32.08
31.83
32.00
31.80
32.00
31.30
30.83
31.53
30.75
31.05
29.49
31.57
31.89
32.51
32.04
32.57
31.65
32.94
32.25
32.99
33.20
33.13
32.89
32.23
32.20
32.18
31.35
31.32
30.67
30.52
30.95
30.15
29.58
30.54
29.62
29.49
29.72
30.73
30.91
28.91
29.15
29.53
31.26
32.47
33.74
33.38
33.06
32.12
31.60
31.82
30.73
30.53
31.33
31.17
30.80
30.77
30.52
30.79
29.98
32.51
31.21
31.59
32.34
31.26
31.36
31.05
33.03
34.14
34.29
33.84
33.54
32.37
32.37
31.77
30.30
30.63
30.68
30.78
31.12
29.73
29.97
31.63
32.11
32.93
34.59
33.50
33.18
33.44
31.86
32.27
34.07
33.73
34.59
34.32
34.19
33.82
33.30
32.95
32.10
31.82
31.82
30.98
31.02
30.53
30.38
30.52
30.52
32.48
33.61
32.94
31.49
30.10
30.40
30.25
31.61
32.72
34.11
33.06
32.40
31.42
31.82
31.28
30.35
30.43
30.88
30.77
30.02
29.97
29.83
29.10
30.76
33.30
33.58
32.17
33.02
30.76
29.79
31.36
31.54
32.52
33.97
32.94
30.76
31.87
32.20
30.88
30.38
30.38
30.48
29.58
30.25
30.08
29.29
28.81
28.53
30.85
31.94
31.22
30.72
29.64
29.50
30.47
32.31
33.00
33.07
32.62
32.07
32.35
31.37
31.12
31.20
30.37
30.38
30.67
30.85
29.10
29.55
29.02
29.55
31.11
30.87
30.84
32.24
32.12
31.47
31.81
32.81
33.48
32.95
32.90
32.08
32.03
32.35
31.15
30.42
30.23
30.13
31.10
30.43
30.55
29.55
30.21
31.35
29.84
32.71
32.34
32.32
30.78
30.63
30.16
31.94
33.13
33.61
32.54
32.28
32.18
32.83
32.00
31.42
31.00
30.70
30.18
30.10
28.88
29.80
29.55
29.68
30.50
29.82
30.70
30.98
30.43
30.91
30.30
30.65
32.02
31.04
30.16
30.20
31.87
32.18
31.03
29.70
30.58
29.78
29.52
30.40
29.62
29.23
31.45
30.90
33.44
33.34
31.31
31.42
29.69
28.70
31.32
33.84
33.55
33.99
33.69
33.28
32.62
33.37
33.07
30.98
30.35
31.93
31.08
30.70
30.58
30.13
30.55
31.50
35.27
35.46
32.93
31.50
30.94
29.85
30.17
32.72
33.85
33.91
32.75
33.18
33.98
33.50
32.70
32.40
31.45
31.53
32.03
31.20
31.37
30.90
30.44
30.14
31.21
31.55
32.41
30.42
29.56
29.53
30.11
32.18
32.38
31.98
31.23
32.11
33.00
32.62
32.32
30.67
30.97
30.25
29.55
31.08
29.73
29.62
29.03
28.87
31.25
32.44
31.18
31.28
30.47
29.68
30.46
32.36
32.51
33.09
33.10
32.60
31.55
32.60
31.35
30.63
31.52
31.78
30.75
31.43
29.95
29.63
30.18
31.64
32.46
32.49
33.55
33.74
31.35
30.85
32.69
34.66
35.15
34.68
33.30
33.87
33.32
32.50
33.05
31.68
31.08
31.02
30.80
31.15
31.03
30.83
30.86
29.91
32.48
32.92
32.27
34.33
34.70
34.90
34.52
34.55
34.62
33.48
33.86
33.67
33.97
33.97
33.13
32.02
31.78
31.52
31.98
31.28
30.77
31.08
30.57
31.58
33.28
33.05
32.86
32.13
31.15
30.62
33.15
33.53
34.16
34.77
34.25
34.84
33.63
34.33
32.97
31.93
31.60
32.23
32.10
31.00
30.88
30.43
30.35
33.02
34.28
34.79
32.95
33.62
32.49
32.03
32.49
33.36
33.87
33.29
33.52
33.48
33.92
34.15
34.02
32.73
31.93
32.30
31.73
31.53
30.70
30.48
31.21
31.12
32.55
31.91
31.47
30.88
32.04
33.08
32.16
33.30
33.11
34.19
33.58
33.25
32.12
32.20
32.20
30.53
31.12
30.02
30.77
30.75
30.45
30.45
29.95
29.02
31.47
32.23
32.74
32.44
30.34
30.01
31.81
31.97
33.34
33.49
32.07
33.32
33.03
31.57
32.13
32.32
31.53
31.52
31.03
31.00
30.97
30.02
30.60
32.26
33.51
33.73
32.63
32.59
31.93
31.89
34.11
33.91
35.65
35.03
34.38
34.90
35.07
34.45
33.55
32.77
32.13
31.75
31.80
31.58
30.63
30.77
31.37
33.30
33.51
34.07
32.86
33.27
31.26
31.18
32.61
32.16
34.90
33.84
35.15
33.65
33.00
33.67
31.18
31.43
31.02
30.12
30.87
30.30
29.78
29.50
29.67
31.92
33.80
32.69
32.64
31.84
30.99
32.17
32.31
33.13
34.72
34.79
34.63
34.14
33.88
33.77
32.78
32.45
32.58
31.25
29.88
30.40
29.80
28.50
29.68
30.72
34.25
35.74
33.83
33.67
33.66
34.38
35.11
36.09
38.59
38.36
36.72
36.62
36.78
36.23
35.25
35.88
34.02
33.38
32.23
31.77
30.80
30.73
31.61
33.88
33.88
33.75
35.30
35.22
34.67
36.50
37.10
38.40
37.77
38.32
36.27
36.22
36.72
36.48
35.42
33.85
33.52
32.15
31.47
31.78
31.12
30.57
31.07
32.35
34.91
35.05
34.12
33.78
33.58
34.05
33.21
33.90
35.30
36.55
35.38
35.09
33.80
34.23
34.00
33.03
33.18
32.73
31.73
31.85
31.32
31.35
32.15
34.41
35.18
36.68
35.58
37.17
39.75
42.73
45.29
47.68
50.30
51.08
49.13
50.82
51.37
50.95
50.97
51.57
47.07
44.27
42.78
41.23
39.33
39.10
38.80
38.76
40.67
42.10
41.19
42.16
41.39
42.97
45.33
46.31
46.56
46.50
43.46
44.35
48.03
47.25
45.85
45.62
43.37
42.08
38.07
37.62
36.12
35.80
35.23
38.07
42.05
42.05
40.34
37.47
38.23
39.64
39.77
43.99
47.47
49.68
47.15
47.50
45.15
43.13
44.75
47.22
44.67
40.18
38.82
36.93
35.57
34.87
35.74
37.21
39.55
41.34
41.56
40.43
42.39
43.25
42.32
39.21
40.24
41.72
45.91
47.05
48.53
46.20
45.92
45.42
43.70
42.13
39.30
38.15
36.90
36.67
36.37
38.66
43.41
42.66
42.71
42.99
45.00
41.86
45.43
46.56
43.04
46.69
51.14
47.92
43.17
49.43
50.65
45.68
42.97
40.03
37.90
37.50
36.27
35.63
37.27
39.33
45.02
42.38
43.79
42.32
43.50
41.77
42.11
43.33
45.05
46.47
45.08
44.55
45.72
47.60
47.40
45.92
43.13
40.60
38.38
38.33
37.15
36.73
36.18
38.80
42.76
42.53
42.54
42.55
43.53
41.69
44.17
45.56
47.89
49.87
44.68
45.30
44.42
45.82
46.85
46.15
43.32
42.53
40.15
38.78
37.43
36.30
35.57
37.89
38.34
39.63
40.66
42.02
43.07
42.72
43.70
44.21
45.06
45.42
44.73
46.55
46.78
46.32
46.95
46.15
45.25
42.85
40.75
39.28
37.52
37.02
37.31
38.62
41.13
40.88
41.98
42.33
42.11
41.81
41.73
41.58
43.91
45.74
43.75
43.97
48.38
49.53
47.68
46.00
42.85
40.07
37.68
38.13
37.27
37.10
36.87
39.70
43.30
42.54
41.23
39.37
39.65
39.44
41.73
42.60
43.51
43.86
44.87
46.28
46.43
48.02
47.35
47.77
44.15
39.98
37.62
37.70
37.30
36.25
37.20
39.67
42.17
40.99
42.47
41.89
41.21
42.50
41.80
43.42
49.03
52.04
45.82
45.27
46.02
48.80
48.38
49.02
44.75
41.93
39.13
37.93
37.35
36.67
37.00
39.21
44.78
42.63
47.36
42.13
42.44
41.04
43.62
44.82
44.09
47.38
44.73
44.70
45.82
49.18
47.75
46.30
44.78
40.50
38.08
37.38
36.37
35.75
36.38
37.56
43.01
40.99
42.47
40.98
40.14
39.86
40.69
41.67
42.78
43.95
43.64
40.15
40.90
42.07
46.35
46.58
43.97
42.10
39.00
38.15
36.85
36.33
35.89
38.40
42.59
47.02
44.25
40.78
41.61
41.34
44.52
45.13
45.89
44.45
41.07
42.23
44.50
43.87
45.00
45.25
41.77
39.48
38.83
37.28
35.52
36.07
35.16
38.26
39.98
40.84
44.51
40.65
39.73
42.44
41.74
41.61
42.85
42.41
39.94
42.87
44.43
46.28
44.90
43.45
40.23
40.22
37.57
37.12
36.53
36.13
36.39
37.15
39.68
39.06
39.60
40.46
40.57
41.34
42.89
41.59
43.41
42.83
41.58
42.98
42.25
43.88
44.38
43.73
41.75
40.20
38.25
37.23
35.72
35.22
33.99
37.65
38.13
38.89
38.40
40.54
41.05
39.99
41.98
42.24
44.53
44.04
45.91
46.63
47.18
49.35
47.53
46.28
42.60
39.53
37.72
36.82
36.30
35.38
35.56
38.45
40.32
41.90
41.48
41.89
40.05
42.18
40.53
42.97
44.53
42.88
43.87
44.22
44.23
46.03
47.68
46.37
44.15
40.88
39.22
35.88
37.23
36.38
36.23
38.75
42.73
41.82
42.37
40.92
40.36
39.89
42.43
42.20
44.24
45.13
43.50
43.45
46.45
47.10
48.55
46.82
44.07
40.88
38.62
37.00
36.80
36.30
36.29
38.16
42.06
41.41
41.76
40.24
40.36
40.19
40.21
43.44
42.39
45.12
43.08
43.83
45.47
47.32
47.55
46.47
44.42
42.25
40.18
39.63
37.83
37.37
36.93
36.41
40.06
40.82
40.67
42.52
40.83
40.75
43.89
45.61
44.42
45.40
43.15
43.52
43.88
43.02
44.17
44.58
43.98
43.42
42.08
38.93
37.50
36.02
36.65
36.58
38.02
40.05
40.25
41.36
44.02
43.95
43.00
45.13
43.86
43.70
43.79
45.12
45.92
46.58
45.10
44.68
45.08
43.15
42.30
39.93
37.47
37.03
36.39
37.63
39.99
39.98
41.45
42.54
41.51
43.01
43.08
44.57
45.95
43.64
45.46
44.55
47.08
47.43
47.62
46.05
43.57
41.33
39.20
37.98
36.63
37.25
36.47
38.34
41.94
43.04
41.63
40.07
39.37
39.64
41.77
42.89
41.59
43.06
44.05
46.00
47.20
48.52
49.33
48.13
44.90
40.92
39.02
37.57
36.28
36.43
36.22
38.83
42.87
42.43
45.75
41.74
40.60
40.83
42.06
43.42
42.24
43.57
43.14
45.73
51.45
48.70
48.25
46.85
44.17
40.85
38.65
37.20
34.95
35.98
36.26
37.42
41.27
42.16
41.94
39.46
39.13
39.63
39.74
41.22
43.23
43.58
43.12
44.20
43.77
46.90
46.38
45.07
43.20
40.98
37.47
36.70
35.83
35.80
36.44
35.54
43.22
41.03
42.07
40.84
38.01
37.66
39.10
40.54
42.50
42.88
42.54
44.23
44.53
45.75
46.27
47.12
44.12
41.75
39.18
37.52
36.00
35.07
34.97
36.24
38.95
40.32
40.74
40.86
40.51
40.68
43.08
44.05
46.81
45.69
43.53
44.28
45.82
43.95
45.82
43.02
44.17
42.30
38.92
38.45
37.05
36.23
36.05
35.81
36.16
38.22
40.39
44.89
40.34
40.46
40.70
40.77
42.39
43.19
42.34
44.77
43.43
44.75
43.18
44.20
43.58
41.73
40.37
38.80
36.53
36.87
35.87
35.74
36.57
37.65
40.12
43.00
41.73
40.44
41.97
43.06
43.06
44.24
44.07
44.35
45.97
46.77
49.12
46.38
43.98
41.75
38.30
37.58
36.40
36.20
41.26
40.85
40.31
42.02
41.65
40.22
41.99
42.04
42.06
44.82
42.17
40.51
43.60
47.23
46.10
46.30
46.22
45.77
43.87
39.72
37.48
37.17
35.67
35.93
35.99
38.43
44.94
42.32
41.80
39.71
42.50
42.12
40.10
41.07
45.17
43.76
44.30
44.78
47.57
47.93
47.18
46.70
43.58
41.40
38.78
37.22
36.75
36.23
36.68
39.75
45.03
42.56
41.11
41.95
40.82
40.97
40.64
40.78
42.40
43.86
43.18
45.73
46.72
47.68
48.28
46.63
44.72
41.00
39.47
38.15
36.50
36.65
35.87
38.37
41.18
41.25
40.35
39.25
39.52
41.40
40.76
42.48
44.17
42.50
45.11
42.87
44.55
45.78
45.95
44.88
42.33
42.23
38.90
35.83
34.92
34.55
34.53
36.35
41.33
45.90
44.94
40.14
39.87
39.91
42.61
43.56
46.67
42.88
42.75
43.03
44.37
44.25
43.20
41.82
42.00
40.75
38.60
35.85
34.17
33.52
33.31
34.55
41.22
42.19
40.04
39.67
39.32
40.27
41.52
41.89
43.76
43.06
45.23
41.73
40.95
42.28
43.72
45.38
42.47
40.87
38.68
34.67
33.37
33.25
33.76
34.26
37.07
37.39
38.24
39.06
42.97
40.71
42.97
43.17
43.36
45.04
41.83
42.87
47.02
46.75
44.13
44.63
42.45
41.03
38.23
37.70
35.97
36.58
36.72
36.42
40.62
41.89
41.00
38.60
39.25
41.23
41.86
41.92
40.67
40.67
44.20
44.27
46.47
44.85
45.22
43.62
41.43
38.08
36.87
35.17
34.80
34.28
34.13
34.99
36.59
36.61
39.34
37.04
38.12
38.67
39.54
40.28
42.58
40.79
40.09
40.95
42.85
43.35
42.13
43.87
41.80
38.60
35.67
34.70
34.12
34.07
34.48
34.26
36.04
38.78
37.03
36.14
38.90
39.27
41.11
39.99
41.93
41.11
41.60
41.98
45.40
47.15
45.58
43.52
40.18
39.25
37.07
35.47
34.52
34.08
34.74
35.92
41.22
40.29
41.54
40.50
41.39
39.22
40.39
40.12
42.37
42.69
42.37
43.95
43.62
46.00
45.70
43.80
41.53
39.20
35.93
35.15
34.73
33.67
34.52
36.62
39.08
41.59
40.58
41.28
41.93
40.67
40.07
45.31
43.78
41.12
41.16
41.92
41.70
42.95
43.07
43.50
39.65
39.15
36.75
35.23
34.85
33.63
33.14
34.70
36.10
36.56
38.19
40.80
38.13
39.06
39.44
41.30
40.69
42.41
42.97
41.47
43.83
44.68
43.22
41.15
41.30
40.07
39.00
36.58
35.22
33.73
33.34
35.06
36.35
36.74
37.87
39.50
39.17
39.18
41.20
43.22
43.87
45.14
43.25
43.58
45.25
45.90
44.82
44.50
42.73
39.23
36.65
35.28
33.42
33.13
34.07
36.30
31.03
40.03
39.23
37.56
39.70
38.59
40.34
40.67
42.39
42.04
43.69
44.30
44.80
45.08
43.22
44.15
41.27
38.02
35.18
33.98
33.28
32.12
33.67
35.28
37.77
38.41
36.29
34.30
35.75
37.40
38.68
40.61
43.27
43.70
40.32
39.15
41.55
42.12
44.73
43.77
41.03
38.47
36.03
33.60
32.67
32.90
32.64
34.42
37.95
39.23
37.97
37.43
37.01
37.66
38.68
38.36
42.08
41.01
41.17
43.32
44.10
44.92
50.65
49.53
46.78
44.60
41.55
40.38
39.37
39.58
34.62
35.16
40.74
39.96
38.20
37.52
38.18
37.36
38.55
41.69
41.27
42.43
42.82
43.38
45.50
45.12
47.12
45.32
43.27
41.30
38.47
35.58
35.45
34.83
37.37
36.25
39.49
42.30
41.22
38.78
39.15
39.93
38.85
43.79
43.65
43.83
43.18
44.23
42.32
42.47
43.37
42.88
43.38
40.30
39.83
36.37
34.17
33.53
33.29
33.56
35.99
36.97
37.73
37.30
37.30
38.69
39.82
42.03
41.83
41.30
42.59
42.70
41.03
41.17
40.82
38.75
39.53
40.28
37.70
35.78
33.88
33.55
33.57
33.84
37.02
37.66
37.34
39.02
38.92
38.91
39.94
41.52
42.98
43.67
43.25
44.27
43.93
46.23
46.30
43.45
41.50
40.08
36.37
35.55
34.33
34.28
33.47
35.28
42.37
40.76
39.90
40.19
39.68
38.00
40.30
42.53
42.13
43.92
42.40
42.97
45.62
44.22
45.72
45.63
43.00
38.53
36.77
34.33
35.02
33.55
34.78
36.93
41.11
41.13
41.06
39.65
41.82
41.24
41.16
40.64
41.31
39.50
41.18
44.27
43.72
44.87
45.92
44.77
43.05
39.87
38.33
35.02
34.38
33.90
33.75
35.22
40.23
40.18
40.11
38.17
40.21
38.93
41.87
42.02
44.54
41.56
42.35
41.47
43.77
45.98
44.82
44.30
41.32
39.75
37.08
35.73
34.80
34.33
34.87
36.56
40.68
40.94
39.86
38.09
37.81
38.65
38.66
40.86
40.84
40.42
41.03
40.75
40.42
40.85
40.22
42.28
40.90
37.28
35.43
33.10
31.52
31.12
30.88
32.61
35.46
35.75
36.45
33.63
34.78
37.23
37.03
39.76
40.56
39.40
37.97
37.10
38.27
37.53
36.35
36.33
36.27
36.90
34.28
31.57
30.95
30.80
30.35
31.31
33.64
33.04
33.30
33.72
33.36
32.86
34.06
35.09
36.15
36.31
35.75
36.00
35.92
34.78
33.03
34.38
33.50
33.02
31.28
30.12
29.95
29.57
29.28
28.98
32.09
33.14
33.94
32.27
31.08
32.06
33.90
35.80
34.92
34.63
35.15
34.25
34.72
36.55
36.10
34.93
33.95
33.43
31.93
31.15
30.70
30.48
30.63
30.71
33.79
27.72
35.00
34.42
34.38
35.06
35.41
37.05
35.54
34.97
36.20
36.63
36.32
37.00
35.77
36.35
34.90
34.45
34.10
32.45
32.05
32.18
32.65
31.69
34.84
34.86
33.84
34.44
35.60
37.63
39.28
41.89
42.27
41.53
43.20
45.00
45.32
46.05
46.78
43.92
40.58
38.28
36.77
34.48
33.95
34.32
33.93
34.84
38.68
38.52
38.72
36.78
38.29
38.59
38.63
39.83
41.57
40.44
42.52
45.60
44.93
46.42
47.30
45.63
41.67
39.12
37.97
35.82
35.48
34.60
35.93
33.90
39.52
37.89
38.54
38.68
38.23
39.89
40.77
40.56
41.02
42.86
46.02
45.78
46.30
48.53
48.37
46.25
42.77
39.20
37.55
35.13
34.00
33.80
33.52
35.88
39.80
39.34
38.57
38.42
41.21
39.31
40.94
41.40
41.46
40.89
42.25
42.05
42.33
41.95
41.70
42.68
41.10
38.92
38.38
35.13
33.10
31.88
31.57
31.79
34.99
34.75
35.55
35.88
35.71
37.35
39.58
40.60
40.19
37.78
40.02
38.75
39.42
40.40
40.10
40.43
39.07
36.77
35.82
34.58
32.83
31.67
30.52
30.70
34.93
39.39
37.44
35.28
36.24
37.61
40.21
39.21
39.92
40.29
41.87
40.42
41.07
43.70
40.22
39.75
39.37
36.13
33.48
31.45
31.12
31.15
33.80
33.12
35.53
35.17
34.46
33.58
35.08
35.40
36.43
37.96
39.77
38.74
42.35
41.77
41.92
42.63
43.52
40.77
40.30
35.27
34.15
32.33
31.00
30.82
32.55
32.22
36.52
34.72
34.60
35.73
35.78
38.43
36.45
38.06
39.87
38.90
40.08
43.27
44.53
43.42
43.12
42.92
40.00
36.97
35.93
32.32
31.10
30.87
31.63
32.39
38.89
37.19
36.03
34.55
37.98
35.34
37.71
38.62
41.35
39.24
41.23
40.70
43.33
44.30
42.75
41.83
39.60
37.97
35.70
33.33
32.55
32.35
33.05
32.31
36.50
36.41
36.21
36.30
34.91
35.67
37.26
39.65
40.11
38.88
42.43
42.43
42.43
41.88
44.38
41.80
40.50
37.05
34.35
32.67
31.08
30.83
32.17
31.79
35.29
35.03
36.76
36.23
36.02
35.27
38.08
38.92
42.21
41.45
41.25
42.87
42.17
41.53
43.13
43.95
41.72
39.68
36.52
33.50
31.93
31.65
31.63
31.29
37.12
32.42
32.21
31.92
33.61
35.43
35.45
35.72
36.02
37.02
37.70
39.68
40.27
39.57
38.05
38.07
36.33
35.20
34.00
31.95
29.88
29.30
29.53
29.72
32.16
31.78
33.26
33.82
34.69
36.55
38.07
38.39
39.69
40.41
40.83
40.35
41.67
44.58
44.88
42.72
39.30
36.60
34.48
32.18
31.98
31.43
30.98
32.41
35.33
35.38
36.29
35.82
35.31
34.55
35.77
36.99
39.48
37.69
39.78
42.67
40.47
39.23
41.00
41.07
37.92
35.30
33.33
30.73
30.63
29.78
32.03
31.68
33.59
34.16
34.50
33.98
34.06
32.07
32.29
32.74
34.63
36.11
36.67
37.52
38.10
40.23
41.33
39.13
36.43
34.00
32.67
30.25
29.83
29.38
29.62
29.92
32.71
30.68
32.57
30.03
30.04
32.70
34.60
34.75
37.49
35.11
37.67
38.42
39.43
41.48
41.50
39.43
38.28
35.78
32.42
30.37
29.50
29.03
30.07
28.46
31.80
32.33
30.75
29.45
29.83
30.97
33.80
33.65
34.29
35.44
38.07
40.20
43.38
43.70
38.72
36.75
37.00
36.43
30.30
33.13
29.00
27.67
28.37
29.33
30.23
30.97
31.47
31.66
33.09
35.15
37.08
37.96
36.94
37.67
39.00
39.97
38.87
40.07
38.45
37.87
38.35
35.33
34.65
32.03
32.07
30.65
29.13
29.28
29.78
30.52
29.25
31.85
35.45
37.97
36.41
36.40
35.80
38.58
39.73
39.63
40.12
41.37
40.87
39.27
38.00
38.07
35.37
32.18
31.88
31.80
29.90
29.30
32.10
31.16
32.42
34.51
36.10
37.82
38.95
39.66
38.19
39.28
40.07
39.82
41.02
41.22
40.90
41.95
38.77
37.93
32.62
31.05
31.02
29.95
30.10
31.12
34.78
35.16
35.80
35.32
36.73
35.84
37.08
39.72
40.30
40.32
44.18
43.00
41.97
43.85
45.47
41.92
40.18
36.30
34.67
32.42
31.37
30.68
31.48
30.90
35.79
34.14
35.73
36.06
35.48
36.18
36.35
37.79
38.34
40.16
41.55
42.20
43.42
43.63
44.97
43.37
40.32
37.72
36.02
34.62
33.52
32.65
34.28
34.56
35.42
35.97
37.89
37.04
38.75
38.48
40.12
41.41
41.12
41.19
43.62
42.52
44.08
46.72
44.40
45.33
42.13
38.72
35.32
34.55
32.97
32.37
33.75
32.93
36.20
35.07
35.71
37.26
38.16
37.62
39.94
40.24
42.10
41.20
41.37
43.53
43.27
45.07
45.42
43.85
42.17
39.47
35.95
33.22
31.65
31.23
32.40
32.72
35.97
35.42
37.21
37.97
39.80
39.90
40.72
45.14
43.21
41.78
42.67
40.23
39.28
39.35
39.72
40.93
39.70
37.30
34.98
33.23
30.97
30.52
30.35
30.61
31.55
33.15
36.24
35.51
34.40
34.12
35.61
36.88
36.90
37.37
38.15
36.83
39.67
38.32
37.78
37.28
36.37
35.80
33.53
32.58
32.15
30.63
30.28
30.88
32.86
32.75
33.33
33.20
33.95
35.29
36.00
38.06
35.84
35.84
37.10
38.12
36.88
38.75
38.55
37.75
37.28
35.80
33.65
31.00
31.48
30.72
29.85
31.25
31.48
33.79
33.61
35.26
35.16
35.07
36.43
39.22
37.93
39.37
40.08
41.40
43.27
44.32
42.90
43.15
39.37
38.50
35.73
33.00
32.03
31.42
33.15
31.99
34.58
34.90
34.69
35.11
36.90
35.00
35.55
37.46
37.41
38.23
40.08
40.93
43.20
45.13
43.95
41.50
39.10
36.35
34.43
32.65
31.42
30.85
33.58
32.19
34.78
35.82
34.42
26.70
33.96
35.18
36.09
38.50
37.49
38.74
39.98
40.28
41.38
43.68
43.85
43.47
40.85
36.05
33.72
32.40
31.72
31.18
30.67
32.33
33.82
34.53
35.57
33.73
35.39
35.89
35.84
36.28
38.15
36.75
37.22
39.18
39.58
41.73
40.57
41.02
39.05
36.75
33.48
31.35
31.07
30.42
31.53
31.46
31.85
33.83
34.96
35.70
35.94
36.83
37.06
37.84
39.66
40.03
40.67
40.50
39.12
40.77
40.52
41.17
39.67
37.85
36.52
33.02
31.55
30.93
30.68
30.49
31.20
31.86
32.30
33.11
34.31
36.84
36.12
36.92
36.28
38.66
39.80
39.27
38.47
40.47
38.93
38.95
38.65
36.70
34.70
32.18
31.00
29.58
30.08
30.11
31.28
32.76
32.58
34.21
34.66
35.93
37.07
38.98
40.60
38.43
39.97
42.12
41.70
42.33
41.40
40.33
37.63
34.05
33.03
33.22
31.23
31.37
32.30
31.77
34.03
33.70
33.71
33.38
35.76
35.87
36.46
36.98
38.22
39.15
39.68
40.92
39.40
41.48
43.48
41.35
39.53
35.78
33.63
31.92
31.68
30.47
31.57
31.85
33.51
34.08
34.49
35.04
34.82
36.38
37.12
37.07
39.74
37.90
41.32
42.43
42.38
41.78
40.45
40.83
39.60
36.25
33.52
32.22
31.13
30.82
30.70
32.90
34.68
34.66
33.97
33.64
35.05
36.51
36.85
37.02
36.88
35.65
38.62
39.75
40.42
41.13
41.00
40.00
39.33
36.45
33.03
31.63
30.45
30.05
30.23
31.49
32.52
33.41
32.09
36.19
39.39
37.12
37.16
35.72
37.10
40.00
39.82
40.48
40.63
42.62
40.43
40.75
38.05
34.20
33.52
30.58
29.48
29.52
31.28
31.64
30.98
33.82
32.97
31.97
34.12
36.65
36.46
39.25
37.88
37.86
38.30
38.80
38.07
36.18
38.63
37.83
36.72
34.62
33.55
30.58
28.63
29.13
28.70
29.03
29.13
29.65
26.46
27.27
32.60
34.74
34.85
34.28
35.34
33.78
33.97
34.28
34.42
36.38
35.53
36.82
35.80
35.43
32.12
30.65
29.62
28.72
29.07
28.17
28.40
26.35
29.81
31.88
31.13
30.91
33.72
34.12
34.97
33.91
38.00
39.78
40.37
40.98
41.45
39.23
36.98
34.30
32.15
30.50
28.53
28.55
29.13
30.13
30.29
31.07
34.77
32.23
33.81
33.23
34.96
33.90
35.58
33.08
37.28
39.92
41.77
44.82
47.30
44.85
43.10
39.97
38.48
35.75
35.48
35.60
35.12
35.54
32.68
35.04
33.39
31.38
32.73
33.38
31.97
34.85
34.64
34.59
35.87
36.50
36.40
38.43
38.98
37.37
37.47
32.10
31.98
29.22
28.70
28.10
28.12
29.46
30.65
30.81
30.48
29.92
31.05
31.48
31.62
31.31
30.62
31.47
30.18
30.87
30.12
30.02
29.00
28.60
28.43
27.90
27.03
26.73
26.95
27.18
25.78
26.18
26.03
26.32
26.93
26.82
25.38
22.64
26.22
27.02
27.44
27.58
28.30
28.53
29.57
28.48
29.50
28.13
29.05
28.35
27.07
26.08
25.53
26.22
26.28
26.15
25.57
25.73
26.50
25.88
23.39
23.51
24.23
22.60
26.96
27.79
27.75
28.20
28.77
29.25
29.85
28.63
27.97
27.08
27.75
26.78
26.17
25.85
26.25
25.73
25.12
21.82
22.13
23.73
24.26
24.27
27.17
27.24
29.80
29.54
31.02
29.82
29.93
30.07
29.78
30.17
31.03
32.57
31.17
30.52
26.98
26.18
26.85
26.89
26.10
23.45
21.51
23.72
23.97
28.93
32.47
31.26
31.54
32.51
35.45
37.00
39.00
40.72
40.38
37.20
34.68
31.18
29.62
28.18
27.40
26.80
27.30
28.22
28.84
30.00
29.94
31.66
31.36
31.84
34.16
33.07
32.46
32.85
36.33
36.20
38.08
38.77
38.37
37.18
35.22
32.97
30.97
29.23
28.23
27.25
27.13
31.75
30.17
29.09
32.80
33.79
34.67
34.22
32.79
34.80
34.18
35.08
36.62
38.77
39.87
41.95
42.82
39.05
35.50
33.43
31.07
29.93
28.23
28.12
28.10
30.29
32.64
31.25
29.46
31.24
30.79
35.53
33.34
34.54
36.92
35.62
37.42
40.17
37.60
41.23
40.67
39.45
37.20
33.88
31.38
29.97
30.02
29.63
29.18
30.11
32.05
32.13
31.45
31.08
31.05
33.91
34.40
34.47
34.31
36.00
36.87
36.50
38.87
39.27
38.55
37.53
38.10
33.98
33.12
30.73
28.82
28.18
28.18
27.24
29.06
30.04
31.74
30.64
32.89
34.86
34.48
35.73
36.69
38.37
37.62
39.10
38.20
38.43
38.73
36.63
37.02
35.62
33.02
29.88
29.23
28.15
27.83
27.30
28.14
29.36
30.72
30.98
32.02
33.58
36.03
36.29
36.99
36.02
37.15
38.67
37.25
39.30
37.15
37.92
35.47
35.85
33.83
30.72
29.27
29.02
28.20
28.35
28.41
28.85
31.28
32.19
33.52
35.26
34.43
36.51
36.01
35.96
36.52
37.93
38.77
39.55
38.08
36.25
34.97
33.67
31.33
29.77
29.23
28.23
27.53
27.48
29.90
31.38
34.35
33.39
35.74
37.19
36.71
37.73
36.98
36.94
38.32
39.88
39.63
38.00
39.43
37.92
35.02
33.52
31.53
29.57
27.90
27.90
28.67
28.82
29.11
31.16
31.60
33.10
34.80
34.60
32.92
33.18
34.93
36.74
38.38
36.65
36.02
39.02
37.45
36.12
36.13
33.87
31.83
29.37
28.58
28.23
27.35
27.95
29.27
31.38
31.03
31.30
32.16
35.54
35.34
35.73
34.30
36.54
36.65
37.72
38.52
37.42
36.57
35.98
34.65
32.67
31.17
29.42
28.42
28.45
28.72
28.17
28.25
29.18
29.24
32.28
32.53
32.57
32.59
33.11
33.68
35.29
35.32
34.93
35.73
36.38
36.10
34.78
35.35
33.52
32.23
30.10
27.67
28.87
27.88
28.10
28.45
29.18
28.66
29.59
31.39
28.79
31.87
30.51
30.86
30.86
35.50
33.48
31.42
30.68
29.98
30.07
29.13
28.73
27.85
27.77
26.82
26.10
26.00
26.34
25.53
25.61
24.03
24.05
21.00
27.65
27.34
28.80
28.35
26.56
26.95
27.23
27.85
28.52
26.98
28.43
26.90
27.25
26.40
25.10
25.08
24.92
24.77
25.35
24.46
23.16
21.43
19.91
21.55
20.61
21.58
25.54
26.16
26.17
26.78
27.22
27.27
27.68
26.47
26.62
26.28
25.57
25.53
24.63
24.80
24.55
24.95
24.67
24.63
23.23
20.16
20.55
20.94
20.65
20.89
23.20
26.01
27.00
26.87
26.77
26.28
26.75
25.83
24.95
24.92
23.87
24.47
23.65
23.78
23.10
23.20
24.23
23.96
21.29
18.78
19.30
18.25
19.81
19.72
17.77
22.70
23.17
24.10
24.17
24.20
24.88
24.35
23.80
23.53
23.35
23.33
22.30
22.55
22.57
22.67
22.67
22.16
20.13
4.06
15.24
19.59
19.90
19.96
20.68
24.20
24.31
24.73
24.47
25.03
24.45
23.95
23.68
23.52
23.60
23.13
23.80
22.63
22.87
23.48
22.34
22.98
21.55
18.14
19.20
21.35
20.93
19.87
21.11
24.93
24.54
24.50
24.90
25.02
24.53
24.78
24.58
24.75
24.18
23.77
24.13
23.28
23.05
24.05
22.63
22.95
18.56
18.18
18.92
19.30
19.12
19.46
19.37
23.77
24.02
24.32
24.68
24.20
24.30
25.23
25.60
26.20
27.10
26.60
26.57
25.78
26.37
25.97
26.05
25.93
25.54
21.53
22.29
23.65
23.82
26.39
26.64
28.56
27.30
24.72
24.33
23.97
24.05
24.02
24.02
24.67
24.10
24.33
24.23
23.12
23.30
23.27
23.12
22.28
22.12
17.87
18.46
18.17
18.48
23.55
23.25
24.18
24.17
23.43
24.37
24.53
24.45
23.93
24.07
23.90
23.78
23.78
23.23
22.80
22.32
22.30
23.13
23.18
22.48
22.52
19.89
22.24
22.90
23.19
23.22
23.68
24.08
24.13
24.43
24.67
24.62
23.30
24.07
23.78
22.70
23.62
23.48
22.63
22.50
21.93
22.38
22.72
22.60
22.36
22.65
22.39
22.22
22.14
22.36
23.91
23.05
23.33
24.07
23.85
23.73
23.20
22.47
22.75
22.95
22.93
23.13
22.57
22.08
22.27
22.32
22.49
22.31
22.46
21.67
19.00
19.00
19.19
19.29
23.53
23.18
23.33
23.97
24.00
23.93
23.57
23.92
24.08
23.53
23.53
23.27
22.60
22.32
22.48
22.50
22.35
19.22
18.11
18.97
18.50
19.30
23.27
23.20
23.43
23.60
23.00
23.33
24.17
24.57
24.30
23.17
22.93
24.65
23.17
23.62
23.18
22.80
22.63
22.68
22.76
22.66
23.33
22.74
22.60
22.78
23.24
21.15
24.40
25.79
25.22
25.67
25.73
25.93
25.38
25.53
24.87
24.90
24.18
23.13
22.92
23.07
23.02
22.87
23.26
18.41
17.83
19.53
20.24
21.54
21.96
21.50
24.19
24.53
24.95
25.63
25.43
25.25
24.72
25.77
26.20
25.52
26.20
26.08
24.95
25.27
24.68
24.95
24.75
22.26
19.30
20.03
20.14
20.24
23.85
23.87
24.86
25.16
25.80
25.97
27.23
26.45
25.90
26.02
25.95
25.78
24.52
25.57
24.65
24.33
24.50
24.33
24.77
24.91
23.81
21.93
23.82
24.72
25.33
25.55
26.18
26.74
25.77
26.28
26.80
26.57
25.73
25.25
25.35
25.02
25.05
24.55
23.97
23.83
23.98
24.03
23.61
24.17
24.22
23.26
23.77
26.89
25.73
23.48
22.91
24.89
24.85
25.80
24.90
24.57
23.87
24.42
