58.64
55.34
57.31
58.60
73.42
73.69
88.09
89.94
88.43
93.19
86.11
85.64
72.87
73.06
73.52
66.93
68.51
69.76
71.80
76.29
77.55
67.96
67.56
67.91
49.11
38.05
37.28
38.61
53.63
78.22
106.85
109.57
110.56
93.03
91.59
81.54
80.89
79.43
74.06
74.58
72.36
74.93
77.59
82.93
82.47
72.33
73.19
68.60
50.58
38.76
38.35
38.81
58.95
87.99
110.15
107.88
105.13
96.75
96.33
81.87
80.51
79.06
77.11
78.34
75.25
74.22
78.44
73.66
71.37
61.50
61.91
64.57
48.87
40.92
39.60
39.94
54.00
73.50
93.00
98.31
94.94
86.58
86.65
78.24
80.12
80.93
77.37
74.24
74.78
72.11
71.02
72.57
68.63
59.97
58.89
60.04
49.65
42.39
42.26
42.01
65.38
67.96
72.03
80.11
78.78
79.88
78.01
70.91
69.28
68.67
71.38
67.73
64.54
62.01
63.28
65.04
66.01
52.94
51.96
51.24
45.87
43.82
42.62
42.72
53.22
59.11
70.03
73.01
72.71
68.74
68.35
68.37
72.17
71.40
69.37
67.96
69.29
70.74
74.07
76.00
75.99
73.48
75.02
73.62
44.39
36.88
37.41
37.91
49.80
72.99
95.01
93.06
86.42
87.98
81.70
72.14
75.26
81.36
85.55
82.40
77.68
69.94
63.75
58.72
62.80
64.65
65.26
62.95
55.79
48.91
50.64
52.86
70.99
76.33
89.55
100.45
104.61
98.97
92.20
81.99
80.19
81.36
76.29
66.88
61.92
61.52
65.29
59.02
58.95
51.48
48.56
51.40
46.36
42.21
42.64
41.86
46.65
55.66
68.87
74.78
73.76
71.63
64.96
59.25
58.37
57.91
56.85
55.33
55.42
59.01
56.80
52.36
49.61
41.93
41.42
42.88
37.60
36.16
36.39
36.83
41.33
43.33
48.50
50.90
55.43
54.02
32.12
62.03
61.39
58.45
56.31
57.56
58.27
59.07
59.42
57.40
54.69
46.49
48.69
50.02
45.27
41.67
41.59
42.22
46.80
56.24
65.12
69.05
70.36
68.62
59.38
57.96
57.86
59.21
55.81
51.99
54.18
54.74
55.61
53.27
48.00
46.49
42.79
44.37
38.95
36.73
36.75
36.88
48.19
52.11
57.57
60.37
57.18
59.99
59.90
58.96
57.76
62.60
61.20
59.46
59.32
55.48
55.27
57.71
53.69
43.41
45.95
57.46
49.17
42.69
42.55
43.19
48.43
51.64
60.75
69.71
70.09
63.65
61.96
56.96
60.80
60.57
53.52
53.28
52.89
56.15
56.16
57.20
52.52
46.50
44.55
43.76
38.06
35.90
36.29
36.36
41.40
46.27
52.49
51.40
49.74
55.50
56.28
58.19
63.09
67.97
69.11
68.10
65.17
58.35
56.67
55.00
56.28
49.07
48.77
49.44
47.96
47.04
45.68
47.04
49.65
49.68
52.78
54.87
54.57
56.93
57.99
58.24
58.80
60.57
61.45
63.04
62.64
65.73
65.55
68.13
58.56
43.68
45.25
44.08
39.06
37.33
36.49
36.43
41.47
44.46
51.78
54.79
59.50
57.61
62.70
64.02
63.25
63.94
60.29
61.26
63.69
66.47
72.55
77.25
73.05
57.21
57.09
48.45
37.58
36.88
37.45
37.04
38.58
43.41
50.59
54.17
57.48
59.32
63.04
64.12
61.83
66.76
64.03
63.49
62.87
68.13
69.30
66.06
56.57
43.26
44.27
42.85
41.88
38.68
37.24
36.41
37.12
42.13
48.55
52.00
51.06
50.66
55.33
53.22
54.34
57.63
67.87
64.04
59.14
61.30
63.74
67.21
64.22
49.26
48.66
48.16
46.42
41.96
36.34
36.75
39.23
44.21
50.91
54.55
53.17
47.64
46.56
47.40
54.55
55.60
51.96
51.48
55.28
55.29
58.16
55.85
50.23
41.70
42.01
41.55
37.87
36.35
36.25
35.70
41.61
44.77
51.83
53.77
50.60
46.83
45.13
43.72
45.47
52.38
53.34
51.79
51.22
50.13
52.47
49.60
47.35
41.77
40.55
40.51
37.91
35.68
36.59
36.66
39.31
43.67
50.17
50.85
51.80
54.11
54.53
57.20
57.83
66.83
65.56
63.27
67.23
61.69
61.13
63.36
59.79
51.85
52.46
52.10
51.74
52.41
52.33
54.99
61.62
64.61
70.65
73.14
74.38
68.57
66.79
68.37
69.88
70.31
68.73
65.35
67.61
67.74
67.01
59.15
52.47
45.39
46.65
46.62
46.02
41.85
42.86
42.56
48.78
58.07
69.40
71.58
74.14
73.32
72.59
71.01
68.90
67.69
65.36
63.19
61.81
59.96
61.39
58.87
54.88
44.82
44.47
46.78
39.84
36.15
37.29
37.87
46.97
55.47
69.98
73.27
74.98
80.07
73.32
70.15
68.68
63.98
64.68
64.19
63.34
66.02
59.96
58.53
57.60
51.17
50.76
50.78
46.21
41.92
44.14
43.51
51.95
59.74
68.41
70.78
71.30
64.89
60.14
55.50
56.18
52.84
59.97
56.68
57.00
55.91
57.97
58.81
64.01
55.77
51.03
42.64
40.55
36.47
36.38
36.02
46.26
50.11
56.07
60.84
60.93
56.06
55.99
59.93
59.23
60.76
60.55
56.24
56.95
58.00
60.25
64.52
57.72
46.37
44.09
46.01
41.53
38.57
37.81
37.33
43.34
47.07
53.80
59.25
63.87
58.25
56.33
50.98
46.78
50.67
50.35
46.90
48.32
50.80
52.77
56.76
60.02
49.50
48.09
43.43
39.71
36.90
37.57
37.86
42.81
47.67
55.42
58.09
56.92
54.76
65.91
68.32
68.32
69.87
68.45
69.76
69.88
68.90
70.26
71.67
66.88
46.86
45.77
45.86
43.49
43.16
42.77
44.58
47.55
49.63
54.17
56.15
54.76
58.72
63.69
65.16
67.84
70.00
66.91
68.60
245.64
70.57
72.28
75.46
67.27
51.97
52.92
51.92
47.24
42.67
43.16
42.93
46.64
50.15
53.78
58.51
60.76
67.09
65.72
65.80
67.71
65.64
67.07
70.03
70.63
70.57
72.13
74.26
62.53
52.04
52.58
49.05
41.79
37.82
36.75
37.43
41.84
45.26
54.10
56.09
57.22
55.02
64.78
71.47
72.36
74.02
66.43
72.31
75.02
72.75
71.74
73.06
68.32
60.06
59.49
59.50
46.19
43.14
44.27
44.34
49.02
50.61
63.26
68.17
66.77
65.27
67.06
68.04
66.74
69.41
66.95
67.98
66.55
70.31
72.03
72.83
69.58
60.27
52.31
52.04
46.96
44.03
44.01
42.92
49.99
52.17
60.61
65.72
64.41
65.65
69.22
74.46
72.70
70.66
70.21
68.18
70.37
68.97
71.95
69.24
63.35
52.87
52.88
52.33
45.08
38.10
37.47
37.85
41.88
46.16
54.23
59.34
60.45
65.33
70.27
75.72
80.67
77.44
74.89
72.46
73.50
73.43
72.14
72.44
62.77
48.26
45.89
45.70
39.40
37.25
38.38
38.60
42.00
46.67
52.83
52.97
51.52
54.67
56.16
53.42
53.70
60.36
64.32
67.78
68.79
66.51
68.28
72.29
64.81
46.16
45.07
46.06
42.97
42.05
43.20
44.31
48.00
53.69
59.39
62.47
64.71
63.65
62.39
69.32
68.75
67.64
63.13
67.53
68.20
68.27
69.62
68.02
57.50
51.06
50.43
50.42
43.37
39.27
40.32
40.23
45.80
52.42
66.41
74.26
75.23
76.47
72.09
68.11
68.54
63.04
62.51
64.96
63.12
66.35
69.23
77.67
75.32
74.30
74.61
79.31
54.87
45.39
45.00
46.02
60.51
82.10
100.56
113.76
114.44
112.21
110.41
96.42
89.23
81.94
79.32
78.53
78.94
75.23
74.75
80.78
84.05
82.99
87.54
90.49
65.33
52.65
53.30
53.08
69.51
89.77
105.04
117.48
116.25
110.07
103.10
88.29
78.37
75.23
80.45
85.26
73.27
70.10
68.81
73.31
73.86
72.22
76.63
77.43
62.02
45.41
39.99
38.74
63.58
72.92
82.57
84.10
81.42
81.50
83.91
84.95
86.13
84.42
82.30
77.54
75.80
81.63
84.13
85.76
81.88
71.66
75.00
76.77
54.30
40.69
39.44
38.79
72.13
89.20
111.60
115.00
108.53
104.58
104.96
95.50
90.86
82.30
81.82
78.44
79.24
71.66
71.79
72.62
71.35
71.57
79.10
81.04
57.58
45.97
45.99
44.88
56.93
78.37
89.77
94.24
98.47
98.93
94.21
84.02
77.36
75.94
76.07
73.48
73.47
74.39
72.11
73.08
77.70
76.13
80.14
84.68
74.61
67.38
69.06
73.15
96.80
96.89
104.50
106.54
107.62
106.27
99.41
87.01
78.58
76.31
71.22
72.70
74.34
71.07
67.43
71.43
66.35
58.58
61.61
60.72
44.55
39.29
38.71
39.78
47.44
62.47
76.94
79.52
80.22
76.76
75.68
64.25
64.28
59.67
63.04
64.25
62.38
63.36
62.62
67.13
59.73
48.37
47.94
48.42
43.85
39.49
38.99
40.92
44.15
48.51
56.64
58.71
56.25
54.96
56.82
64.62
64.40
63.96
65.14
62.62
68.46
66.47
66.58
65.28
58.84
52.01
50.21
48.59
42.46
39.49
40.13
39.41
21.63
26.51
58.44
61.99
61.36
53.92
53.90
49.03
49.36
50.15
50.73
61.10
62.94
54.54
53.86
55.96
53.78
50.03
47.54
54.91
46.42
42.57
41.58
39.18
46.30
53.62
63.53
68.66
66.23
64.24
63.32
55.34
55.95
55.53
55.71
54.12
53.57
55.42
61.07
65.31
61.89
58.90
60.20
61.60
48.73
41.20
40.80
38.48
59.16
71.54
80.73
89.66
86.70
81.29
75.70
61.76
66.53
64.20
63.13
67.73
69.19
66.92
70.19
71.14
69.71
69.38
67.91
69.79
49.28
38.82
39.27
40.88
53.56
71.40
86.93
93.31
93.59
98.79
94.35
95.95
95.18
104.33
115.78
108.18
101.81
97.36
94.83
97.21
102.49
80.20
80.30
83.76
71.75
64.11
64.64
68.66
93.86
102.40
132.56
137.10
138.01
132.80
120.99
111.73
103.85
98.76
88.88
83.93
84.68
88.29
87.22
83.70
73.07
65.20
65.17
60.72
46.82
41.51
41.83
41.58
54.58
75.05
109.50
112.47
112.69
106.82
89.23
87.63
87.66
90.43
89.12
91.85
86.02
68.32
63.20
66.50
62.27
49.71
53.35
52.71
44.76
38.84
39.22
39.30
50.63
64.54
89.87
93.47
93.96
102.22
99.98
93.18
94.14
96.48
95.80
100.26
97.75
96.03
98.65
109.39
101.47
75.40
79.72
80.58
57.26
45.17
43.99
44.41
63.50
87.19
120.12
122.55
115.68
118.68
125.30
122.14
117.56
115.01
112.38
108.20
107.94
105.22
101.06
108.14
101.64
80.07
81.25
85.56
55.17
38.13
38.43
37.57
78.32
95.52
122.48
119.67
107.29
105.43
101.13
95.75
94.47
98.22
96.31
96.77
98.33
97.38
83.22
85.29
84.43
75.67
72.06
74.60
50.66
39.31
39.10
39.04
76.87
91.50
115.46
115.64
110.72
102.56
93.17
87.92
88.15
88.50
85.09
86.12
89.30
79.82
77.50
78.49
64.99
51.72
48.25
52.12
42.50
38.46
38.15
39.52
49.38
69.87
99.87
99.36
94.93
90.15
86.24
86.55
83.97
99.89
104.66
101.96
81.41
67.11
61.03
56.77
57.03
50.42
50.43
52.31
50.20
49.49
50.13
50.44
55.13
61.20
85.19
96.54
98.42
95.81
92.96
95.02
100.15
89.13
82.84
81.63
81.71
81.37
78.10
65.73
53.59
51.78
47.63
48.01
41.43
39.72
39.73
40.41
42.39
44.29
49.80
52.79
57.27
64.61
70.94
74.04
76.97
75.98
69.08
71.18
75.17
76.61
67.35
63.41
57.89
56.12
55.25
53.08
47.66
45.80
45.33
47.09
50.99
53.52
56.32
59.38
59.61
75.92
72.96
85.35
88.02
71.76
69.63
74.43
76.71
74.58
68.70
61.03
53.89
52.12
49.47
48.42
44.53
41.43
41.98
42.07
46.56
49.20
52.21
55.73
53.40
52.85
50.27
51.16
60.74
57.57
66.46
68.65
71.18
70.77
73.31
75.01
63.91
51.10
45.90
48.12
44.46
42.00
41.32
41.77
44.49
45.39
47.22
48.06
45.45
47.77
42.40
51.58
48.21
58.58
53.69
60.98
54.86
54.85
49.14
48.05
47.78
46.41
45.63
46.64
43.68
40.99
39.89
39.57
42.68
45.22
47.55
50.33
46.96
45.76
47.31
53.27
54.30
53.63
54.63
55.39
58.32
57.99
58.82
52.38
50.97
46.56
50.25
46.39
41.15
41.28
39.50
40.95
41.57
43.95
48.21
50.59
48.88
54.57
61.32
68.27
72.06
74.39
74.96
78.81
78.71
74.82
68.45
61.73
58.47
52.26
51.24
47.49
43.80
42.71
41.53
43.28
45.55
48.39
49.39
51.67
49.62
58.10
63.74
73.44
75.48
83.85
84.23
85.81
86.35
83.74
77.81
69.43
62.88
49.94
47.85
47.75
41.87
41.20
40.16
42.08
43.31
45.71
48.09
49.47
47.25
50.04
57.46
75.93
77.89
82.14
86.19
85.38
86.02
82.46
84.29
82.66
75.49
60.85
61.54
61.43
50.50
46.62
45.54
46.06
47.68
52.34
58.30
57.11
55.16
55.79
56.13
57.94
67.59
67.67
71.82
77.35
79.17
72.80
67.77
68.33
60.32
49.74
47.85
47.07
42.73
39.97
39.97
39.65
42.62
47.79
54.38
52.27
49.27
56.33
59.46
57.30
61.29
60.52
62.23
59.53
59.17
55.62
56.33
60.83
60.29
54.71
53.52
53.38
48.34
46.68
46.29
45.34
51.15
59.45
68.73
86.69
83.86
78.02
81.76
77.41
88.51
76.28
68.95
63.32
62.43
63.66
63.22
54.59
51.73
47.92
48.08
51.34
45.60
40.91
39.81
39.23
48.31
56.43
67.19
80.75
77.05
75.15
77.88
82.54
91.16
74.60
71.70
71.04
73.21
64.93
61.80
64.31
62.17
45.52
49.76
51.93
48.15
46.72
46.38
47.04
49.05
49.95
53.72
58.96
53.96
53.51
57.08
64.81
71.93
72.75
71.80
69.61
68.70
62.94
58.36
54.76
54.15
52.79
52.32
53.69
49.77
48.05
47.73
48.41
52.08
53.50
55.75
59.13
60.32
73.37
82.85
80.95
82.30
81.34
82.18
78.43
62.18
57.96
55.71
58.03
59.00
55.40
52.66
46.97
41.42
39.60
39.64
40.40
42.69
47.31
77.58
81.66
81.56
83.67
84.00
87.35
84.43
73.56
73.48
70.44
71.95
63.61
64.30
65.31
59.99
53.57
50.74
44.70
41.06
39.38
39.04
40.59
44.10
49.59
80.76
89.49
85.81
81.70
79.95
83.36
83.43
85.23
63.87
67.28
63.36
64.24
65.36
60.27
49.64
45.47
46.55
44.50
41.95
40.76
40.02
41.49
43.72
46.91
64.48
77.57
75.00
76.79
75.64
89.42
92.95
83.20
74.84
74.44
67.73
61.88
60.80
64.35
57.35
47.78
45.99
47.40
45.41
42.00
39.57
39.70
42.97
46.17
48.16
48.53
43.53
45.35
59.34
62.67
60.90
64.95
63.63
61.81
57.67
57.92
61.28
63.81
57.32
52.23
54.71
54.92
50.71
47.64
48.16
47.74
51.62
54.37
55.16
54.81
51.18
51.34
57.81
63.62
64.35
64.93
65.29
67.92
71.13
71.30
72.53
65.64
61.22
50.10
47.55
50.44
42.73
40.42
39.10
40.52
43.43
47.67
50.28
48.67
52.12
60.78
65.20
71.62
71.93
69.42
66.45
68.14
70.80
72.57
72.22
74.73
69.18
56.74
51.97
50.57
46.69
43.96
43.71
43.81
49.23
48.99
52.53
50.92
48.57
53.83
61.53
68.32
72.89
71.33
72.76
73.12
76.13
74.31
74.19
73.03
66.78
53.22
56.74
56.35
45.34
40.64
39.71
41.32
44.04
50.44
55.26
52.31
50.93
55.91
63.49
72.09
71.12
74.35
77.55
78.16
81.61
77.66
72.08
66.22
61.40
51.08
51.90
47.87
43.20
40.05
39.87
40.98
43.79
47.28
56.72
51.31
45.90
43.24
42.83
55.73
57.31
57.60
56.20
52.89
52.33
51.35
53.02
56.81
54.29
47.76
48.20
51.70
48.66
47.55
46.57
46.58
48.42
50.82
54.91
55.36
50.61
46.54
48.14
54.89
54.52
57.76
59.25
59.70
62.23
61.81
62.95
58.46
57.57
48.79
51.71
53.87
44.13
41.60
40.98
39.41
42.72
46.47
48.01
46.36
40.36
43.69
48.51
52.72
57.06
57.28
55.08
58.93
57.93
62.51
63.46
64.85
58.70
50.31
52.02
49.02
43.40
41.23
41.79
39.82
43.36
45.92
47.67
46.94
40.98
40.64
43.89
52.08
56.11
55.31
56.81
57.64
69.04
65.64
63.52
57.75
54.37
47.78
45.56
46.23
42.02
40.26
41.69
41.46
41.69
44.06
47.52
45.47
43.94
44.02
50.86
59.13
64.82
66.54
69.52
88.43
87.54
81.76
79.19
70.41
73.91
59.07
55.60
53.74
46.51
43.52
44.39
44.07
48.35
49.41
51.06
48.56
48.43
53.02
70.42
76.77
75.18
81.07
80.54
84.18
82.56
76.64
73.95
73.89
78.26
70.31
67.92
64.41
51.48
45.98
46.84
46.53
49.45
53.66
63.70
62.54
63.35
67.21
72.45
78.09
81.15
80.59
85.30
81.15
78.56
73.81
72.58
69.98
65.75
54.16
53.86
54.69
44.30
39.86
40.64
40.63
43.32
47.41
51.04
49.78
45.75
46.61
54.53
67.52
68.14
69.35
70.04
71.45
74.58
70.56
70.89
69.66
66.31
53.46
56.71
42.94
19.75
40.30
40.21
40.09
43.96
48.71
51.93
50.50
50.11
54.17
67.80
76.32
74.94
78.30
79.97
78.62
79.40
77.33
81.60
66.60
57.19
48.59
50.09
50.08
42.16
40.56
39.65
39.99
43.81
48.30
49.37
47.30
43.47
43.43
51.79
61.01
65.87
64.13
67.37
67.38
70.45
69.43
72.78
70.90
61.76
51.28
50.32
50.08
42.55
40.36
39.13
39.53
42.49
47.21
49.03
45.83
44.27
44.14
47.75
56.14
54.73
57.17
60.43
59.20
64.37
62.76
66.33
67.35
63.73
51.89
52.69
51.17
43.93
40.25
39.56
40.65
41.71
46.36
49.82
50.22
48.49
49.37
60.69
70.84
68.13
69.56
72.00
75.18
73.89
75.15
71.29
71.06
68.59
53.04
56.19
54.22
48.01
45.06
45.43
45.62
50.46
53.63
54.35
51.22
51.04
55.57
67.17
73.12
72.85
78.73
79.55
97.98
112.10
85.09
78.24
75.51
73.70
60.26
55.32
58.46
47.07
45.16
45.49
45.91
46.71
50.27
59.67
53.84
52.20
68.00
79.17
71.83
77.98
80.46
80.44
81.17
82.09
84.85
79.49
59.77
55.07
52.53
52.21
51.02
42.79
40.34
39.69
41.74
44.47
48.18
54.97
54.51
55.58
58.66
68.77
79.90
82.08
79.13
82.46
80.11
78.50
78.09
71.96
66.21
62.15
61.08
58.29
52.47
45.35
41.45
41.65
41.47
46.21
46.29
49.79
51.47
52.73
57.54
79.05
83.36
84.26
80.19
81.76
80.05
80.15
79.67
81.84
71.86
63.99
58.31
58.77
60.45
47.34
40.26
39.72
39.46
46.11
48.07
53.20
49.68
50.49
63.15
80.29
78.35
81.20
80.75
78.88
79.20
81.04
80.50
73.53
73.07
71.69
66.16
63.62
59.72
43.43
39.94
39.99
38.57
46.27
49.18
53.52
49.06
53.96
58.21
71.91
72.48
81.53
87.66
87.48
86.31
82.65
80.30
81.73
89.81
86.57
74.47
73.25
65.48
43.00
39.05
38.95
40.88
44.06
52.86
57.15
55.64
65.02
77.54
86.59
88.74
104.92
102.21
109.73
106.22
125.08
110.68
103.19
91.43
80.00
69.80
65.74
57.82
54.51
52.47
52.05
51.44
52.84
55.04
61.93
56.58
66.03
84.22
80.76
89.27
110.41
116.17
108.96
112.75
115.16
119.01
108.62
104.97
88.87
71.38
71.20
69.63
49.16
42.42
42.48
43.08
46.59
51.56
60.28
58.45
66.03
72.24
82.20
79.59
80.19
84.03
85.95
85.13
79.77
86.34
78.46
69.95
66.72
60.35
61.07
56.43
44.79
42.90
42.19
44.02
50.29
52.75
57.13
60.05
61.02
64.31
74.94
80.33
71.14
84.67
88.66
90.73
89.17
89.12
79.99
79.15
79.46
70.24
55.97
55.28
44.28
40.39
40.72
41.48
48.97
54.04
62.91
58.83
63.43
82.63
82.76
83.23
87.00
90.05
88.35
90.17
87.41
82.97
72.94
69.22
66.06
59.09
59.79
56.63
44.14
40.84
40.50
40.73
46.39
47.22
53.61
58.03
59.85
64.72
70.38
82.46
87.04
80.79
87.10
83.14
85.20
85.54
76.96
76.16
78.32
66.89
62.63
59.38
45.24
41.06
40.91
40.74
47.92
49.72
54.86
59.10
57.69
60.92
74.72
74.27
78.30
86.38
94.41
91.68
94.51
88.57
89.81
73.27
66.38
57.55
54.59
59.93
49.66
46.45
47.47
47.51
51.99
58.24
67.70
66.46
65.32
86.19
83.03
84.45
90.58
93.71
100.25
104.81
97.96
98.53
87.10
66.47
63.02
52.23
51.93
50.58
45.06
43.34
43.45
45.44
47.48
46.55
51.25
55.16
48.37
66.81
78.24
76.16
82.39
79.56
82.81
84.91
83.70
80.17
68.83
66.43
68.75
56.70
47.52
46.22
45.66
43.57
41.94
44.32
44.81
46.13
50.12
46.20
47.29
62.36
77.81
84.19
93.40
96.98
96.20
92.08
93.09
88.63
90.69
80.61
77.89
63.09
59.71
57.16
50.00
45.62
45.20
45.78
52.73
55.74
58.85
58.84
70.02
87.87
93.63
95.16
100.38
108.76
109.63
107.04
106.94
98.63
81.11
83.78
77.97
61.59
55.37
58.68
48.05
45.19
44.88
44.79
48.31
52.33
55.43
54.55
59.26
74.74
75.19
78.71
87.27
95.57
97.13
108.64
126.77
114.80
112.08
99.17
104.31
79.51
75.08
72.62
54.74
49.44
49.17
48.59
60.30
62.70
73.77
65.34
64.53
80.40
81.26
89.49
95.87
103.00
101.87
109.35
102.19
106.18
111.95
101.93
99.31
80.38
80.07
77.54
64.80
61.34
60.57
60.78
70.92
72.58
94.00
82.59
76.94
82.72
83.09
82.93
78.03
85.91
90.52
92.05
94.54
96.72
95.73
87.63
80.52
68.63
68.76
66.39
52.64
48.40
49.32
49.23
51.62
55.47
62.61
61.17
73.25
82.42
89.02
85.52
87.41
90.44
93.65
93.39
94.94
91.27
86.24
80.65
81.19
71.38
64.87
64.31
56.98
57.10
58.16
57.88
62.02
61.03
71.37
70.13
76.29
82.29
82.97
87.14
92.68
97.08
93.18
93.15
94.54
94.04
90.56
86.94
76.81
69.67
67.01
62.63
54.47
47.28
48.60
48.42
51.54
55.79
68.13
62.81
77.58
86.68
86.10
84.95
91.85
101.48
102.69
107.62
110.30
98.59
94.95
94.42
102.52
75.81
70.66
61.96
52.11
47.62
48.29
47.75
53.50
58.04
69.67
66.59
72.54
81.24
83.54
89.99
94.54
103.34
111.24
111.31
119.31
119.55
116.83
107.72
97.66
77.57
69.69
65.15
53.92
47.47
47.87
48.55
52.73
64.28
76.24
73.94
72.51
78.68
84.08
80.98
95.37
98.19
104.06
107.04
112.03
107.30
112.58
111.20
105.40
72.52
71.25
70.20
54.28
50.08
48.74
48.26
59.60
63.56
83.93
72.55
74.29
75.70
77.15
78.28
82.07
89.92
89.50
93.27
95.49
99.34
93.19
100.34
100.48
73.74
71.96
71.20
56.35
53.60
53.96
52.48
60.77
61.35
79.51
75.85
76.25
80.27
79.55
80.66
82.43
87.09
91.06
92.88
95.16
100.92
95.19
100.08
92.78
68.52
70.60
69.35
53.81
48.50
49.65
50.43
55.83
63.77
98.44
78.72
81.11
89.09
89.74
96.19
95.53
93.98
92.10
93.56
97.68
92.53
92.00
87.92
87.07
77.17
71.75
67.77
64.64
62.52
62.91
63.35
66.92
66.35
73.99
74.73
69.84
83.36
82.81
83.19
87.98
92.27
93.59
92.84
93.68
96.88
93.60
98.28
88.55
77.04
72.11
67.27
55.13
50.52
50.45
51.08
53.89
57.22
66.81
64.95
73.60
84.01
83.63
85.52
87.09
90.35
95.35
95.79
96.95
96.55
93.10
91.22
92.65
78.53
73.15
71.33
60.18
54.20
54.41
56.50
59.01
63.90
75.08
78.22
83.27
92.04
96.79
94.11
94.49
95.27
93.63
100.47
97.58
92.13
90.38
92.38
86.22
73.92
65.88
60.44
51.74
48.48
49.00
53.56
56.82
61.73
64.73
72.20
73.33
86.43
86.50
86.34
89.18
92.44
96.27
95.69
94.15
83.44
89.26
96.22
99.01
77.91
74.57
72.15
60.49
56.25
48.54
52.74
55.03
60.88
67.61
67.26
77.33
81.39
80.55
84.04
88.69
89.98
92.14
94.73
95.12
89.97
80.98
88.35
100.37
74.73
67.12
64.85
52.39
48.46
50.52
54.92
56.83
57.75
72.75
64.85
75.09
76.35
74.27
77.59
84.54
89.06
90.96
93.07
93.40
82.64
80.52
86.07
90.51
68.00
64.74
63.94
53.04
49.37
48.95
55.44
60.81
60.92
70.18
74.85
78.55
83.73
80.87
91.97
88.29
90.46
96.80
98.93
112.23
110.66
99.00
94.33
82.88
68.06
67.83
64.33
51.80
50.15
48.32
54.88
56.12
61.08
67.51
70.49
69.78
72.46
78.12
76.06
78.60
82.57
83.91
90.55
89.50
86.13
85.37
76.48
78.93
66.11
61.81
59.81
51.00
48.24
48.23
55.75
57.67
60.39
59.99
60.70
67.40
71.12
79.29
86.17
86.58
88.69
95.75
96.50
96.59
87.64
84.76
75.90
67.72
60.95
59.92
57.36
50.03
47.49
47.83
51.89
55.22
58.63
60.20
59.19
68.09
88.37
87.02
84.82
87.29
89.43
95.53
93.86
90.55
86.29
86.04
83.56
78.82
69.90
67.82
63.03
50.80
47.96
48.07
53.21
55.59
60.78
64.78
68.01
79.15
70.02
93.89
90.69
86.77
90.79
92.94
95.92
93.79
85.77
81.09
81.84
74.84
71.80
68.27
66.52
51.28
48.49
49.57
54.23
55.58
60.41
61.20
64.04
64.31
66.55
74.94
75.81
80.02
77.75
79.44
82.89
82.22
83.67
80.86
80.73
77.32
66.65
65.81
63.76
51.67
47.70
48.23
53.40
54.09
57.77
63.71
64.43
63.90
73.29
77.36
74.31
76.48
74.43
78.06
77.91
69.74
68.07
66.25
67.86
73.04
67.80
66.57
66.42
58.05
54.17
55.77
62.61
64.78
66.91
74.58
71.22
79.47
91.15
83.20
80.27
96.73
97.33
98.86
104.78
104.12
111.67
108.75
110.52
109.10
85.30
81.21
80.65
64.02
62.02
61.89
70.24
75.88
78.49
88.95
97.99
101.09
102.83
106.31
99.47
111.37
118.49
115.78
120.48
116.44
121.95
120.57
118.95
112.23
82.08
75.53
76.31
57.69
54.90
54.85
68.26
70.36
71.66
89.19
98.09
100.35
102.49
103.92
97.30
117.00
115.23
119.81
118.12
120.49
128.94
124.72
123.00
114.27
79.59
74.15
66.84
51.41
48.61
48.25
60.67
66.16
67.17
77.62
82.12
74.11
85.82
99.33
98.68
115.17
125.85
118.48
109.57
110.26
107.96
103.94
107.10
95.20
71.47
71.63
64.44
50.65
47.58
48.32
52.78
59.61
60.26
65.12
69.98
70.49
80.75
83.86
87.64
84.22
83.32
87.46
83.38
86.57
90.50
89.32
86.82
72.83
63.27
64.14
60.52
49.58
48.37
48.17
51.72
57.11
60.41
59.84
56.31
61.70
72.97
73.11
72.59
74.41
76.38
71.30
76.84
78.83
74.83
70.98
77.76
79.00
62.97
64.42
62.77
50.64
46.99
47.82
51.46
55.17
58.19
67.62
58.50
63.71
64.76
65.62
66.39
67.50
70.71
71.16
71.03
76.53
70.51
67.60
69.03
67.37
64.44
65.68
62.99
53.23
50.49
51.23
54.59
60.11
61.24
64.62
62.23
63.84
73.62
68.02
73.51
81.88
85.18
86.30
87.37
90.09
83.19
78.20
71.97
72.87
60.54
59.49
54.48
44.58
43.33
44.07
48.60
53.60
55.38
57.17
58.89
60.87
69.21
78.77
78.57
72.52
79.04
86.31
86.42
91.16
87.76
83.18
75.27
68.83
58.40
57.81
55.14
45.95
43.75
43.97
50.31
54.02
56.42
56.20
60.15
60.53
63.53
73.36
80.47
87.36
87.84
89.43
88.22
83.33
77.87
73.33
73.78
73.96
62.65
62.50
55.56
47.82
44.11
44.61
50.51
53.16
56.19
55.32
57.20
64.66
64.46
72.12
72.03
80.11
79.40
77.94
81.80
81.10
78.56
75.03
73.76
73.18
63.71
60.94
64.45
53.60
50.18
50.66
55.55
61.88
63.60
63.55
64.80
72.12
88.30
91.24
78.63
81.29
79.92
89.47
85.94
92.00
85.00
90.74
93.38
83.79
73.49
70.93
67.64
48.48
43.58
44.18
50.17
55.41
56.73
57.43
64.07
62.20
71.31
75.46
83.46
83.00
87.43
90.16
93.55
93.20
84.98
95.19
100.21
87.94
61.83
63.35
64.02
47.89
44.26
44.05
48.55
52.90
55.72
61.43
61.03
67.73
68.82
72.47
70.03
65.38
64.41
66.11
68.05
69.06
69.96
75.12
66.86
66.36
61.02
61.33
59.46
48.26
44.24
45.00
50.30
54.69
57.45
66.76
59.36
61.80
71.91
65.43
71.26
71.12
72.00
72.07
77.99
75.64
77.41
73.05
68.94
69.76
59.80
61.47
56.52
46.15
43.51
44.28
48.92
53.95
57.75
56.64
53.80
63.31
75.31
83.69
76.56
78.80
77.83
80.45
90.49
86.92
83.15
82.26
81.50
77.18
67.32
64.74
58.67
45.96
43.51
43.56
48.17
52.17
56.94
57.47
58.58
65.86
83.36
84.58
81.07
86.51
80.56
94.30
96.95
96.84
102.41
95.52
94.59
86.08
75.01
72.07
68.28
52.65
49.75
49.83
55.30
60.19
62.86
75.89
78.48
83.44
90.65
91.26
85.80
94.85
96.26
101.39
104.43
106.08
109.77
108.96
105.71
101.40
78.75
74.45
70.87
50.70
45.84
45.09
55.40
64.17
61.07
71.47
68.41
82.09
83.43
95.61
89.68
107.34
110.46
102.91
102.90
105.37
101.81
100.13
108.37
109.96
97.05
83.48
77.41
57.24
48.85
47.92
62.09
67.15
65.03
76.55
80.22
84.44
84.38
85.76
90.91
96.13
95.13
104.01
109.04
110.03
105.94
101.16
97.83
103.95
86.84
78.83
69.07
51.94
47.47
47.91
61.51
66.90
65.36
95.45
88.61
76.96
84.81
93.25
96.86
99.17
95.71
102.62
110.19
114.86
103.24
93.54
97.69
97.27
74.70
73.33
71.52
56.47
51.97
52.32
64.03
72.10
70.74
88.61
95.56
92.88
99.66
110.44
105.26
125.57
127.14
136.05
142.85
144.40
141.23
128.24
121.79
109.79
78.23
74.11
71.71
54.42
50.16
49.80
60.62
68.27
71.19
85.81
88.11
87.60
95.98
107.29
106.69
119.57
125.19
134.70
142.07
139.81
141.78
132.34
127.26
120.80
91.15
85.78
84.24
65.97
61.74
61.78
79.20
83.56
79.78
102.18
109.15
120.88
124.45
120.27
109.68
124.20
132.89
140.57
139.99
134.53
131.44
123.07
115.69
106.51
80.77
75.78
73.24
55.08
47.88
47.64
64.15
67.47
68.24
94.32
96.56
92.16
103.71
114.75
112.92
118.46
126.45
139.93
145.61
146.94
141.70
124.56
127.21
119.89
96.77
87.59
74.81
59.06
48.01
48.66
68.43
80.56
72.28
85.49
84.71
87.08
86.81
87.44
78.90
103.19
101.04
97.91
97.34
98.49
93.64
95.19
96.40
92.59
85.25
86.14
83.56
56.95
47.69
44.68
59.15
65.88
63.42
77.15
79.51
72.49
79.40
82.74
83.94
93.79
92.33
95.52
97.59
98.79
96.37
100.28
107.79
105.42
93.35
87.71
87.43
60.77
56.01
56.15
72.60
85.25
81.44
96.27
97.61
95.15
91.41
92.17
95.26
92.91
94.14
93.74
99.01
101.23
99.76
97.55
101.29
97.88
97.22
92.88
85.87
51.67
46.30
45.70
61.60
80.98
73.51
86.63
90.91
96.10
101.65
109.34
96.79
90.63
136.55
136.57
170.39
170.67
164.38
160.15
148.41
131.58
107.21
105.73
99.47
61.23
52.29
51.75
76.33
101.76
85.63
133.38
132.37
128.96
138.08
132.18
135.89
137.30
145.70
145.21
144.02
146.98
139.22
128.44
121.28
111.78
91.34
87.70
83.39
62.19
56.05
55.39
77.90
82.23
76.91
108.58
107.22
114.28
111.57
116.72
120.54
122.79
126.74
132.26
136.86
140.35
136.30
130.61
121.07
103.94
82.55
82.81
85.55
58.35
50.67
50.55
69.30
74.48
76.53
103.84
95.13
92.94
106.75
105.82
118.67
123.96
125.96
113.27
136.92
135.41
131.65
123.39
121.55
98.75
81.02
77.59
81.38
62.51
56.24
56.73
74.50
77.67
78.71
104.25
108.13
107.75
105.86
111.57
116.34
117.76
116.68
120.08
145.26
144.98
142.67
139.45
135.20
124.52
90.05
86.77
80.18
60.81
56.30
54.69
72.35
77.39
80.01
115.02
114.96
108.79
114.98
114.52
116.55
116.45
123.18
128.04
142.05
132.28
137.54
129.26
137.31
121.11
85.22
76.82
73.71
51.74
46.94
46.34
65.61
68.25
66.79
106.28
103.62
117.47
120.19
119.71
122.11
122.38
128.35
122.12
107.72
104.85
106.62
101.55
94.50
96.57
73.32
70.79
71.09
50.23
47.32
47.09
64.37
69.69
67.10
107.13
110.03
100.25
98.50
105.03
111.34
115.92
117.06
117.93
123.95
127.07
123.27
118.68
107.09
101.86
81.02
78.80
77.94
51.78
46.22
47.61
65.59
69.40
67.42
107.66
101.66
89.59
80.75
95.83
103.35
111.49
109.62
113.94
119.38
116.75
116.89
102.89
104.97
95.52
79.01
78.34
77.69
51.88
47.04
46.03
61.01
68.64
69.34
107.83
106.37
94.07
97.12
100.98
97.02
100.69
106.56
115.98
122.50
123.61
120.53
112.95
104.86
98.44
82.26
77.54
77.50
59.19
53.60
53.37
71.36
76.64
78.95
115.26
111.28
96.59
100.74
106.89
108.36
106.81
107.02
111.84
117.55
126.06
120.09
117.39
110.91
101.37
81.57
79.92
78.75
60.12
54.54
54.36
73.49
77.02
76.84
115.31
104.30
95.51
90.21
93.76
92.44
105.77
123.71
120.88
126.41
122.70
129.15
123.18
122.26
104.90
81.40
78.47
75.75
60.46
54.13
54.45
72.44
77.87
73.05
113.38
117.74
109.00
104.57
98.34
99.86
104.27
114.26
140.85
137.16
145.63
130.80
132.72
129.17
119.09
86.09
76.17
76.46
52.18
48.90
48.08
65.10
71.69
75.37
116.07
109.60
94.10
90.53
88.92
86.97
90.76
98.87
99.40
105.87
106.56
113.90
115.76
115.45
98.71
74.27
75.87
78.32
52.40
48.64
48.85
64.00
71.98
79.62
112.72
100.35
92.10
88.29
104.71
116.37
128.77
131.15
132.40
137.04
133.65
138.79
140.55
134.88
110.39
82.37
81.12
80.64
56.90
53.79
54.06
70.46
80.03
86.98
116.21
115.56
105.67
108.73
113.34
120.75
125.19
123.29
124.24
124.67
125.16
132.16
124.11
126.33
117.70
87.68
88.37
87.16
65.01
59.80
59.40
82.19
84.85
87.22
133.04
136.22
128.12
124.63
134.16
132.54
131.58
131.98
132.29
135.19
138.37
141.21
138.32
137.52
126.99
89.15
74.30
73.74
54.58
47.60
47.40
64.62
72.25
77.19
120.40
117.93
103.28
102.99
119.83
128.04
129.90
132.52
133.67
130.27
136.95
139.10
139.50
130.75
112.86
86.36
83.19
79.65
54.15
47.83
48.59
66.26
65.64
63.24
129.18
139.24
89.09
103.03
92.26
111.99
135.52
145.50
132.66
158.49
162.57
163.90
161.08
147.19
140.99
94.64
93.46
91.67
68.35
48.97
48.98
76.74
72.83
78.34
121.09
127.18
117.21
113.41
122.97
134.29
148.10
148.84
154.52
156.72
157.19
159.09
161.14
159.94
150.44
103.61
104.59
99.64
70.85
62.53
62.05
95.39
105.12
103.85
141.21
137.35
134.85
129.36
135.08
134.81
134.97
140.54
128.77
138.72
135.27
136.91
137.28
137.13
94.17
11.73
104.05
100.79
74.25
62.39
60.52
92.97
113.68
107.55
153.58
154.44
155.11
159.65
164.19
164.48
165.19
165.74
165.62
166.15
168.35
167.41
159.62
152.95
136.26
83.34
82.13
80.77
59.45
54.86
54.77
84.77
85.73
88.59
128.26
128.94
135.68
151.36
152.08
146.90
153.76
152.13
152.75
157.16
148.16
153.21
134.70
121.50
110.58
77.25
77.69
78.30
50.71
46.81
48.53
69.27
72.15
75.97
119.41
146.57
133.05
129.13
123.70
121.96
125.92
132.52
137.82
142.48
147.63
143.60
124.62
119.90
119.74
87.29
84.57
78.43
52.67
47.91
49.01
66.73
71.12
72.63
108.18
111.86
121.63
123.13
111.65
119.06
122.40
117.97
123.60
128.13
129.88
129.85
126.89
129.68
116.56
80.68
79.96
73.41
51.25
49.00
49.81
64.94
72.10
74.95
110.85
113.84
132.66
136.86
141.88
141.12
135.36
130.21
124.87
121.23
123.88
124.15
124.46
125.32
111.84
79.76
79.95
81.48
55.15
48.29
46.90
69.42
68.87
78.79
116.66
113.50
118.76
110.11
101.65
97.44
112.83
119.06
119.39
115.25
120.68
117.00
122.25
119.90
110.20
82.11
79.83
82.67
56.06
46.05
47.40
68.32
75.68
78.58
123.42
115.89
125.83
120.19
116.39
112.09
118.06
115.31
110.73
114.88
115.36
120.50
118.00
118.64
120.12
87.72
83.10
85.20
65.23
58.34
58.94
77.40
82.58
87.50
116.35
117.14
126.22
126.48
123.56
124.77
124.75
128.77
128.06
130.66
136.09
140.65
132.71
131.41
112.47
77.73
73.32
73.78
50.71
46.10
46.38
61.60
70.16
67.77
96.99
105.25
109.35
112.01
112.60
118.21
125.48
126.77
135.55
130.37
135.94
140.30
134.66
128.14
117.71
86.68
83.24
81.75
59.47
55.80
56.42
78.22
81.01
80.61
111.43
105.22
106.99
118.46
141.34
141.14
141.92
142.13
142.48
146.51
147.02
146.69
144.96
138.72
134.23
87.90
85.06
82.00
55.37
50.50
49.62
82.39
83.68
75.04
115.62
120.90
124.21
128.83
128.84
134.74
132.25
135.57
138.05
144.46
144.17
145.10
141.56
139.99
132.18
89.72
89.10
82.94
58.67
50.64
52.92
83.26
84.89
78.47
121.39
126.69
120.11
121.23
128.03
133.30
139.53
138.58
139.89
143.06
140.91
136.05
133.99
133.66
123.86
84.85
87.36
83.93
63.76
57.53
57.75
89.38
93.57
97.16
125.92
124.61
131.94
128.61
127.34
128.63
129.60
131.96
133.26
134.24
135.39
135.14
138.19
138.22
128.33
92.04
91.02
94.80
67.79
63.56
62.57
97.11
114.77
108.29
134.62
131.99
128.08
127.25
127.66
128.09
128.90
132.63
133.63
132.69
132.96
139.00
140.36
138.39
130.78
90.72
86.08
92.41
67.56
62.94
61.76
95.29
110.03
105.25
132.65
133.44
135.49
134.79
136.25
137.49
142.07
141.43
141.13
146.72
145.52
143.92
143.35
134.71
129.95
83.35
83.23
83.65
56.71
51.38
52.90
87.77
92.54
84.82
122.78
127.23
127.42
124.89
129.73
130.39
136.54
142.32
145.65
146.76
143.61
139.14
136.89
138.59
127.72
85.75
83.68
76.45
57.89
52.94
53.13
84.59
95.33
89.50
120.15
117.57
121.87
130.06
136.73
141.60
141.97
139.33
138.57
141.95
143.87
143.33
138.96
137.22
131.64
91.00
87.84
86.78
65.38
58.32
58.75
90.43
99.63
92.66
125.57
122.53
125.59
128.45
130.28
131.95
129.18
130.04
139.52
138.13
141.67
146.92
140.36
133.79
120.46
87.99
87.15
83.65
67.73
65.97
64.55
96.83
99.03
97.09
131.68
129.55
131.33
132.50
134.31
132.10
133.23
131.44
133.52
138.07
132.50
129.22
125.35
124.69
115.54
81.48
81.69
82.25
64.78
57.51
56.91
82.46
83.85
87.94
121.53
119.40
120.17
118.45
117.10
114.88
115.00
117.00
123.16
120.56
122.28
119.37
120.37
123.39
110.18
79.02
79.04
78.90
61.55
55.83
57.12
87.06
90.23
94.64
123.65
126.42
127.94
128.77
128.11
127.11
131.12
132.79
136.12
136.97
137.10
139.36
141.02
136.13
125.35
86.17
86.56
86.14
63.07
56.82
57.81
94.10
110.74
100.95
129.41
128.05
130.48
130.11
135.48
140.43
138.55
139.42
142.72
141.90
139.33
137.53
138.46
135.42
126.72
87.61
84.35
81.82
61.72
56.73
56.51
87.59
94.67
94.40
128.06
127.43
131.93
134.33
134.12
135.83
135.45
137.59
139.82
139.35
139.73
141.16
140.22
139.56
124.00
85.80
86.21
84.68
65.05
58.37
59.00
92.84
105.42
97.55
129.49
118.45
129.00
131.19
133.61
133.87
134.98
133.88
132.42
138.13
145.02
140.82
141.57
130.86
123.42
93.19
92.03
83.05
59.42
50.95
51.56
84.61
90.63
85.90
125.96
129.29
131.95
139.27
115.40
129.10
142.19
142.26
144.27
138.68
137.94
139.51
138.74
138.16
128.71
87.14
85.21
87.02
66.51
57.90
58.83
93.12
114.39
100.35
130.00
128.27
130.92
131.44
132.85
136.11
140.86
145.52
143.40
144.08
144.48
139.13
138.69
135.33
126.74
85.06
79.95
81.77
60.99
54.26
52.73
89.69
100.76
89.70
122.13
118.83
118.25
119.16
121.97
126.32
129.99
131.76
131.34
131.61
132.93
134.41
137.07
137.10
128.06
82.72
81.40
83.75
62.76
57.69
57.56
94.19
100.87
95.70
124.36
122.85
121.72
120.95
120.88
122.28
130.66
133.02
135.67
130.36
128.68
132.03
131.57
135.45
123.38
86.19
85.29
78.14
60.78
50.58
50.87
87.67
92.47
88.08
120.21
121.15
123.63
139.12
137.07
138.20
144.21
145.97
146.63
146.01
148.12
146.55
139.92
137.49
128.92
88.14
80.98
78.27
57.53
52.18
51.95
89.85
93.35
90.93
123.47
127.74
129.06
139.58
140.89
141.16
144.04
145.70
146.67
146.84
145.75
146.47
143.94
137.59
128.30
68.92
67.06
61.42
54.73
51.27
52.41
65.13
66.99
62.73
85.20
83.99
87.23
102.47
108.81
144.66
144.54
140.24
148.51
148.77
151.10
151.97
145.87
143.97
138.36
109.90
106.26
101.39
64.97
56.34
58.89
93.18
105.86
102.46
128.33
127.91
128.83
131.39
140.43
143.69
144.78
146.24
148.16
148.38
146.87
161.41
157.03
143.89
126.91
99.14
95.54
91.79
60.89
51.81
51.90
84.02
101.48
101.24
137.61
136.00
131.07
142.82
145.49
140.83
141.58
149.94
154.09
152.28
146.71
136.12
130.88
129.18
118.10
78.51
91.10
94.22
65.37
55.43
51.39
84.93
96.21
89.52
126.87
116.68
128.08
133.22
137.80
132.85
131.41
128.19
125.48
128.88
127.33
129.20
127.33
126.51
114.31
77.56
76.45
76.53
57.48
49.71
48.66
80.38
78.74
85.10
118.85
105.80
109.02
113.72
111.90
109.31
110.10
111.13
114.04
110.04
109.33
110.25
108.27
109.76
109.71
77.75
62.42
60.01
52.97
49.85
51.67
82.34
86.23
87.89
133.40
132.32
129.81
139.13
138.34
142.25
138.64
137.84
138.49
141.95
143.01
136.85
129.20
127.00
117.52
79.49
80.83
78.03
54.97
49.90
50.26
86.46
86.89
87.98
139.24
128.12
128.96
126.85
125.50
120.55
123.25
118.08
117.24
120.44
117.69
116.85
111.41
112.49
106.86
82.30
84.73
84.40
61.18
53.94
56.37
90.80
92.63
89.37
132.99
117.77
133.26
136.75
129.95
125.40
116.69
126.60
126.62
121.75
125.43
124.99
119.54
112.49
106.58
84.64
81.01
76.67
54.00
48.84
50.73
81.16
77.32
85.04
120.34
105.29
112.38
127.98
138.06
123.81
121.24
127.31
126.49
127.99
129.78
125.19
121.94
115.22
112.07
79.77
83.07
85.01
62.80
56.16
56.93
88.60
88.76
93.11
134.08
129.03
118.72
135.82
127.33
141.15
140.37
137.12
136.79
140.59
133.55
132.31
120.60
119.61
107.65
80.85
78.79
77.87
54.53
51.06
48.94
75.20
74.48
79.40
120.68
111.20
109.66
105.73
97.80
95.85
94.61
102.43
101.28
105.61
101.11
106.35
103.10
99.20
100.36
78.13
78.14
77.14
54.59
49.68
48.99
72.90
74.87
80.94
115.82
111.39
108.92
101.73
97.26
95.94
101.03
99.90
103.28
108.17
105.50
107.67
107.16
108.86
101.92
73.43
74.47
73.20
54.14
48.97
49.79
72.74
70.57
76.11
111.66
117.64
126.31
120.51
113.87
114.01
119.88
114.49
114.10
112.28
108.23
116.66
113.11
106.57
102.64
73.08
73.98
75.41
54.61
49.45
49.89
68.19
69.70
78.73
108.09
107.32
116.63
120.56
119.94
121.86
124.04
129.94
133.08
135.80
133.67
134.21
130.87
122.34
113.04
81.91
82.38
82.35
60.78
55.24
56.87
82.95
94.48
101.21
123.38
118.72
122.61
127.51
125.92
127.91
127.37
130.66
137.72
139.55
143.27
133.82
130.46
127.14
112.90
75.20
73.57
73.13
54.63
48.90
50.19
71.62
76.72
87.09
114.27
110.85
116.99
118.78
123.49
121.45
120.07
125.89
127.34
126.53
130.62
126.95
123.41
121.88
116.93
81.44
80.83
78.20
60.70
55.75
55.47
81.26
94.19
101.39
118.83
114.85
118.78
122.86
122.82
122.23
119.18
122.82
122.50
128.74
124.99
130.00
121.19
118.70
106.29
76.50
78.63
79.89
57.63
51.03
50.41
80.01
87.24
96.88
120.18
109.11
111.77
108.64
117.03
117.38
118.67
125.94
126.03
123.03
121.61
115.03
118.28
117.42
115.97
107.26
99.55
91.38
61.57
54.04
49.64
75.21
82.21
79.31
110.24
106.35
106.10
108.92
102.55
101.83
99.75
96.27
104.97
112.88
114.18
111.72
114.23
103.19
105.17
76.91
73.45
78.61
54.09
50.69
49.97
70.21
72.14
79.41
102.73
107.79
111.28
126.50
133.42
128.13
121.93
126.30
133.95
137.59
137.27
131.58
127.78
125.37
117.13
87.53
83.33
84.99
59.97
56.02
57.76
81.10
84.22
90.92
117.26
112.43
120.44
124.71
125.33
123.97
119.26
128.05
133.70
135.93
135.82
137.49
126.33
125.95
120.63
93.79
86.72
95.84
65.24
56.43
59.02
82.65
80.88
84.68
118.02
117.30
123.47
134.58
134.04
134.58
140.89
142.33
137.33
137.35
141.58
144.45
136.26
130.93
113.59
90.85
96.30
93.97
59.33
49.48
52.06
76.57
90.79
94.88
114.38
108.78
122.05
140.16
138.42
135.61
130.32
137.82
141.12
139.84
145.09
142.85
141.43
132.81
122.23
104.08
101.99
97.51
64.34
57.32
57.14
90.27
98.94
98.27
137.38
120.98
132.34
126.64
123.57
118.73
123.45
138.47
143.29
142.61
135.60
139.53
134.31
131.29
120.19
93.95
93.69
88.44
61.25
52.61
51.24
82.77
91.46
97.03
120.12
119.38
124.86
129.47
127.11
122.67
121.71
123.98
122.89
124.12
123.98
125.56
121.38
123.10
111.74
91.20
81.47
84.43
57.88
50.56
49.68
83.13
85.63
89.46
126.55
109.61
102.28
114.96
120.34
108.97
106.53
102.17
106.76
105.76
103.85
108.75
103.97
105.67
106.90
100.25
100.37
98.59
64.37
55.85
58.23
90.02
95.47
99.17
136.86
144.22
148.58
145.31
138.73
141.99
141.80
146.06
147.76
147.38
148.23
141.75
130.89
124.08
114.66
86.52
85.80
89.26
58.20
53.13
54.18
85.78
91.17
90.50
122.79
126.76
128.67
132.17
143.64
134.62
147.00
154.66
153.54
149.57
154.96
154.97
143.08
140.84
132.46
91.86
89.25
95.22
67.65
64.08
65.36
103.02
113.29
103.40
141.18
135.84
138.97
149.61
150.14
154.78
149.16
149.88
147.33
154.40
157.67
152.25
144.34
141.09
119.11
83.75
78.83
79.11
55.93
51.94
51.99
84.18
82.04
87.28
131.82
126.25
135.47
130.06
123.48
123.48
126.03
137.58
144.45
139.60
144.41
140.32
127.89
126.36
109.63
78.46
75.58
76.37
56.37
52.10
52.36
80.50
81.85
82.65
128.95
130.22
140.52
135.79
133.57
134.72
136.98
140.70
140.30
145.29
142.01
154.65
145.88
132.27
115.13
79.52
76.92
76.12
59.51
52.78
51.18
78.38
78.36
83.83
119.23
119.23
117.35
116.00
115.59
115.50
123.42
124.30
127.72
128.86
129.90
130.21
130.70
128.68
108.78
77.03
78.61
77.94
55.74
50.94
50.49
80.05
79.55
84.27
125.86
112.67
112.56
112.51
105.13
106.64
102.21
102.72
110.85
120.51
121.94
114.87
113.00
114.87
112.25
73.04
75.22
76.37
56.97
49.11
49.68
74.41
76.41
83.88
108.14
115.20
112.25
103.42
98.50
106.42
109.97
110.54
112.57
114.88
113.81
115.41
110.95
121.20
113.57
82.47
83.04
84.88
63.25
55.78
56.77
88.62
93.62
99.15
143.98
136.35
142.00
137.36
136.05
136.93
138.55
144.43
145.51
139.79
146.12
133.93
133.77
134.09
118.21
80.28
77.49
80.51
59.85
51.67
52.25
83.37
81.55
80.02
131.30
128.33
123.04
129.66
128.65
131.62
139.50
144.01
144.59
144.73
147.91
151.30
147.87
144.19
130.45
92.23
93.32
93.49
67.84
61.88
57.83
94.03
108.06
104.22
129.05
123.99
123.09
128.82
130.79
134.85
136.05
142.01
140.13
141.73
144.02
146.01
141.83
141.01
129.22
83.73
78.17
80.12
57.53
52.48
52.40
88.10
93.46
88.72
125.01
127.02
128.17
134.04
133.18
135.32
139.31
134.29
141.81
143.77
140.48
138.15
135.45
138.85
122.24
78.50
79.01
79.10
57.55
51.36
51.46
84.34
88.47
85.20
121.41
118.85
116.84
113.95
113.84
115.69
118.22
121.28
127.44
130.44
132.28
133.15
132.76
132.71
113.66
75.26
76.38
74.84
56.00
51.29
51.10
78.73
79.05
81.95
116.86
118.15
120.85
119.95
120.91
123.58
122.29
119.64
118.93
119.54
114.41
110.30
114.50
115.89
107.65
80.89
80.31
74.35
55.39
49.74
51.95
74.57
75.53
79.43
116.61
112.24
107.18
99.94
118.85
108.37
138.66
134.16
137.71
141.13
138.75
139.74
137.49
134.05
121.15
89.13
88.65
94.40
69.72
62.64
62.54
96.27
102.60
100.19
132.38
130.25
129.07
126.76
138.20
173.11
159.93
152.55
148.54
142.43
141.09
143.13
135.93
127.45
117.07
97.68
97.30
98.74
69.11
62.70
63.95
97.13
90.94
96.62
135.45
130.84
136.94
141.12
143.41
141.79
137.78
132.13
141.57
138.50
137.50
130.30
125.55
114.58
98.62
81.81
81.42
81.45
56.73
51.04
52.29
74.06
76.31
79.81
116.06
114.15
108.59
116.96
106.92
110.06
121.11
133.86
138.44
135.77
133.50
132.79
126.42
122.47
117.73
93.04
94.55
87.82
61.46
55.93
57.66
73.32
77.74
81.59
86.55
123.61
116.47
120.48
124.67
121.16
122.44
124.09
133.89
130.88
129.68
121.18
117.20
111.95
99.05
78.17
76.47
76.69
53.97
49.96
49.46
71.36
72.50
77.50
124.98
120.16
114.34
125.48
123.79
118.35
121.07
117.44
124.38
124.18
130.75
126.82
124.48
124.15
120.02
86.04
75.42
76.26
53.54
49.25
48.56
68.94
69.10
80.27
114.31
108.13
101.00
101.07
100.05
101.30
101.13
97.96
103.70
97.82
100.42
101.25
104.30
103.51
106.25
84.32
82.32
85.65
61.78
55.31
53.96
77.63
80.04
83.09
130.35
135.31
143.67
128.84
139.29
123.66
125.46
133.60
138.51
134.38
132.94
131.53
117.87
122.21
115.22
89.83
83.77
86.02
63.75
59.29
60.28
81.54
85.42
93.83
132.44
133.29
124.97
123.40
124.10
134.17
133.96
124.95
130.02
124.48
129.54
130.17
134.34
131.85
107.94
82.26
83.03
76.33
55.79
50.08
50.64
71.43
77.41
80.21
109.68
112.50
104.30
107.93
100.30
100.58
106.13
105.25
116.27
129.99
130.60
127.22
124.01
130.09
118.87
80.30
77.51
76.58
55.22
49.75
49.34
66.94
72.92
79.14
110.82
105.20
110.70
116.96
108.09
114.63
120.70
119.83
124.71
132.77
130.72
132.96
127.69
124.35
107.26
87.40
88.97
85.52
64.86
59.96
59.83
74.67
79.43
83.64
123.58
100.88
111.41
119.86
120.31
109.19
113.96
116.84
124.92
122.05
111.16
113.41
107.01
103.31
102.71
81.24
83.76
90.56
61.34
53.26
52.75
70.09
75.94
76.92
101.97
101.38
100.55
100.50
105.27
107.59
113.19
107.41
112.43
111.14
115.94
111.53
112.71
112.43
108.92
84.21
92.30
91.17
60.91
51.16
48.01
62.66
81.87
84.72
101.64
83.89
95.69
107.06
108.84
107.71
100.63
103.24
102.69
106.03
109.27
116.26
118.80
108.83
107.35
84.59
76.10
82.87
54.61
49.14
49.75
73.36
76.06
83.09
111.30
108.03
109.11
114.55
126.87
111.63
125.65
140.07
107.92
121.37
115.19
107.65
111.55
108.88
98.40
79.33
77.35
77.15
63.71
57.25
57.97
75.47
78.55
81.99
114.44
110.39
112.80
114.48
106.00
120.70
119.22
119.00
114.77
109.09
110.89
109.28
109.47
116.96
103.77
84.44
79.06
77.94
61.28
56.54
58.39
73.49
80.98
81.86
115.63
113.65
115.80
124.14
113.47
114.08
120.14
114.56
114.44
113.56
112.32
114.96
110.40
112.47
96.88
77.94
72.34
67.11
48.36
44.86
46.19
66.59
71.29
75.07
106.53
92.16
107.30
122.81
120.81
122.89
121.60
125.83
120.60
118.69
123.06
110.89
114.06
107.47
88.49
67.68
67.68
74.00
53.48
45.73
46.08
65.18
65.51
74.22
99.75
86.19
97.62
112.19
116.19
107.49
106.47
107.79
116.64
109.31
109.90
100.44
92.83
95.43
98.55
83.31
83.69
82.54
58.68
46.84
47.20
65.83
63.09
71.60
101.78
106.96
107.74
115.22
111.83
107.95
103.51
99.24
100.20
94.57
96.64
98.30
103.27
97.99
94.51
78.47
77.67
75.45
51.43
47.91
48.67
68.33
67.63
70.96
99.92
91.59
92.92
89.13
97.45
87.53
87.47
86.42
82.08
86.48
91.21
94.91
94.56
87.25
85.86
70.75
70.77
69.45
54.50
50.48
50.17
61.50
65.95
74.58
102.01
96.67
84.68
111.38
111.03
101.15
106.57
106.88
109.83
112.57
109.98
109.14
101.57
103.46
97.02
73.75
67.74
67.72
52.12
46.70
47.23
58.89
66.36
69.70
95.16
78.37
87.70
97.63
104.82
102.79
105.03
106.13
104.76
103.88
111.22
110.77
108.28
99.87
85.85
74.15
72.72
69.68
49.99
45.79
46.20
59.12
64.43
65.94
87.17
83.09
94.08
105.28
105.85
104.69
106.44
107.76
111.66
117.68
114.32
114.55
109.15
102.64
85.47
69.39
66.81
64.37
49.64
45.64
45.04
56.21
65.71
69.89
88.65
83.67
95.74
103.56
91.14
96.99
104.18
106.56
106.16
109.10
113.30
116.42
112.82
107.03
85.40
71.44
73.15
72.60
51.79
45.29
44.84
63.20
66.31
69.97
94.94
81.94
95.10
101.99
95.84
104.57
107.41
113.62
118.93
121.24
118.37
112.95
105.35
101.84
95.79
72.80
69.58
68.34
49.31
46.42
46.96
61.24
60.59
69.98
96.53
89.34
97.41
95.03
98.22
95.64
98.31
97.23
93.36
99.94
100.67
100.77
106.51
102.72
90.22
78.18
71.54
71.75
55.97
51.75
51.02
62.37
68.38
73.87
100.64
84.45
94.68
96.79
96.70
90.41
93.26
100.38
102.34
103.09
100.65
102.45
101.83
99.87
98.18
100.88
84.71
81.70
63.70
58.43
57.03
74.07
84.74
84.98
106.30
95.44
103.12
111.99
103.24
105.37
108.51
106.40
91.96
106.54
116.85
118.05
114.90
110.63
104.12
96.12
98.18
84.80
62.88
56.86
58.43
82.03
92.54
97.59
121.68
117.82
122.39
116.42
110.06
100.35
107.14
105.23
105.20
106.41
112.99
118.22
114.98
105.36
91.07
81.80
76.33
72.93
52.31
44.70
44.27
57.26
62.78
67.23
91.94
75.94
97.36
114.20
101.46
99.78
111.37
113.64
117.74
113.20
113.76
112.95
117.67
110.56
102.29
97.94
94.33
90.85
58.76
50.85
49.56
65.45
74.93
79.37
101.74
88.31
113.73
117.21
120.70
107.19
110.54
104.15
108.28
110.51
114.06
112.61
110.16
101.14
92.32
84.51
77.21
80.47
49.89
44.70
44.65
65.75
81.59
88.30
88.79
83.73
90.53
102.15
95.21
113.42
95.46
88.60
87.43
86.30
90.56
96.15
93.57
87.73
84.89
79.39
77.20
76.79
58.11
52.87
51.71
65.19
75.27
79.93
100.53
85.20
93.16
100.79
105.25
101.12
90.42
89.54
90.17
89.84
97.58
98.12
103.49
92.71
94.29
87.79
84.60
83.45
52.35
44.34
44.93
61.75
73.77
76.68
86.38
91.59
92.74
87.16
89.89
86.77
90.79
88.04
89.24
95.80
95.52
96.81
100.68
94.60
92.66
90.58
87.40
73.47
50.93
45.10
46.18
71.66
86.78
80.18
86.09
98.87
107.80
88.11
100.59
101.65
98.51
103.75
113.95
117.09
114.26
113.37
112.12
105.33
105.05
96.16
91.00
80.10
51.78
43.68
45.29
67.85
86.25
82.85
98.02
82.97
101.50
113.86
120.79
110.54
107.06
102.94
113.22
121.26
129.90
133.73
134.70
125.98
107.23
91.08
82.60
78.17
50.91
45.25
44.93
67.28
85.81
82.35
92.51
85.78
103.01
108.23
105.04
100.15
105.86
111.01
114.32
119.34
111.23
109.68
109.40
109.83
100.63
81.05
75.42
74.87
51.30
44.74
44.83
71.53
86.65
88.46
93.37
81.80
90.84
99.06
96.10
102.14
101.27
101.17
101.48
102.94
103.74
106.96
99.45
96.28
93.35
79.90
79.52
77.02
50.24
44.53
44.86
60.17
64.22
67.74
90.11
79.52
83.79
103.71
104.02
107.37
105.00
105.40
104.05
107.29
99.84
102.17
99.01
87.22
79.89
69.22
64.77
65.26
49.43
47.50
44.30
53.19
61.75
67.09
76.97
69.71
72.90
69.91
71.70
72.52
76.21
78.72
80.72
83.38
82.56
83.36
87.42
85.15
85.02
72.64
69.80
69.55
50.06
43.90
45.17
55.74
61.26
65.22
75.62
67.97
70.88
73.06
68.11
83.64
79.62
83.39
87.38
86.35
87.57
88.88
88.67
82.02
82.14
71.46
68.07
69.67
53.78
49.75
50.20
63.08
69.36
75.56
82.65
80.38
85.96
94.62
98.55
96.18
91.58
98.69
94.73
94.39
100.72
100.24
96.46
93.48
93.71
79.44
77.97
73.62
54.76
50.38
51.22
62.55
68.59
73.69
90.51
91.01
96.99
115.42
112.13
105.21
105.96
103.21
102.95
107.02
108.90
115.95
120.26
109.79
95.17
75.65
73.28
75.11
50.74
44.90
44.86
61.48
71.09
75.13
82.98
80.26
88.53
95.18
108.44
100.92
97.86
100.10
104.00
106.76
106.27
104.72
101.87
104.92
104.23
91.80
86.46
85.12
54.33
46.18
46.11
63.31
75.59
76.45
87.95
88.05
101.61
98.32
102.34
97.08
100.01
101.86
106.32
109.57
114.34
120.91
117.69
112.65
116.12
100.60
98.51
98.69
66.43
57.61
58.25
79.91
98.13
107.49
123.86
115.57
122.61
127.22
126.75
129.98
130.84
122.02
125.66
121.39
114.11
116.09
112.54
120.54
113.55
101.04
92.16
88.63
53.47
44.31
44.96
60.64
67.66
73.94
82.30
81.28
98.55
100.47
111.18
119.85
107.07
105.74
103.58
105.75
111.56
110.04
108.04
113.89
106.21
95.82
92.85
93.34
54.29
44.52
44.25
65.33
78.13
80.08
90.09
84.94
86.39
84.27
102.60
99.77
91.18
94.15
94.76
101.97
99.47
101.76
91.24
104.78
105.39
93.99
94.20
92.97
59.90
49.69
49.33
75.41
91.95
92.04
97.83
92.52
92.92
98.97
100.92
100.36
106.16
104.85
106.99
108.47
98.95
91.90
98.95
106.14
94.48
78.85
78.88
77.98
52.98
44.60
44.77
64.17
63.86
63.44
63.81
56.92
84.90
105.64
111.53
100.47
106.21
107.64
107.50
109.25
112.75
111.05
106.86
97.24
99.49
89.72
82.42
82.97
53.46
45.54
45.08
70.35
83.37
85.64
87.36
76.51
91.88
97.33
94.49
104.30
97.44
93.21
93.77
108.24
105.02
106.03
114.86
103.55
100.53
94.55
91.65
81.63
55.25
48.48
49.50
65.13
70.29
67.93
68.62
66.56
92.15
96.58
92.48
94.84
93.87
96.50
95.70
96.21
102.30
98.40
94.94
88.41
84.33
81.39
83.33
81.77
54.04
49.54
51.04
73.71
84.26
84.51
83.93
75.02
92.00
78.35
71.69
86.65
96.43
97.76
100.78
102.54
96.10
91.58
97.89
96.57
95.69
88.25
86.07
78.89
51.08
45.44
44.07
68.73
81.87
87.16
88.43
84.23
84.51
91.43
93.93
88.48
105.37
97.65
97.46
94.11
98.45
102.77
100.68
98.83
98.27
88.26
88.75
88.54
54.93
44.38
43.53
66.38
79.85
82.21
90.10
87.44
89.31
93.84
96.89
99.75
90.28
86.71
90.25
86.24
87.73
85.23
82.54
87.42
101.91
84.22
79.20
77.57
51.16
44.04
44.27
65.91
78.97
81.54
85.24
89.27
83.07
87.35
83.43
74.40
72.30
79.73
73.80
87.87
83.67
89.74
83.71
74.21
72.66
60.06
53.75
49.11
45.23
45.77
45.17
48.48
50.18
52.23
63.75
62.89
76.75
92.06
105.00
104.67
94.74
91.84
93.97
86.69
85.11
83.62
84.28
76.08
72.07
57.80
59.81
58.61
47.23
44.80
46.15
53.72
56.71
54.80
61.90
60.97
64.96
81.46
79.85
91.40
94.80
97.45
95.55
112.40
88.64
99.00
89.82
81.52
83.20
66.69
60.74
57.11
52.14
50.18
50.73
55.98
60.79
62.91
69.92
75.26
86.01
90.76
103.35
96.39
95.73
102.44
105.90
103.21
96.73
93.64
92.36
88.27
78.96
62.28
60.01
55.92
46.05
44.92
45.20
52.56
52.99
53.23
61.90
60.80
87.09
87.06
99.17
104.48
88.62
82.59
85.18
87.13
92.43
88.23
82.95
82.77
71.98
64.66
59.88
56.41
51.62
50.68
44.47
48.14
50.45
52.31
62.66
64.63
87.67
96.67
96.53
101.62
90.36
89.58
92.92
91.95
91.00
88.63
85.85
79.48
75.75
68.90
66.93
61.07
51.56
49.47
50.01
53.92
58.76
58.42
71.73
78.61
68.43
85.61
96.42
100.26
90.32
93.15
83.83
89.73
90.30
85.97
85.56
83.61
78.07
64.93
69.07
67.44
60.84
59.40
59.50
64.58
68.77
65.55
83.65
92.28
82.81
89.50
108.78
117.69
110.09
109.79
108.87
107.36
95.86
88.71
87.94
84.48
72.65
65.93
59.26
60.23
54.31
52.56
53.29
58.53
62.40
64.59
73.76
69.74
77.76
84.51
91.91
99.62
94.60
88.47
83.24
87.38
88.01
88.79
90.24
88.97
82.00
64.96
59.95
59.06
54.44
52.95
53.93
57.96
60.58
61.68
68.27
69.93
76.33
77.20
84.52
78.69
100.72
97.58
98.51
97.49
99.33
94.69
82.80
77.91
66.15
59.59
55.86
53.92
47.76
46.75
47.15
52.15
53.69
54.28
58.89
61.15
65.67
67.00
76.60
82.49
87.96
82.27
94.34
94.37
93.96
84.75
83.81
75.45
67.52
57.94
57.68
59.44
55.90
53.64
55.13
57.84
59.33
60.70
66.63
66.95
72.08
87.03
97.31
97.26
99.05
94.03
104.31
95.70
99.15
102.71
95.28
91.64
72.20
61.07
55.00
54.91
49.06
47.00
47.09
50.92
53.59
53.55
57.73
59.62
70.44
84.29
89.13
89.46
91.64
84.05
80.78
85.17
88.44
87.29
82.84
73.54
63.26
63.48
61.46
63.20
56.54
53.15
53.19
57.31
60.12
60.46
66.25
66.11
64.88
73.97
82.33
84.50
92.11
91.38
95.36
93.95
89.52
87.19
90.82
88.35
81.83
66.46
63.18
65.65
59.62
58.40
59.14
62.35
65.20
66.11
75.92
78.54
85.48
89.27
96.16
105.03
106.83
100.26
95.53
89.73
92.85
92.62
84.68
73.87
61.17
52.91
52.80
53.18
48.36
46.15
46.83
51.06
53.81
53.77
58.98
70.26
67.46
76.15
91.88
90.90
93.72
92.10
82.11
77.92
83.88
81.43
78.26
83.79
74.38
64.57
54.71
57.23
46.58
45.09
47.07
53.80
60.17
59.74
59.25
61.68
65.78
76.20
87.36
89.89
92.33
92.56
85.75
84.59
90.36
84.86
80.30
63.58
59.23
54.75
53.83
54.19
50.35
46.84
46.61
52.26
53.90
55.93
54.00
61.01
62.57
67.35
67.52
67.41
68.69
63.62
66.97
66.85
61.66
66.54
74.11
73.37
70.42
59.93
57.55
58.15
48.55
44.26
44.48
50.85
59.95
60.82
69.65
69.53
68.42
58.50
59.95
62.87
66.97
77.98
79.27
74.72
75.69
69.41
67.27
70.51
66.64
65.35
66.51
66.67
58.95
57.70
56.53
62.01
67.99
68.38
71.04
73.88
70.14
67.11
67.06
68.11
73.80
76.48
73.71
69.55
77.58
68.07
68.06
73.93
66.63
60.46
58.85
59.79
52.42
50.57
50.04
54.82
57.42
56.84
58.75
58.55
55.95
57.73
62.38
71.00
65.06
71.62
65.51
64.51
61.73
61.74
62.32
64.59
66.12
61.93
60.48
55.58
46.57
44.42
43.86
49.06
52.37
52.07
52.72
51.07
50.67
53.37
55.39
57.09
66.05
69.77
72.35
72.47
64.24
65.40
63.56
62.45
62.15
53.61
51.45
51.24
46.05
43.99
43.82
48.86
50.85
50.50
52.24
51.35
48.67
49.96
58.04
56.08
54.63
54.70
56.35
57.18
62.05
62.27
59.84
57.31
52.83
50.10
50.94
51.04
45.29
43.41
44.28
51.68
54.64
54.37
54.80
54.27
52.14
53.35
67.44
64.20
65.07
70.67
69.69
72.69
64.44
65.99
67.42
66.37
60.50
51.31
52.17
51.08
46.44
44.15
44.11
48.67
51.55
52.70
53.55
52.24
48.38
48.89
51.40
53.16
51.83
50.97
53.01
53.20
52.49
56.64
59.46
60.80
56.90
52.63
52.37
52.12
45.37
44.29
44.87
51.44
52.75
55.44
58.24
58.89
56.73
62.13
60.92
61.64
53.28
56.49
63.97
60.09
58.78
64.42
67.74
65.71
62.87
62.57
62.80
63.35
48.63
44.67
44.36
59.52
65.18
69.02
85.91
88.48
88.49
91.17
92.36
86.18
80.05
63.87
72.76
64.67
62.20
60.65
63.12
64.56
67.49
61.07
60.61
60.03
48.46
44.62
45.57
61.47
67.36
66.37
67.31
75.46
90.63
95.64
88.42
81.25
71.24
73.58
71.75
67.17
65.68
63.06
62.79
57.52
57.41
55.93
54.59
57.17
47.96
43.85
43.96
60.25
66.94
64.91
65.76
65.21
70.99
74.34
68.85
62.71
62.26
61.12
54.83
60.58
58.43
60.81
60.76
64.59
60.40
56.56
55.87
56.07
52.34
51.05
50.66
58.25
57.49
58.44
58.47
58.26
56.15
57.16
54.09
58.84
63.92
64.77
63.24
62.04
62.79
65.91
64.88
63.42
62.31
59.32
58.82
58.97
53.11
50.58
51.56
58.29
62.40
60.47
61.12
62.04
66.64
69.55
67.19
71.57
73.94
73.02
71.46
71.99
67.16
69.75
70.05
68.83
67.23
68.29
61.59
55.81
48.20
45.01
45.63
52.09
53.86
54.49
57.14
58.96
60.99
73.52
79.82
94.25
95.36
89.61
85.36
85.30
83.13
84.87
84.87
84.92
79.56
64.91
67.19
66.25
49.43
44.14
44.76
52.83
56.76
58.19
60.59
59.35
59.91
62.60
72.42
82.83
81.05
77.71
78.67
82.80
75.02
79.64
77.07
73.79
76.33
57.55
54.20
53.65
46.61
44.40
44.44
50.44
52.94
54.73
56.51
57.88
56.54
53.73
54.30
55.68
53.87
56.75
57.43
54.54
56.52
62.31
63.58
57.52
57.21
54.13
54.88
54.80
48.05
45.43
45.38
50.05
51.34
51.69
53.66
56.16
55.97
59.24
55.97
60.51
57.18
56.30
60.08
56.72
56.98
60.41
64.24
63.24
55.37
54.70
51.79
50.48
45.15
44.06
45.60
51.54
55.69
53.35
54.13
56.27
54.63
56.83
55.90
55.37
59.51
60.85
59.31
58.54
59.29
67.85
66.11
62.44
61.82
57.46
49.98
49.19
45.20
42.95
43.51
49.81
55.39
61.37
63.35
65.71
62.99
67.34
63.79
75.81
72.02
77.56
82.70
76.71
71.16
75.60
73.61
71.91
71.56
67.77
66.56
65.62
58.26
55.84
56.00
63.84
70.88
73.35
75.58
76.04
75.53
71.84
72.38
71.84
82.80
82.25
86.40
83.04
76.45
69.16
61.98
59.30
57.39
54.21
52.49
53.12
45.90
43.51
43.57
53.50
58.22
60.61
63.73
63.22
66.07
65.63
61.96
66.21
64.27
65.32
73.44
78.99
73.84
73.71
71.98
68.85
68.59
56.19
52.38
52.60
45.76
42.92
42.82
53.54
59.44
62.40
63.88
63.56
65.85
67.17
75.63
92.89
73.32
78.32
81.14
82.00
84.42
84.88
88.06
72.96
90.10
75.66
74.64
73.92
64.04
61.09
59.81
69.22
69.78
70.28
72.89
72.74
68.73
63.07
56.83
59.13
64.83
64.41
68.84
68.92
67.52
66.79
66.33
64.54
63.42
71.09
64.33
65.43
46.99
42.18
42.50
56.78
64.61
61.67
62.38
63.43
57.25
55.63
69.48
62.21
63.87
63.53
60.69
69.09
67.64
70.35
79.96
79.06
77.20
81.06
68.95
74.16
54.73
50.46
50.28
73.95
83.84
83.66
86.42
90.16
92.82
98.61
96.67
89.59
75.58
73.33
72.63
74.42
80.51
81.04
78.12
81.39
83.54
85.62
80.40
81.96
53.45
47.04
47.44
73.46
86.21
89.12
108.62
117.02
120.31
118.69
106.84
104.01
98.49
101.53
83.31
83.46
85.10
83.95
83.07
80.77
82.84
79.57
73.55
70.38
48.60
44.24
43.60
66.70
79.04
80.09
96.85
104.84
99.35
95.93
94.30
98.70
96.05
91.29
76.53
77.22
77.89
77.15
76.61
77.83
71.59
66.11
66.97
68.72
47.93
44.26
44.19
66.00
75.71
75.80
84.93
102.03
111.98
112.77
105.66
104.50
103.41
100.37
84.37
87.89
84.29
82.69
83.11
82.81
79.32
78.54
83.94
85.57
60.97
54.51
55.64
78.87
91.10
91.06
93.53
92.37
93.96
91.86
98.27
93.67
96.70
104.56
92.18
83.69
86.59
82.96
87.72
78.90
69.90
72.78
76.70
76.37
55.25
48.78
48.50
71.54
80.24
79.04
80.11
89.21
97.24
92.99
90.73
86.98
90.17
92.15
71.46
75.18
72.14
69.68
71.09
71.92
72.10
76.03
76.15
75.26
49.05
42.34
42.48
61.65
72.45
68.83
72.65
71.44
66.62
64.57
71.82
70.59
68.36
66.51
67.14
66.27
66.06
70.75
68.45
70.73
69.23
67.29
68.15
66.33
50.89
46.81
47.21
62.39
72.66
67.97
66.64
69.23
68.07
66.69
64.46
71.99
69.81
72.47
73.38
72.43
72.12
75.48
70.77
71.54
70.69
70.95
71.24
70.96
54.59
49.39
49.01
70.83
83.09
74.75
80.84
80.78
77.37
77.21
79.68
78.98
75.15
75.69
105.44
97.32
75.39
89.24
98.85
88.50
80.58
79.26
80.51
79.58
55.23
48.62
48.54
70.54
80.74
81.84
101.39
101.96
98.61
98.89
98.20
93.90
83.25
75.93
81.06
85.04
86.00
87.01
89.05
85.00
73.95
75.68
76.28
77.87
48.56
42.89
44.48
71.80
82.75
86.24
109.64
109.01
107.42
103.52
90.69
89.61
96.07
101.39
96.29
131.99
101.25
90.00
91.05
87.20
85.16
79.28
80.61
81.27
54.72
48.62
49.65
73.73
80.37
81.33
86.61
87.81
85.09
92.58
109.05
113.95
114.72
113.26
113.56
109.20
106.32
105.72
97.53
97.45
96.71
90.81
91.10
90.59
61.84
54.31
55.06
82.65
92.10
95.05
119.15
122.44
120.47
114.59
109.85
103.27
101.48
95.79
88.90
82.33
83.74
86.82
91.48
96.75
96.51
92.61
92.75
96.24
62.16
53.08
52.80
87.83
99.66
108.23
134.51
135.39
128.15
121.89
116.64
106.88
94.29
91.87
96.75
100.90
101.02
88.67
87.21
90.01
81.77
82.60
79.87
84.46
52.79
41.85
43.30
77.55
90.93
94.76
116.82
121.84
117.40
116.21
116.71
113.10
111.00
106.11
107.38
108.82
112.67
116.55
112.15
83.89
76.61
74.49
78.74
81.22
55.57
49.04
48.64
76.46
85.51
87.87
107.96
110.65
112.66
111.44
109.94
113.06
115.30
109.96
110.17
103.51
105.05
91.75
81.90
76.36
75.78
74.73
76.08
83.93
