16.59
16.61
16.58
16.49
16.64
16.91
17.03
16.66
18.86
20.81
34.97
40.03
48.10
48.48
38.22
39.53
29.10
18.20
16.75
17.46
17.02
17.16
17.31
17.13
17.48
17.62
17.57
17.64
18.23
17.94
17.62
25.94
27.89
37.32
93.21
62.37
35.88
49.98
47.77
40.82
30.28
18.81
16.89
16.79
17.08
17.38
17.31
17.64
17.84
18.24
18.01
18.19
18.42
18.33
18.06
18.10
23.40
37.40
46.69
110.40
125.51
124.51
120.60
114.12
102.53
90.86
73.21
16.83
16.72
17.68
17.30
17.03
17.45
17.51
17.44
17.75
17.40
17.54
17.55
17.57
23.17
37.03
45.51
50.25
51.62
108.42
56.40
39.95
29.22
39.59
89.57
89.09
88.92
89.53
55.39
16.64
16.80
16.94
16.88
16.80
16.94
17.05
16.82
17.07
21.72
100.62
105.41
108.34
111.69
106.59
98.66
94.47
91.39
89.04
66.95
16.23
16.31
16.19
16.26
16.25
16.95
15.95
16.12
16.30
16.53
16.08
16.10
16.22
20.35
92.94
94.17
96.38
92.37
102.50
93.48
96.28
89.09
87.84
87.99
44.32
16.37
16.33
16.41
16.43
16.51
16.57
16.65
16.72
17.18
16.53
16.73
16.63
78.69
107.93
116.90
121.84
55.09
48.78
46.53
101.64
101.95
90.10
88.19
88.79
88.31
88.42
88.48
45.26
16.51
16.56
16.47
16.54
16.94
16.89
19.43
88.53
93.76
107.75
116.74
121.11
123.13
121.93
118.21
111.58
101.40
75.12
63.72
16.14
16.41
16.11
16.41
16.42
16.58
16.57
16.78
17.20
16.72
16.61
16.57
16.51
17.63
30.95
29.80
81.15
56.33
38.27
46.90
35.89
26.81
17.83
16.39
16.08
16.54
16.20
16.22
16.35
16.24
17.12
16.36
16.30
16.43
16.41
51.66
87.58
41.37
19.48
46.59
97.83
99.24
99.06
99.39
101.22
98.67
89.36
87.42
70.38
16.36
16.43
16.39
16.60
16.73
16.97
17.12
16.59
16.76
16.64
16.75
56.73
93.22
61.31
42.81
47.53
49.36
113.18
116.22
109.04
100.16
89.45
88.65
87.97
87.87
87.88
58.56
16.53
16.70
16.61
16.63
16.86
17.23
16.61
16.42
16.54
23.57
105.54
111.52
120.67
121.11
115.80
110.80
103.30
90.68
87.43
34.28
23.92
15.85
16.10
16.14
16.12
16.19
16.38
16.60
16.45
16.25
16.27
16.18
16.24
17.96
75.57
111.98
113.08
103.42
106.92
119.07
105.88
97.97
88.14
78.11
16.53
16.48
16.24
16.43
16.41
16.59
16.45
16.83
16.66
16.44
16.49
16.25
38.47
69.75
90.36
112.40
120.51
120.73
119.95
110.00
100.82
96.88
90.59
85.67
16.62
16.11
16.13
16.06
16.07
16.20
16.12
16.93
16.03
16.18
16.30
36.99
87.61
90.55
92.06
98.15
98.83
97.67
93.82
90.34
91.73
91.70
87.42
86.60
29.60
16.35
15.68
15.73
15.80
15.88
15.90
15.91
16.53
16.03
16.04
15.92
46.55
92.09
104.62
85.23
45.16
47.82
76.86
112.37
111.48
94.47
87.20
86.66
86.75
86.97
87.14
87.28
66.23
16.54
16.55
16.36
16.76
16.99
16.50
51.30
87.57
93.05
105.51
114.83
116.60
114.96
113.36
116.55
110.67
98.95
91.26
72.87
16.42
16.44
16.18
15.91
15.97
16.68
16.14
16.02
16.11
16.54
16.72
16.15
16.17
19.97
31.04
42.74
46.19
49.48
48.26
46.38
62.45
101.70
89.76
86.63
87.02
86.96
86.80
37.28
16.12
16.35
16.42
17.09
16.75
16.70
16.67
16.63
26.89
94.38
108.13
116.78
121.00
124.90
121.44
126.67
120.92
110.58
95.27
77.07
15.95
27.22
17.33
16.22
16.37
16.58
17.23
16.60
16.63
16.64
16.79
16.75
17.22
55.34
104.63
115.35
119.91
116.84
114.22
119.38
116.14
104.86
91.74
57.19
15.80
15.92
16.02
16.11
16.81
16.30
16.32
16.32
16.40
16.45
16.54
16.44
46.86
19.54
24.43
42.44
116.47
124.10
119.95
114.99
108.80
103.47
90.84
86.45
41.90
16.31
16.38
16.35
16.48
17.14
16.53
16.62
16.63
16.63
16.69
16.61
76.69
94.16
107.23
116.84
122.57
123.93
123.08
117.50
114.02
104.44
91.64
83.19
17.21
17.23
16.99
16.64
16.69
16.81
17.02
16.82
17.02
16.99
17.27
17.38
50.96
94.07
109.84
117.33
121.88
124.02
123.14
119.74
113.77
103.67
90.83
86.67
30.37
16.49
16.61
17.29
16.84
16.84
17.11
17.12
17.10
17.23
17.43
46.14
87.54
93.81
107.53
117.40
51.50
52.70
72.40
119.96
113.85
103.37
91.81
87.75
87.57
20.96
16.59
16.80
16.61
16.73
16.75
16.71
16.71
16.86
17.01
52.61
87.70
94.18
108.62
116.77
121.08
122.96
76.95
46.21
36.50
28.49
22.83
87.04
87.17
87.00
86.92
87.04
19.92
16.56
16.72
16.68
17.51
16.96
16.96
68.65
53.83
23.16
93.48
117.25
121.55
106.64
51.62
48.83
41.80
30.75
20.18
16.03
16.13
16.23
16.84
16.73
16.42
16.70
17.38
16.70
16.60
16.68
16.85
16.74
16.91
22.57
96.54
109.73
119.83
120.64
115.72
114.67
120.31
110.95
95.33
49.40
15.83
15.90
16.21
16.40
16.31
16.52
16.72
16.70
17.17
16.71
16.72
16.70
32.02
33.66
107.01
116.06
69.17
48.99
68.80
103.22
33.89
65.86
47.22
16.92
17.06
17.17
17.25
16.82
16.24
16.30
16.35
16.87
16.47
16.37
16.48
16.44
16.36
20.58
34.62
34.70
34.04
34.04
33.42
29.87
33.58
83.70
17.27
16.00
15.93
16.00
16.27
16.75
16.21
16.15
16.25
16.23
16.29
16.71
16.49
16.36
61.94
89.07
94.17
109.20
65.70
42.49
64.82
108.17
94.88
110.33
105.74
79.67
16.90
15.46
15.49
15.65
15.66
16.42
15.89
15.91
16.12
16.05
16.27
16.22
16.32
21.98
89.20
36.59
32.50
36.31
45.82
39.27
27.22
28.45
20.22
15.74
16.03
15.50
15.56
15.64
15.63
15.58
15.73
15.83
16.11
16.18
15.81
57.06
96.45
100.82
111.26
68.92
53.86
48.62
77.34
126.81
49.36
33.97
36.02
95.66
96.04
95.83
95.54
58.14
15.75
15.79
15.86
15.81
16.28
16.24
15.78
15.95
15.81
19.09
24.73
20.91
31.12
34.87
40.52
27.17
38.29
30.56
20.35
15.32
15.29
15.36
16.05
15.43
15.36
15.40
15.41
15.43
15.35
15.96
15.26
15.14
15.07
15.54
89.87
100.48
99.97
102.63
104.24
100.58
102.54
31.29
17.98
15.24
15.00
15.16
15.79
15.20
15.21
15.34
15.39
15.36
15.34
16.20
15.34
15.31
33.42
80.99
103.72
109.22
103.04
110.73
122.10
115.17
117.61
109.17
102.14
95.79
94.29
94.28
28.80
15.74
15.89
15.86
16.10
16.86
16.05
16.09
16.12
16.14
76.14
101.08
112.05
118.93
112.62
123.14
108.24
115.94
124.67
84.72
23.35
20.62
17.04
17.06
17.12
17.09
17.01
16.91
16.00
15.69
16.37
16.09
34.29
95.39
95.94
104.52
119.92
130.55
134.26
136.17
135.59
132.91
126.68
116.01
102.42
80.46
17.56
17.64
16.55
16.74
16.95
17.12
17.91
17.37
17.49
17.42
19.83
97.26
69.25
25.80
39.05
49.75
54.14
131.03
60.90
52.49
46.40
36.29
23.89
16.89
17.69
16.95
17.08
17.00
17.26
17.24
17.32
18.16
17.51
17.52
17.53
17.69
17.77
25.93
79.95
63.75
132.81
134.50
133.04
129.50
123.55
115.90
103.98
96.83
97.01
96.98
76.90
51.07
17.63
17.71
17.79
17.88
18.05
17.87
17.83
17.79
18.04
21.45
97.37
109.17
109.45
108.62
105.08
104.84
105.55
100.87
98.40
96.74
96.67
96.16
71.84
17.45
17.90
17.91
17.62
17.86
18.07
17.92
18.02
18.02
17.42
22.24
105.09
128.59
132.19
129.95
133.74
129.68
124.33
117.25
104.05
82.70
16.24
16.80
16.83
16.45
16.71
16.69
16.72
16.77
17.39
16.55
16.62
27.76
96.31
104.62
118.41
61.94
53.63
55.17
106.03
131.62
125.49
114.99
102.57
95.68
24.97
16.56
16.56
16.64
17.08
17.00
17.54
17.47
17.37
17.26
17.25
17.19
72.17
107.26
120.80
130.32
133.70
135.65
133.92
131.85
131.45
118.47
105.40
82.26
17.42
17.10
17.24
16.31
16.66
16.99
16.32
16.65
16.79
16.61
17.24
16.58
77.47
101.55
104.77
109.62
123.30
115.82
114.56
118.14
112.62
112.52
104.37
98.04
28.98
16.98
16.99
16.99
17.01
16.64
16.25
15.95
16.28
16.67
15.90
85.14
55.02
19.99
100.95
99.70
101.64
99.27
101.96
101.05
99.99
97.90
95.36
85.27
15.53
15.35
16.02
15.47
15.56
15.47
16.24
15.55
15.75
7.81
7.89
15.90
16.43
70.81
110.35
118.39
127.11
129.04
122.60
124.44
128.92
113.15
104.12
101.57
100.35
99.13
64.66
16.80
16.98
16.93
16.97
17.02
17.04
16.92
17.08
16.95
17.27
20.85
77.54
128.26
124.16
118.72
126.20
134.57
131.15
117.70
105.96
96.68
96.36
96.22
96.81
61.91
17.28
17.25
17.42
17.57
17.61
17.70
17.70
17.69
17.54
38.79
119.07
128.42
124.27
107.00
114.60
107.20
115.27
114.06
101.20
95.98
20.59
16.24
16.32
16.35
16.62
16.51
16.98
16.53
16.62
16.61
16.31
16.28
52.52
99.56
101.53
103.97
102.32
110.96
102.33
124.18
121.81
106.67
102.55
95.46
21.38
16.22
16.30
16.46
16.55
16.64
16.68
16.83
16.89
17.00
17.50
17.03
69.87
108.06
120.29
130.56
135.88
134.73
131.56
111.08
110.71
108.75
104.74
72.03
17.59
17.77
17.80
17.87
17.82
17.15
16.97
17.21
17.43
17.51
17.77
17.80
49.15
107.41
122.46
83.21
136.56
137.89
134.88
132.78
126.26
116.01
101.15
95.62
45.19
29.15
16.37
16.32
16.63
16.41
16.49
16.41
16.63
16.33
16.42
56.30
92.89
82.78
39.40
98.92
111.80
117.69
103.85
98.67
97.95
95.87
95.13
95.35
95.70
95.43
95.60
96.07
96.40
29.12
17.08
17.27
17.43
17.37
17.16
16.09
19.98
97.38
98.99
100.44
110.92
108.84
99.02
115.43
102.46
74.10
27.67
95.75
95.24
95.03
75.40
29.11
17.52
17.45
17.47
16.71
16.93
16.89
17.25
17.63
19.37
27.82
40.89
50.34
122.88
135.15
135.17
134.00
127.18
116.90
104.95
97.21
96.57
96.24
57.05
17.54
17.66
17.60
17.69
17.74
17.85
17.83
17.66
17.71
18.54
25.68
36.15
46.34
52.28
76.64
133.41
130.39
122.62
117.26
100.99
96.04
19.83
15.81
15.94
16.04
17.03
16.20
16.43
16.34
16.66
16.59
16.52
17.27
18.32
101.67
114.66
122.55
125.66
129.93
127.06
132.50
128.51
120.94
106.45
92.77
15.86
15.90
16.16
16.64
17.01
16.46
16.62
16.57
16.74
16.57
16.64
16.66
58.28
44.38
119.70
129.45
134.53
135.27
138.90
133.98
134.31
111.91
104.58
59.33
17.43
17.24
17.23
17.25
16.68
16.92
16.20
16.50
16.18
16.30
16.67
16.17
17.04
70.91
102.85
109.93
127.19
142.13
150.48
145.74
142.65
130.38
117.29
72.80
17.32
16.78
16.93
17.02
17.04
16.12
16.82
17.11
16.23
16.35
16.13
82.98
67.66
26.33
37.44
47.44
51.90
53.09
52.07
122.97
143.10
132.88
119.44
80.74
16.60
15.79
15.78
16.10
16.70
16.01
16.03
16.07
16.25
16.05
16.78
16.00
49.70
54.72
31.55
39.81
51.86
52.78
119.68
90.44
66.59
49.52
64.08
106.43
105.37
105.82
84.57
68.78
16.32
15.84
15.82
15.92
16.06
15.88
16.40
16.00
16.71
77.33
107.41
123.26
115.48
115.88
119.61
145.23
140.04
134.34
71.69
24.57
16.62
15.74
16.55
41.35
35.93
15.96
16.17
16.57
16.19
16.34
16.48
15.91
17.63
26.54
103.75
125.46
132.27
143.53
148.62
153.95
149.11
138.32
124.30
69.02
18.75
15.76
16.60
15.76
16.10
15.96
16.55
16.88
17.18
16.16
16.11
16.76
18.15
92.08
46.24
46.07
52.20
62.10
130.16
63.92
55.35
43.65
28.67
18.12
15.94
15.91
16.68
16.04
16.30
16.15
16.19
16.20
16.36
16.23
16.19
16.25
18.13
27.45
47.61
52.13
131.51
61.47
66.51
69.73
65.56
53.04
37.85
19.24
16.19
15.88
16.01
16.58
16.06
16.05
16.03
15.93
16.69
16.36
15.91
15.94
18.17
21.24
32.62
41.88
50.57
43.12
67.29
121.06
124.64
59.68
42.93
30.66
19.05
16.56
15.80
15.92
15.96
15.98
15.90
15.99
16.17
16.60
16.17
16.00
17.04
21.36
27.84
69.89
116.28
123.94
135.19
132.40
127.37
120.84
111.85
77.37
18.29
16.51
15.71
15.84
15.97
15.79
16.04
16.56
15.97
15.83
15.78
16.60
16.13
17.11
19.12
23.83
32.54
57.31
99.75
128.27
132.85
122.35
108.51
97.07
94.18
93.39
94.43
93.95
22.56
16.03
16.10
16.23
16.96
16.46
16.29
16.33
18.57
47.07
117.35
127.16
131.59
107.68
54.56
43.20
46.38
28.03
19.59
16.91
16.17
15.88
15.93
16.09
16.18
16.16
16.95
16.26
16.42
16.27
16.26
16.30
18.51
82.70
119.93
127.46
132.49
139.14
146.45
148.44
140.71
127.83
110.61
70.91
17.99
15.93
15.93
15.94
16.06
15.91
15.96
15.97
16.44
16.40
16.08
16.10
39.62
105.59
117.15
125.97
129.02
117.48
109.41
103.22
102.20
98.61
95.36
94.90
93.52
93.14
37.76
16.10
16.13
16.08
15.98
16.06
16.21
15.71
15.84
15.68
89.57
93.77
95.78
103.83
107.35
99.43
102.24
114.54
117.25
104.55
97.16
85.47
15.58
15.40
15.45
15.49
16.26
15.74
15.63
15.68
15.72
15.48
40.91
92.61
24.86
21.75
101.47
122.48
126.44
133.01
123.18
131.88
133.88
69.14
28.32
17.59
16.47
16.22
16.20
16.21
16.61
16.52
16.18
16.23
16.48
16.33
16.33
16.41
19.11
29.75
63.66
50.74
124.11
135.06
134.76
134.32
134.12
124.21
111.18
81.36
16.13
16.11
16.09
16.19
16.39
16.35
16.35
16.36
16.56
16.92
39.85
96.91
31.13
29.03
42.30
60.18
135.09
138.25
146.03
152.36
137.34
125.02
117.05
77.93
19.00
15.88
15.81
15.92
16.14
16.06
16.02
16.08
16.17
16.12
16.04
16.50
19.01
28.59
117.67
131.20
107.97
150.67
161.64
158.89
150.84
145.17
130.46
86.02
23.12
17.22
15.88
16.71
16.05
15.91
16.02
16.00
16.23
16.79
16.09
16.11
19.25
109.15
122.29
132.18
149.47
160.27
162.81
162.31
154.32
145.91
131.47
115.53
70.75
19.50
15.82
15.88
16.05
15.93
16.01
16.01
16.13
16.83
16.06
16.01
66.79
49.13
41.05
48.88
57.97
74.20
91.41
152.19
77.68
64.23
47.12
29.47
18.34
16.55
15.76
15.88
16.39
16.36
16.05
16.06
16.19
16.63
16.25
16.06
19.08
26.62
77.69
134.03
156.48
163.35
167.54
162.35
152.34
73.40
54.21
34.52
27.44
17.89
15.72
16.66
15.87
15.83
16.14
16.64
16.07
16.00
36.94
96.98
75.52
105.23
114.85
126.57
149.11
160.91
168.29
166.55
156.26
144.08
130.49
92.45
29.89
25.47
20.59
16.55
15.84
15.89
16.44
16.13
16.39
15.83
15.91
15.99
18.74
27.67
35.38
49.12
46.96
52.89
55.20
94.01
114.49
111.51
108.33
96.55
17.53
15.91
16.71
15.91
16.11
16.26
16.74
16.20
16.34
16.25
35.71
96.65
100.46
110.67
120.75
130.00
133.32
142.81
147.48
154.49
147.53
136.51
122.40
89.66
20.63
15.92
15.85
15.88
16.15
16.68
16.29
16.13
16.25
16.19
16.13
16.18
18.95
28.87
107.96
62.74
53.47
57.86
67.29
70.16
63.62
49.74
92.34
77.24
21.98
28.96
16.07
15.84
16.04
16.49
16.01
16.26
16.96
16.18
16.84
16.37
19.69
84.85
66.03
48.53
52.42
122.59
160.10
158.39
155.77
145.97
130.94
101.71
23.42
18.08
15.80
15.96
16.37
16.61
16.08
16.11
16.34
16.12
16.16
16.23
38.87
30.54
110.82
74.47
62.13
77.74
160.41
121.62
74.31
63.20
50.68
34.27
24.29
32.79
19.08
17.08
16.03
15.94
16.58
16.25
16.02
16.74
16.04
16.02
20.28
26.79
92.77
130.72
150.58
161.81
162.83
157.13
148.27
143.78
135.20
126.59
43.90
31.04
26.69
17.77
15.85
15.93
15.99
15.93
16.74
15.81
33.11
94.93
23.59
104.97
118.55
137.76
144.21
148.23
146.91
149.79
137.13
132.14
127.67
122.42
117.57
91.17
27.36
17.86
15.93
15.91
15.92
15.93
16.63
16.32
36.62
34.87
20.01
29.84
41.17
47.82
131.53
162.34
164.28
164.07
158.66
150.28
90.14
57.60
32.17
25.74
20.64
16.57
11.82
7.90
16.22
16.13
16.02
15.91
35.27
97.57
24.45
30.26
85.38
131.69
99.15
75.77
77.45
76.88
69.60
92.67
77.75
122.17
112.37
107.38
108.81
98.29
18.46
15.78
15.94
16.76
16.06
16.04
15.98
16.01
20.93
28.29
95.32
118.19
70.42
76.30
78.59
77.52
71.39
63.55
62.33
44.70
23.39
18.09
17.08
16.69
15.84
15.81
15.90
15.86
16.09
16.25
16.59
16.15
20.49
30.25
41.38
46.98
51.67
70.63
82.53
155.71
99.21
60.51
46.29
42.49
21.37
17.07
15.74
15.75
16.04
16.60
15.96
15.84
16.07
15.89
16.01
36.25
99.87
29.35
39.31
45.90
61.22
75.23
86.76
145.10
75.11
58.61
47.72
32.29
20.93
24.59
17.32
15.85
16.62
15.80
15.94
30.92
16.03
15.91
15.88
15.95
19.39
30.94
39.09
46.60
64.77
77.23
81.39
82.67
74.76
64.96
48.94
36.30
27.27
25.17
20.26
17.23
15.71
15.75
15.84
15.81
15.76
15.82
39.41
95.38
38.29
30.68
60.57
49.57
120.99
71.73
72.24
71.03
67.46
56.13
40.61
23.89
18.07
16.77
15.74
15.78
15.88
15.85
16.11
16.46
16.03
15.93
15.90
16.09
18.15
26.55
67.49
42.96
51.21
66.29
85.50
149.27
144.01
148.92
139.72
128.28
121.45
103.91
27.18
17.57
16.76
15.98
16.30
16.16
16.69
16.58
33.77
94.33
43.46
95.41
63.73
140.17
153.48
162.43
161.94
159.99
154.83
145.39
134.31
100.29
32.94
23.67
21.33
17.29
16.55
15.78
15.81
15.84
16.65
15.75
15.70
16.01
19.35
26.13
41.97
54.19
65.78
76.39
68.27
74.20
70.80
61.92
45.68
47.26
25.26
24.65
20.75
17.64
15.83
15.90
15.78
16.48
16.25
15.94
15.89
16.12
20.81
31.49
41.79
50.31
72.33
81.33
87.31
88.49
72.30
65.80
54.49
42.01
30.95
23.53
17.45
17.07
15.80
15.91
16.71
15.91
15.96
15.83
30.91
95.81
26.79
34.93
59.48
65.88
81.19
94.53
105.39
161.09
94.95
86.38
61.96
48.94
37.84
34.76
32.54
19.47
15.75
15.84
15.81
15.81
15.82
16.05
16.64
16.13
24.04
44.27
120.72
155.21
167.85
120.05
94.39
93.97
96.54
86.82
77.97
64.30
51.06
45.91
36.31
20.14
15.65
15.72
15.85
15.81
16.62
15.92
31.41
96.37
64.46
111.99
127.46
142.28
148.97
154.66
157.55
158.27
152.70
139.74
124.16
110.64
64.28
18.77
25.14
15.77
15.88
16.13
16.46
15.93
16.07
15.87
15.91
16.58
55.51
63.76
106.34
126.46
78.03
36.01
61.98
59.80
56.37
45.22
36.29
24.82
20.62
19.36
17.45
16.08
15.95
16.23
15.68
15.65
15.78
16.02
16.21
15.80
17.19
21.94
39.58
46.53
57.81
64.93
72.81
73.13
57.52
71.62
116.66
115.91
106.63
64.99
16.39
16.56
15.95
15.85
15.83
15.94
16.81
15.99
15.99
16.34
21.79
72.23
123.73
135.47
151.18
159.95
162.97
160.31
154.66
146.16
135.28
126.47
101.38
26.00
20.12
16.77
15.89
15.88
15.82
15.94
16.97
15.94
16.15
17.03
21.94
32.20
41.54
48.82
70.10
80.35
83.88
83.71
80.12
69.92
55.84
41.21
28.11
24.45
18.87
15.91
16.35
15.74
15.98
16.38
15.88
15.90
15.71
15.91
82.34
38.58
43.72
69.98
76.40
76.12
96.43
144.02
80.16
70.45
63.55
47.30
36.56
30.83
28.71
18.59
15.70
15.73
15.68
16.62
15.71
15.81
15.89
16.82
66.69
31.90
96.23
155.10
163.01
159.78
154.95
147.34
143.32
131.34
112.28
101.26
20.34
28.77
15.73
15.87
16.74
16.12
16.49
15.78
15.93
15.90
15.86
17.09
44.54
39.81
41.18
47.56
53.90
68.68
79.20
74.43
70.09
61.56
47.56
33.77
25.21
23.13
20.18
16.34
15.82
16.72
15.85
15.89
16.00
16.71
16.00
16.21
22.74
32.81
42.74
61.90
79.11
86.25
91.90
156.70
160.33
151.52
141.35
127.60
54.04
45.93
34.03
19.29
15.82
16.36
16.19
15.84
15.97
16.59
15.89
16.05
21.95
33.09
63.83
79.14
92.46
103.66
104.65
102.23
97.62
88.67
74.90
58.11
43.09
38.35
41.92
22.21
16.18
15.64
15.76
16.52
15.69
15.70
16.23
16.49
22.19
31.12
76.40
142.29
89.69
91.43
101.77
100.41
94.20
82.41
67.39
51.47
42.53
37.19
36.80
21.29
15.61
15.74
15.84
16.55
15.77
16.33
16.12
16.07
22.02
33.05
42.05
64.96
80.39
85.42
88.22
87.71
84.65
72.64
58.75
51.34
37.86
30.75
27.80
19.56
15.94
15.87
15.79
15.86
15.93
16.52
16.11
16.43
55.60
120.55
142.54
157.29
148.67
86.92
143.49
113.94
82.41
73.29
63.23
54.39
46.13
38.74
32.87
20.00
15.83
15.77
16.70
15.77
15.80
15.71
16.08
16.66
54.80
72.18
123.64
151.07
157.62
164.33
143.52
140.33
137.20
140.59
136.13
115.92
50.22
45.69
35.67
19.77
21.15
15.64
16.57
15.77
15.82
15.84
15.75
16.48
21.79
38.78
60.94
74.71
83.39
86.57
87.01
86.86
81.68
73.45
63.78
55.82
53.43
52.33
42.24
19.99
16.45
15.81
15.76
15.74
15.79
15.79
15.83
17.05
22.39
36.31
62.36
78.72
126.29
139.31
96.48
101.02
96.42
88.43
79.51
73.93
53.34
43.73
36.03
18.60
15.99
15.75
15.72
15.75
15.71
15.80
16.23
16.20
66.44
70.36
60.58
79.05
92.39
101.93
104.54
101.77
97.26
88.07
79.95
82.89
68.32
56.07
46.55
42.33
22.33
15.71
15.64
15.65
15.89
15.74
16.57
16.27
22.55
38.33
61.25
77.93
90.18
100.78
101.41
101.50
96.57
87.77
77.80
81.12
52.96
42.82
37.45
21.22
15.68
15.63
15.75
15.88
16.50
15.86
15.80
16.65
23.19
32.79
50.43
72.19
85.87
96.06
102.11
101.35
96.13
87.72
77.03
75.79
47.99
43.79
45.15
24.27
15.65
15.66
15.74
15.59
16.30
15.78
15.61
33.89
57.03
42.94
48.24
46.03
53.84
59.15
109.39
44.35
58.34
69.94
49.70
39.48
26.91
23.60
20.92
17.90
15.74
15.79
16.41
16.02
15.80
15.82
15.92
16.50
22.70
32.80
42.15
49.53
54.78
64.27
72.27
80.55
75.73
66.84
52.45
40.92
28.51
26.77
21.48
17.32
15.74
15.82
15.77
15.84
15.76
15.80
16.32
16.81
22.27
55.71
126.71
152.48
162.94
108.45
86.20
85.69
81.13
72.39
61.04
96.31
91.48
31.37
24.66
18.72
15.75
16.01
16.52
15.93
15.87
15.88
15.84
16.55
71.61
33.49
45.07
57.11
70.18
69.85
67.46
142.72
160.42
147.98
137.76
117.82
43.80
33.54
26.93
17.19
15.73
16.48
15.97
15.82
15.88
15.87
15.99
17.01
23.00
33.09
39.57
66.77
83.47
90.62
98.43
98.82
92.45
86.17
75.47
60.46
49.00
34.03
29.65
18.18
15.78
16.07
16.44
15.91
15.81
15.86
15.85
17.11
24.05
33.53
49.40
144.55
134.12
91.21
92.43
100.56
95.48
86.57
66.18
58.53
51.67
39.65
31.31
19.80
15.74
15.79
15.87
15.90
15.77
15.94
15.86
17.46
23.40
33.34
50.82
73.89
87.01
97.93
98.18
95.65
87.87
78.77
62.79
50.45
43.61
37.96
36.36
21.38
16.43
15.84
15.86
15.77
15.88
15.91
15.68
17.50
25.45
63.69
52.49
132.89
146.29
150.37
152.63
157.30
161.81
147.69
138.74
120.09
46.11
30.37
28.08
18.88
16.40
15.98
15.88
15.83
15.82
16.55
15.82
17.61
19.45
20.60
27.09
46.86
49.81
63.60
65.33
53.90
49.37
56.44
50.96
34.44
24.07
21.18
16.38
15.72
15.85
15.82
15.84
16.55
15.95
15.83
15.80
16.48
62.79
38.34
36.83
51.47
73.71
79.46
85.16
86.17
84.98
68.46
38.50
24.24
21.19
20.87
19.82
16.65
16.43
15.86
15.77
15.83
15.80
15.76
16.23
17.67
23.63
33.37
47.12
70.40
79.50
83.62
81.02
90.55
78.61
63.73
55.52
46.97
38.01
31.62
28.09
19.18
15.63
15.59
15.58
16.41
15.61
15.64
15.68
16.59
23.51
34.09
27.61
63.34
75.59
74.71
78.91
81.74
80.25
69.19
54.53
47.32
30.75
25.89
25.35
17.81
15.81
16.38
16.08
15.81
15.92
15.89
15.95
17.44
24.61
41.49
132.39
158.43
161.49
162.71
160.46
163.39
159.31
146.67
63.12
54.05
50.68
43.36
38.23
22.00
16.12
16.32
15.85
16.43
16.02
15.71
15.83
19.65
30.02
40.17
52.48
56.23
83.77
84.09
80.30
75.55
60.88
52.25
52.83
48.00
36.72
30.69
28.37
19.31
15.90
15.97
16.53
15.84
15.82
15.90
15.85
16.98
23.90
38.72
57.09
77.20
90.37
94.64
99.03
95.88
92.89
85.09
76.06
68.07
61.61
50.29
44.51
23.71
16.14
15.87
15.85
15.89
15.80
15.79
15.82
24.54
54.17
86.65
71.45
85.28
100.81
126.36
104.04
101.63
96.97
88.94
79.82
71.69
67.54
68.48
61.83
27.04
36.15
33.37
24.63
19.94
16.36
15.86
15.90
39.68
43.86
62.10
73.05
82.35
88.07
93.50
99.10
99.85
97.31
87.30
79.02
72.71
74.94
56.15
55.55
26.39
32.84
23.86
23.58
20.50
17.93
17.92
17.72
40.30
45.41
54.87
74.98
152.03
160.86
173.30
177.69
174.94
172.44
164.47
153.72
139.33
131.12
82.12
50.26
26.66
15.86
18.17
16.23
15.92
15.94
16.44
16.08
17.31
46.07
38.59
55.23
70.64
83.89
81.59
84.12
82.94
77.55
67.46
61.36
60.12
39.93
32.68
29.24
19.26
15.81
16.66
16.47
16.20
15.94
16.32
16.62
36.45
103.02
124.73
146.15
158.21
161.47
143.46
87.17
84.93
83.12
72.91
64.95
68.83
53.33
48.64
43.61
22.87
16.56
15.84
15.86
16.04
16.67
15.82
15.90
27.74
29.75
36.10
52.96
51.70
59.15
64.56
61.94
62.11
57.55
54.23
46.54
51.08
34.06
28.81
26.37
19.35
15.78
15.79
16.48
15.77
15.81
15.82
15.79
17.63
22.80
28.04
45.20
57.01
48.60
64.36
73.00
70.24
64.68
43.27
33.03
30.67
27.29
24.03
17.45
15.86
15.96
16.80
16.00
16.47
16.41
16.03
16.11
17.05
23.02
31.65
44.46
54.46
81.23
67.46
73.70
76.84
72.52
64.81
49.97
49.98
27.53
20.05
18.64
16.22
16.47
15.70
15.74
15.75
15.76
15.77
15.79
17.85
20.38
31.19
44.76
43.43
52.74
67.32
64.44
50.92
41.45
33.78
28.98
48.95
21.23
18.52
17.29
15.68
15.84
15.71
15.78
15.92
16.04
15.74
16.32
17.26
24.17
35.35
46.45
44.70
51.01
62.72
70.55
53.19
60.20
50.86
41.81
29.77
21.84
16.95
15.79
16.61
15.91
15.93
15.95
15.93
16.80
16.21
17.21
17.47
24.94
34.30
40.55
60.01
78.80
84.79
88.15
87.97
82.43
74.00
64.68
48.40
34.06
29.58
28.09
18.81
15.86
15.84
16.40
16.03
15.90
15.94
15.96
16.95
24.06
34.21
42.36
68.57
82.93
86.02
96.79
98.50
93.55
87.17
77.48
93.28
46.90
38.52
32.40
20.16
15.68
15.81
16.51
16.06
15.88
15.80
15.95
17.29
24.79
29.06
48.15
71.16
74.63
80.93
81.95
82.30
78.62
69.97
60.42
78.61
36.80
28.06
29.29
19.72
16.27
15.69
16.62
15.82
15.88
15.90
15.94
17.73
19.53
28.11
38.94
46.48
63.58
73.92
73.28
76.33
72.02
62.03
52.08
67.46
27.14
20.77
19.00
16.20
15.85
15.79
15.85
15.84
44.26
16.65
16.07
17.01
24.33
34.27
41.80
54.22
72.16
81.38
84.17
81.90
74.59
69.05
58.28
42.86
32.29
27.01
21.35
16.75
15.86
16.54
15.82
15.82
15.88
16.25
16.29
31.52
100.53
41.48
96.85
154.61
161.19
163.04
166.03
163.65
168.51
162.58
153.38
136.51
130.76
129.52
123.40
24.44
16.27
15.77
15.76
15.92
16.04
16.60
15.93
17.21
23.74
42.82
61.89
78.98
93.07
99.69
113.28
176.35
162.64
88.47
79.33
108.59
66.83
55.27
55.59
23.91
15.77
15.72
15.76
15.91
15.94
16.24
16.11
56.98
115.86
136.66
150.74
159.46
148.31
102.34
105.18
104.77
174.02
167.07
158.05
148.92
88.02
62.98
51.06
24.05
15.82
15.73
15.67
16.50
15.95
15.79
15.95
24.06
35.26
56.16
146.80
156.37
169.26
178.54
178.60
177.09
173.24
151.85
80.32
72.17
67.89
55.43
48.96
24.47
16.58
16.14
18.64
16.33
15.87
16.62
15.88
36.78
44.14
61.63
73.13
91.12
99.88
102.19
102.57
97.57
96.32
86.10
78.64
71.49
68.41
54.72
46.33
23.66
15.78
15.70
15.92
16.47
15.90
15.85
15.85
39.53
113.65
58.86
70.98
137.22
173.99
125.62
170.96
177.66
173.08
164.05
155.52
149.29
137.38
68.87
61.06
26.23
17.09
17.11
27.05
100.03
56.40
17.08
17.05
98.87
122.05
139.21
152.22
157.88
172.96
177.78
179.14
177.68
173.37
159.75
156.92
150.92
147.05
145.67
144.80
66.93
25.87
23.85
20.78
101.62
93.22
18.92
17.09
32.28
36.54
57.34
71.84
88.01
100.48
103.64
104.89
103.06
99.07
92.12
83.48
75.60
71.91
69.51
67.73
29.01
17.36
25.62
42.52
18.09
15.88
15.79
15.91
85.37
127.24
143.62
161.34
171.49
177.73
184.27
193.06
191.10
186.66
180.32
171.12
164.66
160.85
160.70
158.74
51.54
41.22
33.42
80.39
106.36
48.85
19.97
17.39
76.92
128.58
145.02
153.53
173.34
178.84
176.59
180.99
180.28
173.94
167.91
159.92
148.72
72.76
70.45
69.57
31.35
24.74
18.34
17.37
17.34
17.19
17.39
16.92
65.74
124.17
144.47
152.03
161.91
174.73
180.87
178.92
179.06
175.39
168.67
159.70
118.51
71.48
70.15
61.16
26.18
16.25
16.21
16.19
16.38
16.09
16.28
16.20
32.51
54.50
139.38
159.02
171.65
175.99
178.48
193.23
188.81
188.41
181.16
173.45
133.67
85.17
78.65
70.61
30.82
28.73
20.63
65.30
44.63
20.62
17.06
16.10
46.32
87.13
149.11
162.01
175.84
182.00
183.67
182.89
181.20
171.01
157.16
162.27
156.12
152.04
117.57
71.24
51.76
46.60
41.21
99.77
70.11
30.69
27.19
22.09
53.89
62.49
162.16
180.75
188.01
191.19
194.89
189.63
191.83
189.96
182.33
171.26
167.57
162.04
126.49
84.01
36.44
44.75
40.04
69.40
112.02
27.43
22.13
17.68
46.17
56.31
138.26
154.94
172.87
179.48
182.60
181.37
184.94
153.71
185.08
175.69
167.60
163.31
159.83
103.63
38.97
31.12
22.77
23.35
70.07
20.02
17.37
16.07
49.79
64.90
145.88
163.40
168.90
167.48
163.68
164.94
155.67
179.89
175.09
170.90
164.22
160.20
129.89
78.66
31.92
33.79
25.67
16.39
54.97
15.85
15.84
16.02
33.26
45.63
84.95
166.29
175.81
180.75
193.16
194.07
191.70
187.05
179.92
171.03
163.18
100.43
77.74
69.65
30.44
27.24
24.20
17.47
15.94
15.89
16.72
16.11
37.46
86.92
144.94
163.37
172.51
178.39
188.55
191.50
190.31
185.89
180.25
150.17
87.77
81.85
71.41
69.63
29.83
24.30
33.70
25.59
24.36
19.06
16.84
16.02
41.09
48.01
61.66
79.43
95.53
101.48
104.49
109.90
114.39
110.78
104.10
95.96
118.43
83.25
74.63
69.95
30.55
32.21
32.07
26.35
90.54
29.13
24.21
18.32
44.03
64.06
143.25
163.77
173.62
176.55
190.50
187.40
188.78
185.06
177.98
169.89
163.13
159.81
157.33
119.74
46.50
40.67
33.38
69.84
35.83
20.59
17.96
16.03
83.29
130.08
148.97
156.22
171.16
176.62
181.64
182.37
180.42
175.78
168.58
159.22
151.17
147.50
146.50
105.64
39.81
35.09
27.44
67.85
18.60
16.52
17.58
16.76
28.81
40.67
137.63
144.44
170.86
177.42
184.54
191.51
189.62
185.87
177.33
169.27
161.03
157.04
156.47
107.53
33.49
35.39
32.47
95.36
23.84
16.56
15.83
15.76
43.53
122.84
141.34
152.66
169.72
176.75
179.62
177.30
177.06
173.07
166.06
157.41
149.84
145.61
144.92
109.28
46.71
38.90
27.60
70.48
22.25
17.09
16.60
16.18
41.64
46.17
62.53
131.70
171.48
174.32
174.31
184.96
188.42
184.72
132.90
94.25
106.42
125.74
69.89
68.74
29.97
34.44
30.95
22.18
18.75
18.14
16.32
16.42
41.58
84.74
126.94
160.34
170.60
160.73
105.27
102.76
101.18
96.80
89.89
81.61
72.92
110.05
68.39
64.09
26.28
20.40
29.32
25.59
17.63
16.75
16.88
16.89
33.96
40.84
125.60
158.32
168.78
176.32
174.05
183.82
188.07
159.10
116.44
109.00
101.34
98.38
98.45
88.30
21.78
19.78
12.32
47.20
73.77
7.30
7.34
7.37
11.93
57.49
109.61
116.75
124.93
128.58
124.91
127.98
128.76
124.15
116.98
108.49
99.58
98.28
98.59
81.68
21.39
19.56
18.78
60.20
79.89
8.03
7.22
7.32
15.93
25.70
95.25
163.92
171.74
176.16
178.69
173.14
175.33
161.72
167.06
160.51
153.35
147.76
146.60
110.49
39.86
32.43
32.27
27.16
20.28
17.27
16.24
16.23
31.99
47.34
142.83
170.59
176.62
179.89
182.58
195.12
190.56
190.60
189.32
112.32
99.98
95.16
78.15
70.22
25.37
27.10
27.20
30.63
87.17
20.94
17.07
16.23
31.25
39.13
62.98
114.96
173.31
177.44
186.56
191.34
191.09
187.42
180.57
171.47
163.99
159.61
157.82
109.15
24.87
27.52
23.58
48.08
62.72
20.40
17.71
17.17
40.23
44.28
49.24
173.92
172.77
182.28
192.24
194.12
194.29
187.61
184.95
174.90
168.10
163.34
160.55
153.00
72.87
52.14
41.91
35.20
30.49
30.56
25.66
24.88
55.62
68.43
137.09
168.50
183.08
193.62
194.87
195.66
186.47
182.25
183.62
176.31
166.89
163.04
161.72
149.48
75.69
57.13
60.53
50.52
45.45
43.95
42.95
35.47
61.90
74.80
110.17
169.14
184.37
188.47
194.25
190.55
187.21
184.82
178.82
175.10
124.60
87.74
46.34
8.39
87.23
66.19
51.20
103.53
50.96
37.73
31.67
29.31
54.08
70.95
83.35
116.11
174.27
189.39
192.97
193.64
192.92
189.01
182.36
174.74
165.88
161.27
160.19
141.47
70.79
57.68
56.65
47.32
38.79
31.43
25.56
22.40
72.40
141.62
156.05
165.10
171.45
187.61
190.29
192.79
189.54
187.24
130.48
98.07
90.44
86.69
84.51
83.19
35.35
38.73
36.31
29.95
24.57
21.02
21.39
19.49
48.08
49.29
65.77
84.28
106.55
117.35
119.90
119.88
115.33
113.62
108.19
98.44
90.06
84.72
74.00
65.91
28.49
26.08
28.15
26.31
16.21
15.95
15.80
15.94
28.92
38.63
63.24
78.63
96.98
102.95
105.98
106.56
114.67
113.95
105.43
97.43
88.53
84.47
138.47
71.56
30.21
33.66
29.54
26.72
22.54
24.27
17.22
16.13
37.24
44.67
61.01
82.36
97.61
102.87
106.41
110.05
117.53
113.60
105.91
96.91
88.82
84.60
76.45
69.20
30.94
37.39
38.19
35.70
33.62
28.02
26.35
26.78
48.13
44.59
67.30
88.01
97.54
110.70
112.15
115.79
123.27
122.70
115.76
108.14
99.28
94.54
85.47
77.79
32.49
42.78
38.28
34.88
27.96
28.10
26.80
24.95
56.78
64.46
74.90
100.23
113.98
113.21
108.33
108.73
114.66
108.76
103.88
91.39
87.33
78.82
71.44
65.07
27.09
21.23
21.26
17.84
59.52
18.07
16.10
15.96
26.41
36.76
79.04
156.78
172.30
176.16
183.75
189.03
187.00
181.30
177.38
169.01
161.99
158.07
128.22
70.55
37.23
33.21
29.43
57.94
36.84
16.55
16.27
15.98
35.60
119.81
147.47
162.90
174.50
186.96
189.99
190.02
188.97
185.83
178.94
170.81
162.37
158.07
116.37
81.85
44.38
38.36
33.70
26.89
24.86
21.83
19.49
69.92
127.73
134.99
157.17
175.39
180.35
171.07
199.96
202.78
203.65
195.15
193.58
188.17
179.21
173.51
125.24
97.57
66.26
54.42
48.58
46.83
43.70
36.70
38.28
34.55
61.23
120.15
153.32
163.40
173.67
171.02
189.77
195.76
196.97
192.97
186.83
173.41
168.21
162.76
132.42
85.71
63.54
57.93
52.11
51.33
118.49
91.41
44.81
39.65
92.49
149.44
154.99
172.95
185.38
187.38
183.24
188.62
192.89
176.94
170.68
168.65
146.38
87.51
86.31
85.38
55.29
44.78
49.76
45.47
38.08
40.55
44.61
33.34
66.57
78.88
94.30
181.09
188.16
191.69
194.18
194.79
193.97
189.91
174.56
165.16
128.27
88.57
88.00
85.85
66.70
70.83
61.48
55.26
53.90
48.71
45.04
42.76
71.06
87.18
95.45
105.68
110.63
116.06
120.96
120.86
118.89
116.20
107.89
165.76
168.14
109.82
103.21
85.67
60.00
59.35
54.32
50.54
46.51
42.81
36.64
36.87
65.60
87.41
99.83
166.52
185.38
192.46
195.09
192.02
192.08
192.68
184.57
177.03
169.58
165.51
163.85
127.03
77.69
91.79
96.77
95.11
140.42
92.27
27.81
57.13
73.30
139.86
167.78
178.94
194.07
197.93
198.01
198.68
196.76
193.09
186.82
177.88
169.12
164.78
163.20
124.83
75.71
59.97
54.82
50.54
122.13
97.43
74.60
63.91
76.34
138.44
177.97
188.72
184.61
193.01
195.58
196.92
185.75
189.15
190.41
182.12
174.87
170.95
169.89
142.53
94.21
92.92
70.52
56.86
86.46
48.87
46.00
45.39
73.51
137.56
85.59
177.06
185.53
196.10
205.24
206.32
200.63
196.34
189.37
183.65
177.45
172.56
171.62
136.03
88.11
83.57
63.60
59.37
118.17
54.10
45.81
37.20
65.43
86.15
96.43
152.45
171.33
180.68
188.56
205.99
198.63
199.86
192.98
184.21
174.79
168.66
169.16
168.26
167.85
167.59
166.78
142.98
78.73
54.32
37.97
59.71
60.75
81.05
155.22
175.28
181.60
112.69
116.26
118.39
115.24
108.57
99.65
95.93
96.76
85.83
85.29
82.74
79.97
60.80
41.72
44.67
50.47
45.45
46.07
35.30
70.86
81.35
91.12
101.64
121.55
125.83
128.33
130.42
128.54
125.71
119.43
111.15
107.19
99.01
97.91
96.80
61.12
57.92
57.62
60.06
109.71
64.77
51.04
45.81
78.81
93.52
101.91
103.91
112.31
108.19
145.18
120.56
108.74
111.71
108.06
99.50
92.49
104.30
86.53
80.39
39.32
31.52
33.19
34.77
51.42
29.03
30.64
31.00
72.06
77.94
75.80
168.66
194.99
199.75
202.87
203.12
199.12
197.94
190.27
184.50
170.99
163.25
160.61
161.08
129.16
64.28
63.42
55.94
49.77
34.01
46.41
39.29
57.73
70.71
81.22
87.41
98.18
94.84
107.95
120.07
116.63
113.05
106.35
97.26
90.17
85.75
84.38
84.08
83.56
82.57
93.57
46.95
29.16
35.73
36.46
36.60
75.44
164.54
178.61
187.35
133.72
126.73
129.23
128.93
131.05
127.60
117.43
109.84
95.10
89.23
87.51
86.49
64.56
62.58
62.55
57.89
103.79
72.60
81.77
70.58
78.52
85.13
96.40
147.39
186.04
190.31
123.11
122.32
121.29
117.52
110.72
100.44
93.17
88.91
87.65
87.88
85.51
86.63
84.93
84.34
83.88
82.73
81.19
80.93
110.33
163.03
172.34
180.43
189.14
193.43
176.11
182.05
195.60
192.44
182.26
103.70
95.69
91.26
89.90
88.83
88.15
87.30
86.46
84.33
84.35
84.30
76.38
68.05
69.12
75.11
80.03
87.03
101.43
112.30
120.69
176.38
195.24
191.49
184.40
109.45
94.50
90.96
88.21
87.02
86.33
85.58
84.60
84.99
131.96
100.73
81.71
78.43
69.86
80.48
105.19
156.16
171.90
183.96
192.70
188.45
192.12
189.20
180.40
170.71
167.94
116.20
88.32
86.63
84.62
84.30
83.70
83.50
111.27
81.78
81.62
81.58
77.81
73.60
98.01
169.26
184.79
197.57
199.77
200.95
194.71
190.23
155.42
84.14
68.12
68.48
67.43
65.06
45.82
27.94
28.91
32.34
46.73
32.55
33.03
33.21
67.76
73.06
75.88
82.39
93.57
90.66
103.64
92.85
120.10
118.19
180.12
173.78
166.95
165.98
169.27
169.09
41.40
36.76
32.42
31.60
89.37
34.19
32.38
29.81
68.56
88.59
93.67
110.83
119.21
118.40
121.59
123.94
117.98
114.41
107.20
98.70
152.81
163.56
163.61
161.52
92.02
83.81
82.61
81.61
119.12
79.44
71.70
67.90
69.82
73.53
84.41
95.21
106.27
119.06
120.44
121.11
121.19
116.39
108.71
99.83
157.60
169.11
168.11
146.47
87.92
85.48
81.94
83.63
82.82
75.09
68.70
69.99
70.84
73.57
80.56
94.99
106.23
115.57
119.07
121.75
120.88
116.32
104.75
96.74
92.63
87.59
85.23
81.25
67.21
76.08
76.10
76.63
74.10
73.76
72.75
73.26
75.18
78.99
88.29
99.97
100.10
109.10
119.30
120.99
119.26
115.00
107.95
134.57
172.10
169.40
168.32
167.17
158.32
91.09
65.73
59.88
88.69
56.84
51.52
50.36
74.64
87.33
92.76
106.17
108.43
119.12
118.41
124.04
120.77
114.59
111.34
155.34
168.82
167.30
164.91
101.78
47.58
46.08
40.87
39.37
50.53
39.64
37.35
38.45
74.86
83.32
143.39
172.83
173.49
174.63
174.80
172.09
182.37
194.79
186.33
183.60
177.74
172.86
126.11
100.29
61.03
57.66
62.46
57.27
71.80
61.83
87.87
86.42
79.15
84.71
88.88
99.60
99.52
103.44
110.81
116.48
116.45
144.35
182.42
169.99
160.81
164.25
108.94
81.82
82.79
79.58
69.83
70.03
69.13
69.35
82.45
66.28
66.09
69.94
121.65
168.65
177.67
187.45
190.28
197.12
197.23
194.08
179.87
175.92
166.32
161.61
125.38
86.48
84.11
83.67
81.35
69.59
70.10
71.13
67.79
67.01
66.99
74.91
76.43
78.26
77.90
91.22
94.22
91.76
91.32
153.25
180.72
172.20
165.47
156.92
127.21
82.43
78.04
68.94
67.10
68.43
67.93
63.07
65.31
64.53
66.45
71.38
82.05
162.54
169.12
118.49
118.13
116.46
116.34
107.03
97.04
86.42
81.79
78.98
66.36
68.25
67.50
67.26
68.55
67.88
65.37
64.44
64.51
63.04
65.92
68.90
79.31
87.75
95.58
96.04
102.17
117.82
112.95
109.03
92.22
91.10
87.66
83.20
83.39
81.73
77.63
70.05
71.85
69.45
67.75
62.74
67.39
66.26
64.67
70.28
80.95
90.38
94.04
100.89
100.34
113.72
117.30
111.69
102.78
109.34
163.27
163.82
162.65
154.75
110.38
67.98
70.37
86.13
143.79
57.23
46.72
16.53
50.62
66.92
75.78
87.29
158.99
179.41
183.99
193.20
187.73
189.24
185.32
175.30
173.51
167.48
163.67
164.19
104.23
82.17
78.42
79.82
75.35
71.22
63.35
60.04
62.54
68.23
77.52
89.59
99.27
113.52
115.25
142.38
188.64
197.32
195.66
188.89
182.50
176.18
177.36
133.14
86.23
79.28
78.59
75.12
115.94
64.63
63.37
63.99
62.27
68.36
77.99
95.83
184.73
115.25
115.12
118.79
205.29
206.24
190.24
178.53
170.01
166.74
162.09
157.02
80.24
69.56
69.59
64.81
55.87
55.49
51.21
54.62
54.50
58.36
69.17
78.79
131.02
174.54
170.53
175.07
189.14
183.15
177.20
178.20
163.36
167.41
166.35
155.13
85.35
81.41
84.60
74.91
69.33
68.74
65.06
65.11
64.69
69.28
87.37
165.87
180.96
191.40
194.87
190.45
190.86
185.12
181.10
172.16
165.19
157.39
161.66
142.96
82.98
83.14
75.09
67.20
67.87
65.99
55.52
52.54
68.46
136.32
144.59
153.73
168.74
172.05
172.36
184.62
165.74
160.71
161.92
156.50
149.61
147.58
138.52
147.98
78.85
58.10
55.48
72.33
124.96
52.39
52.67
49.96
49.37
56.46
116.62
156.80
174.42
173.25
177.90
174.31
183.85
187.90
184.16
175.62
170.23
164.53
165.61
163.86
131.22
68.64
63.16
65.62
102.34
53.29
51.74
51.48
50.21
123.14
142.84
158.71
165.46
172.11
184.20
191.85
185.71
182.01
170.92
165.09
149.88
78.14
80.32
74.84
69.84
69.60
72.67
70.92
65.57
61.50
54.10
50.52
53.23
58.19
66.64
77.97
95.34
104.56
104.49
100.96
159.28
179.64
173.67
155.54
145.97
75.06
73.14
68.37
71.52
61.40
56.34
55.67
110.10
52.88
53.92
51.28
52.38
58.13
68.08
97.57
171.84
179.92
176.49
182.90
180.31
172.94
167.67
157.03
149.06
150.94
147.23
148.43
148.41
106.81
69.74
68.88
86.25
84.11
54.94
55.40
54.32
60.42
64.11
73.65
86.95
91.01
94.80
92.52
91.11
99.91
154.21
146.71
143.34
139.87
136.15
138.18
60.74
60.04
62.22
57.53
66.63
68.13
65.68
61.66
53.71
55.85
73.16
153.89
155.50
158.80
165.00
165.89
164.36
159.78
153.37
150.73
139.97
138.16
76.97
60.27
62.16
60.65
60.37
59.62
61.15
65.21
68.46
67.15
66.24
69.74
122.31
160.23
171.33
167.45
179.77
175.97
177.21
172.05
165.12
152.44
147.74
149.18
151.10
148.36
122.24
68.90
70.99
70.18
124.15
68.89
66.82
88.94
145.89
79.60
129.77
163.54
164.34
179.36
181.79
180.62
175.66
172.87
168.83
159.52
150.07
114.50
73.60
72.86
69.93
70.83
67.95
69.86
112.56
70.49
69.32
66.70
68.09
143.00
162.17
165.03
175.05
169.02
120.06
108.96
103.50
98.39
92.72
82.36
83.37
75.33
74.75
71.34
72.06
74.48
70.17
73.14
102.23
69.70
70.02
87.27
143.37
99.71
77.33
88.23
124.91
176.38
176.30
180.90
176.78
171.86
168.97
151.74
151.94
118.80
72.70
66.55
63.47
60.79
59.59
54.69
107.04
62.34
55.67
53.02
51.18
57.86
64.28
75.69
87.78
94.14
92.02
98.13
170.21
163.51
152.70
142.45
141.05
129.32
138.64
138.44
132.38
137.00
80.33
63.24
66.70
61.85
55.66
51.61
53.27
56.05
118.22
154.39
159.98
160.71
158.42
165.47
167.85
160.36
151.49
150.92
138.66
67.96
64.91
62.92
77.23
80.18
77.34
70.22
68.07
64.61
65.89
55.95
55.56
92.55
149.21
157.36
168.17
164.02
164.02
169.10
166.66
158.37
158.76
143.41
106.57
64.74
63.44
61.48
58.21
58.50
57.97
55.44
64.48
64.19
63.38
55.86
52.25
105.42
140.85
150.71
159.73
163.68
174.19
165.91
168.88
164.67
158.87
138.31
135.98
64.25
60.37
61.10
62.09
66.58
66.21
62.20
54.14
54.91
54.83
52.05
67.28
134.65
144.65
155.92
162.26
170.95
171.69
166.88
163.05
161.55
154.58
144.79
136.64
98.05
64.47
63.01
62.48
61.14
62.92
61.17
103.37
66.19
65.84
67.20
100.98
135.62
146.16
164.84
167.62
174.39
176.02
179.07
167.44
162.53
159.72
151.03
126.37
72.20
72.48
66.65
70.15
70.20
69.31
65.70
66.42
66.58
58.21
79.71
129.21
120.13
145.68
153.77
163.92
166.91
171.24
174.63
173.06
173.15
167.56
153.94
147.40
100.25
71.73
70.79
68.18
67.88
69.41
49.63
127.20
99.78
64.49
64.78
61.67
56.59
65.86
87.73
115.49
182.18
178.91
167.24
166.71
171.89
161.43
154.15
145.42
69.35
68.84
69.83
71.52
70.15
68.73
67.77
119.19
66.42
64.59
65.81
57.65
55.27
60.81
65.96
132.11
155.07
165.48
163.97
160.92
163.60
148.09
140.74
142.60
136.79
136.61
134.46
138.49
105.31
59.78
62.20
60.95
59.85
60.08
58.76
59.54
99.75
108.19
90.74
98.32
99.12
95.82
98.88
97.69
88.55
88.77
79.05
73.72
70.87
69.69
68.20
68.11
67.05
66.00
64.85
66.42
60.51
52.31
52.98
49.40
57.07
65.75
75.04
86.34
85.48
80.45
83.46
80.19
77.77
74.49
67.83
60.89
59.45
58.32
58.78
63.34
67.54
65.36
64.98
79.70
51.59
48.79
50.70
54.60
122.21
137.96
152.80
166.97
174.85
173.53
173.22
172.17
164.73
159.07
153.83
143.40
127.16
67.71
67.37
67.18
67.52
61.38
64.28
120.54
86.12
63.81
61.11
61.40
95.40
141.10
153.62
166.94
173.37
172.69
175.99
170.42
165.83
157.10
146.03
143.17
135.67
66.92
67.54
65.89
63.58
64.00
60.22
99.07
51.04
51.78
52.53
52.30
107.55
144.46
146.54
148.24
167.02
163.13
157.92
142.72
151.66
152.60
139.18
139.85
93.34
68.62
68.55
57.32
55.29
52.31
53.26
106.47
66.86
43.56
16.19
36.79
37.47
56.39
71.81
81.75
86.17
165.36
164.80
165.71
161.32
156.49
147.83
148.40
142.07
143.91
143.12
139.88
57.54
49.39
64.19
48.62
49.60
49.03
48.00
49.48
53.05
59.66
68.29
79.41
90.03
91.19
82.53
85.03
81.15
68.06
66.06
59.79
62.28
57.96
61.46
46.09
47.65
51.34
53.43
50.27
49.48
51.50
50.23
53.04
54.45
58.20
73.14
85.07
83.77
85.26
98.21
97.48
88.70
84.95
69.59
67.28
67.77
55.38
54.27
32.47
33.66
38.70
50.21
49.40
49.18
50.14
49.07
48.39
51.59
57.28
62.23
81.14
87.09
93.97
97.77
93.08
87.79
83.29
72.41
65.30
67.76
67.78
64.63
63.26
52.17
50.55
66.69
47.16
52.03
51.95
49.58
55.47
126.71
140.73
142.90
153.57
158.22
160.73
159.04
161.40
146.53
147.86
148.07
132.43
65.51
62.94
52.00
22.81
18.83
21.55
63.99
106.26
98.73
99.49
97.09
119.78
141.31
138.89
153.53
158.14
172.97
175.96
165.66
169.39
166.04
161.03
142.95
138.93
85.52
57.58
59.61
36.71
35.60
41.69
52.84
48.55
52.20
50.31
49.21
50.22
86.43
140.29
150.97
156.93
165.56
164.59
166.32
162.92
155.19
150.26
139.52
131.22
80.94
63.11
67.51
52.79
54.83
54.54
61.66
104.86
31.93
21.08
33.20
41.18
54.49
133.75
147.60
156.08
161.75
160.04
162.14
146.49
157.56
144.21
134.35
131.04
130.68
127.52
131.91
97.46
52.13
49.53
36.15
105.30
16.38
15.49
14.65
22.55
38.13
55.13
72.56
79.32
82.06
81.07
101.23
158.15
163.72
146.12
135.49
126.05
60.01
51.77
53.93
24.47
21.01
27.88
35.79
15.54
15.36
14.47
16.99
26.10
20.49
36.76
54.03
69.96
80.01
81.22
85.38
83.61
80.24
74.65
63.58
52.03
51.93
47.10
36.95
16.93
15.34
14.78
15.62
14.61
14.41
14.24
15.86
34.47
28.61
50.75
65.84
74.38
79.40
83.89
137.90
168.94
160.95
152.44
142.88
121.09
133.34
136.40
121.31
111.57
49.12
50.47
49.49
71.72
48.29
48.20
44.00
34.64
70.54
119.36
139.08
139.59
131.63
137.13
144.27
132.38
126.67
131.09
106.37
50.60
46.03
43.57
46.38
44.35
33.53
32.71
39.45
101.62
113.92
117.04
114.69
111.80
114.85
117.76
120.42
135.21
140.41
144.74
153.49
165.43
160.59
140.13
134.39
121.77
124.74
122.48
126.10
107.09
49.23
43.46
30.81
90.16
42.67
45.87
47.41
41.81
46.30
84.29
130.68
134.20
142.46
142.98
145.73
154.12
150.01
133.06
126.72
126.70
53.20
51.04
46.79
50.08
45.72
47.40
48.02
101.28
47.78
48.49
44.89
47.31
52.31
56.94
60.31
72.29
82.47
80.18
73.57
129.49
122.70
120.50
118.51
113.42
56.24
45.19
44.67
45.56
44.55
42.00
51.21
52.39
46.98
44.23
45.50
42.50
28.23
26.81
45.25
54.98
66.96
67.09
67.16
74.49
67.72
64.27
53.49
40.21
48.17
30.19
29.00
18.01
15.73
14.51
14.26
15.27
14.46
14.54
13.72
24.05
23.38
38.00
55.66
72.57
78.30
82.58
88.55
88.33
82.51
70.42
59.64
59.79
60.85
46.37
40.30
21.92
15.35
15.26
15.51
15.33
15.93
16.61
15.47
39.74
24.60
36.28
56.31
69.70
74.96
86.92
78.27
77.44
69.76
68.83
55.51
49.70
48.10
37.50
34.02
19.30
15.06
14.80
13.58
15.12
14.43
14.28
13.05
53.09
110.75
69.94
109.89
139.20
148.65
123.57
146.89
146.43
140.06
135.92
118.81
114.99
97.14
55.90
36.87
19.32
14.70
13.02
4.91
10.08
14.27
12.24
12.98
14.16
54.26
84.62
104.35
112.33
123.20
142.36
144.53
156.52
150.16
145.27
95.51
116.26
60.24
42.22
48.86
26.85
43.30
34.70
15.47
13.94
15.22
13.47
16.15
14.92
57.88
60.96
122.31
139.08
148.73
145.15
136.73
149.01
135.78
142.06
112.13
121.01
85.10
43.84
27.99
17.59
14.87
11.46
9.52
13.63
9.66
11.22
12.67
11.84
28.59
90.74
105.35
134.98
138.51
155.29
161.34
143.72
147.81
141.26
109.40
79.68
53.38
27.82
40.48
19.11
14.63
13.53
14.09
13.86
13.46
14.33
13.90
71.61
65.98
56.09
64.44
76.55
70.84
70.53
64.48
86.99
69.89
61.08
53.92
43.49
41.05
34.47
27.33
11.72
10.62
9.71
14.01
13.19
11.15
13.84
13.55
32.39
44.06
67.18
112.69
139.96
134.57
142.58
143.51
134.27
109.20
27.15
54.29
16.76
37.44
37.04
21.95
16.89
12.06
12.78
12.73
8.18
19.36
14.99
10.54
10.83
16.44
26.08
101.95
119.42
114.80
129.82
130.85
119.05
150.91
133.97
125.36
112.06
96.96
104.98
91.13
23.05
12.71
14.35
12.54
8.98
12.62
12.86
11.29
14.08
53.10
67.38
72.14
49.02
72.22
60.13
29.36
57.11
112.74
113.20
106.05
126.66
120.56
61.05
86.74
42.07
31.41
14.58
11.81
10.53
11.61
10.34
4.35
51.85
69.92
66.44
120.85
111.41
117.66
103.25
140.47
118.73
80.77
141.14
148.21
136.36
56.92
54.32
53.60
48.19
35.16
17.18
27.75
84.94
23.07
16.37
16.32
16.82
19.37
110.13
141.16
156.53
159.63
165.06
176.19
172.78
166.60
156.71
147.36
126.43
56.32
54.94
53.55
40.12
34.52
17.04
16.96
16.96
16.96
16.95
16.91
62.73
54.76
107.71
133.65
155.16
160.80
162.12
158.96
164.47
157.32
147.24
135.40
130.49
129.04
120.64
76.74
20.54
17.22
17.06
17.09
16.82
16.72
16.69
16.42
15.67
59.42
31.00
64.44
142.38
159.72
165.19
164.09
158.22
154.24
143.32
133.30
102.22
36.43
29.43
21.99
17.38
15.75
15.55
15.52
15.56
15.55
15.71
16.36
15.71
19.26
28.89
44.77
61.12
75.98
77.53
84.08
82.18
75.90
65.98
56.67
45.02
36.96
31.18
27.02
17.50
15.51
15.57
15.60
16.40
15.68
15.72
15.63
15.78
19.51
28.26
65.01
139.31
83.04
97.49
120.32
83.33
76.65
67.40
51.63
38.03
30.49
27.10
22.98
16.68
15.41
15.44
15.55
16.31
15.99
16.04
15.58
26.78
56.14
29.41
39.43
61.84
72.21
85.32
77.88
76.29
63.06
51.81
45.94
34.45
33.80
32.46
30.63
19.47
15.53
15.66
15.74
15.58
15.55
16.15
25.65
97.18
103.90
120.09
139.73
155.09
160.72
159.37
167.42
163.68
156.69
146.99
137.85
132.62
129.91
128.78
127.73
90.36
46.73
42.52
37.40
42.04
15.61
16.29
22.96
98.54
99.64
117.11
136.55
158.33
163.63
175.44
175.43
171.87
160.81
152.56
146.28
121.32
54.13
51.82
50.18
49.76
50.06
50.07
49.69
48.46
47.54
47.08
27.40
37.72
93.77
135.75
149.05
156.55
161.35
173.04
174.20
170.69
164.58
154.01
145.51
103.52
55.46
54.97
53.57
52.48
50.91
49.71
49.12
44.77
45.63
46.32
46.57
43.87
46.24
91.73
66.72
53.97
149.05
159.48
158.45
154.56
147.51
138.12
129.06
115.98
49.99
32.57
29.12
19.67
15.62
15.61
15.65
15.64
15.68
15.77
15.74
15.67
18.97
28.48
113.31
142.50
157.11
160.04
157.35
154.11
110.01
63.16
53.54
41.19
29.27
23.47
21.12
15.83
15.60
15.62
16.25
15.64
15.71
15.57
15.73
15.72
19.05
40.44
117.15
138.71
155.45
159.20
157.07
155.26
148.70
139.00
76.33
50.24
41.89
32.55
48.03
24.11
15.65
15.59
15.60
16.22
15.93
15.49
22.99
15.53
76.41
35.70
39.98
60.08
71.11
83.04
82.50
79.18
72.48
124.47
129.03
126.72
73.24
24.90
17.19
15.72
15.78
15.77
16.49
15.81
15.80
15.70
15.71
57.93
80.67
110.52
136.47
153.66
161.70
163.62
162.28
160.33
156.32
146.10
133.96
111.97
52.97
45.02
40.31
24.94
16.88
16.78
16.85
16.79
16.90
16.75
16.59
80.45
122.57
81.20
136.21
132.16
157.49
161.34
160.26
156.89
151.18
142.15
133.49
130.19
116.68
52.29
50.10
46.89
45.38
29.56
16.71
16.84
16.89
16.62
15.73
15.68
61.12
132.43
148.38
157.58
162.10
164.05
161.13
158.98
152.13
141.18
122.54
108.28
114.77
62.57
22.57
16.79
15.71
15.72
15.71
15.74
16.07
15.94
15.83
15.83
18.61
25.90
40.51
53.04
61.71
66.20
68.45
69.03
64.27
127.35
105.45
26.85
19.08
16.34
15.61
15.69
15.74
15.79
15.66
16.47
15.82
15.73
15.73
15.87
18.97
28.09
37.99
42.29
53.98
65.47
67.64
68.92
61.74
46.81
30.60
19.55
15.96
15.90
15.98
15.67
15.60
15.71
15.69
15.62
15.85
15.64
15.66
16.58
18.55
42.00
114.78
125.79
146.54
159.44
159.38
156.46
149.18
136.39
117.04
36.76
31.23
28.52
26.52
17.79
15.52
15.43
15.43
15.55
16.45
15.68
15.73
15.73
81.02
28.23
40.54
46.73
46.13
56.87
56.24
53.17
52.15
114.49
103.35
98.06
20.52
15.83
15.56
15.75
15.88
15.73
15.85
15.86
15.98
15.88
16.55
79.09
96.59
106.42
118.90
125.14
129.48
137.01
140.61
139.79
128.45
118.40
108.07
73.75
17.26
16.71
16.57
16.70
16.87
16.79
16.68
16.26
16.00
15.69
15.94
89.27
96.56
103.23
115.86
124.14
130.72
134.80
139.80
134.06
125.31
111.83
99.76
93.29
52.70
16.88
22.18
15.89
15.98
16.61
15.86
15.99
16.08
15.91
15.99
89.52
96.04
106.33
117.93
126.16
135.60
139.23
143.91
138.20
133.18
116.50
105.64
97.76
22.20
15.62
15.77
15.88
15.87
15.97
16.40
16.03
15.99
15.94
15.92
16.05
53.27
37.85
37.37
46.76
104.62
136.79
141.43
143.28
133.77
124.28
108.14
101.25
19.61
16.51
15.93
16.07
16.00
16.01
16.02
16.00
16.13
16.03
16.01
16.04
17.48
27.94
37.80
43.50
51.93
64.92
70.05
69.04
61.73
46.43
27.82
20.71
17.60
15.74
15.81
15.78
15.92
15.82
15.89
16.58
16.01
15.82
15.96
15.83
18.09
27.33
109.51
128.55
144.99
152.14
155.28
153.79
148.58
138.07
120.14
106.78
88.58
21.27
17.32
16.80
16.82
16.71
16.71
16.68
16.97
16.82
16.73
16.86
52.78
26.91
36.78
42.66
50.60
62.60
69.28
69.23
61.14
119.15
122.49
117.02
61.32
24.03
18.36
15.57
15.65
15.63
15.63
15.74
15.71
15.77
18.20
92.65
95.21
104.27
118.91
133.31
151.96
161.06
157.71
154.84
148.20
138.15
130.13
119.03
39.06
27.69
21.25
18.27
16.84
16.77
16.78
16.79
16.72
16.80
16.63
80.40
95.47
103.73
130.32
142.64
155.44
161.20
158.73
148.40
147.27
137.19
126.90
118.13
111.18
28.70
20.52
17.77
16.87
16.80
16.84
16.46
15.68
15.54
59.44
92.83
94.54
102.53
122.75
140.93
156.02
158.60
157.82
153.89
147.50
137.97
129.70
106.36
35.17
28.11
20.55
17.42
16.81
16.84
16.20
16.57
15.61
15.57
15.59
15.59
17.16
25.06
35.41
53.21
62.45
125.05
77.00
75.96
69.48
112.06
128.96
117.98
50.30
22.35
19.48
16.51
15.49
15.62
15.53
15.60
16.38
15.66
15.28
15.38
17.35
22.67
32.33
38.44
54.16
64.67
72.41
59.66
52.17
43.35
30.74
24.86
21.16
18.29
16.02
15.48
15.46
15.50
15.56
16.33
15.59
15.48
15.26
15.65
16.73
25.75
35.05
58.28
119.42
72.14
72.47
68.68
51.70
28.98
28.05
30.77
27.46
23.57
22.38
16.85
15.83
15.49
15.63
15.60
15.76
15.73
15.70
15.56
70.85
62.99
35.64
113.51
143.80
154.85
155.22
151.45
144.87
134.96
127.09
120.78
53.19
27.00
18.77
15.89
15.55
16.28
15.66
15.68
15.70
15.35
15.49
15.63
89.69
104.21
124.54
139.19
149.80
159.06
150.46
130.24
149.17
139.55
123.61
110.26
111.50
69.38
17.98
16.70
16.81
16.73
16.28
16.56
16.80
16.84
16.45
15.85
16.95
63.41
117.74
127.06
110.06
147.05
147.91
148.08
142.38
129.76
117.08
108.82
45.33
16.81
16.57
16.49
16.79
16.79
16.49
16.81
16.85
16.65
16.24
15.60
77.84
108.16
118.47
129.40
142.13
151.25
153.28
156.13
147.25
134.31
117.43
110.48
33.62
16.83
15.61
15.45
15.74
15.66
15.39
15.51
15.56
16.00
15.54
15.44
83.16
29.78
37.11
35.98
46.71
139.60
152.72
146.89
144.36
135.46
117.00
110.24
31.53
17.72
15.65
15.68
15.77
15.48
15.54
15.88
15.84
15.51
16.23
16.02
17.09
20.38
24.22
29.87
49.11
66.35
55.50
47.61
34.61
28.19
20.99
16.22
15.67
15.70
15.53
15.53
16.28
15.99
15.57
16.01
15.93
15.62
15.91
15.85
16.90
25.08
36.30
42.65
49.89
60.16
61.85
66.57
58.89
45.26
27.91
22.47
19.77
16.95
15.75
15.76
15.85
15.57
15.93
16.47
15.92
15.64
15.86
15.78
53.97
94.33
116.79
127.30
139.06
149.76
155.27
152.28
146.56
133.44
116.12
108.36
59.05
16.48
15.31
15.39
15.78
16.17
15.36
15.80
15.72
15.45
15.70
15.41
16.13
30.72
109.41
113.62
122.32
125.41
113.99
101.08
97.33
96.29
96.88
96.79
97.67
30.27
16.07
16.11
16.10
15.97
15.71
16.08
16.08
16.12
15.86
15.01
20.00
95.69
102.29
113.95
122.01
129.56
130.80
115.05
118.13
113.06
106.00
103.27
97.30
95.37
77.32
15.23
15.82
15.01
15.17
15.08
15.34
15.76
15.17
15.03
91.15
100.45
111.18
103.36
98.19
114.05
111.13
126.95
119.47
100.31
96.27
95.78
95.63
67.51
16.01
15.33
15.40
15.22
15.37
16.06
15.41
15.30
15.19
15.35
29.01
83.77
116.51
123.50
127.34
130.02
132.03
130.12
119.54
104.14
97.71
95.22
94.82
94.05
94.98
59.04
15.44
15.48
15.41
15.65
15.74
15.71
15.67
15.73
17.05
26.13
37.83
49.79
89.51
46.74
41.22
43.64
37.30
25.85
16.53
15.63
15.54
15.32
15.56
15.58
16.16
15.78
15.74
15.67
15.88
15.75
15.65
15.86
16.01
19.25
99.92
107.37
108.03
126.11
137.83
136.24
129.05
115.09
102.29
88.33
16.20
15.27
15.47
15.64
15.83
15.93
15.58
15.77
15.77
15.71
15.69
15.65
40.41
82.86
104.21
110.84
113.03
120.45
120.04
123.03
118.70
107.06
98.43
94.84
71.09
15.30
15.93
15.56
15.65
15.47
15.49
15.62
15.78
15.58
15.58
15.86
68.29
106.02
119.23
125.01
130.81
132.31
130.20
125.93
118.31
105.57
97.37
96.73
96.69
76.49
16.87
16.98
16.65
16.65
15.71
15.89
15.94
15.94
14.08
15.85
37.04
99.59
105.31
110.99
123.46
123.09
126.81
120.25
112.02
105.59
102.25
92.41
17.11
16.40
16.24
16.72
15.80
15.76
15.97
16.20
16.05
16.19
15.95
15.92
61.37
99.13
102.73
105.95
110.45
115.95
135.38
126.37
117.04
109.76
107.26
88.64
16.95
16.02
15.42
15.55
15.59
15.35
15.53
16.13
15.73
15.54
15.21
15.55
16.08
16.85
18.60
20.29
26.85
73.33
121.20
112.90
110.53
102.32
96.25
95.17
15.69
16.04
16.38
16.77
16.78
16.71
16.88
16.15
16.20
16.29
16.13
16.58
16.99
25.78
37.32
44.87
48.51
49.27
46.31
44.04
54.80
25.49
16.11
15.92
15.90
15.78
16.00
16.15
16.26
16.51
16.70
16.62
16.74
16.51
16.52
16.51
16.89
25.28
37.56
44.92
48.61
49.21
46.26
42.77
35.82
24.83
16.02
15.44
15.71
15.71
15.96
16.90
16.40
16.42
16.36
17.44
16.51
16.56
16.43
16.68
67.59
32.48
25.74
37.79
31.50
31.07
35.10
27.80
40.89
22.88
16.72
15.85
15.92
15.75
16.21
16.16
16.48
16.15
16.54
16.52
17.25
16.54
16.65
16.57
33.07
21.47
35.31
31.84
40.05
47.18
30.52
22.93
21.16
17.57
15.92
15.82
15.95
15.90
15.76
16.52
16.03
16.13
15.82
16.66
16.18
15.97
15.82
16.12
16.22
19.64
21.45
37.06
40.71
46.76
39.70
40.20
30.97
22.38
18.16
15.74
15.65
16.00
16.10
15.69
15.59
15.43
15.61
15.85
15.92
16.01
16.11
16.21
49.10
22.23
29.48
41.32
45.47
44.22
44.93
42.13
31.45
21.29
16.30
15.97
15.61
15.65
15.59
15.90
16.10
16.22
16.03
16.16
16.51
16.41
16.00
16.33
41.17
19.88
28.31
35.27
35.00
28.58
28.27
38.16
40.57
56.46
15.89
15.63
15.76
15.81
16.16
16.04
16.17
15.90
16.08
16.08
16.41
16.73
16.16
16.15
16.66
20.42
30.77
27.10
32.77
45.62
33.71
25.22
19.33
17.11
16.01
15.79
22.81
15.60
15.36
15.18
15.75
15.93
15.37
15.43
15.66
15.69
15.78
15.55
15.70
20.47
98.08
98.47
99.40
101.91
102.95
101.47
86.09
16.72
15.38
15.96
15.56
15.70
16.11
15.86
15.85
16.04
15.57
15.83
16.52
15.87
15.57
16.04
16.21
18.81
44.31
35.66
43.47
27.14
23.56
28.94
32.44
96.19
47.45
15.86
15.93
15.59
16.38
15.86
16.32
15.95
16.28
16.39
17.14
16.23
16.23
16.44
48.40
39.17
35.89
107.78
127.73
128.57
126.73
125.00
118.45
108.48
95.67
94.80
64.90
16.34
16.18
16.27
16.32
16.18
16.34
16.32
17.28
16.19
16.45
16.43
16.57
19.21
26.59
31.11
44.36
48.08
46.16
40.65
35.44
24.48
16.62
16.00
15.77
15.69
15.99
16.13
16.88
16.05
15.93
16.40
16.27
16.48
16.83
16.41
16.67
23.15
35.68
41.61
42.87
44.34
44.32
37.56
32.65
21.00
16.70
15.74
15.97
15.81
15.77
16.33
16.36
16.79
16.38
16.22
16.60
16.73
16.63
16.49
16.68
22.86
34.96
42.29
45.54
46.48
45.15
42.22
34.58
23.43
40.34
94.78
94.66
95.50
95.01
37.18
16.24
15.85
16.10
16.82
16.39
16.25
16.13
16.23
16.67
31.83
112.49
120.51
123.05
125.98
123.89
118.50
112.45
108.85
99.19
95.65
95.25
94.65
94.49
36.79
16.15
16.24
16.05
16.11
16.25
16.03
16.18
16.12
16.56
33.65
112.93
121.34
126.43
129.42
127.16
125.06
117.97
105.21
94.95
40.66
16.04
15.82
16.00
16.49
16.55
16.24
16.25
16.47
16.47
16.53
16.66
16.71
24.47
103.33
114.94
123.91
128.02
129.98
128.31
124.13
117.77
105.29
96.27
95.83
95.73
61.67
17.12
17.50
17.73
17.63
17.74
17.64
17.47
17.07
16.63
17.03
16.99
101.85
117.88
126.48
131.09
132.32
130.84
126.96
119.21
107.11
96.70
95.95
25.78
17.12
16.65
16.69
16.79
16.81
17.39
16.70
16.85
16.58
16.88
16.70
28.36
79.29
83.56
91.97
47.76
48.73
47.36
42.51
35.91
23.74
16.45
16.05
20.74
16.44
16.39
16.48
16.57
16.60
16.56
16.77
17.20
16.82
16.85
16.98
17.08
59.53
116.13
126.55
129.59
130.32
129.45
124.76
117.86
106.75
97.65
97.12
97.47
97.19
97.40
80.30
17.48
17.47
17.47
17.76
17.78
17.94
17.56
17.71
17.19
54.37
116.05
125.53
130.30
130.83
129.85
125.56
122.04
110.09
98.68
97.43
97.90
97.74
53.55
17.41
17.45
17.55
17.58
17.32
16.56
17.25
16.57
16.86
16.84
67.26
117.62
125.75
128.38
126.22
128.02
130.47
122.77
112.37
99.08
97.36
97.58
97.34
97.67
71.91
17.10
16.69
16.64
16.35
16.57
16.11
16.36
16.33
25.32
100.10
105.58
116.08
118.34
125.83
124.48
116.48
112.39
106.92
99.77
65.05
16.79
16.41
16.62
16.85
16.28
16.18
16.03
16.01
16.32
15.91
16.14
16.03
16.27
44.56
100.50
87.01
23.87
18.56
19.21
19.99
49.28
16.82
16.03
43.45
97.25
96.64
85.75
15.72
16.64
15.85
15.93
15.99
16.81
15.78
15.84
15.81
16.05
15.94
82.25
100.35
100.47
100.50
101.61
104.30
42.28
17.60
16.25
15.78
15.64
15.37
15.62
15.63
16.15
15.83
15.71
16.03
16.06
16.02
16.07
16.22
16.27
16.29
18.13
19.81
22.54
40.71
46.31
40.31
33.53
21.30
16.41
15.85
15.92
15.94
16.59
16.05
16.10
16.16
16.26
16.21
16.16
16.37
16.62
16.13
16.52
19.57
29.28
40.03
47.73
47.68
30.26
22.21
19.46
16.28
15.95
15.87
16.33
15.94
16.38
15.96
16.04
16.41
16.09
16.05
15.96
15.98
15.93
15.93
16.09
16.71
17.64
18.83
18.18
18.94
20.65
23.29
30.16
21.84
16.38
16.36
16.12
15.98
15.94
15.99
16.13
16.00
16.55
16.09
16.22
15.97
16.25
16.08
16.39
21.71
33.80
43.40
48.52
51.06
31.65
32.89
33.79
44.00
97.83
96.07
78.12
16.08
16.17
16.23
16.48
16.52
16.83
16.58
16.70
16.65
16.74
16.79
17.11
22.45
36.14
44.56
48.88
50.37
49.52
44.79
38.87
26.93
18.19
16.58
16.62
16.71
16.62
16.95
16.70
16.86
16.87
17.10
17.11
17.88
16.90
17.07
17.01
33.67
102.68
47.36
74.59
105.44
24.87
23.76
38.86
18.96
16.45
16.42
16.92
16.83
16.95
17.19
16.80
16.28
17.87
16.28
16.88
16.94
16.81
16.95
17.29
18.02
20.52
23.64
26.63
25.67
25.80
22.89
98.87
103.62
17.73
16.22
17.38
16.31
16.39
16.49
17.29
