166.45
163.89
160.20
167.49
168.76
166.02
166.08
167.71
168.76
167.52
159.30
156.88
155.06
152.41
150.39
151.86
152.32
147.34
147.99
150.50
152.94
155.60
158.23
157.23
162.16
158.38
170.39
170.62
171.66
174.87
182.23
193.93
206.81
198.00
195.49
194.38
189.59
188.35
188.55
191.99
184.60
167.88
154.78
152.17
153.96
142.44
138.85
141.39
137.00
148.38
144.81
144.66
148.45
187.29
191.86
192.88
200.59
199.67
194.17
193.52
192.81
193.65
185.20
191.94
185.97
167.16
152.35
150.49
153.67
141.85
135.08
135.81
134.52
135.96
140.43
139.05
142.12
176.07
170.54
182.62
184.03
187.67
179.79
184.73
194.03
193.41
193.78
199.68
191.97
167.54
147.09
146.37
146.41
135.94
128.95
128.54
127.27
127.19
126.32
128.98
124.13
155.78
150.39
149.24
146.86
139.01
139.47
138.19
141.10
139.86
141.81
137.28
139.17
140.02
138.20
133.04
136.87
133.93
133.57
130.13
129.51
130.32
120.83
124.07
126.80
150.38
150.62
147.40
145.81
141.93
142.01
141.10
144.14
144.61
143.10
143.56
142.42
139.10
145.34
146.19
144.05
141.50
147.17
145.90
144.81
146.75
145.58
151.65
151.09
150.64
152.57
159.73
175.73
182.59
191.98
196.36
210.40
201.66
213.12
206.37
198.04
175.52
155.38
146.09
144.13
133.43
125.89
122.27
121.98
119.50
125.60
124.28
123.25
147.41
146.52
147.49
152.41
168.67
191.69
198.65
212.18
216.91
215.02
219.51
209.83
188.58
158.51
149.23
140.24
130.03
125.83
122.93
121.05
122.10
121.77
119.05
122.69
143.08
140.76
147.67
168.55
176.61
184.26
190.99
197.83
198.86
213.56
215.42
208.31
182.10
156.49
148.71
143.81
135.82
129.78
126.15
125.02
125.17
125.47
122.25
120.01
138.23
140.01
141.81
165.87
172.89
99.22
186.22
192.15
199.89
201.48
197.20
202.01
173.75
150.77
143.84
144.29
136.39
129.34
127.12
127.71
125.83
125.93
123.71
122.94
147.10
146.13
153.54
163.30
178.37
188.50
199.78
214.85
214.27
221.34
213.61
207.04
176.82
153.46
147.79
143.82
129.96
124.31
123.62
122.41
119.65
123.23
117.25
120.20
146.04
141.62
143.34
138.83
137.36
141.72
148.06
152.25
153.03
150.90
151.32
140.96
137.89
138.07
134.76
137.52
130.27
124.62
122.31
119.63
118.20
121.36
118.47
119.88
141.43
141.99
139.24
139.77
136.29
135.01
142.86
140.63
147.46
152.39
139.86
147.45
138.63
136.94
137.15
134.28
137.37
135.64
137.51
129.87
134.06
133.73
136.03
133.68
135.81
135.89
143.13
165.49
179.98
195.20
209.33
223.71
222.43
222.86
212.20
205.28
187.03
158.37
152.59
145.80
136.41
126.54
125.80
125.19
124.52
126.30
126.09
121.49
142.42
147.54
150.53
164.25
184.34
192.38
201.79
205.15
198.23
198.71
201.03
194.27
180.12
157.19
151.49
145.10
133.89
124.11
124.28
121.83
121.56
123.46
121.30
123.45
145.90
144.28
154.19
171.14
187.50
202.66
216.02
225.54
222.72
225.52
231.29
208.59
188.49
164.89
150.24
148.62
134.91
128.16
124.26
122.00
121.26
123.93
121.23
119.77
146.22
144.37
150.88
170.87
186.63
201.16
205.88
217.39
224.48
223.61
222.97
210.35
186.65
165.22
157.81
149.68
139.29
131.80
128.70
126.52
125.40
126.45
119.76
122.84
142.84
145.09
151.37
166.33
185.18
197.48
210.21
218.61
220.98
228.58
222.53
223.43
201.35
172.01
162.39
153.10
134.81
126.66
125.31
125.42
123.55
122.92
121.57
122.79
143.73
146.23
146.71
141.63
144.43
146.17
151.23
155.44
162.25
163.10
165.60
165.49
153.80
144.68
141.64
142.80
135.83
133.27
130.41
130.68
131.30
129.13
128.78
128.92
146.79
146.48
146.17
141.17
141.93
146.45
155.29
153.06
156.05
160.73
163.15
161.78
153.54
144.69
143.38
142.47
140.53
138.90
140.73
131.15
127.84
124.79
126.05
127.47
126.91
126.92
127.47
128.86
128.06
129.32
134.69
137.09
137.07
136.38
136.04
136.13
129.36
128.46
128.34
123.44
124.81
124.26
125.26
123.44
121.69
125.30
122.43
125.78
157.88
157.31
163.44
176.80
192.96
202.33
208.87
213.56
209.47
205.07
211.80
207.06
187.84
159.74
148.74
151.09
137.15
133.27
126.10
126.45
125.23
127.32
126.50
128.96
161.42
158.06
164.81
181.80
188.55
190.26
197.74
215.50
214.28
211.21
209.83
198.31
178.31
157.91
147.57
147.64
136.32
129.56
127.15
125.41
124.60
126.34
125.41
128.03
162.45
155.07
163.96
183.79
188.10
191.32
198.01
207.07
205.75
213.76
223.45
216.77
185.24
156.83
152.36
150.22
136.31
129.75
124.70
124.25
122.59
124.69
124.59
126.61
147.84
148.94
158.09
174.25
182.11
200.11
209.11
215.78
216.03
216.93
213.51
206.73
177.56
155.97
148.75
150.66
132.43
124.85
123.12
118.50
122.04
123.76
120.24
120.89
150.72
147.97
151.72
146.40
145.64
149.85
154.33
156.69
160.98
163.22
167.69
165.02
155.88
145.42
144.25
141.99
129.26
124.80
124.28
121.89
121.44
122.89
120.88
122.08
145.00
144.90
142.66
142.44
140.03
143.72
148.69
156.54
156.46
159.53
162.73
164.65
153.30
144.04
140.84
140.90
138.07
140.86
138.68
136.51
138.95
137.60
138.29
141.96
141.66
137.85
152.98
165.88
185.47
200.84
208.26
217.47
222.40
219.20
218.50
211.00
187.88
160.44
149.52
148.05
132.73
124.05
123.52
121.20
119.21
122.87
120.60
123.60
141.70
143.57
147.44
168.50
186.90
195.01
202.24
205.27
212.66
210.97
208.55
145.78
181.16
158.83
150.41
145.96
134.51
131.44
130.27
125.50
123.96
122.62
121.23
122.18
142.65
145.39
153.20
166.01
184.72
199.18
209.11
219.40
227.62
233.62
221.18
213.52
193.24
170.01
158.58
155.53
135.75
131.11
127.13
121.79
123.69
122.34
122.12
122.16
145.22
147.59
150.17
168.52
186.22
199.70
198.67
211.10
225.77
227.73
218.31
219.32
196.03
164.94
156.93
150.91
133.32
130.92
124.69
123.28
119.59
120.70
117.35
118.48
140.16
144.11
151.57
167.65
189.02
202.88
217.17
225.66
228.37
229.57
240.12
229.19
202.02
180.65
169.68
161.93
133.67
130.70
126.54
122.43
122.48
123.82
120.94
123.00
145.33
144.53
144.14
139.95
139.38
141.75
147.86
153.23
165.39
161.53
171.72
173.78
162.54
152.72
149.30
146.20
131.13
125.75
122.14
121.68
122.72
121.66
120.04
121.27
146.95
145.65
140.99
141.33
142.38
143.08
141.73
146.77
145.54
145.67
149.42
147.32
144.21
144.74
139.44
141.21
138.08
140.07
139.85
136.49
137.59
139.44
137.49
136.16
137.19
139.77
148.84
166.10
185.45
193.20
195.70
206.39
208.10
207.27
202.06
199.83
173.51
154.81
147.49
142.66
129.37
127.28
125.22
122.58
121.90
123.83
120.71
124.16
143.76
142.77
154.46
166.61
182.13
193.01
199.02
213.13
200.91
200.01
206.15
201.95
180.57
153.84
149.04
142.23
131.54
126.28
125.25
125.05
123.35
125.00
122.71
123.88
150.50
149.51
161.11
176.74
177.05
187.61
198.55
202.14
205.40
196.13
197.04
187.45
169.10
152.09
146.95
144.70
134.15
130.51
128.66
129.83
128.62
130.30
130.95
133.35
168.09
161.81
174.08
184.45
184.90
182.91
191.44
195.44
195.52
200.30
197.63
193.11
169.14
152.17
146.35
148.32
135.11
130.08
124.12
126.27
125.58
126.64
127.51
129.46
163.27
165.89
176.80
186.73
183.73
176.84
184.33
194.14
193.39
199.25
201.07
194.76
171.09
152.05
142.78
138.82
130.49
125.62
123.98
123.15
123.20
122.42
122.52
120.91
150.24
145.21
145.30
140.66
130.56
133.73
134.45
135.07
137.29
138.12
137.03
136.61
137.76
137.78
136.64
137.59
126.43
125.03
124.04
122.36
124.35
126.44
127.73
127.92
164.42
158.02
157.75
157.07
149.72
142.11
144.03
146.73
152.35
151.77
150.12
152.64
144.89
135.03
137.37
136.53
135.74
139.03
138.26
134.95
139.09
138.63
138.87
141.11
143.90
147.24
158.64
171.97
179.06
188.37
192.86
204.86
203.94
202.66
199.10
191.42
176.64
151.60
144.63
143.62
131.68
128.92
124.95
123.41
123.60
128.66
125.65
128.99
161.31
161.48
172.00
181.19
190.35
192.08
197.44
209.62
205.76
202.34
201.19
192.81
172.84
150.43
145.88
144.21
133.09
126.45
122.73
120.95
121.91
119.96
119.53
121.31
140.89
144.57
146.06
166.61
182.47
182.03
196.28
204.56
199.39
200.62
198.68
188.19
170.65
152.84
145.92
143.09
130.46
124.70
122.52
118.94
119.37
118.67
117.27
118.51
138.01
141.34
145.33
158.39
177.34
187.66
192.70
198.25
201.45
194.34
199.29
189.02
173.64
152.93
147.89
146.69
131.73
126.06
121.99
120.77
119.07
120.25
118.67
58.72
72.98
142.70
148.77
169.00
180.57
190.79
203.51
212.16
207.33
206.52
211.88
202.45
178.55
155.49
147.43
144.12
131.12
122.65
119.94
119.56
117.36
119.83
118.48
116.90
139.56
137.37
137.47
133.73
134.41
144.31
146.20
144.29
144.30
149.96
153.91
151.99
143.49
138.51
135.83
135.87
125.87
122.41
120.91
119.56
120.01
119.52
116.37
120.05
149.16
151.63
152.60
150.42
139.66
139.47
144.60
139.51
141.75
139.72
137.50
140.72
136.32
136.44
134.90
135.07
135.69
137.27
137.20
137.54
134.41
138.11
137.10
140.69
144.92
149.47
160.82
172.78
181.96
180.51
185.66
185.44
181.26
184.92
191.87
182.60
165.98
148.02
145.98
144.79
131.87
128.93
126.34
124.15
125.18
128.19
130.66
133.67
168.69
164.70
174.54
179.73
178.74
182.31
188.26
192.33
191.69
185.05
178.35
174.03
159.56
146.85
139.12
140.30
131.25
123.79
126.96
124.37
124.75
129.11
132.27
139.23
176.13
176.15
180.80
189.64
186.07
112.79
184.41
187.50
187.90
186.31
187.55
179.85
164.55
150.18
141.87
140.50
128.34
120.92
122.23
120.59
120.25
119.69
118.58
121.20
147.06
148.40
162.60
174.17
181.92
183.04
182.12
186.48
189.78
185.06
185.47
178.99
166.34
159.66
156.79
153.39
138.91
135.37
132.90
130.62
131.77
131.12
132.57
136.64
173.87
174.73
181.66
189.54
201.70
198.39
192.79
189.53
194.49
187.52
185.54
180.62
167.98
155.96
152.55
156.46
138.32
135.89
131.13
131.74
132.07
135.11
134.70
137.72
189.13
191.03
191.77
182.74
169.57
167.32
163.36
161.18
156.26
151.98
152.05
147.97
147.66
142.04
143.47
143.27
131.22
129.54
128.97
128.32
129.63
133.10
133.38
137.01
186.59
182.19
186.61
172.54
163.22
159.28
151.05
150.58
146.79
145.54
146.47
148.06
143.06
139.70
138.64
139.46
140.19
141.20
140.64
138.99
144.35
144.65
146.26
146.32
149.80
161.24
172.87
178.14
183.63
184.44
195.21
201.39
204.52
210.36
212.49
205.52
175.38
151.31
147.12
143.62
129.06
125.19
121.64
119.95
121.71
120.47
120.35
122.53
146.25
146.45
154.23
163.85
177.65
188.94
194.82
206.67
213.71
211.05
215.24
201.85
173.09
155.54
148.15
142.67
133.79
128.67
120.41
121.09
115.68
117.43
119.93
120.10
138.16
141.22
145.80
164.73
180.08
186.25
206.29
217.67
223.72
232.78
235.23
220.33
201.98
173.27
155.93
153.56
137.79
129.20
124.41
123.81
122.25
121.47
118.67
119.67
143.83
144.70
152.00
164.83
189.26
205.60
217.83
230.87
233.46
235.52
238.92
232.77
212.75
180.41
161.83
157.47
139.93
126.67
124.14
121.29
118.42
120.80
119.36
121.73
145.22
145.51
155.53
169.59
185.27
201.02
215.11
222.78
232.39
229.99
239.34
228.43
200.76
177.67
163.95
160.18
138.13
130.08
121.72
120.28
119.85
120.59
117.72
118.78
142.34
140.05
136.00
135.10
139.38
152.32
154.27
148.62
146.37
162.30
161.75
167.62
161.67
155.80
148.17
143.20
127.28
121.46
119.52
118.05
117.68
117.28
115.35
115.38
138.02
135.03
134.34
135.46
145.37
155.66
159.98
162.67
167.58
173.06
173.80
178.41
169.68
156.64
147.81
141.14
142.28
140.96
139.73
133.90
131.16
132.33
130.15
132.01
131.59
136.88
140.78
163.93
181.28
196.62
209.39
221.67
229.26
227.12
232.97
223.31
200.27
172.52
156.79
151.41
133.67
121.62
119.29
119.02
120.02
120.25
119.19
118.74
138.65
142.97
145.23
163.09
186.27
202.28
209.75
226.88
230.39
234.08
238.44
228.71
202.73
175.84
164.42
156.81
135.05
127.28
122.52
122.52
120.77
121.42
122.27
120.80
144.47
144.59
149.48
167.79
186.79
204.64
218.50
227.03
239.23
243.16
245.85
237.69
214.46
185.38
173.48
165.51
140.60
127.27
124.53
121.60
119.79
119.41
118.50
120.81
142.93
143.54
148.85
165.41
183.86
181.50
193.82
209.97
213.75
220.70
214.62
213.38
193.80
171.87
163.24
156.31
135.10
129.06
123.55
122.77
121.98
123.63
122.40
120.33
144.80
146.44
148.15
166.23
180.67
185.36
186.91
199.11
196.53
198.47
205.50
197.28
172.66
155.65
142.79
143.56
134.34
129.04
123.43
121.11
119.59
119.16
117.32
118.62
144.26
146.58
146.55
142.20
147.76
147.54
151.57
150.81
150.94
151.41
150.23
146.98
140.41
136.88
135.48
133.84
122.32
119.13
119.58
117.81
118.29
118.27
115.69
115.75
140.78
139.77
139.42
132.90
136.59
144.16
147.72
149.02
153.13
157.53
159.92
155.43
149.97
142.52
140.87
139.08
138.48
136.61
138.19
130.48
128.62
129.43
131.34
130.21
129.94
134.72
143.71
159.52
180.71
199.12
207.60
213.45
206.64
202.04
190.66
185.63
168.19
153.23
148.83
143.80
131.39
123.80
122.26
121.42
120.43
120.85
122.33
120.13
143.67
141.16
153.46
168.04
185.80
188.19
195.56
196.84
195.71
193.06
199.65
189.77
172.08
154.88
148.64
148.75
130.87
125.83
122.85
120.73
120.93
119.26
122.45
121.78
145.21
143.85
150.58
161.12
172.60
183.59
190.57
200.49
197.54
196.37
197.37
190.32
171.12
151.02
143.94
145.34
128.61
128.20
122.06
122.70
119.13
122.03
121.30
123.72
149.62
150.04
154.61
166.73
174.80
180.87
192.82
198.91
203.53
204.72
207.92
200.90
183.23
158.97
150.16
148.27
136.90
131.69
126.50
126.93
125.89
127.19
123.63
125.86
146.55
146.65
153.23
164.51
186.63
196.83
203.59
205.57
206.18
218.59
213.33
202.77
182.20
159.46
148.29
146.75
130.30
122.43
118.52
118.45
114.07
116.79
116.93
114.46
132.07
132.38
130.98
136.03
143.48
150.97
156.53
163.87
169.03
172.08
176.13
175.08
170.61
160.91
155.06
146.36
127.01
123.18
118.63
117.60
116.78
116.22
115.30
114.91
137.99
136.69
135.26
141.07
148.08
158.99
163.65
169.50
176.26
181.44
187.71
184.37
177.75
166.59
160.82
156.09
150.29
144.10
145.08
140.05
139.77
137.96
137.34
134.55
134.42
138.37
146.71
166.08
205.19
215.69
230.78
242.87
248.73
252.56
251.07
241.77
221.82
194.38
181.02
173.10
147.69
132.62
126.31
119.79
123.05
120.20
120.89
120.20
148.08
148.61
157.66
178.16
206.63
223.51
237.65
247.44
250.38
255.74
259.57
246.32
224.39
198.02
185.45
176.49
152.77
127.77
128.64
123.64
122.71
121.75
119.53
123.51
153.74
154.33
157.79
179.37
203.69
215.63
230.89
246.24
255.85
256.95
246.43
238.98
218.20
194.22
180.14
173.80
144.80
130.39
125.72
123.39
119.07
120.55
120.61
122.95
146.66
147.85
150.96
172.23
198.27
223.41
225.85
232.00
233.86
227.88
220.84
212.56
187.90
164.14
155.95
151.34
132.05
128.03
123.03
120.15
117.98
120.49
118.90
118.10
138.06
139.28
146.55
164.14
186.08
198.70
206.65
212.55
220.38
224.97
223.65
215.06
194.90
169.56
152.94
150.16
131.91
123.20
123.05
120.43
118.11
118.46
117.44
114.74
138.66
137.42
136.69
136.26
141.98
150.20
156.91
166.35
170.97
175.30
177.68
173.36
168.80
160.29
149.82
146.92
129.75
124.25
121.12
119.28
118.02
117.59
116.73
118.60
144.11
139.21
136.59
142.53
151.41
160.99
168.81
170.71
178.16
181.21
185.03
181.29
176.16
165.08
157.82
149.74
146.54
142.43
142.17
139.69
139.30
140.87
136.56
136.71
136.22
138.48
147.32
172.87
199.84
214.91
224.97
241.03
247.27
246.39
245.99
240.00
216.71
192.20
178.08
172.77
146.77
131.87
126.62
124.75
120.31
120.03
121.37
120.91
149.78
149.33
157.09
178.65
212.15
227.76
238.29
248.75
255.28
255.89
253.16
243.26
222.09
201.66
191.78
186.01
162.24
143.59
138.64
133.31
132.81
130.20
129.56
130.24
163.27
159.63
165.07
185.84
210.19
220.76
233.03
243.58
249.21
254.83
244.00
238.05
213.03
189.10
181.85
177.42
149.56
134.21
125.39
125.26
126.21
124.60
125.60
127.11
154.88
147.87
156.15
184.99
210.55
225.65
237.66
248.81
254.90
258.12
258.11
244.87
223.68
198.41
187.52
178.54
152.66
139.40
100.08
64.40
122.50
125.58
125.02
125.11
155.43
150.66
157.40
183.66
211.96
226.90
237.04
244.23
246.04
248.14
241.00
231.77
211.18
192.77
175.72
167.05
138.25
133.51
123.70
122.41
122.78
121.69
118.26
119.42
144.69
144.61
139.50
146.00
157.68
166.52
173.04
174.50
178.26
185.59
185.28
182.96
178.30
168.33
162.34
152.23
135.72
128.65
122.39
122.07
120.25
118.68
116.21
116.86
140.07
142.65
137.73
143.90
153.02
161.91
170.52
174.92
177.09
185.16
187.08
180.56
173.27
163.81
155.77
148.31
146.25
144.89
138.77
135.24
140.25
135.65
132.69
132.84
130.50
133.59
144.18
171.90
200.73
211.07
219.28
235.81
238.82
250.51
244.98
238.05
215.08
187.90
175.94
173.18
145.03
127.49
120.84
122.92
119.62
121.71
121.00
122.93
150.06
150.01
156.03
183.84
216.81
230.67
239.81
251.42
254.84
259.34
254.43
249.21
228.97
204.59
189.43
182.04
151.00
132.87
125.82
123.80
123.94
122.50
121.49
124.48
159.83
157.18
163.42
195.62
218.03
224.41
235.99
238.99
249.60
249.58
254.62
241.74
219.51
196.59
180.90
175.66
145.08
132.77
125.01
124.90
121.70
124.22
125.54
123.65
153.93
150.73
156.60
179.99
205.85
220.07
232.25
242.96
250.09
248.85
243.27
242.96
221.11
201.82
188.17
181.88
148.31
133.25
125.94
124.61
123.49
123.00
123.06
123.83
151.93
155.23
158.91
187.87
217.00
229.15
241.26
245.07
245.10
246.48
248.79
238.79
212.83
190.58
179.44
172.09
147.28
130.73
126.05
123.82
124.07
125.09
120.86
123.80
159.36
150.88
154.38
160.91
167.47
178.77
181.85
187.55
189.86
193.72
195.73
192.35
185.70
179.04
172.18
167.72
145.36
127.53
125.99
121.39
120.73
121.98
119.51
120.25
152.65
148.48
150.50
163.02
173.33
178.86
186.09
192.24
198.19
202.00
196.22
196.76
185.72
183.47
178.30
171.83
168.27
163.65
160.43
154.82
153.64
151.30
147.21
145.41
142.14
148.24
162.71
198.76
229.40
245.21
255.45
264.37
268.76
271.61
265.34
260.73
239.72
215.51
201.11
197.03
166.91
151.00
145.73
134.07
130.82
132.10
125.03
130.69
171.29
162.19
172.60
203.95
233.32
246.22
257.22
267.30
278.48
269.47
268.50
256.61
240.75
216.05
204.23
199.63
161.98
148.01
141.29
130.77
128.47
129.75
125.82
128.65
163.39
156.33
165.35
195.49
218.75
227.44
227.30
238.95
242.92
243.26
230.67
223.36
200.82
181.52
161.07
156.08
137.70
129.12
124.40
123.95
121.62
121.69
119.37
121.74
143.09
150.32
152.03
179.18
203.18
214.99
228.88
124.85
238.54
240.50
238.29
230.27
205.92
183.10
166.71
162.11
139.71
128.52
127.26
121.41
121.64
122.60
120.07
121.97
152.73
150.33
149.07
176.42
204.00
213.63
217.18
228.03
231.08
240.17
233.09
222.02
196.31
176.55
166.16
154.60
134.14
126.23
122.21
120.66
121.49
121.19
118.08
118.47
144.29
143.44
145.33
153.34
159.10
166.10
169.33
173.80
178.24
183.89
185.17
177.75
174.76
166.86
161.69
159.78
133.73
126.52
120.16
119.11
117.76
118.55
116.19
118.11
144.52
139.82
142.83
154.00
162.80
169.65
173.18
178.59
186.55
192.81
193.81
190.84
183.67
173.32
168.63
163.49
163.09
158.15
153.40
145.31
146.07
144.03
143.26
139.68
137.77
139.58
159.79
194.13
222.49
239.15
253.21
257.25
260.34
264.73
258.14
244.99
228.53
198.76
189.16
181.21
150.78
132.59
129.17
124.07
124.87
126.00
128.11
130.54
161.05
157.10
167.23
199.03
228.13
238.26
243.85
253.12
247.36
246.82
246.57
231.80
203.03
176.48
163.46
160.47
138.96
131.32
123.65
122.18
121.64
119.50
121.63
118.98
148.17
150.08
157.60
180.57
213.18
220.96
227.28
234.34
243.31
246.15
239.99
227.17
211.78
192.65
177.51
167.74
146.94
125.56
124.95
122.28
119.56
121.14
120.61
121.08
150.88
150.08
167.88
199.75
217.99
240.12
239.35
251.96
253.93
257.87
257.86
246.64
225.22
201.28
193.06
186.39
156.69
140.51
131.83
127.86
124.46
124.15
119.81
124.21
165.15
155.10
172.96
202.97
233.91
240.68
254.34
258.34
261.62
261.94
259.39
246.92
223.25
209.04
196.37
194.61
162.51
146.59
140.67
134.09
128.56
128.18
122.77
126.81
174.36
167.40
170.88
179.03
189.20
202.68
204.77
209.51
208.65
213.05
209.87
203.38
197.11
189.96
185.98
183.85
155.04
142.43
134.66
130.01
124.42
126.76
121.63
125.26
169.20
164.74
170.95
181.73
185.87
192.44
196.94
198.68
199.13
205.73
204.17
198.65
190.08
185.23
180.14
174.50
170.10
163.68
160.36
147.82
147.97
145.89
145.18
142.19
138.05
141.18
163.55
199.76
223.87
236.66
249.42
254.80
263.78
258.44
256.19
243.02
218.50
200.38
186.80
183.98
152.32
132.54
127.13
122.57
123.49
124.19
120.93
125.12
163.93
163.49
177.94
208.62
233.22
245.85
258.31
271.15
270.17
255.94
250.09
244.82
225.13
201.64
191.33
181.01
151.38
134.30
129.76
124.90
123.74
123.05
120.67
124.78
163.41
162.01
177.50
210.18
233.38
245.81
256.40
259.55
263.66
262.68
261.25
253.18
231.85
212.29
202.55
193.29
160.22
145.78
139.39
131.53
127.53
128.58
124.15
130.52
169.51
175.54
188.15
218.69
246.06
256.31
265.88
268.66
277.40
276.59
275.99
267.33
240.60
220.95
206.84
199.81
166.43
151.51
144.79
140.57
140.59
137.30
130.91
133.91
176.65
174.92
193.52
226.63
241.58
260.83
263.13
268.97
270.66
275.94
276.29
255.29
237.85
220.66
210.33
203.09
166.44
153.69
146.86
141.40
140.20
136.77
129.56
132.76
177.49
164.15
165.78
172.83
180.98
184.86
185.54
207.02
221.95
219.94
217.02
212.10
202.93
199.51
194.79
188.25
158.16
144.84
139.77
137.19
133.73
125.82
126.99
127.02
173.15
166.87
178.39
187.56
192.25
195.84
197.16
202.40
206.50
214.01
210.16
204.39
199.29
195.28
192.17
187.97
185.53
185.92
183.64
175.49
174.08
174.12
170.42
167.12
164.50
166.39
177.66
206.44
228.94
229.79
240.14
234.46
239.91
238.54
238.86
233.69
212.54
191.65
177.80
170.89
148.26
132.15
123.99
124.85
126.41
122.46
125.07
124.38
158.20
157.26
175.44
203.11
215.75
221.56
236.47
249.04
254.53
248.64
245.02
237.31
215.81
195.62
180.30
179.50
154.60
144.13
133.40
129.61
129.25
128.61
123.25
128.38
162.58
165.12
178.66
206.52
239.20
236.69
241.49
245.63
251.12
252.06
249.49
237.08
220.39
197.31
186.31
183.64
155.10
141.55
128.72
128.68
122.99
123.02
118.32
124.88
156.39
156.30
175.09
207.57
222.78
240.01
249.39
257.22
256.02
255.62
253.90
240.76
221.79
204.02
190.96
184.77
152.46
137.26
129.57
129.35
125.15
125.72
118.69
123.60
159.20
158.23
174.70
205.72
233.08
241.31
246.60
252.07
250.53
258.92
245.81
235.16
216.84
201.21
192.87
184.40
154.55
140.43
135.04
126.63
126.11
124.13
124.51
122.08
165.00
154.62
169.09
177.81
187.61
193.71
195.39
199.07
203.18
210.24
205.38
200.35
194.77
194.44
185.99
184.19
154.62
143.43
137.97
128.81
125.54
124.32
123.63
124.81
166.25
161.00
173.08
183.34
190.44
195.39
197.72
202.67
207.04
210.87
209.51
204.94
200.47
194.96
188.88
186.03
181.10
179.45
171.85
163.99
161.49
157.16
149.08
146.08
144.99
147.38
159.31
185.22
206.09
224.07
233.30
247.95
248.03
253.98
248.07
238.57
221.60
202.15
189.47
176.95
151.20
135.21
127.86
122.78
124.97
122.34
124.15
122.56
155.80
157.97
159.22
185.47
198.82
214.21
225.78
230.11
239.20
242.78
236.06
226.85
206.23
187.71
175.75
166.22
143.95
122.67
124.87
120.60
121.65
121.31
119.48
121.54
153.61
152.28
161.50
180.08
202.04
225.91
230.37
238.23
248.40
250.47
241.09
233.80
208.29
188.36
170.05
169.04
146.37
134.22
128.97
124.02
123.30
122.59
117.34
119.64
157.64
142.82
163.99
224.14
239.20
241.86
252.07
256.48
265.30
263.66
254.12
245.05
227.95
203.29
193.34
185.59
158.17
144.08
141.47
141.57
139.09
135.31
137.07
137.36
176.86
177.00
194.64
219.25
133.16
208.33
166.00
246.43
272.29
258.80
250.23
236.40
213.57
198.47
189.23
186.36
172.57
166.06
161.26
154.97
154.43
152.87
151.39
149.19
157.02
157.95
176.46
185.39
192.87
193.63
195.57
197.95
203.60
210.52
208.70
200.13
200.80
195.84
187.38
182.09
175.20
169.76
169.72
166.00
163.59
161.57
157.51
155.85
165.38
167.48
172.89
178.04
188.17
187.84
193.34
198.79
206.36
208.19
200.42
196.04
192.79
187.37
185.74
179.62
178.56
173.14
169.91
165.70
165.86
163.98
162.45
160.51
154.83
170.69
193.57
220.81
240.92
251.14
257.86
260.99
267.39
268.34
264.29
258.45
241.29
220.15
210.46
202.69
188.55
184.76
182.87
180.80
176.45
173.71
171.71
170.06
179.95
184.75
206.67
246.39
262.98
264.26
269.44
280.56
280.55
279.86
279.45
267.09
244.35
224.33
213.46
209.15
197.62
194.90
192.42
188.23
184.79
182.04
179.78
157.89
112.62
147.50
231.74
245.23
264.05
271.05
273.64
281.63
283.20
282.45
273.90
263.01
244.78
220.35
206.77
201.14
167.93
158.22
152.52
147.60
142.74
137.54
133.70
138.13
179.26
176.38
183.43
216.66
248.19
258.08
263.76
264.03
267.43
268.18
263.07
253.24
232.27
213.72
201.32
193.46
163.24
152.15
147.35
145.78
137.02
134.55
133.80
134.88
163.09
160.52
179.39
200.84
215.67
227.96
229.49
232.86
234.96
242.40
237.14
227.84
208.65
188.61
175.46
172.29
148.48
133.34
128.43
128.32
128.92
126.57
125.01
122.33
152.41
153.85
165.11
170.18
172.37
174.31
179.42
181.41
189.20
194.81
191.53
188.76
186.32
183.34
176.35
171.58
147.18
134.35
130.32
124.61
130.33
127.55
129.23
126.22
161.32
154.84
155.00
157.54
166.58
171.82
172.81
181.46
184.49
184.09
184.67
186.94
181.27
177.59
172.51
163.46
163.09
162.43
158.88
148.83
148.59
146.21
142.94
141.80
139.69
142.85
149.92
185.10
205.98
210.64
220.28
227.16
231.31
236.38
233.34
221.87
199.50
173.60
163.90
153.31
135.14
125.47
125.16
125.27
122.89
122.69
124.77
124.47
146.43
147.20
164.10
193.52
213.38
222.73
223.66
236.02
242.80
239.87
247.08
233.82
209.73
183.71
171.29
164.28
136.22
129.46
125.93
125.08
122.04
124.14
122.34
123.26
149.11
144.59
158.41
183.82
205.47
214.17
219.17
229.12
233.08
234.35
225.29
217.82
198.38
175.21
161.63
151.54
135.64
125.25
125.85
121.77
122.87
122.92
123.51
122.53
143.00
149.65
162.67
186.51
199.28
201.85
212.98
223.06
225.56
232.09
233.50
221.27
193.29
172.57
163.26
152.43
132.88
129.59
126.39
123.86
125.46
121.66
119.29
121.13
140.84
149.33
164.63
189.63
212.39
217.83
223.96
233.01
235.45
242.34
244.72
225.43
202.53
187.64
180.26
174.16
147.26
131.06
126.83
126.29
127.05
124.85
121.38
121.66
144.53
151.02
164.13
170.58
173.52
178.55
184.24
189.25
195.13
201.32
200.64
195.53
189.85
187.52
183.12
174.98
150.40
135.44
130.08
127.78
126.91
125.01
125.04
124.83
155.76
157.72
172.22
176.31
183.05
185.74
189.55
189.66
191.61
195.38
194.08
189.37
184.16
180.09
174.40
170.16
167.27
165.46
161.93
133.43
126.85
123.91
124.54
121.86
122.89
121.78
124.76
121.75
131.25
132.24
135.38
137.06
139.19
142.98
143.34
139.09
137.56
136.32
133.39
131.89
130.22
127.42
128.44
127.78
124.42
125.76
122.77
126.06
157.00
159.07
174.31
201.69
224.29
230.65
236.45
246.39
256.72
256.88
254.32
239.44
214.14
192.18
183.88
177.09
147.78
137.15
130.55
132.22
126.66
126.65
124.40
128.04
155.20
163.44
183.85
209.46
232.18
242.10
251.65
262.43
262.23
265.19
264.39
249.49
229.48
206.43
195.43
187.59
158.43
148.52
139.56
136.12
131.80
132.08
129.00
133.04
168.00
172.02
193.33
225.89
249.02
254.80
258.53
267.94
269.93
268.96
269.37
250.65
233.55
214.11
204.65
196.49
167.04
155.30
146.89
143.73
143.39
142.29
134.44
137.93
175.92
179.41
201.23
233.02
257.26
261.04
262.77
262.83
267.16
268.98
267.85
255.35
233.02
212.81
208.99
200.34
169.24
153.81
146.33
142.97
134.34
131.68
130.55
133.02
177.12
179.76
193.68
201.68
205.08
206.83
209.51
209.84
214.67
218.87
218.99
212.98
204.27
203.15
198.98
194.61
163.56
150.25
146.64
142.94
141.68
140.89
139.90
140.99
186.55
188.49
200.47
206.65
209.43
211.37
213.31
212.97
215.04
219.57
215.99
209.55
204.07
200.69
197.66
192.56
187.46
181.24
182.01
174.56
175.10
173.47
168.43
166.10
160.52
174.01
205.12
238.35
261.99
271.19
271.07
273.57
273.61
275.25
280.87
265.34
241.69
216.09
205.42
201.07
166.87
148.07
148.78
144.19
142.68
141.75
135.77
137.63
181.18
185.44
210.10
234.45
260.09
260.78
269.80
268.97
273.41
280.81
273.90
265.03
239.61
223.83
208.35
203.93
169.42
157.44
152.05
147.21
143.35
146.30
144.21
147.81
189.49
195.63
215.11
244.61
262.88
267.65
274.52
276.96
280.74
288.10
287.42
270.84
247.29
226.63
212.32
207.26
172.25
161.07
156.51
152.29
150.60
147.52
146.71
150.31
195.98
200.75
216.69
241.30
266.49
271.68
271.80
276.11
277.44
286.08
287.12
277.43
247.18
227.98
217.95
211.27
170.32
165.76
156.46
154.92
152.43
152.31
149.10
156.35
199.68
205.40
224.46
246.56
262.00
266.84
270.01
272.28
277.50
275.26
277.94
268.41
244.45
225.46
218.70
206.66
169.65
159.62
155.57
149.20
147.60
145.75
141.83
144.11
184.75
192.39
201.89
208.53
208.54
204.06
210.31
211.88
214.17
218.63
219.46
212.83
207.75
202.23
199.44
195.90
164.66
151.11
148.52
146.33
145.13
143.20
141.16
144.41
188.00
187.60
204.57
208.16
210.17
210.98
220.10
223.00
226.72
230.34
230.91
222.86
214.17
211.63
209.92
204.50
197.49
196.09
192.75
184.56
185.77
185.39
182.80
178.80
175.71
186.95
209.23
238.48
266.50
263.15
281.38
282.12
289.88
295.94
296.22
281.83
261.29
237.98
222.32
213.96
178.60
161.93
162.94
162.01
160.09
162.66
161.74
166.90
217.26
215.14
233.85
256.98
273.82
285.64
289.53
293.85
300.16
302.93
299.15
276.73
256.20
237.45
219.75
215.70
175.00
167.84
161.06
158.15
158.56
155.26
157.29
161.60
209.67
208.74
223.40
239.93
264.77
274.61
276.34
282.86
291.71
293.37
288.73
275.52
253.85
231.72
223.28
211.69
176.96
166.56
161.71
157.06
156.20
155.83
154.18
158.22
207.61
204.90
208.77
239.64
263.30
277.11
281.10
283.03
290.05
298.10
298.66
281.94
256.97
235.44
223.26
212.15
175.18
163.05
156.35
153.61
151.70
149.03
148.28
152.78
195.50
202.23
219.81
246.11
260.48
271.10
275.78
279.46
282.01
282.55
277.25
262.92
241.55
223.64
217.59
207.24
172.61
160.20
153.32
151.44
147.00
148.43
145.99
147.05
192.91
199.45
208.32
212.37
213.29
215.14
216.34
219.63
223.87
224.10
229.17
221.17
215.61
210.82
209.28
202.54
169.29
158.08
154.85
151.45
152.12
150.44
148.64
150.75
202.87
199.95
208.21
214.32
214.84
217.38
220.76
222.88
228.39
233.98
227.47
226.32
214.49
211.47
207.13
203.32
199.48
197.03
194.26
185.89
188.39
184.93
182.97
180.12
177.45
184.78
205.47
238.07
252.09
268.23
274.29
277.28
284.33
284.54
281.96
268.74
249.91
217.32
215.31
205.28
170.04
158.62
153.70
152.65
151.45
150.01
148.17
153.25
196.01
203.09
217.76
238.62
260.79
268.67
273.71
279.17
285.72
287.96
279.71
271.42
241.58
223.14
215.28
206.38
172.52
157.22
151.87
149.14
148.81
146.54
144.99
151.92
193.91
195.18
216.50
239.05
260.45
266.48
278.14
276.97
279.55
288.86
286.34
267.18
246.86
228.17
216.02
206.10
169.49
159.14
154.04
151.55
151.29
150.10
147.74
146.51
197.67
202.21
224.15
242.22
260.53
275.79
270.77
277.08
276.82
284.83
276.70
256.29
243.13
220.71
216.39
208.17
175.31
157.99
152.43
150.06
145.75
148.02
143.33
148.36
191.99
196.43
216.41
238.29
265.32
268.24
270.62
278.84
281.46
277.85
282.81
264.68
240.11
224.16
218.05
208.03
168.25
162.30
157.43
154.11
150.94
152.42
148.93
151.02
201.66
203.24
209.42
214.65
215.06
216.92
215.88
212.49
220.23
226.90
225.56
218.25
209.85
205.67
202.74
196.90
166.23
154.09
151.71
149.42
149.38
149.15
145.93
146.37
193.98
193.66
202.80
209.98
205.10
210.33
209.65
214.64
217.55
221.52
221.89
213.92
208.46
200.02
201.59
192.81
190.84
187.71
184.75
175.97
177.22
173.90
169.91
165.29
164.08
171.93
192.38
228.50
249.94
258.20
265.48
274.16
277.28
277.52
271.73
261.95
242.06
223.07
212.43
204.06
170.53
159.18
152.87
149.79
149.67
149.51
145.14
149.44
191.06
193.81
214.43
240.59
263.78
262.17
271.54
272.27
275.73
287.13
282.74
268.32
246.13
226.02
217.70
212.41
170.11
157.79
152.08
150.79
145.58
147.07
147.88
150.72
197.73
197.15
216.65
246.95
268.97
266.81
274.71
273.17
282.36
284.31
284.37
270.98
248.63
227.87
219.84
207.08
167.33
158.92
154.91
151.90
148.87
148.01
145.92
151.63
200.84
201.26
222.65
249.01
267.49
270.13
270.58
266.79
269.20
285.24
283.48
268.76
246.21
225.92
218.45
206.45
173.67
161.45
156.01
151.92
147.68
150.86
149.92
155.53
192.58
199.89
220.41
183.00
256.65
254.07
265.64
276.40
275.50
282.74
293.50
283.75
260.39
240.02
224.55
215.82
175.68
171.36
164.15
159.36
156.44
151.16
153.34
156.51
210.72
203.86
210.36
216.36
225.65
228.92
231.34
234.13
242.39
249.30
244.35
241.99
238.69
233.57
224.39
219.67
182.04
169.69
155.81
163.94
161.13
163.32
159.28
165.33
232.63
220.94
223.38
232.03
240.26
239.02
237.78
246.03
245.47
253.17
249.55
246.59
238.38
232.96
228.17
170.70
209.07
207.67
205.48
196.11
202.16
196.01
195.45
191.47
189.23
200.93
233.02
264.80
288.13
291.68
292.51
300.70
301.22
310.29
302.14
287.83
261.79
239.34
229.41
220.01
182.05
172.23
167.31
167.21
166.71
165.08
160.68
165.13
220.36
215.77
233.72
262.50
286.76
296.67
298.25
303.41
303.84
312.40
308.51
287.73
260.84
234.75
224.71
215.37
177.88
167.56
162.68
157.86
157.20
155.41
153.80
159.95
211.21
211.08
228.46
256.56
283.27
282.03
285.42
291.02
292.40
298.62
288.58
270.30
233.50
228.87
219.24
215.62
175.45
154.70
149.97
150.15
150.73
143.57
146.43
144.43
141.48
145.33
158.52
171.37
180.99
182.14
186.39
185.25
189.40
194.72
198.41
192.16
186.14
183.75
175.19
177.02
176.05
174.61
168.49
165.15
160.78
158.59
155.36
160.50
218.61
213.72
229.91
244.27
264.39
263.15
262.89
263.31
264.99
272.07
267.68
251.19
236.70
222.96
215.86
212.44
171.97
160.44
159.96
157.23
157.13
157.06
153.93
156.41
214.69
205.89
217.54
227.99
233.08
230.98
227.23
227.21
231.54
241.18
240.30
230.47
223.59
218.98
215.64
208.40
164.91
162.28
159.62
156.91
158.45
159.74
156.47
160.78
220.84
209.05
210.06
224.51
240.40
241.15
234.07
235.32
237.41
241.37
240.48
232.24
224.44
220.97
214.38
207.15
200.24
195.79
193.54
184.72
186.49
183.27
178.00
173.58
167.82
171.80
200.51
238.51
259.98
273.35
270.44
277.98
277.28
284.15
279.12
261.75
241.32
217.69
213.16
206.19
170.11
158.69
152.49
150.42
148.03
147.78
142.44
143.41
187.06
192.38
216.79
243.00
266.89
273.54
278.90
282.01
276.27
280.44
280.64
267.15
248.69
224.83
216.03
207.16
172.34
160.92
156.01
154.30
157.46
156.83
152.97
159.00
208.94
210.14
227.92
257.21
272.81
277.09
277.95
292.89
297.24
299.74
302.95
292.45
268.15
243.33
229.36
223.93
182.15
169.96
163.96
162.57
161.94
163.00
165.22
172.87
231.72
217.30
221.43
248.05
282.13
289.82
291.18
298.62
309.79
318.32
320.38
297.90
268.16
246.00
235.13
226.26
181.75
171.12
170.18
167.85
167.38
169.55
167.17
174.34
235.31
225.30
224.13
255.22
292.97
296.81
303.55
309.50
309.17
313.59
314.31
293.27
262.11
247.71
233.51
232.61
183.25
175.35
171.49
174.64
172.78
171.11
168.63
173.14
171.49
171.04
185.50
199.37
205.34
210.05
212.17
213.18
217.46
225.81
227.72
219.84
212.73
205.54
202.82
189.88
192.93
192.08
187.49
188.27
184.26
183.81
181.58
177.07
175.18
179.07
193.03
201.61
215.18
221.51
223.79
224.69
227.80
232.20
234.87
226.07
220.72
212.44
207.20
193.57
190.59
192.38
188.19
187.42
184.19
174.47
176.49
175.65
173.52
180.15
205.45
241.42
262.68
262.72
274.90
274.14
277.83
282.32
280.47
374.56
321.66
278.42
261.80
239.33
190.82
174.15
174.92
165.10
164.85
161.78
160.22
168.38
229.47
219.36
215.10
248.67
288.39
290.24
290.52
292.08
289.74
303.84
295.82
287.10
254.91
236.36
227.48
242.23
209.15
202.91
192.23
184.16
179.59
177.89
175.81
179.87
241.37
229.84
246.59
275.42
295.52
303.32
305.75
318.51
322.94
323.68
321.63
308.39
285.78
256.33
240.79
229.61
182.86
170.27
164.69
161.34
160.73
162.54
158.94
169.71
231.00
223.63
236.13
270.37
289.70
296.14
291.77
296.49
298.31
304.84
290.99
288.18
264.39
242.17
229.87
217.79
180.59
166.75
162.29
162.15
158.53
159.87
159.63
167.53
228.83
221.41
233.62
252.82
269.58
267.45
278.82
282.14
283.23
286.30
285.62
270.25
243.02
229.35
215.76
208.97
171.36
160.55
154.31
156.04
154.13
153.77
151.88
155.41
216.58
207.24
215.82
225.19
230.72
232.81
231.61
231.34
234.93
241.40
238.35
232.43
224.81
221.22
217.55
211.95
174.13
162.91
157.04
156.30
158.06
157.58
153.12
160.43
229.06
216.79
226.72
238.95
245.22
246.52
248.46
248.81
250.68
256.48
259.49
248.59
235.48
233.94
224.52
218.45
219.62
216.62
213.70
200.84
207.74
204.67
203.25
199.04
198.48
196.89
212.87
250.33
273.56
284.31
287.36
298.04
307.45
307.45
294.15
284.31
261.31
243.34
219.21
216.96
173.60
159.16
154.00
150.66
150.85
152.05
153.97
162.17
223.37
208.89
216.65
230.81
266.82
292.79
296.42
304.32
296.37
307.64
305.11
292.76
273.44
243.30
226.38
217.87
178.68
165.21
162.23
160.21
161.72
163.15
161.03
173.43
237.14
230.14
228.86
269.67
278.97
285.81
297.69
308.01
298.21
310.92
308.20
293.92
275.95
247.47
231.42
221.45
179.63
161.53
160.24
161.06
159.43
161.53
160.07
170.69
239.41
236.23
252.87
275.44
288.02
296.43
298.91
302.84
305.79
317.54
318.56
303.37
274.68
256.10
242.45
234.22
187.74
172.15
169.10
166.29
164.15
166.58
165.13
177.56
244.67
235.64
236.75
274.11
287.41
298.24
302.94
302.47
306.72
313.29
308.73
296.35
274.56
253.47
242.24
234.16
188.63
171.82
168.48
167.75
167.31
168.95
168.39
173.60
245.73
229.57
242.02
253.07
257.83
263.36
266.13
266.42
269.69
273.03
268.84
254.77
250.52
241.82
234.49
228.51
184.72
171.69
169.77
166.88
166.53
166.31
166.80
170.57
234.70
221.22
223.47
233.46
244.06
253.16
252.58
258.12
269.04
273.34
272.14
259.73
248.47
243.52
230.46
221.07
224.72
216.88
211.98
203.91
210.59
204.65
200.36
198.54
198.16
203.99
221.01
240.97
262.74
289.70
300.93
311.37
317.88
321.42
319.16
309.31
283.40
256.49
242.33
233.79
186.81
170.00
166.42
167.45
167.04
168.39
168.80
178.46
243.28
230.21
233.43
267.55
306.05
307.92
311.01
319.37
330.43
330.14
332.31
313.55
285.78
245.42
230.17
217.73
178.00
161.76
156.67
149.30
153.13
153.78
154.60
163.18
225.42
216.04
217.66
238.18
263.04
284.99
291.68
296.76
292.87
302.97
296.76
282.87
260.48
229.27
220.08
215.28
180.74
164.32
158.22
156.29
155.00
156.05
155.80
164.39
229.30
225.69
237.50
271.14
294.28
305.51
300.46
302.46
309.83
316.49
313.52
297.77
274.06
248.48
235.21
224.67
183.84
168.53
166.90
166.26
165.42
163.88
161.12
175.49
239.69
232.03
245.81
274.72
300.21
307.00
307.54
316.45
320.75
320.27
312.25
306.74
286.67
256.80
245.06
236.53
186.33
175.02
168.94
166.24
166.65
163.34
164.20
169.92
242.52
227.83
220.50
227.38
250.44
259.36
261.92
264.28
268.47
275.59
274.87
269.45
259.26
250.40
238.00
233.99
187.36
167.69
159.96
161.36
163.15
160.31
160.50
164.24
235.46
220.83
220.22
236.86
247.27
250.63
253.55
258.46
260.35
264.22
262.81
253.68
245.82
237.70
231.98
225.56
221.84
218.67
217.61
207.90
211.50
204.06
204.64
200.33
200.09
208.34
234.15
256.58
289.37
306.30
303.77
314.13
317.13
325.71
326.30
308.50
290.23
259.68
243.59
230.35
187.57
170.11
167.94
164.74
159.37
163.83
163.75
175.29
242.06
230.77
233.53
254.05
274.82
275.53
280.72
283.73
285.88
285.27
296.61
279.85
262.45
234.72
223.60
209.21
172.88
167.01
162.88
160.81
157.89
160.56
159.16
167.08
233.61
223.89
241.27
271.82
297.36
310.24
308.46
314.22
309.79
321.40
319.83
296.88
270.99
244.39
227.02
217.83
178.08
160.96
160.94
159.96
158.35
160.69
159.04
168.42
229.43
219.11
234.30
269.78
298.48
304.01
306.47
311.84
317.61
323.43
318.55
295.99
271.77
247.46
231.29
224.66
184.41
170.49
163.87
162.67
160.55
163.22
160.46
173.17
236.66
227.53
236.59
261.13
274.60
282.93
282.31
298.08
295.00
293.42
296.47
289.62
257.15
231.87
221.24
210.56
176.36
166.55
167.42
164.16
159.73
162.08
157.45
158.90
227.73
213.18
211.12
226.76
239.39
239.71
243.80
247.02
250.79
258.42
255.78
246.88
242.00
227.44
216.40
205.48
163.11
154.91
153.30
150.62
150.12
150.66
149.85
154.44
222.89
208.30
213.07
223.40
231.46
231.90
239.90
243.12
246.39
251.91
251.57
233.18
228.57
224.54
211.54
206.35
203.19
197.03
196.69
189.80
192.75
189.92
187.85
184.99
183.85
188.54
214.81
244.83
270.07
275.30
281.14
290.79
282.36
289.82
289.40
274.59
251.27
229.69
218.19
213.01
173.62
167.34
162.85
160.79
156.56
161.22
159.09
162.57
208.54
205.88
219.00
252.40
272.88
287.92
290.01
292.78
301.77
308.32
300.63
286.71
261.61
237.98
225.04
218.59
180.51
166.31
161.73
160.51
159.54
155.02
152.50
162.85
217.77
207.76
225.13
253.31
284.15
289.63
292.92
300.19
304.68
311.87
306.82
286.10
260.90
235.87
225.48
219.48
180.39
167.66
161.43
159.62
156.79
158.48
154.46
161.73
212.66
205.02
221.56
255.16
280.28
292.02
301.06
306.55
314.38
308.25
303.02
287.27
257.86
237.40
223.04
216.11
177.49
165.83
163.73
162.25
159.09
157.21
153.36
162.56
217.50
206.29
220.16
247.96
272.81
282.75
286.13
294.88
295.56
300.59
297.02
282.87
267.34
244.01
230.10
218.25
180.53
168.84
164.84
159.16
160.81
159.07
158.65
161.01
227.85
211.58
216.60
231.64
238.43
244.42
250.15
247.04
248.24
253.99
253.27
241.83
230.45
222.91
216.86
212.46
172.18
159.89
154.95
154.71
152.75
152.56
149.64
153.05
217.71
203.77
205.63
218.30
222.95
230.73
231.12
232.65
240.64
239.39
232.70
231.84
223.47
214.22
205.36
200.07
198.62
191.90
190.68
183.49
182.42
183.93
178.31
177.46
178.37
179.72
204.24
241.66
270.20
279.16
277.66
292.60
293.33
299.12
297.91
282.67
259.25
233.35
218.29
211.99
172.44
159.58
156.71
159.34
157.36
155.12
153.11
161.73
212.75
205.58
216.02
251.86
273.77
284.56
289.45
298.60
311.16
305.97
308.10
294.23
272.70
249.79
229.39
214.91
177.18
169.56
163.12
159.16
158.85
158.08
157.14
164.75
221.22
209.87
219.78
259.57
282.88
295.24
303.40
304.25
319.03
317.36
309.95
295.21
277.87
248.30
230.78
221.21
184.77
171.64
164.78
160.63
160.01
161.19
161.70
165.61
220.60
209.75
222.26
254.82
282.50
303.33
307.98
320.17
320.22
328.41
329.10
312.16
286.44
253.94
242.56
230.40
185.60
174.13
168.11
166.20
166.27
165.23
163.03
172.91
232.42
224.64
232.62
266.54
296.81
306.53
307.32
315.74
317.40
316.72
305.66
296.07
271.25
240.83
226.87
219.05
181.57
172.72
166.56
164.48
163.89
162.33
161.49
166.14
238.94
219.41
217.08
223.01
238.67
252.79
252.80
254.46
261.03
268.47
266.21
257.58
247.96
237.71
225.95
219.40
177.06
160.89
154.53
158.87
157.69
158.25
156.06
160.62
236.89
223.73
223.84
240.63
249.39
252.70
253.71
257.25
264.02
268.23
264.85
253.13
243.44
229.19
218.61
215.44
211.77
207.55
205.21
197.89
199.11
199.62
199.06
196.67
199.58
205.20
229.77
266.14
300.32
305.95
313.75
322.21
329.69
333.49
324.92
307.02
282.69
251.55
233.10
222.24
184.31
171.30
163.71
166.64
165.89
166.42
164.56
175.16
240.07
229.56
237.03
279.00
303.90
311.97
320.49
325.70
341.02
342.47
329.94
316.38
296.25
258.25
247.48
241.00
194.51
175.11
171.16
166.95
168.11
168.00
168.28
177.31
242.61
232.37
236.53
277.12
310.55
315.90
327.60
331.86
330.15
338.01
334.19
321.75
293.37
265.55
249.41
239.84
188.80
166.40
156.19
157.29
155.78
156.46
158.91
162.52
226.42
217.28
230.26
266.25
297.43
302.48
310.20
312.28
318.73
326.36
319.28
297.38
275.25
249.28
234.30
224.24
183.65
170.23
164.60
160.20
158.72
159.02
158.62
166.94
231.53
216.40
227.73
264.34
289.69
299.47
314.67
315.04
314.82
321.58
313.21
296.87
273.29
250.47
234.95
224.26
183.85
171.60
167.45
164.85
163.82
159.06
161.87
165.03
233.52
215.87
214.81
235.56
245.22
250.25
247.22
254.24
256.92
263.92
261.20
251.78
242.36
231.00
218.60
213.62
181.38
169.21
161.40
161.50
158.38
159.82
159.53
162.47
231.03
214.84
212.84
231.39
243.14
250.90
255.20
257.34
260.03
265.73
266.63
259.15
247.72
218.25
209.79
209.76
205.11
198.51
196.23
158.07
150.63
153.29
151.62
152.06
150.93
151.77
156.91
172.36
182.78
189.41
197.15
203.84
207.09
216.12
212.52
208.14
198.56
191.05
185.68
178.93
180.82
177.53
174.55
173.25
172.44
169.38
167.95
174.78
245.15
228.10
231.06
269.76
300.02
314.06
312.48
328.32
325.66
331.51
323.69
312.23
287.25
258.24
239.72
229.80
187.34
175.45
171.01
168.38
165.94
167.99
166.36
175.06
241.58
225.74
235.13
266.26
303.23
312.94
321.57
328.78
335.09
333.43
323.81
304.92
279.58
256.89
240.50
227.33
183.04
168.51
165.22
164.98
164.48
164.52
164.63
174.54
242.13
231.37
236.14
269.03
296.08
309.68
318.81
323.23
323.91
321.06
313.54
301.07
275.93
246.83
235.64
223.94
182.03
173.01
164.38
160.99
161.80
162.94
167.00
172.96
237.54
218.98
220.61
248.30
268.96
286.44
294.23
311.79
314.32
318.91
314.49
302.50
275.09
248.80
235.39
224.43
183.24
172.61
159.97
162.13
163.33
162.62
163.55
163.76
242.95
228.72
222.04
222.19
247.68
261.50
261.47
264.70
266.91
272.85
266.71
260.64
245.38
224.57
217.78
211.24
177.26
166.72
160.73
161.14
159.61
160.05
159.86
162.83
228.87
211.93
210.05
228.33
240.53
246.09
249.82
247.92
252.15
252.58
249.08
245.48
231.61
217.16
209.12
203.60
199.18
198.90
194.45
182.74
187.31
184.99
183.11
179.87
181.05
183.74
200.47
239.44
282.70
291.16
295.70
302.23
307.33
313.30
305.04
289.43
260.57
234.87
219.02
212.18
175.61
164.41
160.80
158.47
157.07
157.18
156.92
168.58
232.16
223.61
226.17
264.65
297.94
303.81
302.02
313.44
315.33
307.65
304.54
286.67
255.34
229.94
214.92
207.76
171.60
164.19
159.06
155.13
153.85
153.76
151.61
161.10
217.33
206.20
215.56
247.21
275.88
283.00
310.92
314.10
307.40
311.67
308.11
285.93
257.00
227.34
213.42
208.98
170.69
157.72
153.23
149.78
149.57
148.80
148.49
155.46
209.29
199.09
208.53
240.63
268.47
278.49
287.29
293.64
298.08
300.92
295.01
277.69
251.35
221.64
211.00
203.61
169.42
158.06
151.49
151.83
148.81
149.16
147.38
152.74
202.28
193.08
200.52
234.46
255.00
269.20
282.01
289.37
290.87
292.24
292.22
274.32
249.69
226.97
212.81
202.70
171.50
162.49
157.45
153.86
153.97
153.93
152.59
155.20
221.19
205.70
199.15
199.70
216.51
231.18
235.66
229.83
238.53
247.43
243.70
236.53
224.47
207.78
200.67
195.39
166.58
152.81
152.24
148.68
151.23
146.47
147.29
150.89
210.14
196.05
192.03
195.72
205.28
219.52
228.42
232.67
237.82
241.81
239.43
224.03
216.09
206.48
200.52
196.18
194.46
191.09
188.58
182.69
183.41
180.66
177.94
176.68
176.23
183.36
194.10
237.94
269.44
281.01
286.11
297.87
305.62
309.37
286.57
280.79
261.67
233.85
209.05
201.78
170.61
157.08
153.18
149.13
148.00
146.67
149.35
153.59
202.16
194.60
205.30
232.50
258.24
276.05
281.39
293.27
295.49
302.20
294.22
280.46
252.15
221.01
208.01
201.40
171.12
162.76
154.99
152.00
151.11
152.39
153.75
157.93
210.78
199.65
205.32
242.18
269.63
283.40
289.08
293.75
299.16
299.85
288.45
275.60
256.68
228.38
218.86
208.75
174.92
162.55
153.28
154.27
152.05
149.43
151.98
157.44
208.60
196.61
205.74
237.49
264.16
274.19
280.02
291.29
294.10
299.82
296.77
276.52
259.22
227.81
214.16
205.84
175.14
161.58
155.07
149.58
147.27
145.66
142.15
144.04
194.50
189.12
197.42
235.39
261.91
274.73
279.68
279.71
283.74
284.41
285.70
266.23
237.66
209.05
193.80
195.12
161.90
153.61
146.47
142.45
132.43
133.73
131.56
130.69
179.67
169.19
169.67
182.06
201.21
209.37
213.74
218.74
223.61
225.77
228.46
217.63
208.82
195.52
192.61
189.19
159.86
150.10
145.74
133.71
134.03
132.68
128.33
131.00
171.67
168.25
169.49
182.99
198.12
210.93
214.92
220.97
225.04
228.77
228.23
220.53
214.76
205.78
198.85
196.34
191.89
190.55
188.64
184.43
191.11
190.00
183.44
179.44
182.55
189.74
198.32
232.91
276.18
294.33
289.37
300.51
308.30
292.27
273.28
262.03
236.25
209.64
190.17
185.27
161.81
152.03
144.27
142.24
141.90
141.09
141.09
146.52
184.83
183.59
189.45
211.76
234.61
250.34
271.60
274.93
283.37
286.06
278.96
263.92
238.06
209.44
201.14
193.35
166.83
157.11
149.21
145.48
145.54
144.33
144.64
147.72
193.51
193.42
199.71
225.11
249.59
249.68
264.64
270.81
268.79
280.93
280.95
266.72
235.70
212.75
204.32
197.06
168.64
156.84
148.94
146.53
144.93
146.60
147.11
151.14
203.31
195.73
203.71
238.61
263.62
275.35
283.44
290.08
292.67
294.54
278.48
262.54
235.24
205.37
196.09
192.71
164.79
157.86
149.09
145.69
146.47
146.22
144.40
148.72
193.72
189.18
194.49
230.66
252.23
250.77
269.99
265.71
275.07
276.63
267.93
255.60
223.72
202.49
190.62
184.39
162.39
152.67
146.97
142.68
140.81
142.67
139.49
140.83
188.37
179.06
179.92
192.13
200.78
212.37
219.78
219.92
225.58
224.13
222.86
214.39
206.69
193.96
186.54
185.26
160.34
150.84
145.48
142.11
140.32
139.69
139.34
140.93
191.92
177.19
181.88
194.83
207.60
211.83
214.89
218.61
223.14
222.15
222.03
215.37
200.45
189.22
184.28
179.96
179.34
175.30
166.89
155.71
156.24
162.19
157.92
156.05
153.44
153.64
167.73
171.31
247.41
258.87
262.04
277.75
276.74
278.41
268.10
264.52
233.92
204.67
195.07
189.90
160.95
151.13
136.11
132.36
130.76
126.93
128.95
131.16
167.97
159.25
160.86
198.81
233.11
248.80
259.22
267.05
268.15
273.84
266.52
254.94
231.87
204.72
192.21
186.73
161.56
148.52
139.19
132.10
131.96
129.58
131.39
133.81
168.41
166.07
167.07
205.78
237.47
255.77
267.34
276.51
266.82
279.16
272.69
256.28
231.67
203.41
195.48
191.01
163.63
150.61
142.46
132.81
134.28
133.24
129.92
134.13
171.18
167.86
172.97
210.11
243.46
258.27
269.46
279.74
281.84
284.95
278.22
261.55
238.27
212.56
202.82
199.65
167.03
157.19
151.31
147.50
143.49
144.85
143.62
146.71
192.57
185.03
188.31
228.02
256.36
267.18
271.41
279.93
288.67
290.50
282.36
275.37
243.27
216.07
198.22
193.99
164.32
152.84
149.08
143.28
141.32
141.64
139.69
138.75
184.44
175.96
173.48
188.15
204.17
212.80
219.41
220.77
221.91
226.56
226.56
216.99
206.67
195.65
190.85
185.60
159.77
146.42
141.15
137.74
133.40
132.28
127.23
129.19
174.27
165.27
162.34
172.49
189.61
202.17
204.63
216.92
221.12
223.14
222.25
213.60
200.68
189.71
186.48
181.62
177.87
174.73
169.21
156.89
155.41
160.73
159.11
154.27
147.80
149.97
157.36
199.99
240.70
256.12
271.74
276.98
283.23
288.17
285.84
265.26
245.68
217.96
203.92
198.23
166.20
152.12
148.35
143.05
144.75
139.60
137.42
142.94
182.47
178.92
183.97
217.16
254.26
258.98
263.10
277.56
290.61
284.09
277.15
265.83
240.84
215.42
199.59
194.78
171.65
154.73
146.34
140.40
139.87
133.56
128.38
134.04
173.02
167.94
173.09
207.17
248.48
259.86
267.28
282.75
277.16
280.34
273.15
266.04
236.69
215.42
203.65
195.58
168.40
155.40
143.56
140.60
138.68
131.98
130.04
133.78
172.71
169.50
172.63
203.26
245.98
262.94
269.99
276.43
278.53
275.25
276.66
255.77
227.38
199.78
186.41
178.85
153.87
141.91
134.30
129.36
125.53
129.12
125.26
126.48
150.08
147.43
149.03
182.86
207.27
220.68
232.01
235.50
248.97
251.81
254.78
241.49
213.39
190.14
179.31
176.04
154.99
140.88
129.95
131.15
124.94
124.93
122.53
122.86
153.84
147.35
145.17
160.72
178.89
195.37
203.34
206.01
212.60
216.38
214.84
207.37
196.94
186.95
183.03
178.10
153.08
140.86
129.68
131.27
126.60
126.49
126.15
125.00
161.05
151.17
147.70
163.68
180.52
193.14
200.04
204.98
210.22
213.20
215.58
207.98
198.15
188.68
182.77
178.88
172.48
168.19
163.11
132.77
142.15
153.48
148.27
148.00
145.47
146.94
153.37
193.57
187.74
248.16
265.69
267.77
271.75
267.80
259.29
236.85
222.62
198.73
189.39
185.55
161.13
151.69
144.80
138.38
139.65
139.55
136.05
141.00
174.64
170.74
175.19
202.96
243.51
257.83
268.64
279.87
278.22
280.12
271.54
268.18
242.98
216.52
196.35
187.30
159.78
146.90
139.82
132.28
132.27
128.43
129.15
127.97
170.13
164.77
169.30
202.85
237.80
261.55
273.44
284.47
286.99
284.39
274.26
256.91
233.29
209.27
198.42
190.96
167.45
153.24
146.94
142.61
136.39
141.22
136.93
139.83
180.44
175.25
177.40
212.23
249.57
269.34
283.43
279.32
290.19
293.96
286.33
275.70
243.99
213.64
203.35
194.47
164.81
149.31
142.19
137.73
130.92
131.03
128.94
138.18
174.82
168.32
172.41
208.61
241.72
258.45
264.61
265.25
270.89
274.16
269.30
248.94
222.48
193.11
182.51
176.67
156.18
135.67
126.99
129.72
127.48
121.53
121.81
120.63
156.23
146.84
143.74
154.86
172.18
182.66
190.68
197.69
205.17
210.51
211.90
202.02
188.05
174.83
168.59
160.05
140.96
127.35
124.66
121.50
122.69
120.11
117.19
119.10
144.76
138.43
139.66
144.12
165.02
176.70
184.73
190.88
199.64
206.26
207.68
195.79
184.46
172.68
166.35
162.49
159.23
150.01
149.16
138.96
139.10
139.50
137.27
136.09
134.91
140.54
143.13
179.14
211.25
231.54
248.74
260.64
271.24
267.82
266.38
251.39
219.83
194.42
183.55
177.36
155.40
141.66
132.82
129.12
128.22
129.81
126.37
128.10
152.50
148.57
157.11
186.57
230.07
254.51
264.66
272.06
273.38
281.38
276.46
263.52
232.00
202.04
189.92
182.29
164.77
150.39
140.67
136.60
135.94
134.32
132.69
133.18
164.40
157.89
161.38
189.58
231.57
250.36
261.93
270.35
277.42
280.52
277.64
256.63
226.84
199.84
185.97
181.91
159.84
146.52
138.11
128.31
127.67
129.25
129.99
130.23
162.46
153.89
156.70
187.22
219.87
233.62
241.59
245.12
259.35
261.62
262.30
241.51
210.02
181.02
171.50
162.05
142.82
137.35
130.69
127.75
124.01
125.69
126.31
128.23
149.13
144.81
153.66
179.84
215.95
229.06
239.00
251.64
256.94
263.59
262.61
247.26
216.14
185.17
173.44
165.68
146.53
136.36
132.18
128.10
126.75
127.61
125.01
125.98
148.55
141.83
140.58
145.87
162.35
178.60
185.20
192.26
199.25
206.62
206.80
197.61
183.56
172.98
167.15
163.71
145.57
134.45
133.76
127.44
128.38
125.84
126.26
124.58
141.68
141.79
139.59
146.26
161.43
179.13
188.13
197.48
206.18
208.57
206.04
198.80
187.10
175.15
172.80
170.08
166.20
161.28
155.21
144.66
148.66
146.41
142.78
139.32
138.64
139.39
145.28
175.92
194.45
214.68
231.30
244.66
243.68
253.47
248.90
231.54
198.78
168.06
154.43
153.79
138.69
131.14
126.72
121.93
123.45
120.88
122.39
120.36
138.07
140.84
145.99
165.99
200.46
213.80
220.90
228.68
230.00
241.08
237.07
227.96
199.02
162.71
151.30
145.49
138.83
131.22
128.84
121.99
122.86
122.04
120.76
120.65
135.38
135.57
143.39
160.33
183.75
192.84
196.26
208.16
212.28
224.33
224.78
208.86
179.07
156.91
145.76
141.02
134.67
129.98
125.77
122.68
123.11
121.16
120.61
121.11
142.59
143.79
146.45
169.53
196.91
203.73
216.14
229.43
231.97
238.19
236.14
225.31
192.12
158.67
147.60
143.55
134.91
132.09
127.37
124.47
123.41
124.74
123.55
122.67
136.85
142.73
146.52
168.22
195.47
203.30
214.52
228.30
240.31
245.05
248.97
229.15
196.81
170.41
159.57
154.31
138.32
132.72
128.05
124.47
125.38
124.24
123.44
121.61
140.35
134.63
111.37
111.31
112.93
114.48
121.25
124.77
138.46
140.64
131.27
133.38
131.21
218.00
218.55
194.16
161.97
144.48
136.70
129.88
130.69
128.79
128.57
128.67
162.03
154.13
147.25
154.78
173.57
185.30
194.55
201.81
208.04
212.97
211.66
204.74
188.75
177.78
170.47
166.23
160.25
154.58
149.64
138.53
141.41
142.94
140.20
139.70
141.43
140.83
147.30
172.35
207.45
227.62
254.48
266.02
272.37
269.42
270.57
256.74
229.10
198.32
186.19
177.87
158.17
137.76
135.93
127.48
128.15
127.38
131.21
129.43
158.58
154.05
158.96
180.48
221.72
246.90
259.24
272.66
273.34
273.13
274.85
261.20
231.46
202.45
190.60
185.22
162.59
142.45
139.83
128.98
132.25
135.04
133.49
136.83
171.39
166.53
166.67
187.81
233.19
251.37
262.29
272.69
269.10
270.04
269.11
252.56
226.94
200.81
188.54
182.96
161.89
143.56
136.96
130.79
132.40
128.83
130.16
131.39
164.39
158.46
158.35
182.15
220.26
247.73
252.23
258.08
267.71
276.10
268.86
253.31
224.39
199.00
190.20
185.25
163.11
149.32
140.51
136.52
132.42
131.87
131.38
131.91
163.95
163.41
159.19
183.03
216.40
240.31
256.03
258.13
266.87
268.12
263.09
247.97
214.51
197.87
187.08
179.50
160.44
144.51
141.50
133.84
130.85
133.17
126.79
127.44
165.73
153.18
150.41
153.23
168.42
175.76
186.72
199.93
204.55
204.44
199.73
199.63
191.22
186.38
179.24
174.24
153.10
140.93
134.19
129.44
129.99
126.65
127.41
124.84
163.06
151.87
151.40
154.63
173.76
185.54
200.51
206.75
208.27
212.65
209.69
201.94
190.82
182.49
177.64
173.49
169.47
165.88
160.84
134.01
128.15
123.13
125.79
121.65
123.41
120.99
122.36
124.77
132.52
149.57
159.84
166.24
174.67
180.44
180.15
171.77
158.45
150.47
147.76
140.89
138.04
134.96
131.86
132.05
130.15
125.47
126.85
132.29
175.51
165.69
167.96
192.29
225.27
243.64
252.58
262.91
268.96
274.08
268.92
254.80
223.30
195.71
120.35
0.00
0.00
0.00
0.00
0.00
0.00
0.00
0.00
0.00
0.00
0.00
0.00
0.00
0.00
67.09
163.18
220.09
226.94
235.44
230.79
219.67
194.12
175.18
169.58
165.65
140.72
136.32
128.46
126.94
124.10
124.31
123.76
124.24
144.80
143.20
151.33
172.90
201.78
226.13
242.32
254.03
260.69
266.97
258.19
245.80
217.64
191.73
175.75
170.30
150.45
135.38
132.60
128.15
124.29
126.43
125.37
123.79
145.76
146.32
151.99
174.86
208.47
225.34
232.73
249.42
258.15
259.25
253.12
237.62
216.45
191.44
175.56
168.41
143.51
130.62
132.60
125.49
127.03
126.67
124.12
124.88
149.35
143.02
143.09
143.34
148.08
155.84
173.06
189.81
189.39
182.73
178.33
172.41
166.72
161.61
153.67
150.20
134.70
127.60
123.72
122.55
123.09
121.10
120.50
121.31
140.49
140.68
140.30
137.65
154.92
173.19
182.34
190.35
197.95
203.53
202.47
194.58
178.01
166.17
165.20
159.09
152.42
148.04
145.56
137.38
140.19
142.09
139.13
137.22
137.61
139.48
146.66
173.30
201.28
227.27
240.15
253.14
258.00
258.77
254.19
243.92
216.94
186.81
174.82
165.49
143.02
131.62
128.29
125.18
124.59
125.34
121.52
121.29
147.99
147.99
152.85
175.80
201.50
208.15
214.09
227.95
226.55
215.19
203.07
195.64
176.25
162.51
153.97
152.20
137.67
130.94
126.23
125.81
127.18
124.52
126.32
126.51
150.42
151.14
159.18
175.54
205.12
216.14
222.79
235.14
238.34
232.82
225.46
219.93
197.63
176.76
160.87
151.30
138.45
129.08
124.82
125.62
122.79
125.42
124.27
125.01
147.65
149.97
155.46
174.84
198.01
190.80
197.32
199.71
209.85
217.29
212.06
192.29
170.04
155.86
146.98
145.94
131.34
126.63
122.86
121.07
120.31
121.97
122.19
122.49
147.40
149.25
156.20
174.01
195.09
202.67
207.13
212.68
216.91
226.47
223.99
208.07
176.92
152.69
145.34
144.04
131.27
123.86
120.98
117.65
119.67
118.92
115.66
116.67
143.00
144.04
145.11
142.70
143.80
155.29
159.94
161.32
158.79
162.47
164.01
158.92
146.96
141.45
142.13
137.73
130.14
122.11
117.71
117.41
116.17
116.09
114.97
115.60
134.31
133.58
134.95
134.30
138.35
139.27
142.58
145.50
160.35
166.07
166.49
161.35
149.89
145.92
139.83
141.01
138.10
138.00
136.61
129.51
129.54
132.41
132.65
131.13
134.06
137.88
144.54
168.71
189.94
187.24
201.79
210.57
208.56
213.25
211.44
206.72
173.77
152.42
148.21
141.33
131.77
124.55
120.45
118.12
115.18
119.09
114.71
119.05
145.91
144.99
155.40
174.11
187.18
191.82
205.82
214.58
209.01
206.29
204.42
192.72
165.32
146.51
143.34
138.95
130.20
123.43
121.64
121.93
119.70
122.37
123.48
129.38
155.07
150.18
154.42
168.25
175.39
177.12
188.75
195.86
194.69
193.12
179.94
166.10
154.05
144.95
138.56
137.74
128.79
121.12
117.93
117.55
115.72
115.61
113.15
113.96
116.84
113.27
114.73
113.13
113.57
115.82
115.50
117.44
120.29
121.37
118.01
119.91
115.21
115.85
118.07
116.17
118.11
116.39
115.55
116.14
113.80
116.06
114.45
116.41
117.80
116.89
118.71
118.83
120.09
120.33
119.79
118.74
118.86
117.26
117.72
120.34
118.35
122.09
119.19
119.55
120.82
120.46
120.31
119.70
121.80
121.53
120.09
124.41
156.76
152.59
149.17
145.26
143.65
146.69
155.57
155.01
156.12
155.95
154.01
153.44
142.53
139.96
140.46
139.00
131.71
122.95
124.40
120.25
120.60
123.57
121.65
125.18
153.12
150.14
150.07
144.48
141.50
145.77
154.12
154.53
155.02
156.67
152.26
150.06
139.22
138.22
134.91
135.78
135.37
136.60
136.02
130.72
132.68
135.51
136.61
140.43
139.13
143.80
151.54
168.28
176.01
186.26
186.93
198.35
199.89
193.44
200.10
196.56
166.68
154.15
143.10
140.14
131.04
125.56
123.55
120.06
117.54
119.02
117.16
117.68
144.34
144.52
154.25
169.35
180.68
188.39
197.50
215.74
210.70
201.12
193.60
186.86
171.42
148.88
148.94
142.39
131.77
121.78
119.78
118.74
118.17
115.99
114.76
118.74
137.28
135.92
145.35
166.07
180.54
186.50
194.78
216.16
225.70
231.00
227.99
209.24
190.72
171.43
159.84
151.22
135.54
125.93
123.99
120.22
118.74
119.36
117.60
119.65
137.04
139.79
139.77
166.65
181.85
207.61
223.07
240.17
239.04
247.23
236.76
215.35
193.96
170.59
162.41
153.32
135.81
129.13
122.75
121.02
119.77
119.26
118.22
120.61
137.42
140.79
144.24
164.12
178.27
184.49
195.85
191.87
194.86
206.47
194.79
193.98
174.68
156.66
147.88
142.73
130.27
120.33
120.82
117.23
116.68
116.89
115.06
114.94
133.41
132.77
134.88
132.88
134.64
136.95
139.98
152.84
157.22
151.66
146.44
145.09
142.71
142.25
138.80
137.41
126.39
120.18
119.44
118.02
116.77
116.59
115.31
113.36
134.31
135.03
134.40
133.63
133.80
134.85
135.33
136.56
138.70
141.33
137.79
138.11
138.97
136.68
133.81
134.25
133.20
129.74
131.49
128.88
129.40
131.56
131.04
131.23
130.38
133.86
140.35
160.45
174.19
185.82
204.55
209.68
201.76
207.78
196.23
181.69
160.74
145.94
141.05
138.93
128.42
120.51
121.12
120.01
118.87
120.83
117.60
121.07
144.38
145.46
151.24
167.35
178.84
192.06
199.01
210.18
205.31
207.30
203.85
198.04
169.91
149.90
144.82
140.00
128.83
120.86
119.45
117.97
117.47
117.82
112.76
118.27
140.46
142.36
149.25
166.38
179.01
184.46
196.81
210.05
213.58
213.80
210.77
200.32
174.30
149.94
144.19
141.45
131.60
124.76
121.63
119.80
121.57
120.37
117.39
121.42
143.18
142.83
148.88
167.62
189.12
193.54
207.25
211.98
216.82
219.35
213.48
201.17
170.53
149.18
143.66
141.36
129.73
122.18
122.24
118.40
118.80
120.68
118.29
120.38
141.89
142.45
150.96
165.84
170.17
190.70
196.36
202.92
215.26
220.23
208.41
194.50
164.05
147.27
138.82
139.34
125.45
119.68
118.36
118.24
115.84
113.13
113.43
115.15
139.33
137.06
136.54
138.36
144.70
152.42
157.86
155.68
164.17
155.28
148.08
146.65
144.63
138.30
137.45
135.12
126.98
117.33
115.51
113.89
115.03
115.96
113.96
113.85
135.66
134.99
135.30
136.70
140.39
147.76
155.55
154.78
154.97
151.10
147.25
143.66
135.01
131.25
130.94
133.04
132.11
132.67
134.61
131.43
136.38
142.21
140.84
141.60
142.63
148.44
155.93
169.84
178.84
186.30
196.28
202.75
201.26
203.79
198.69
184.86
164.22
144.67
142.44
146.81
130.26
123.58
122.50
122.08
122.25
122.75
120.16
126.05
158.13
156.79
158.66
178.97
180.35
187.57
197.93
200.65
193.85
194.55
192.77
185.37
165.71
147.21
139.64
142.66
125.48
121.19
119.31
118.58
120.49
117.77
119.56
124.95
150.93
153.75
153.35
169.73
177.40
182.61
193.00
202.26
203.89
205.87
196.42
187.68
167.28
143.67
136.90
138.29
127.50
121.63
117.89
117.67
118.05
116.95
119.77
126.16
151.33
149.96
156.33
172.28
173.39
186.91
196.49
210.25
202.14
207.51
197.33
187.84
163.55
148.22
141.64
139.85
132.74
124.88
121.82
119.27
118.10
119.16
116.70
125.83
150.33
150.57
158.54
166.69
177.54
184.58
189.32
197.76
191.11
198.79
203.54
183.64
157.20
145.64
139.71
141.94
131.26
121.36
116.37
116.41
115.42
115.15
113.24
117.69
142.54
141.42
140.96
138.71
137.40
145.33
150.33
153.89
151.72
153.59
153.06
149.93
138.67
136.21
133.10
132.75
123.15
113.34
114.51
114.59
113.50
111.98
112.86
112.29
133.40
132.23
131.78
132.58
129.87
135.32
138.23
143.97
143.93
138.31
139.52
135.52
134.93
133.24
130.69
130.31
128.88
129.41
128.69
124.53
124.47
129.21
128.27
128.83
127.82
131.11
137.39
153.35
157.94
156.00
157.79
165.55
161.27
160.93
158.54
149.27
139.64
135.46
132.71
131.93
124.36
117.76
113.79
114.22
115.05
112.98
113.93
111.52
113.08
112.79
113.55
113.02
113.54
114.47
113.26
114.32
112.37
114.72
113.52
114.93
112.55
113.74
113.77
114.62
114.91
113.14
113.97
115.77
115.93
114.53
113.37
115.03
114.93
114.65
114.63
117.94
115.76
118.01
115.08
115.30
116.02
116.00
114.15
114.91
114.97
114.41
114.45
114.09
114.83
114.76
115.75
117.40
120.83
118.14
119.80
123.84
157.54
151.68
155.79
165.81
160.05
163.57
169.83
175.67
172.53
167.49
159.94
159.95
146.51
144.81
143.86
141.12
131.15
124.18
123.27
126.15
125.46
121.99
120.55
124.53
151.74
147.34
147.31
161.88
164.17
166.48
165.90
170.86
167.05
165.90
165.32
162.55
154.28
153.31
147.19
148.24
132.41
125.46
124.73
124.27
119.86
121.09
120.77
122.69
156.32
146.17
151.06
146.60
143.41
142.84
144.79
145.99
144.34
143.24
144.57
142.40
141.90
143.09
144.36
144.36
131.20
124.69
125.20
126.01
124.62
127.58
131.10
132.46
166.90
166.61
170.78
168.83
157.41
153.48
150.72
131.83
150.51
146.19
144.44
142.06
138.42
138.16
139.91
140.33
141.95
143.10
140.71
138.04
137.76
145.86
150.70
149.03
149.22
161.40
155.37
170.03
174.61
171.76
173.63
170.04
168.27
164.22
164.41
161.08
155.30
143.51
141.10
139.07
124.32
115.14
113.62
113.33
110.73
111.08
111.70
114.07
148.79
147.98
147.46
159.08
166.92
164.02
158.52
159.56
163.12
158.09
154.54
144.83
134.65
132.77
132.05
133.01
124.02
116.66
115.98
