0.00
0.00
0.00
0.00
0.00
0.00
0.00
0.00
0.00
0.00
0.00
0.00
0.00
0.00
0.00
0.00
0.00
0.00
0.00
0.00
0.00
0.00
0.00
0.00
0.00
0.00
0.00
0.00
0.00
0.00
0.00
0.00
0.00
0.00
0.00
0.00
0.00
0.00
0.00
0.00
0.00
0.00
0.00
0.00
0.00
0.00
0.00
0.00
0.00
0.00
0.00
0.00
0.00
0.00
0.00
0.00
0.00
0.00
0.00
0.00
0.00
0.00
0.00
0.00
0.00
0.00
0.00
0.00
0.00
0.00
0.00
0.00
0.00
0.00
0.00
0.00
0.00
0.00
0.00
0.00
0.00
0.00
0.00
0.00
0.00
0.00
0.00
0.00
0.00
0.00
0.00
0.00
0.00
0.00
0.00
0.00
0.00
0.00
0.00
0.00
0.00
0.00
0.00
0.00
0.00
0.00
0.00
0.00
0.00
0.00
0.00
0.00
0.00
0.00
0.00
0.00
0.00
0.00
0.00
0.00
0.00
0.00
0.00
0.00
0.00
0.00
0.00
0.00
0.00
0.00
0.00
0.00
0.00
0.00
0.00
0.00
0.00
0.00
0.00
0.00
0.00
0.00
0.00
0.00
0.00
0.00
0.00
0.00
0.00
0.00
0.00
0.00
0.00
0.00
0.00
0.00
0.00
0.00
0.00
0.00
0.00
0.00
0.00
0.00
0.00
0.00
0.00
0.00
0.00
0.00
0.00
0.00
0.00
0.00
0.00
0.00
0.00
0.00
0.00
0.00
0.00
0.00
0.00
0.00
0.00
0.00
0.00
0.00
0.00
0.00
0.00
0.00
0.00
0.00
0.00
0.00
0.00
0.00
0.00
0.00
0.00
30.11
35.29
36.10
32.45
36.42
44.19
44.62
40.58
32.43
27.57
21.66
18.60
17.77
20.30
18.97
18.45
17.67
20.08
21.67
17.22
23.65
32.70
34.88
33.05
37.41
19.06
35.39
35.15
38.36
38.66
39.12
39.08
34.78
26.58
19.84
16.21
16.49
16.97
17.55
17.96
17.61
23.19
19.08
18.52
26.11
44.52
40.03
45.86
36.66
33.55
34.53
35.08
37.33
35.07
36.11
35.37
28.06
25.19
21.30
18.84
18.43
19.16
19.08
19.13
21.03
23.58
24.36
20.07
18.02
18.53
17.91
18.14
16.89
16.24
16.13
15.24
15.26
16.41
15.38
15.10
15.45
14.63
15.34
14.56
15.09
15.70
15.90
15.22
16.90
15.48
15.82
16.35
17.01
18.37
17.53
17.47
17.97
17.03
17.05
15.56
15.13
16.55
16.38
15.89
14.35
16.01
15.73
15.64
15.71
16.53
16.28
17.48
16.23
16.12
16.92
16.61
25.76
40.39
41.13
41.99
39.15
41.17
39.85
37.28
36.62
35.67
34.93
31.00
28.86
24.03
19.40
17.85
16.39
15.62
16.69
16.46
15.88
17.62
20.51
18.14
23.36
30.10
33.43
34.57
35.20
38.60
37.39
34.47
36.60
37.59
36.23
32.09
27.08
22.99
20.24
15.61
15.38
16.77
16.16
16.98
17.31
16.39
21.27
18.45
24.21
35.09
36.55
36.30
37.75
39.76
40.94
38.39
40.39
40.75
43.03
40.27
33.80
25.84
20.62
16.10
14.70
17.99
15.47
17.47
22.69
20.39
18.43
15.80
21.49
30.99
33.65
37.50
40.36
36.20
37.30
35.26
39.28
41.54
40.82
39.50
31.47
23.82
21.08
18.89
16.70
19.11
20.84
18.77
22.00
19.27
19.49
18.35
17.77
20.88
26.06
34.46
35.12
36.93
36.97
37.04
38.73
38.91
38.42
35.85
30.90
23.91
18.72
18.97
17.57
19.75
21.84
17.11
17.86
17.94
19.25
17.78
17.75
19.36
18.19
18.48
17.90
15.99
17.37
15.19
15.41
16.41
15.33
15.45
16.40
16.41
16.28
16.05
16.55
18.29
17.11
17.12
18.85
18.24
17.91
19.04
17.91
19.03
18.82
17.94
17.94
16.72
16.05
15.32
15.29
15.96
15.48
15.36
16.22
15.76
15.54
17.06
17.21
17.34
16.70
16.61
17.46
17.51
17.87
18.18
17.98
18.58
17.96
17.74
18.03
17.04
16.18
15.39
15.31
16.38
15.80
16.00
17.24
16.49
17.26
17.74
16.72
18.21
17.84
16.78
17.12
16.10
17.02
16.69
23.81
45.19
42.85
45.50
48.37
49.20
49.03
42.56
39.77
42.27
40.84
38.44
32.68
28.14
22.12
20.95
19.18
20.93
24.64
22.98
25.76
24.22
24.35
21.13
27.07
47.41
48.10
42.54
47.51
41.66
38.86
37.95
40.81
38.11
36.84
39.78
33.05
29.18
23.30
18.12
18.61
18.42
19.01
19.72
22.58
25.10
23.65
19.44
25.52
45.01
46.82
46.05
39.97
40.59
38.39
38.81
36.19
36.94
38.75
38.58
34.72
26.99
19.41
17.58
16.25
16.47
18.20
17.82
17.86
19.90
20.18
17.80
24.64
43.28
40.03
44.84
37.49
37.20
36.31
33.85
34.13
37.14
36.54
33.54
30.92
24.31
22.01
15.78
16.04
17.36
15.77
17.34
18.27
20.31
21.35
18.73
19.29
19.52
19.10
19.80
18.62
17.38
15.89
17.36
15.61
15.65
16.74
15.73
15.61
17.23
16.23
17.13
17.55
17.07
18.13
18.14
18.70
18.29
17.80
18.96
18.44
18.51
19.58
19.45
18.53
16.89
16.40
16.93
15.55
18.02
19.11
19.51
19.38
15.33
17.26
16.77
16.66
17.47
17.55
18.58
18.36
18.52
19.18
18.32
26.20
41.52
42.17
45.69
39.73
41.15
41.04
40.31
42.55
44.90
41.48
36.89
33.44
25.29
21.84
16.48
15.29
16.36
16.46
15.65
16.88
16.96
18.76
20.69
22.62
31.79
36.05
36.18
37.87
39.23
39.42
40.07
40.12
42.29
39.29
9.64
33.67
26.95
22.82
18.35
16.63
17.71
18.09
18.17
18.53
20.40
23.11
20.61
18.58
21.14
26.51
35.75
37.13
38.75
40.02
38.96
41.24
45.30
45.24
38.39
32.69
27.93
20.92
19.65
17.07
18.59
18.89
18.87
19.02
16.99
21.47
20.33
17.83
22.28
28.53
35.54
35.89
37.61
38.44
34.92
39.37
43.39
43.65
42.51
35.70
24.42
19.02
19.06
16.45
19.80
17.85
18.89
21.29
21.39
19.42
15.72
16.99
20.01
25.72
32.36
35.84
37.18
38.24
37.84
39.63
42.50
43.22
41.11
36.59
28.52
22.72
21.97
19.02
19.98
18.96
19.76
19.95
18.10
22.07
19.22
17.67
16.30
17.19
16.20
15.83
17.46
17.64
16.99
15.37
15.17
15.72
15.42
15.11
15.59
15.08
15.26
15.98
15.29
15.20
15.77
15.12
15.56
16.04
16.28
17.14
15.76
17.13
16.21
15.83
16.42
16.30
15.68
16.43
15.27
15.78
16.00
15.52
15.42
16.12
15.56
16.15
15.74
16.05
16.54
15.91
17.07
16.29
16.86
20.61
26.92
35.19
34.34
36.04
35.65
36.47
35.88
36.91
40.50
37.95
34.21
31.49
23.26
18.21
17.23
15.38
15.80
17.04
17.46
20.76
20.12
16.92
16.99
22.65
31.39
34.94
36.08
37.65
39.21
40.19
41.31
37.74
38.22
39.54
35.33
28.99
25.73
19.59
16.07
16.04
15.70
16.24
16.24
16.25
18.34
20.91
18.38
22.55
30.03
36.91
36.59
38.80
38.75
38.41
37.49
38.00
39.10
40.54
35.37
30.86
29.11
22.92
20.14
19.52
19.37
20.04
18.90
20.21
21.22
20.69
23.65
28.48
48.80
55.62
55.51
41.64
38.25
37.57
35.15
35.13
36.47
36.22
33.10
29.98
25.78
19.29
19.76
20.81
22.46
20.53
20.20
24.13
22.35
22.84
20.40
26.05
46.47
52.07
48.83
33.18
33.09
32.93
31.99
34.41
36.27
36.38
33.82
30.04
23.71
19.51
19.15
19.01
20.39
21.11
18.34
18.46
19.44
22.95
19.02
18.84
17.60
18.74
17.79
17.73
17.51
18.45
17.66
17.51
17.02
17.64
16.35
16.21
17.36
17.25
17.59
17.23
17.23
18.66
17.61
18.77
18.44
19.21
18.43
18.63
19.30
18.59
19.78
17.79
17.98
17.50
17.03
16.57
16.27
20.01
19.22
20.06
16.03
17.08
17.60
16.28
16.99
17.90
17.57
18.74
17.69
18.15
17.56
27.04
45.29
44.96
44.28
44.56
39.83
38.96
36.30
36.81
36.67
35.43
32.82
30.20
25.10
19.55
16.14
17.13
19.28
19.20
19.86
24.44
24.98
22.00
17.87
24.83
44.75
45.07
43.53
47.23
37.79
35.80
33.30
36.45
38.03
36.39
34.99
29.13
25.43
20.81
18.81
19.14
21.63
20.81
19.33
19.21
19.28
22.36
19.83
23.91
37.05
37.23
38.95
36.94
36.17
38.52
38.13
38.36
38.49
39.66
35.70
32.39
26.18
19.63
21.75
18.78
20.88
20.60
21.91
23.34
22.26
18.99
17.57
17.08
18.99
24.42
33.51
36.14
36.06
37.14
36.38
35.46
36.13
36.16
34.13
28.98
25.18
19.56
18.82
19.27
17.68
20.58
19.41
19.74
22.32
21.77
8.95
9.52
18.63
22.27
29.44
32.66
31.91
34.95
35.50
34.08
35.26
34.70
33.34
28.48
24.80
18.26
18.13
17.96
17.79
19.89
18.39
20.98
21.32
20.21
17.73
17.20
17.72
17.44
18.35
17.08
17.62
17.41
16.95
18.17
16.75
16.72
18.48
17.87
17.56
17.28
18.04
18.64
18.60
18.90
18.68
19.41
19.08
19.99
19.63
19.12
19.97
19.72
20.21
19.47
18.52
18.91
17.44
17.40
18.87
21.30
21.08
17.95
18.76
18.96
19.03
19.28
18.98
19.88
19.90
19.11
19.50
19.50
19.76
27.25
42.95
41.05
38.82
45.58
38.46
40.39
36.69
33.78
35.22
34.07
33.82
28.92
23.15
16.98
16.99
16.98
19.07
21.24
18.20
18.06
22.54
21.67
18.82
25.31
46.75
49.73
52.69
45.71
37.03
37.28
35.85
37.66
35.05
36.74
31.92
27.42
23.94
18.12
17.25
17.09
17.52
20.75
19.21
19.89
18.88
22.34
19.87
25.71
46.50
52.95
55.31
50.30
32.31
33.96
34.90
35.73
37.24
35.63
32.75
28.99
24.72
19.21
17.92
19.27
18.62
19.17
19.31
20.45
21.04
21.10
19.08
25.02
38.29
37.35
36.65
41.90
43.95
37.66
36.75
34.59
37.40
38.41
39.56
31.88
31.79
34.94
34.41
35.31
34.51
34.61
34.28
34.66
32.82
34.36
32.99
35.91
44.75
46.04
48.44
58.52
50.92
37.22
36.99
37.28
39.27
36.08
34.49
33.62
32.76
32.30
25.05
35.67
29.13
35.25
34.94
35.61
34.26
35.99
34.91
35.49
34.44
35.07
34.60
33.35
26.06
26.94
24.04
22.09
26.02
25.10
23.23
22.03
26.28
28.17
25.28
24.84
34.21
24.50
34.98
34.77
34.32
35.70
34.07
35.01
35.13
34.41
31.74
27.13
20.14
18.37
17.40
20.05
21.58
17.94
16.44
17.32
17.23
16.69
16.31
16.52
17.95
16.74
17.88
17.96
17.40
17.70
18.40
33.10
51.82
51.67
44.81
41.57
45.93
45.41
42.97
44.01
45.53
45.10
42.26
33.37
27.84
26.47
28.00
28.94
30.18
27.26
27.34
27.20
26.54
26.36
27.77
37.40
48.66
41.57
45.44
38.63
39.27
39.16
42.81
43.70
44.67
42.80
37.68
33.88
27.51
24.40
24.54
26.08
29.09
27.74
29.58
28.07
25.54
25.14
25.65
26.31
27.44
31.64
36.75
40.55
40.46
42.10
46.15
44.47
46.59
48.20
45.29
39.87
33.49
29.25
28.54
30.46
30.09
30.44
29.52
28.15
24.77
26.55
27.41
32.30
36.01
34.83
38.98
41.57
45.24
45.72
45.80
50.23
47.27
47.67
44.12
38.65
31.22
30.70
28.99
29.82
26.85
26.49
28.86
28.65
27.77
26.44
26.98
28.26
27.61
30.04
37.75
37.64
37.82
43.75
44.31
41.19
42.61
45.37
43.31
34.66
29.70
27.25
26.67
27.82
27.74
27.80
28.83
24.98
26.18
25.97
26.31
27.20
27.02
27.08
27.12
26.33
25.96
26.82
26.66
25.94
26.26
26.78
26.03
27.01
26.25
26.27
26.21
26.75
25.97
26.20
27.09
26.20
27.42
27.83
26.43
27.10
27.47
27.48
27.82
26.86
26.05
27.03
26.35
26.37
27.10
26.41
26.58
26.95
26.23
25.95
26.74
26.66
26.71
26.15
26.37
27.15
26.36
26.32
28.10
28.14
29.30
32.10
36.64
37.72
40.40
42.98
44.46
45.35
45.84
49.16
47.63
37.74
30.87
26.78
28.65
27.76
29.07
28.81
29.65
29.72
28.01
30.07
28.22
29.61
32.19
33.20
39.37
43.18
46.47
48.07
50.35
50.65
53.89
55.30
50.20
43.62
34.88
29.14
29.98
30.17
28.16
27.38
28.81
27.91
27.40
28.51
27.18
27.10
28.53
29.95
36.04
41.95
45.15
48.79
50.98
52.84
55.50
56.95
52.98
45.57
36.37
27.84
26.52
29.08
27.31
28.63
27.84
27.59
27.66
26.89
27.79
26.79
27.37
31.51
38.12
41.91
43.38
45.82
46.54
49.36
49.17
47.35
46.53
37.00
30.37
27.23
27.83
28.75
29.95
29.87
29.24
28.85
27.30
26.59
27.22
26.98
27.00
29.08
36.07
37.59
39.07
41.94
42.95
40.90
41.88
42.46
38.01
34.61
30.32
27.96
29.72
30.01
29.68
28.34
28.87
27.97
30.59
28.59
26.64
27.03
28.36
28.80
29.69
28.25
27.73
28.19
27.36
27.16
28.20
27.32
27.90
27.46
27.11
28.14
29.62
29.97
29.07
30.10
29.59
30.62
31.82
30.73
31.84
30.41
31.90
30.93
31.93
30.07
28.87
29.11
29.83
28.68
29.37
29.35
29.05
29.78
29.05
29.25
29.62
28.89
29.01
29.78
29.16
29.03
29.99
29.41
28.98
29.86
31.79
37.22
38.79
42.54
44.95
45.24
44.94
43.27
42.09
38.93
34.81
32.67
27.28
25.78
27.36
27.83
28.04
27.62
27.13
27.29
26.77
27.42
25.84
26.47
29.95
33.83
40.83
40.28
40.66
42.30
39.86
39.77
42.52
40.14
38.70
33.25
29.95
27.40
29.45
29.05
29.13
30.36
29.35
31.14
30.16
29.14
30.06
33.94
38.66
36.42
40.94
39.74
39.57
41.52
41.31
41.40
42.80
43.38
40.31
34.34
31.32
27.21
28.46
29.17
32.08
28.73
30.46
29.59
29.65
28.33
27.91
35.45
44.74
44.53
43.91
40.62
40.18
42.19
39.23
43.83
43.52
44.08
41.77
34.86
29.94
26.87
27.40
27.74
28.95
29.50
30.56
29.26
29.90
29.52
29.76
34.56
42.57
40.19
40.16
38.53
41.53
39.95
42.50
43.68
43.93
42.25
40.27
35.83
31.81
30.03
30.17
30.05
29.39
29.88
29.88
28.92
28.41
27.94
27.01
27.32
27.78
27.21
26.97
27.74
27.21
27.38
27.86
27.23
27.48
27.39
28.35
27.21
27.16
26.92
28.25
27.14
26.93
27.94
27.25
27.29
27.63
27.83
27.31
27.28
27.99
27.19
27.40
27.91
27.42
27.48
27.49
28.17
28.24
27.89
29.00
27.95
27.26
27.08
27.95
27.08
26.91
27.12
27.89
27.54
27.18
27.17
28.10
27.73
27.89
36.59
43.71
47.28
51.65
53.11
55.00
55.68
54.64
55.89
52.63
47.83
38.25
30.91
31.06
29.81
29.93
29.12
30.16
29.29
29.33
26.37
25.61
25.97
25.69
28.82
38.75
49.11
51.03
54.60
51.18
55.33
55.22
56.24
57.17
47.14
36.77
27.79
26.72
27.35
26.81
26.19
27.35
24.83
24.03
23.00
22.37
22.27
23.22
28.41
38.05
45.94
47.78
52.18
54.67
57.75
54.23
53.82
52.39
42.63
34.83
27.04
28.11
27.76
27.31
26.19
26.67
26.40
24.63
22.73
24.66
23.18
23.38
29.49
39.73
46.72
46.09
45.02
43.84
46.99
44.03
45.02
43.18
35.03
28.49
25.49
26.19
29.23
27.62
27.19
28.16
25.66
23.90
22.50
23.50
23.64
26.58
27.64
33.58
39.23
40.35
38.86
41.20
41.07
39.90
39.47
40.92
36.15
28.00
23.84
23.88
22.82
23.62
25.99
27.89
26.30
26.08
23.69
22.43
23.26
23.31
23.02
22.31
22.89
21.94
22.07
23.00
22.15
22.26
22.27
22.37
20.61
20.80
20.48
20.98
20.73
20.56
20.50
21.33
20.98
20.81
20.93
21.63
22.00
21.08
21.72
20.56
20.76
21.44
20.82
20.88
21.61
21.10
21.07
21.13
21.49
20.57
20.33
20.78
21.45
20.68
20.75
21.58
20.77
20.67
21.46
20.68
20.68
21.20
30.81
42.53
51.48
52.50
51.64
54.43
59.21
60.84
57.78
54.26
46.11
38.72
28.80
27.66
29.43
28.38
27.88
28.54
27.14
26.01
26.04
25.39
25.49
25.51
30.27
41.22
47.50
51.63
54.35
53.33
58.87
61.10
59.48
54.53
47.68
35.75
27.03
26.80
27.36
26.26
27.29
25.89
24.95
22.67
22.57
21.78
22.60
23.14
31.05
42.21
50.86
53.33
51.73
52.31
54.29
55.16
57.05
50.32
40.08
34.04
26.15
24.18
26.65
26.65
25.41
25.32
23.20
24.01
23.34
23.21
24.12
24.04
28.15
40.75
50.48
54.37
56.65
54.61
57.19
56.53
56.60
51.38
43.51
32.22
25.49
25.77
26.88
27.04
21.22
13.81
27.74
25.80
25.35
24.31
25.09
25.63
28.62
39.50
44.25
45.28
46.45
46.57
49.56
50.30
49.39
48.13
43.22
33.32
27.36
26.75
29.40
26.95
26.52
26.67
27.13
23.95
23.39
23.99
23.25
23.17
23.86
23.02
22.86
23.54
25.77
24.21
24.67
24.75
25.70
24.95
25.00
24.21
24.49
23.69
23.42
22.88
24.56
23.06
23.09
23.89
23.05
23.19
23.20
23.89
23.01
23.01
23.65
24.48
24.04
24.21
24.91
25.26
25.18
24.80
25.65
23.86
23.77
23.43
24.19
22.96
23.24
23.20
23.82
23.19
23.06
23.86
24.45
24.91
30.03
38.09
46.73
49.65
47.70
51.94
51.53
53.08
54.44
52.14
45.65
33.89
25.60
25.15
27.42
26.97
26.33
25.50
26.50
24.38
23.52
22.19
21.99
22.84
27.38
37.90
44.34
48.15
49.18
51.02
53.79
56.25
52.59
51.49
42.37
39.49
27.18
24.64
25.97
27.46
25.58
25.41
25.84
23.72
21.89
22.43
24.44
23.73
32.81
43.78
50.10
52.09
49.74
49.14
51.49
49.18
48.87
49.84
42.28
36.70
27.21
25.73
25.64
25.39
24.24
25.90
24.10
21.57
23.88
22.05
23.28
23.63
29.30
33.61
40.50
42.65
45.74
45.64
51.19
49.95
48.78
50.12
42.43
33.95
24.24
23.81
25.88
24.84
25.49
24.63
24.91
21.52
22.19
21.36
22.04
22.31
25.21
36.83
43.49
44.71
45.25
48.40
47.18
47.60
46.81
44.35
39.54
32.41
24.38
22.76
21.10
21.82
21.45
22.21
25.24
23.55
24.43
23.36
22.90
22.67
23.69
22.87
23.17
23.51
24.91
23.89
24.56
24.52
25.89
24.86
24.65
24.26
23.93
24.24
22.99
23.04
23.43
23.76
22.91
23.06
23.13
23.96
22.94
22.77
23.91
23.01
23.92
24.42
26.24
26.16
28.19
28.37
28.70
28.96
28.51
26.89
25.21
25.40
23.72
23.67
23.27
23.80
23.10
23.07
23.30
23.86
27.66
31.48
38.22
52.99
57.65
60.89
62.85
63.47
64.54
67.54
67.11
66.47
55.95
46.10
31.48
25.86
27.20
27.08
27.39
24.85
25.93
24.22
21.29
19.89
23.44
24.44
31.80
48.08
59.86
60.63
61.14
64.06
64.37
67.76
69.17
67.25
56.96
46.47
32.75
28.21
40.74
45.87
40.82
34.47
33.92
29.70
30.69
28.32
24.57
24.99
31.71
44.19
47.52
45.77
46.69
48.75
50.38
51.64
48.88
45.58
40.31
33.58
25.45
26.38
26.19
27.62
26.79
25.21
24.79
25.01
24.00
23.17
24.54
26.29
30.20
42.26
45.60
45.43
44.68
35.95
49.90
49.46
47.71
43.55
37.69
31.73
24.64
24.47
26.61
26.53
26.50
25.69
25.03
24.21
22.71
21.78
24.95
27.85
29.72
36.81
42.34
47.17
45.74
43.71
44.36
46.50
44.47
44.08
38.19
32.62
26.45
24.60
25.50
24.64
25.56
26.29
25.00
25.13
25.55
23.90
23.61
23.42
22.77
22.56
23.03
24.43
23.64
23.41
24.21
24.54
24.47
24.29
24.00
24.64
23.56
23.20
22.87
23.56
22.85
22.87
23.54
23.11
22.77
22.79
23.40
22.66
22.83
25.50
26.76
27.04
26.74
28.87
26.65
26.49
26.97
28.54
26.28
25.33
23.51
24.45
22.83
22.77
23.11
23.58
23.31
22.82
22.69
23.57
27.83
32.65
35.54
45.89
50.50
51.81
53.90
53.76
52.40
59.73
56.92
53.75
50.83
42.86
28.00
27.13
27.39
26.36
25.09
25.36
26.16
22.01
21.61
21.92
26.66
28.92
33.13
44.76
54.53
54.59
52.03
51.72
53.10
52.81
50.48
45.39
35.90
31.79
26.28
25.81
25.84
25.47
24.67
24.68
25.58
21.11
21.41
22.10
22.42
23.42
29.57
36.32
42.76
46.23
44.88
45.57
48.28
49.58
49.09
50.43
43.77
36.05
26.75
25.46
25.65
27.01
25.93
25.72
24.57
24.34
22.03
22.10
24.23
26.46
32.88
44.37
49.78
49.30
48.66
53.19
55.77
58.51
59.71
56.11
50.72
44.96
30.17
27.19
26.17
27.91
25.62
25.29
25.83
24.29
23.32
22.73
27.28
30.09
39.20
50.66
55.84
59.13
59.41
59.16
60.97
63.55
63.74
60.36
55.44
51.43
30.65
25.13
27.21
28.59
27.13
25.96
26.76
26.09
24.47
24.21
22.38
23.79
23.20
24.35
26.57
27.87
29.14
30.33
31.78
32.78
32.65
32.69
32.10
29.97
28.32
27.22
25.97
26.35
24.78
25.56
24.23
23.45
23.94
23.88
23.51
22.99
23.74
26.07
28.93
29.25
29.33
30.58
31.48
32.75
32.17
32.38
31.12
30.26
26.78
26.38
25.12
25.16
24.07
24.31
23.70
23.02
23.27
24.19
29.41
36.54
47.07
53.47
59.35
62.89
61.09
63.54
62.21
61.62
59.79
51.42
46.95
41.89
28.28
24.79
28.03
26.71
25.81
25.18
25.77
23.16
23.21
23.77
28.77
30.88
37.50
50.28
55.07
54.12
58.39
58.77
56.78
57.62
54.26
54.38
48.52
39.36
29.99
23.97
27.53
26.99
26.08
24.89
25.67
23.22
22.77
22.08
26.53
28.47
37.82
49.59
52.31
56.79
59.54
55.75
60.51
63.09
63.99
63.70
53.63
46.27
31.52
26.69
26.27
26.09
25.68
24.56
25.69
20.87
20.08
19.93
25.47
29.01
39.02
53.85
62.24
62.69
63.13
63.76
66.37
70.86
69.53
63.66
58.98
53.54
31.30
22.15
22.40
21.24
20.69
21.27
23.11
25.20
23.26
20.83
26.29
35.65
42.08
53.08
58.57
59.29
59.70
64.11
64.20
66.79
66.12
62.78
61.24
53.33
32.77
24.08
22.32
22.71
26.15
25.31
23.92
21.46
21.26
21.27
20.97
20.77
21.14
24.15
26.88
28.21
29.13
31.25
34.08
32.72
33.81
32.97
33.91
30.43
27.54
26.41
25.79
24.58
23.51
22.19
22.27
22.00
21.22
21.17
20.38
21.62
21.30
24.27
28.11
30.63
32.23
33.77
35.43
38.16
36.94
37.64
36.22
32.86
29.09
27.10
27.80
27.29
26.66
25.71
25.54
24.38
23.83
23.19
33.82
48.87
46.40
52.76
58.07
56.03
56.96
55.27
52.03
47.53
52.31
55.35
49.03
42.59
27.40
22.38
24.31
22.89
23.62
21.82
23.43
20.51
20.20
19.71
24.40
30.16
38.05
45.62
53.83
52.91
52.64
54.55
56.58
57.58
57.11
55.36
53.31
43.89
29.54
24.44
26.22
25.64
23.82
23.35
24.60
22.66
21.45
21.60
27.85
34.99
41.76
50.15
55.38
55.61
53.63
56.07
56.84
58.76
57.31
54.79
50.39
43.38
28.06
24.14
24.55
22.02
24.01
22.52
22.19
22.42
22.43
19.68
25.20
30.49
38.37
48.82
52.73
53.51
57.77
56.54
60.63
59.83
56.37
54.83
50.79
42.65
31.70
27.49
26.56
26.97
24.62
24.17
23.92
21.54
22.46
20.73
26.97
30.08
38.44
48.44
52.40
54.02
59.94
62.85
62.34
66.19
65.93
60.20
54.65
48.05
33.43
24.75
27.18
27.44
27.41
26.52
27.32
24.33
23.57
23.86
23.07
23.07
23.65
24.99
28.68
27.48
30.00
31.27
33.01
35.80
35.27
35.88
35.68
32.50
31.06
29.05
27.22
26.21
27.33
25.55
24.77
24.50
24.55
23.66
23.57
23.10
25.57
26.68
29.14
29.93
33.04
33.91
35.70
37.85
36.37
36.13
33.68
30.69
29.54
29.89
27.59
27.54
26.36
25.98
25.85
23.81
24.15
24.72
34.33
40.68
45.39
55.83
60.77
60.45
58.89
66.50
65.68
66.84
58.68
57.44
49.24
45.15
29.63
27.80
28.42
28.80
28.45
25.80
27.85
24.44
25.05
23.41
29.46
33.28
34.58
40.85
45.42
48.31
50.75
52.86
52.94
49.87
51.19
49.37
44.16
39.89
28.25
26.26
27.24
27.25
28.81
27.93
27.51
27.70
26.47
26.17
29.35
32.07
35.82
43.40
50.70
54.36
59.06
56.84
58.83
63.93
64.19
56.97
44.92
38.71
31.39
29.79
29.57
29.26
30.24
29.89
29.84
30.17
28.32
28.11
30.51
32.62
42.55
51.98
57.13
63.33
66.45
65.08
63.27
66.33
63.94
56.39
54.26
46.45
34.19
31.74
31.43
30.64
30.32
28.86
30.46
28.40
27.73
27.49
32.71
34.44
40.62
50.41
46.83
58.50
59.05
58.56
58.19
58.70
55.14
55.86
47.68
45.08
30.84
29.19
30.03
29.09
28.87
29.10
29.68
27.60
27.66
28.37
26.40
26.46
27.72
29.15
29.63
29.50
29.74
32.81
32.29
32.87
34.20
35.20
34.59
31.36
29.83
29.97
28.59
29.90
28.62
28.04
27.95
27.71
27.45
27.18
27.20
27.23
28.34
27.39
29.46
29.12
31.58
33.37
33.29
34.95
31.59
32.73
30.68
30.68
29.27
28.28
29.23
27.72
27.93
27.20
27.36
27.62
27.09
26.61
34.79
42.73
47.11
56.43
63.24
60.72
63.70
61.77
66.56
64.79
63.71
63.13
58.43
50.40
33.01
29.79
28.66
29.76
27.33
27.67
27.66
26.58
26.35
25.55
32.13
42.51
50.61
64.19
71.61
73.72
72.56
76.41
78.28
75.04
72.03
72.72
65.44
57.33
35.96
28.41
29.72
29.81
29.99
27.92
27.41
27.90
27.19
25.58
36.80
47.81
50.49
59.62
67.25
65.75
71.11
72.45
74.97
72.29
73.38
70.37
65.87
56.72
35.21
29.34
31.22
29.27
28.28
28.68
28.72
29.79
28.67
26.04
34.81
44.73
46.59
59.13
65.22
65.70
63.99
67.32
67.18
67.58
66.01
63.85
54.03
48.20
33.62
28.14
28.01
27.38
25.98
27.47
27.01
25.75
27.08
29.25
32.75
36.12
43.73
50.33
52.02
52.82
52.31
54.02
55.48
53.04
53.36
52.33
46.78
42.28
29.61
26.22
29.66
29.41
28.81
28.48
29.19
26.94
27.84
22.87
24.14
22.91
23.94
24.90
25.57
25.12
24.77
26.38
27.82
27.97
27.97
28.42
27.70
26.24
24.88
24.42
24.87
24.36
23.89
23.39
23.43
24.40
24.00
23.22
24.24
23.26
23.10
23.92
24.80
23.91
24.80
24.23
24.94
25.99
25.14
25.09
24.35
24.88
24.15
23.03
23.39
23.20
23.83
23.44
22.72
22.73
24.30
22.95
28.71
32.58
42.53
48.02
55.28
57.64
55.88
56.01
57.46
57.63
57.03
48.89
42.22
35.60
27.93
25.18
28.59
29.19
28.58
27.66
26.01
27.65
25.10
25.47
27.63
27.87
35.68
46.55
52.53
53.64
55.24
51.84
54.92
56.56
54.69
53.03
46.69
40.63
30.19
25.27
26.69
26.88
25.63
26.11
25.30
24.86
23.94
24.14
27.83
30.34
35.04
47.36
48.79
50.85
51.47
53.21
51.11
50.83
50.36
46.76
40.57
34.79
28.17
26.83
29.18
27.48
27.17
25.52
24.43
23.59
23.87
24.16
25.91
26.62
34.77
42.00
46.19
49.12
49.86
46.80
50.26
48.73
52.12
48.81
43.41
35.71
30.08
26.19
27.59
27.71
26.55
26.45
26.30
23.86
23.16
23.76
26.56
27.59
33.07
45.13
48.64
51.04
52.14
51.46
51.72
55.23
55.03
52.04
49.50
41.80
30.47
25.54
27.98
25.73
29.07
25.41
29.01
25.55
25.98
25.04
25.36
25.84
25.82
26.60
26.93
27.28
29.44
30.22
31.40
31.70
33.52
33.44
32.16
31.37
29.89
29.16
27.34
28.21
27.08
28.08
26.91
26.53
26.14
26.49
25.23
25.70
26.06
26.76
29.55
30.15
31.05
29.93
30.39
29.80
30.63
30.99
30.20
30.43
27.91
27.41
27.21
27.09
26.59
26.17
25.77
25.68
26.83
25.42
25.34
26.32
25.73
25.24
25.84
25.80
27.42
27.89
27.41
28.59
29.68
28.98
28.11
27.09
27.21
26.25
25.73
25.49
25.34
26.21
25.54
25.19
26.23
25.33
30.26
37.06
42.89
53.77
54.84
58.74
63.73
59.63
61.79
60.73
64.22
61.06
56.90
50.58
31.95
27.34
27.81
29.68
26.58
27.66
28.11
27.38
27.36
25.91
30.63
35.03
44.12
53.81
58.26
55.42
60.13
57.18
59.67
65.45
64.59
60.26
57.69
52.42
32.62
27.25
26.93
28.10
27.78
28.05
28.74
27.54
25.48
25.48
34.26
39.92
48.80
56.61
61.74
61.65
64.84
66.46
69.66
69.05
68.87
67.17
59.79
51.51
33.32
29.59
27.53
30.03
28.26
28.27
28.33
26.01
25.69
24.92
32.36
40.82
47.78
55.43
63.21
62.71
66.92
69.21
69.91
70.77
67.38
66.87
61.41
57.12
34.40
28.35
25.74
25.89
25.49
27.27
26.54
25.97
26.90
24.36
22.92
23.09
23.95
27.10
28.68
29.70
30.81
33.56
33.91
35.53
36.81
36.79
36.73
34.75
31.45
28.18
28.67
26.17
26.21
25.57
25.38
25.28
24.28
23.22
23.58
24.43
26.73
29.58
31.44
31.70
34.99
34.28
35.13
37.04
36.81
36.57
35.97
34.71
31.35
30.35
28.00
27.09
26.59
25.90
26.70
25.51
24.34
23.68
34.78
49.83
55.77
68.53
71.55
72.77
70.65
76.37
77.02
77.97
78.06
66.85
61.75
55.35
35.80
26.97
28.64
26.59
27.06
27.50
26.42
26.96
26.89
24.17
33.41
47.29
52.12
62.47
71.77
72.16
69.44
69.77
71.76
74.73
72.48
69.21
64.27
56.64
35.49
27.75
27.91
25.96
27.82
26.97
27.19
26.65
26.18
24.04
35.54
48.33
53.38
66.10
69.95
72.59
76.09
76.37
79.14
77.67
80.45
76.07
68.21
61.47
39.27
30.78
31.70
30.84
30.67
31.67
30.47
26.94
27.17
27.37
38.49
50.45
59.36
68.71
73.82
74.69
79.75
76.59
81.90
88.09
84.71
80.00
69.16
61.54
36.68
30.98
32.20
31.59
31.31
31.78
31.48
27.18
27.77
26.79
41.15
54.91
57.55
66.47
71.81
72.71
74.67
76.67
78.15
74.83
74.63
72.57
68.47
59.69
37.42
29.25
31.43
30.35
29.77
28.89
28.58
27.32
25.97
27.47
25.58
26.01
28.75
32.86
32.85
35.15
35.70
39.64
41.15
41.47
42.34
42.72
43.15
39.30
37.46
32.25
32.06
30.12
29.51
27.96
26.99
27.54
27.33
27.04
26.58
26.57
31.06
34.55
37.17
38.87
42.28
45.49
48.88
50.01
49.64
48.43
49.96
46.28
43.39
39.29
37.64
36.24
32.90
31.39
30.76
30.41
30.22
27.28
44.17
60.85
71.41
79.99
87.18
91.54
88.48
95.41
96.88
98.24
91.34
84.15
82.74
73.21
44.94
37.09
50.59
50.68
39.79
38.60
36.20
49.45
41.18
33.90
47.70
63.57
67.28
84.59
85.99
86.44
86.48
89.73
92.21
98.13
94.91
86.40
78.52
68.78
42.43
35.27
51.72
48.87
35.97
35.61
33.85
31.53
29.86
30.59
44.61
57.59
59.28
66.94
75.58
82.02
88.85
92.86
97.47
95.77
96.35
92.27
83.84
74.60
45.78
33.55
33.47
34.09
34.54
33.58
32.64
31.49
30.76
29.25
42.84
57.37
58.55
68.40
76.81
81.26
83.39
82.18
87.58
94.89
96.74
90.03
81.22
70.69
42.23
32.15
34.02
33.70
34.39
32.67
31.21
30.19
29.31
27.23
38.33
49.25
59.49
70.70
76.45
77.10
77.63
82.14
84.77
83.30
84.79
80.13
76.19
67.01
41.14
32.33
42.74
47.98
42.71
34.16
33.85
34.40
33.78
29.10
28.86
29.18
33.48
36.92
40.36
41.79
44.61
45.56
48.84
52.23
50.53
50.81
50.95
48.44
44.24
41.59
38.61
38.02
37.42
38.08
32.79
32.19
30.50
30.18
29.50
30.59
35.47
41.40
43.63
46.15
48.57
50.66
52.73
54.28
52.99
52.94
52.60
50.43
46.19
43.70
42.54
40.25
37.50
36.66
34.50
33.95
32.53
31.06
45.44
60.65
66.73
80.00
84.22
85.63
80.16
88.90
91.80
94.88
94.43
87.64
76.85
70.25
45.02
34.96
34.72
35.14
36.23
33.36
32.55
31.47
29.11
28.50
41.85
53.31
59.01
73.66
79.29
77.19
81.14
85.35
87.13
93.77
92.75
86.37
79.12
68.97
45.55
34.33
35.27
34.31
33.42
32.10
31.44
29.52
31.43
30.23
41.30
53.06
60.18
72.70
76.33
78.35
81.76
86.20
86.77
88.95
88.02
82.90
76.30
67.96
41.51
32.78
32.23
33.66
32.75
32.20
33.30
31.38
29.22
29.38
41.40
54.60
59.36
67.55
73.33
74.85
78.21
80.96
82.82
85.43
85.12
81.04
76.42
68.80
42.15
32.04
31.68
31.75
31.59
31.49
31.43
30.55
29.68
28.73
40.53
52.70
59.68
70.45
76.04
76.09
75.42
78.51
78.56
81.82
81.46
79.23
74.82
67.89
41.84
34.32
34.72
33.15
34.18
32.51
33.32
29.80
28.91
28.46
28.40
29.61
32.87
36.45
39.28
42.28
43.33
45.03
46.76
48.68
48.19
48.69
47.10
42.83
41.04
39.47
36.31
36.18
34.49
33.06
32.70
31.54
29.98
29.00
28.08
29.59
33.13
36.67
40.46
39.85
43.62
45.70
48.07
48.60
48.42
49.86
47.01
45.21
40.54
37.61
35.79
33.61
31.98
30.07
29.11
28.94
28.26
27.56
40.87
52.38
62.31
71.85
78.10
81.82
86.85
88.21
86.19
85.82
85.24
83.59
74.15
66.54
42.18
32.84
32.25
31.92
31.65
30.39
29.87
27.57
28.62
29.40
40.24
52.26
58.46
69.24
76.63
85.96
87.03
87.62
90.30
91.63
87.39
90.09
77.12
69.91
41.95
33.83
35.15
32.71
32.83
32.61
31.55
29.42
29.51
29.09
41.22
54.93
60.06
71.49
80.98
81.20
82.65
86.11
89.19
86.55
85.17
84.61
79.09
68.02
41.04
34.56
33.39
34.13
33.18
33.08
32.17
29.33
27.47
28.15
40.19
52.47
60.06
72.64
81.39
82.17
81.60
83.87
84.01
88.96
86.56
87.65
76.83
70.20
43.92
36.45
36.94
35.61
33.85
32.96
33.54
31.62
29.24
24.73
34.02
26.57
50.80
14.58
0.00
0.00
0.00
0.00
0.00
20.39
96.58
93.27
89.86
76.81
49.00
40.07
40.44
41.35
39.20
36.92
37.83
33.38
33.27
32.39
31.77
31.45
34.09
39.24
48.21
50.53
53.01
59.29
58.24
61.41
60.84
61.61
59.38
57.42
50.96
51.39
48.36
47.15
46.31
43.91
41.68
39.58
39.10
39.21
33.81
37.65
42.29
49.87
51.69
56.00
57.45
63.77
60.27
60.05
63.36
61.31
61.80
55.99
53.51
24.01
13.18
85.60
47.22
34.37
39.48
41.04
37.36
35.91
47.52
65.91
79.34
89.58
96.69
100.30
99.97
104.90
108.10
107.72
105.37
97.63
89.43
83.45
47.52
37.06
40.14
42.57
42.55
40.59
39.73
35.92
36.26
32.98
45.89
63.08
65.98
83.47
88.56
93.35
95.07
97.92
98.98
100.23
99.35
96.17
85.50
74.79
44.12
34.34
35.19
34.30
34.74
35.65
32.87
30.94
30.09
31.36
43.03
57.73
61.48
74.45
78.68
82.17
83.34
88.05
88.35
89.39
86.42
80.97
75.35
69.09
41.62
37.07
39.65
35.36
31.05
29.64
29.65
27.79
27.26
27.52
27.71
26.82
32.17
37.33
41.00
43.74
45.55
47.56
50.39
53.17
55.38
53.52
51.45
50.33
46.02
42.58
40.00
38.35
36.40
34.70
32.58
31.56
29.50
29.76
43.32
58.91
62.71
71.32
76.57
76.69
81.63
83.05
81.27
82.57
86.48
83.61
74.85
70.16
42.85
30.96
32.51
32.28
34.13
33.35
34.06
34.54
31.99
31.87
31.29
32.50
37.06
45.07
48.83
50.85
51.21
53.63
54.58
55.15
58.15
57.17
57.93
54.44
49.51
45.59
43.95
43.92
42.55
39.97
38.72
38.25
36.09
34.60
34.61
34.91
36.47
45.46
51.95
52.93
54.86
55.48
57.82
56.83
57.68
55.81
54.31
51.53
47.74
43.41
40.87
38.61
36.33
33.64
31.71
32.36
30.74
30.72
43.79
56.00
62.06
75.71
85.14
90.13
91.04
94.29
92.45
97.05
94.13
92.37
77.15
69.98
43.16
32.69
32.47
46.73
44.29
35.54
44.83
40.97
30.81
29.97
39.78
50.17
59.05
71.71
79.49
83.98
84.43
87.10
91.75
87.72
92.50
85.59
79.09
72.99
44.49
33.55
35.03
34.49
35.06
34.57
35.81
34.47
30.81
30.90
43.50
58.78
66.29
82.94
91.16
96.23
95.47
96.88
104.83
107.91
107.91
101.45
98.95
85.30
47.75
36.08
53.44
56.83
44.62
39.69
54.59
53.15
39.84
36.33
50.20
71.33
66.86
75.34
85.86
90.85
94.14
100.80
103.63
107.69
106.47
100.60
90.61
76.44
47.33
37.06
41.17
43.14
41.46
41.57
42.22
42.86
40.96
40.83
55.03
70.67
66.62
79.11
92.83
95.44
95.51
96.49
97.80
102.05
97.69
90.19
84.66
76.34
46.92
34.13
37.11
49.98
50.67
43.91
42.60
37.29
37.79
37.54
35.79
35.56
44.18
50.44
52.78
54.24
56.43
58.91
57.44
61.76
61.01
60.53
59.09
55.50
50.58
49.74
45.91
45.91
45.32
42.18
42.13
40.72
39.35
41.61
36.13
37.15
45.23
47.32
53.82
53.25
56.36
58.96
59.60
60.26
60.98
60.59
61.26
57.41
52.72
49.18
47.26
45.03
43.64
42.31
41.82
41.39
38.71
37.68
54.26
75.75
80.03
93.91
99.06
100.99
100.52
107.51
109.10
107.49
106.77
101.06
91.80
86.29
47.54
35.68
41.08
59.77
54.55
42.06
41.79
44.17
42.80
40.67
56.18
72.48
66.71
78.22
89.58
94.24
98.72
104.70
109.20
112.90
109.69
104.47
95.24
87.45
50.94
38.82
44.53
45.21
46.54
45.56
45.39
44.60
43.42
40.20
54.35
74.71
77.72
90.04
90.38
92.94
93.86
95.03
94.32
90.15
91.42
92.61
84.93
75.45
45.38
39.23
43.20
40.47
39.60
39.04
39.94
38.38
37.62
37.55
50.71
68.38
70.36
78.66
84.03
86.54
87.44
89.11
92.06
94.73
91.85
91.43
83.76
76.45
46.80
35.75
44.29
45.75
39.26
40.31
41.89
40.16
37.91
34.35
48.81
66.00
70.51
72.85
78.20
77.56
83.03
82.95
90.80
89.98
90.13
88.72
85.65
73.07
45.99
34.53
33.95
36.87
38.27
36.91
37.41
33.43
35.26
30.93
30.52
31.24
37.37
42.88
47.34
51.21
50.86
53.50
55.43
55.05
57.09
54.40
55.00
50.82
49.90
45.63
43.09
43.51
40.84
38.44
38.43
38.37
38.02
37.17
34.60
35.27
41.72
46.94
51.43
49.36
53.74
55.06
57.50
60.27
59.78
60.68
58.59
55.37
52.95
52.26
48.55
45.36
44.98
42.10
42.92
42.52
40.67
38.47
54.85
74.91
74.48
84.34
84.89
84.23
86.88
87.26
89.52
88.50
87.36
83.39
76.08
66.84
38.68
31.20
31.44
32.35
30.53
29.50
33.98
37.96
35.91
32.58
48.05
64.07
59.84
69.03
77.76
83.64
87.85
85.00
90.49
97.39
92.27
88.56
84.34
72.66
42.24
35.01
37.22
47.97
44.80
38.32
43.25
44.15
38.79
32.77
47.76
62.52
64.90
73.25
72.99
80.51
80.44
84.45
87.75
85.56
88.49
83.77
77.54
69.98
39.73
35.56
43.16
38.86
33.64
31.53
36.58
37.02
36.04
35.46
51.62
71.00
73.64
86.76
83.74
84.61
84.57
91.39
97.15
99.16
97.44
90.09
86.69
75.51
44.64
34.67
38.06
39.59
40.87
40.80
43.29
41.38
38.43
36.15
53.41
74.75
68.18
78.82
85.11
89.29
89.83
90.12
91.57
96.46
94.47
92.23
87.21
76.63
46.23
33.90
36.41
38.96
38.93
42.04
45.87
43.02
43.03
37.46
35.62
36.44
42.98
50.15
53.86
54.46
56.30
60.10
62.40
62.80
61.27
61.62
59.42
57.40
54.34
51.03
49.15
46.79
46.35
47.04
41.68
41.93
40.84
40.72
37.54
39.04
41.73
45.23
50.19
55.31
58.14
62.34
58.66
61.60
61.61
60.21
60.06
57.50
54.03
51.18
50.88
48.06
47.92
46.06
44.91
43.09
41.22
41.34
55.66
76.39
79.29
85.45
88.54
93.20
98.19
104.61
103.91
106.55
107.22
97.94
88.52
83.41
48.62
36.02
39.87
39.71
41.73
41.31
44.38
40.84
41.28
39.77
55.29
75.85
68.53
82.28
96.63
91.98
91.30
95.18
98.26
99.43
97.46
97.44
74.26
57.63
36.63
30.23
37.67
35.95
33.93
30.18
30.21
32.52
28.93
27.17
45.17
59.13
55.03
63.15
69.02
72.86
72.19
72.46
70.86
73.41
77.36
73.91
64.45
56.59
35.29
28.61
28.18
28.81
29.02
30.56
42.71
40.70
32.38
29.54
45.48
61.20
65.90
74.08
80.43
82.32
78.57
83.70
89.46
88.19
87.21
86.13
78.63
68.67
42.43
31.11
35.07
35.01
36.74
39.08
45.55
42.66
34.10
31.13
49.81
64.67
66.78
80.27
90.65
88.52
91.08
92.43
94.18
94.43
93.22
94.37
83.31
78.30
44.49
33.96
37.05
37.82
46.66
47.32
46.32
35.90
39.11
35.80
34.90
34.24
38.41
38.71
48.77
52.35
54.13
57.48
59.52
60.86
63.83
60.94
57.96
55.21
52.35
49.59
40.76
38.53
35.78
36.37
35.85
35.39
35.00
33.85
32.94
32.73
36.34
43.65
48.16
48.43
52.69
54.72
58.18
57.26
58.17
59.58
59.23
55.57
52.77
49.25
47.85
44.46
43.49
42.38
41.74
41.08
38.48
39.75
55.42
76.01
84.25
93.03
95.11
101.14
105.44
112.04
110.02
110.88
107.09
107.04
90.41
77.51
47.15
35.07
36.73
36.64
38.10
37.29
40.39
38.50
36.08
35.35
52.74
75.08
65.93
70.52
73.63
77.89
78.05
76.16
77.34
76.92
84.06
86.11
76.50
69.26
40.07
30.97
31.06
31.97
34.39
33.88
47.24
44.14
34.95
32.47
49.16
66.07
67.21
79.41
87.03
88.20
89.92
86.90
85.81
91.95
89.92
89.58
81.27
69.15
42.89
33.88
35.88
41.36
45.77
39.42
35.48
33.69
32.82
31.82
48.44
62.87
66.77
78.13
83.02
83.17
89.83
90.44
93.56
95.13
94.92
92.10
83.48
72.22
43.16
34.47
35.60
51.94
53.26
48.04
37.31
38.74
38.68
36.42
52.92
67.96
67.79
74.14
74.98
73.94
73.87
78.03
74.84
77.70
77.34
76.69
74.60
69.10
42.56
33.38
43.78
49.35
41.11
34.58
32.66
33.11
41.20
40.95
32.01
32.71
32.40
39.06
43.47
44.83
47.32
48.81
50.09
53.59
52.33
51.95
49.85
43.64
41.75
39.31
36.40
37.93
38.03
36.01
34.12
34.41
33.35
34.50
33.27
33.63
37.37
42.34
46.38
46.66
48.17
51.91
52.62
55.16
54.54
53.05
53.48
49.33
46.00
43.35
42.79
41.98
42.76
42.26
41.37
41.49
39.31
38.49
53.40
70.87
72.03
79.44
86.42
85.89
85.20
87.05
89.04
92.76
93.52
92.73
84.41
74.72
41.95
32.21
33.30
34.03
32.85
33.05
36.15
40.05
36.88
26.76
38.76
50.72
59.57
76.08
83.90
87.36
91.26
94.24
95.38
94.62
96.49
95.49
87.29
80.61
47.10
43.50
48.36
43.38
36.00
33.25
32.78
32.56
32.29
32.11
47.09
63.36
63.96
77.45
84.29
86.85
91.22
94.84
100.86
99.97
97.16
93.47
87.94
78.88
42.42
31.79
33.74
36.03
33.88
33.48
43.10
42.58
35.49
29.86
44.58
59.89
62.40
84.19
88.57
94.75
99.97
103.08
106.92
106.94
105.67
99.15
91.70
82.91
47.55
33.88
36.81
40.67
44.52
38.09
33.05
31.86
30.81
30.68
44.76
60.63
61.73
79.40
83.29
85.42
89.29
90.19
94.07
98.74
100.81
97.93
92.00
78.52
45.40
39.05
48.09
44.14
38.19
38.46
38.10
46.97
44.62
36.27
33.78
32.91
38.30
43.49
48.34
50.06
51.06
52.92
54.37
56.73
58.32
58.24
56.61
54.05
49.68
47.13
45.63
43.09
40.61
39.70
36.17
35.92
35.05
33.59
32.85
33.00
36.19
42.94
44.42
48.12
50.82
52.54
54.50
52.49
53.41
52.63
53.19
50.29
44.44
40.87
40.15
38.57
37.49
36.60
34.27
33.03
33.85
32.17
46.34
64.01
69.37
85.66
92.34
98.26
96.87
100.62
101.48
104.39
102.96
95.72
87.07
78.04
43.07
46.37
49.28
38.49
36.64
39.23
42.58
38.63
33.83
32.48
45.64
62.10
67.77
85.73
91.27
101.52
99.63
104.65
109.91
108.09
110.40
109.28
97.39
83.86
46.04
34.23
35.42
37.20
48.62
48.54
40.88
45.23
40.78
29.66
44.38
60.98
66.48
81.37
89.16
90.78
98.89
103.02
105.41
107.43
107.97
108.70
98.93
86.34
46.17
34.19
50.84
45.89
33.21
33.10
32.40
32.71
33.03
30.78
44.96
62.39
67.47
81.11
89.77
94.71
95.71
99.83
100.15
90.35
106.89
102.69
92.94
82.32
44.97
45.81
49.59
42.05
36.50
38.02
37.77
35.55
32.63
30.98
48.48
65.81
65.85
82.81
88.10
89.34
92.71
92.46
93.56
97.61
90.71
93.86
86.30
77.35
45.74
40.44
45.43
39.11
36.37
37.64
37.27
36.29
35.43
33.39
32.69
32.26
33.37
38.96
43.67
44.69
45.81
45.72
47.95
50.40
50.72
50.43
49.74
45.57
43.53
45.01
41.47
40.41
39.46
39.17
39.47
36.46
36.36
34.64
34.97
34.15
41.04
42.98
48.84
48.26
48.50
50.73
51.70
51.30
52.64
52.29
52.14
48.77
43.40
43.13
42.59
41.99
42.83
40.50
38.80
37.71
39.49
38.78
53.53
78.77
84.01
97.46
102.05
103.11
104.86
105.95
106.78
106.66
103.57
98.72
92.63
82.77
46.05
44.68
50.29
43.63
46.84
47.34
39.42
40.32
40.61
42.01
56.60
73.81
76.35
93.57
103.25
102.62
103.19
104.03
108.42
109.58
107.65
106.00
95.71
85.16
46.76
42.02
54.23
53.02
47.20
38.26
39.65
39.45
40.82
37.74
53.04
72.43
72.40
88.22
97.56
97.13
98.13
102.80
104.59
105.61
109.04
108.91
99.46
87.76
46.59
48.23
52.17
38.83
40.57
40.72
33.71
38.65
45.23
31.77
46.26
62.42
64.44
81.13
85.15
87.90
87.46
89.80
89.82
93.80
91.62
90.50
83.25
75.39
44.09
33.83
36.22
38.46
38.32
35.00
35.06
35.42
34.65
32.53
50.09
65.47
67.74
82.30
88.44
89.18
92.61
94.25
96.46
98.41
103.36
100.87
90.35
82.02
47.39
34.01
33.65
35.89
37.19
37.57
51.13
48.45
41.05
32.46
32.92
33.89
36.41
45.09
46.60
49.59
49.01
52.06
51.66
55.32
54.61
54.52
54.05
50.69
44.66
45.22
42.64
41.16
40.21
38.84
40.90
37.48
36.99
35.81
36.05
36.00
38.39
47.71
51.21
50.34
53.49
54.82
56.34
57.62
59.84
60.61
49.69
42.26
42.91
42.41
42.06
38.10
37.73
37.23
34.92
36.45
35.40
35.46
33.80
32.13
37.13
44.93
46.75
49.26
49.84
52.45
56.05
57.73
58.77
59.90
56.29
54.23
50.82
48.79
47.61
47.80
45.08
44.00
42.15
40.63
40.26
38.42
52.30
82.58
81.23
100.12
104.68
109.74
108.92
110.23
107.45
113.13
105.25
112.04
93.28
96.02
52.15
48.83
57.87
45.07
42.17
56.91
52.22
41.55
48.31
42.98
49.06
77.61
77.86
94.56
99.32
98.74
97.14
98.59
102.98
105.51
108.87
104.82
97.49
86.40
45.15
38.47
48.83
48.86
38.32
47.06
50.28
39.42
38.54
34.31
52.64
71.31
71.07
84.46
88.94
92.20
90.47
96.83
95.94
98.51
93.71
86.38
81.34
72.82
39.59
29.79
30.60
32.19
34.68
35.18
39.05
37.62
35.43
33.41
51.06
68.14
62.61
70.62
79.89
87.38
85.03
87.49
87.73
91.13
93.14
91.05
81.70
72.45
40.98
32.50
45.23
42.43
34.32
34.04
47.40
45.69
38.47
34.60
35.16
36.89
35.90
35.56
42.65
45.41
49.18
50.95
50.93
51.57
52.65
52.71
52.11
47.37
43.71
43.79
42.53
42.23
41.13
37.91
37.22
37.43
37.62
34.46
33.06
34.08
36.38
45.23
48.78
48.07
46.23
50.10
48.34
49.71
48.83
50.56
47.28
43.64
42.03
39.94
38.67
37.61
38.49
36.69
33.71
34.33
32.00
32.98
48.01
63.33
69.62
85.10
87.96
86.69
87.82
85.39
87.99
89.09
87.90
81.09
75.51
65.73
42.43
32.59
32.14
32.00
33.70
34.87
37.52
37.99
35.47
32.94
51.40
67.98
61.67
81.46
86.21
89.27
84.63
86.94
83.94
89.23
83.51
79.32
72.61
63.28
38.52
39.54
43.03
36.77
30.91
31.88
30.89
30.20
31.92
28.12
44.31
58.85
57.53
74.04
79.39
80.82
78.11
82.47
80.38
81.38
83.41
79.40
66.25
57.26
36.48
28.82
26.52
27.08
27.50
27.54
29.63
27.43
28.23
27.90
40.25
49.64
53.20
70.06
75.13
81.13
81.00
79.29
84.14
84.34
87.97
81.98
73.10
62.03
39.26
30.26
29.13
29.10
30.37
29.01
30.70
29.82
30.67
26.67
39.05
52.10
55.43
68.17
74.24
77.18
78.41
83.29
84.21
85.39
83.31
80.22
70.92
66.20
38.38
29.70
29.81
31.24
30.52
30.86
33.05
33.02
32.77
29.80
30.63
31.21
32.20
32.23
37.45
40.44
39.48
40.80
43.79
45.24
48.00
45.06
40.25
35.65
35.35
33.77
32.96
33.00
31.93
31.51
30.48
30.05
29.67
29.28
28.74
29.99
31.42
31.97
35.40
38.95
39.26
42.62
43.42
42.51
43.67
45.33
42.05
39.12
37.18
35.58
33.17
32.99
33.23
32.89
30.70
30.47
30.26
30.49
45.01
62.30
57.96
72.79
79.15
79.66
79.92
80.74
78.65
80.95
73.37
74.20
68.87
59.72
36.76
30.02
29.16
28.79
28.96
36.67
39.15
32.66
27.91
27.00
38.64
49.07
49.88
68.57
74.15
76.08
74.11
80.18
80.05
83.56
81.85
76.34
68.20
56.34
35.09
27.64
27.86
27.49
28.12
28.61
30.63
29.94
29.38
26.91
40.78
51.87
53.77
69.25
78.44
81.75
78.20
79.90
84.40
85.42
83.39
81.51
73.72
61.20
37.10
28.09
27.85
31.06
30.43
31.59
31.41
31.54
31.79
30.62
44.11
53.37
55.83
70.96
75.86
77.38
80.67
80.76
82.68
83.38
84.06
83.41
73.77
60.26
36.76
28.79
27.24
27.15
26.92
27.70
29.06
40.90
36.35
26.01
35.06
42.94
46.61
62.81
69.25
68.60
69.90
71.36
71.31
76.52
71.01
67.72
59.90
51.02
32.99
30.18
37.10
31.25
25.96
26.19
26.34
25.60
25.28
26.02
25.29
25.35
25.10
27.50
30.10
31.17
31.50
33.94
36.48
37.89
37.60
37.75
34.94
33.08
31.35
29.63
28.85
27.91
27.93
27.67
26.18
26.20
25.65
25.79
27.17
25.91
26.32
29.45
33.15
36.27
37.28
38.86
40.34
41.19
43.59
43.72
41.89
37.09
34.24
33.36
32.97
31.73
31.63
32.27
36.02
33.07
31.15
30.62
44.88
59.82
59.18
63.43
69.26
73.68
68.26
70.95
76.38
67.24
58.69
55.36
50.46
44.40
30.77
26.37
24.93
25.39
24.86
25.62
28.12
28.18
28.52
24.93
35.55
38.73
42.07
52.51
59.09
60.90
61.86
64.63
68.88
72.53
72.56
62.86
51.94
46.88
31.56
27.20
25.25
25.77
25.81
26.09
26.35
29.52
31.12
26.88
35.62
41.83
44.92
58.03
66.45
69.38
67.51
67.97
67.28
70.75
69.69
67.26
57.49
50.10
34.28
31.57
32.98
28.90
28.22
29.43
27.93
28.26
32.87
32.35
39.42
43.91
46.05
60.14
61.33
64.75
65.60
67.50
64.31
67.87
62.32
56.86
43.79
41.83
31.64
26.85
33.73
36.82
31.35
28.98
28.73
27.81
31.39
29.18
36.23
40.63
41.00
55.01
59.52
57.26
60.12
57.89
61.37
60.48
62.32
64.50
53.61
44.97
30.30
27.03
29.35
28.15
27.87
29.74
30.29
30.23
29.66
26.73
25.88
25.26
24.36
24.04
26.46
28.74
30.67
31.14
33.23
33.01
35.88
36.34
32.74
31.70
29.07
28.78
29.11
26.43
26.26
25.70
25.29
26.37
25.03
25.12
24.63
24.07
25.73
29.64
32.58
33.31
34.49
35.22
35.87
35.86
35.18
33.86
32.33
28.87
27.91
26.59
26.30
26.21
24.53
24.08
24.28
23.53
24.48
24.01
34.20
43.17
49.07
48.16
65.50
64.82
68.55
66.46
68.43
68.12
68.84
64.14
54.25
46.73
31.47
28.65
36.80
36.10
28.31
27.57
28.19
29.33
28.09
28.06
33.19
38.41
39.79
54.75
57.72
59.36
62.56
63.43
61.61
65.53
67.28
65.66
56.43
46.35
30.98
26.14
36.40
39.68
30.39
28.54
28.44
30.05
29.20
28.71
34.21
37.04
40.99
51.65
62.53
61.62
60.90
63.03
66.54
65.31
63.44
60.73
52.88
43.99
30.27
29.17
37.25
30.69
24.99
25.57
27.73
27.97
33.16
30.50
30.39
31.82
39.79
50.72
59.89
59.63
63.50
70.04
73.75
74.96
73.12
69.33
62.96
52.96
33.31
35.05
37.63
34.64
26.69
26.86
27.26
27.74
34.70
33.94
37.70
42.15
46.90
59.23
63.50
63.54
66.92
66.36
69.73
68.57
70.83
65.95
59.34
52.26
33.82
28.21
39.53
40.98
32.22
32.29
39.93
34.77
27.92
27.14
27.72
24.86
24.56
25.15
28.34
28.17
30.02
32.59
34.14
38.17
38.60
37.02
33.92
30.11
29.24
27.89
26.87
25.75
25.12
25.87
25.65
24.52
24.69
24.57
24.72
24.30
24.42
25.23
27.63
29.63
33.13
34.38
37.03
39.54
39.70
38.19
35.68
32.24
28.41
27.38
28.07
25.62
25.71
24.85
24.62
25.24
24.41
24.49
34.34
44.50
50.93
63.77
67.71
72.15
73.49
74.97
76.13
77.71
74.47
74.10
66.05
53.16
35.38
26.24
38.67
37.34
27.66
29.99
40.61
37.46
30.41
26.98
33.67
39.26
40.73
56.47
63.36
65.37
66.52
68.74
72.56
73.90
76.04
70.13
59.47
51.23
32.64
34.34
37.09
36.42
33.59
26.41
27.49
27.67
32.60
33.09
32.64
32.28
40.51
52.96
62.21
63.74
67.39
69.56
70.61
71.38
73.30
66.44
55.55
47.53
31.31
24.10
37.58
36.65
36.74
32.42
27.84
28.64
29.06
27.82
32.45
33.57
38.65
50.10
57.15
59.74
62.02
61.59
62.24
65.06
64.82
61.57
50.77
39.09
26.17
31.05
32.69
32.40
32.40
26.93
25.98
26.56
28.24
28.20
30.06
32.10
32.57
44.41
49.63
51.35
53.04
55.02
56.47
59.83
59.98
57.47
48.01
39.75
26.80
23.90
23.31
23.12
22.95
23.08
24.30
22.52
22.96
22.87
23.94
23.60
23.09
22.96
24.15
24.91
24.10
25.97
27.47
30.18
29.99
28.76
26.04
24.76
24.78
24.80
23.77
23.28
23.17
24.06
23.23
23.14
23.30
23.38
24.24
23.04
23.17
23.15
23.74
26.17
25.25
28.05
29.33
31.28
34.48
32.22
27.25
25.85
24.64
24.53
24.74
23.14
23.32
23.24
23.17
22.94
24.33
23.22
30.60
37.96
44.96
55.85
49.56
66.44
66.73
66.25
67.38
68.56
61.17
55.22
52.50
44.01
29.80
33.20
35.78
32.35
32.14
29.22
26.89
27.50
27.90
27.81
33.12
38.03
40.24
54.68
60.28
62.18
64.65
65.83
64.48
67.14
66.57
63.26
56.95
46.67
31.56
26.93
39.23
38.46
28.32
26.91
27.13
27.80
28.95
27.36
32.58
36.81
41.55
55.94
61.77
66.76
68.50
73.92
72.65
71.96
70.69
64.48
56.12
47.73
29.80
26.88
28.02
38.25
36.69
36.19
30.57
29.75
29.55
31.70
36.93
39.83
41.05
55.12
59.55
64.11
65.66
70.47
71.90
74.39
74.27
68.35
58.45
48.78
29.55
29.78
38.94
36.64
37.21
30.81
28.14
27.63
27.24
25.13
30.55
35.92
37.64
47.75
56.57
58.92
57.40
59.90
61.20
59.32
58.74
58.90
49.28
40.45
28.95
26.28
32.48
36.76
34.98
28.79
28.32
26.86
27.35
26.38
25.78
24.58
24.54
24.89
26.31
25.37
25.74
26.52
27.80
28.79
28.56
28.17
26.62
25.82
26.57
25.20
24.92
25.00
25.05
26.10
24.58
24.71
24.89
25.34
25.00
24.61
24.16
24.58
26.58
25.97
25.95
27.03
27.74
29.57
30.43
29.59
27.02
27.28
25.49
24.90
24.83
25.65
25.48
24.41
25.08
24.10
25.47
24.30
29.51
33.68
39.58
51.63
58.66
62.59
60.86
61.00
64.88
64.75
61.20
56.01
48.77
41.24
27.89
25.90
34.18
33.93
31.36
27.73
28.93
27.07
26.87
24.76
27.55
28.92
33.68
47.52
57.35
60.29
58.37
60.48
62.50
65.93
64.67
63.46
51.04
41.00
28.37
24.63
30.78
32.28
34.38
32.50
26.61
26.54
28.29
26.56
28.37
29.72
35.03
49.61
56.06
59.15
59.28
60.33
63.58
62.01
63.60
58.18
48.32
42.17
27.91
25.11
27.42
33.80
34.07
29.98
28.31
27.48
26.78
25.04
27.57
29.54
33.09
42.05
45.40
49.21
49.86
50.73
51.72
55.85
55.56
53.49
47.62
38.66
27.32
24.64
28.91
30.80
32.37
28.51
27.32
26.11
26.56
24.84
28.33
29.59
34.14
43.29
48.35
49.18
52.56
52.81
53.12
52.68
54.48
53.89
44.24
33.65
25.20
24.75
25.08
23.62
25.66
24.97
28.24
26.21
25.84
25.49
26.55
25.56
25.47
25.48
26.24
25.32
26.01
26.35
26.70
27.97
27.23
26.76
25.88
25.12
26.23
25.02
25.19
25.14
25.24
26.34
24.78
25.11
24.84
25.54
26.26
25.32
25.06
25.16
26.02
25.46
26.35
26.83
27.99
29.30
29.04
28.63
26.98
25.90
25.68
26.48
25.33
25.43
25.48
25.12
25.97
25.34
25.30
25.24
31.73
36.33
35.05
44.44
49.01
53.06
50.02
50.97
50.77
53.61
53.45
48.44
42.10
32.79
25.50
22.76
23.80
27.96
28.18
26.80
29.10
26.95
26.37
25.06
26.22
25.17
31.59
39.72
45.43
44.95
46.51
50.11
49.91
54.25
55.51
50.11
38.05
31.69
23.36
23.65
26.79
29.91
30.83
28.58
29.24
28.54
26.91
25.43
25.57
24.58
31.01
37.64
41.00
43.24
42.91
43.91
41.79
45.52
46.00
44.89
38.07
29.09
24.11
24.15
27.87
28.83
30.76
27.46
28.95
27.25
28.80
28.68
28.74
32.16
35.58
38.26
40.19
40.38
42.87
45.69
46.67
46.77
46.01
41.59
34.71
27.74
23.94
23.29
24.37
23.35
23.56
23.46
28.13
26.39
27.05
26.63
28.72
30.02
32.34
35.18
35.41
38.18
42.96
45.94
46.11
49.13
47.23
46.72
36.93
32.01
25.18
24.38
26.21
26.67
32.46
30.29
27.94
27.36
26.47
25.07
24.77
24.58
26.01
25.48
25.55
24.74
23.51
25.39
26.02
26.70
26.80
27.08
24.55
23.32
23.54
24.28
23.34
23.50
23.51
23.66
24.41
23.64
23.55
23.50
24.53
23.60
23.69
23.60
23.51
24.53
24.64
25.17
25.28
26.51
26.63
25.65
24.38
23.69
24.54
23.46
23.62
23.38
23.45
24.14
23.96
23.74
23.67
23.52
27.30
26.59
34.16
46.12
49.21
52.21
55.06
55.54
58.54
60.62
55.86
54.36
46.72
40.67
29.10
26.47
27.45
28.80
32.05
32.82
33.62
33.06
28.87
24.67
25.46
27.10
29.81
41.71
47.80
52.83
54.88
54.82
58.18
60.39
64.26
59.09
49.65
41.78
29.59
26.36
28.41
33.58
36.07
30.91
32.57
34.09
30.60
26.81
29.49
32.28
34.40
40.91
51.87
56.65
59.29
60.13
61.57
60.18
60.49
57.14
50.95
41.04
31.48
27.47
34.74
34.42
32.98
31.67
27.57
25.39
26.33
26.89
28.51
30.77
34.88
40.19
48.52
53.69
54.27
58.27
57.46
58.75
58.80
56.16
46.66
39.78
29.28
25.17
25.70
34.87
33.69
30.17
26.68
28.16
33.77
29.79
27.54
29.33
30.51
43.04
47.90
52.57
57.56
57.11
57.37
58.52
59.51
56.06
46.92
40.36
29.91
26.92
23.97
25.07
23.24
22.95
25.93
23.88
22.71
22.60
23.24
22.35
22.69
22.46
22.30
24.60
24.53
24.64
26.07
27.39
26.44
25.52
24.79
23.57
23.87
22.98
22.53
22.35
22.54
23.59
22.82
22.89
22.40
23.01
23.22
22.63
22.54
22.90
23.93
24.85
25.34
26.24
28.74
30.83
29.21
28.67
25.68
24.45
23.49
24.62
23.03
23.26
23.22
22.88
23.71
22.68
22.69
22.63
22.83
23.56
22.47
22.66
25.44
28.63
28.59
28.21
30.60
31.33
32.80
29.55
26.59
25.06
24.61
24.19
24.49
23.26
23.07
23.52
24.42
23.26
23.33
23.20
30.76
36.34
37.61
46.74
54.96
59.24
59.70
58.77
59.18
59.04
59.01
54.65
45.73
36.80
29.99
23.25
29.94
35.10
31.07
25.60
26.64
26.05
25.59
26.55
26.37
27.24
33.27
41.08
47.15
50.07
40.44
52.45
57.80
58.10
55.02
53.46
42.01
33.11
24.96
23.22
30.50
31.29
28.59
25.16
25.15
26.89
26.02
25.34
26.38
25.31
29.66
36.85
43.55
45.64
48.31
52.38
52.33
55.17
57.41
51.90
41.31
34.58
25.82
23.63
31.08
29.93
26.98
27.27
25.59
24.44
26.97
24.03
24.39
24.70
30.29
34.42
41.47
47.75
51.22
53.42
53.43
52.89
51.72
51.22
42.09
35.52
25.11
23.24
24.50
24.69
23.81
23.34
23.35
23.70
22.92
22.80
22.77
23.42
22.91
22.81
24.52
23.66
23.79
24.03
25.26
25.50
23.82
22.75
22.76
22.33
23.49
22.91
22.39
22.61
23.89
22.43
22.66
22.84
23.71
22.82
22.92
22.94
23.68
22.66
22.53
22.80
23.55
23.54
25.07
26.80
26.16
26.57
23.45
22.58
22.87
23.80
22.67
22.60
22.53
22.47
23.62
22.89
22.94
22.77
26.04
27.75
35.31
41.64
49.28
53.68
56.50
54.49
56.98
59.48
54.75
54.76
42.10
33.63
28.59
25.52
28.81
29.61
31.90
26.23
26.13
24.38
26.81
24.17
26.62
25.87
32.26
40.09
46.01
51.01
50.27
50.54
49.58
44.47
43.25
42.96
35.69
29.64
24.78
22.41
26.28
29.57
31.11
28.89
27.02
27.98
26.76
30.82
30.64
29.42
33.56
39.17
41.89
42.99
43.65
45.79
47.01
45.79
44.17
40.19
35.37
30.93
27.79
27.18
28.57
26.94
30.08
30.27
28.35
26.18
28.41
26.65
25.94
27.95
30.59
35.58
39.60
38.88
39.81
39.58
42.31
44.37
40.72
37.83
31.61
28.69
24.94
23.66
25.48
28.87
26.12
25.23
25.89
27.70
24.65
24.44
25.03
26.67
32.17
36.99
38.29
40.22
40.23
41.60
43.73
43.41
42.74
39.35
34.25
29.79
25.29
28.04
26.77
27.67
25.92
25.45
27.70
27.20
27.33
27.04
26.28
26.04
25.69
26.39
24.73
23.20
22.98
23.95
23.23
23.03
22.91
23.68
23.24
22.81
23.20
22.98
24.12
23.26
23.03
23.13
25.11
25.26
25.83
25.09
25.59
23.44
23.26
23.44
24.01
22.95
23.19
22.92
23.97
22.92
23.36
23.17
22.94
23.79
22.93
22.83
23.12
23.37
23.96
24.26
25.52
25.93
26.74
24.63
26.43
27.22
31.91
36.40
37.72
38.94
39.94
39.11
41.15
44.20
43.42
42.47
36.63
29.14
23.93
21.53
22.39
21.60
22.51
21.73
25.00
25.30
25.70
25.49
25.60
28.84
29.79
35.44
37.88
40.47
40.70
42.93
43.12
41.80
42.37
39.59
32.67
29.39
25.43
26.10
27.34
28.74
28.42
27.49
28.84
31.59
27.36
25.94
32.80
41.88
34.51
35.80
37.04
37.74
37.71
35.98
39.17
38.21
36.35
34.28
30.88
29.28
25.90
28.91
29.58
27.52
25.19
25.53
24.46
24.02
25.41
24.78
23.27
22.97
23.19
23.56
22.96
23.00
23.34
23.45
22.99
22.81
23.83
23.30
23.01
22.88
23.95
22.88
22.85
23.08
24.00
22.93
22.97
23.01
23.78
23.06
23.04
24.33
25.31
25.45
25.73
27.20
24.97
25.41
25.14
25.58
23.11
22.41
21.17
22.70
22.43
22.57
23.59
22.89
23.53
22.64
25.24
24.00
24.05
24.70
24.40
23.44
24.17
25.09
23.09
22.77
23.81
22.34
22.19
21.71
21.66
22.48
21.48
21.48
21.47
23.18
22.95
23.39
24.13
24.93
24.39
23.52
24.72
24.40
23.97
23.82
25.58
24.78
22.84
21.50
22.31
21.57
21.54
22.68
21.45
21.50
21.41
22.41
21.47
21.50
21.77
22.67
22.40
22.97
23.31
25.03
23.26
23.63
31.15
43.94
38.92
37.24
38.45
39.05
37.84
42.07
42.32
43.45
41.94
39.31
32.60
31.11
27.04
25.34
24.82
24.73
29.20
30.34
27.45
26.35
26.54
27.84
30.97
40.95
34.67
37.46
34.99
37.75
41.64
42.30
41.40
41.73
39.08
38.94
34.42
29.17
24.74
27.77
27.58
28.17
25.81
25.22
25.61
25.61
24.18
25.72
24.40
26.02
30.11
35.24
37.44
39.05
42.76
43.07
44.91
48.25
50.13
43.04
34.50
31.26
25.50
26.98
29.87
29.24
26.75
24.97
25.61
25.74
24.09
25.08
24.00
24.74
28.93
35.51
38.29
43.27
45.97
47.69
47.70
49.93
45.61
39.31
34.51
32.49
27.68
24.91
24.35
31.47
30.78
24.62
24.66
26.25
24.40
24.90
24.84
27.66
28.86
32.21
34.20
37.57
38.69
37.86
38.86
41.19
40.96
39.17
34.49
30.79
25.71
23.13
23.23
24.15
23.35
23.20
25.28
23.47
21.61
21.80
21.28
23.60
22.54
22.35
22.16
22.47
21.97
22.08
21.89
23.43
22.57
22.35
21.78
21.63
22.69
21.61
21.95
22.24
22.57
21.78
22.01
21.66
22.72
21.58
21.81
21.79
22.74
21.88
21.72
21.48
22.56
21.71
21.54
21.63
22.86
21.48
21.75
21.64
22.67
21.55
21.85
21.96
22.59
21.87
21.75
21.89
22.63
21.78
23.83
25.03
31.21
35.88
37.28
39.72
42.32
43.70
39.94
42.80
39.79
35.22
30.97
29.59
25.70
25.35
26.97
29.19
28.24
28.09
28.54
28.18
26.41
25.51
31.30
39.19
31.82
34.87
36.80
38.96
40.54
41.18
39.80
42.35
39.99
37.93
34.71
28.63
24.10
25.06
30.59
27.54
24.75
25.15
26.73
24.85
26.47
26.60
31.40
39.03
31.81
35.67
37.19
38.85
40.77
40.15
47.82
46.87
44.13
40.37
33.56
27.61
24.33
22.68
24.23
23.84
29.69
28.96
26.98
25.80
24.85
24.78
30.87
38.10
30.45
33.97
34.36
38.60
41.65
43.39
43.16
44.30
45.77
44.06
34.23
29.88
25.93
26.24
29.52
29.64
28.83
26.86
25.55
26.36
25.89
25.81
29.73
39.76
30.12
33.44
33.76
36.03
38.82
37.69
38.86
40.14
40.59
38.84
33.44
30.26
25.46
23.37
23.20
23.84
23.11
23.28
23.83
26.21
24.37
23.98
24.20
23.86
22.59
23.00
23.97
22.71
22.92
23.33
23.85
23.03
23.06
23.21
23.11
23.59
22.91
22.82
23.18
24.41
22.78
23.32
23.17
24.52
23.25
23.87
22.96
24.53
23.88
23.03
22.89
23.75
22.89
23.03
22.94
23.80
23.98
22.97
23.85
23.75
22.79
23.34
23.09
23.85
23.18
23.00
23.60
23.35
23.01
23.13
31.19
46.29
38.33
38.50
36.43
40.95
41.00
41.13
39.95
43.62
41.72
37.81
32.82
28.81
24.58
25.39
24.66
22.78
21.77
22.56
21.41
21.67
21.75
22.42
30.26
47.68
43.22
45.61
38.46
41.75
39.85
38.12
38.98
40.49
39.59
38.08
34.26
29.44
25.78
25.29
27.45
30.35
29.97
27.98
26.36
27.80
24.90
25.78
31.59
41.71
43.40
34.38
37.08
38.56
40.00
40.82
40.24
39.63
41.98
39.60
35.86
33.48
29.55
24.87
25.55
24.10
24.23
25.01
23.55
24.61
23.65
23.71
32.04
50.69
36.26
38.49
40.03
44.12
41.63
40.13
42.35
41.96
42.39
40.83
33.32
28.95
24.53
25.83
25.39
27.51
25.69
25.53
24.09
24.01
22.78
24.68
31.38
47.92
37.09
39.05
37.14
36.87
38.03
36.09
38.74
40.68
41.58
39.60
33.51
28.88
26.10
26.14
24.29
24.63
26.34
24.50
23.67
23.94
23.99
23.42
22.47
23.48
22.35
22.42
22.25
23.23
22.43
22.59
23.28
22.36
22.54
22.51
23.86
22.47
23.08
22.77
23.88
22.91
22.46
22.55
23.54
23.37
22.99
22.40
23.88
22.52
22.30
23.39
22.46
22.34
22.27
23.26
22.40
22.60
22.55
23.31
22.32
22.39
22.38
22.61
23.35
22.55
22.69
22.52
23.39
23.17
22.44
22.57
30.11
40.40
33.75
36.56
36.87
36.84
36.56
37.55
36.97
36.21
35.92
34.07
31.15
29.07
26.92
25.06
23.86
23.39
24.01
25.59
26.73
24.95
22.37
23.34
22.58
22.14
22.92
22.72
22.33
22.30
24.48
23.49
23.93
22.99
23.24
22.15
22.26
22.16
23.01
22.50
22.39
22.78
22.66
22.29
22.13
23.23
22.46
22.32
22.33
23.21
22.37
22.35
22.40
23.22
22.33
22.34
22.57
23.39
22.53
22.26
22.38
23.13
22.10
22.20
23.28
22.37
22.24
22.49
22.80
22.61
22.40
23.17
32.10
50.91
44.07
40.48
37.20
37.24
38.07
36.02
33.60
36.48
34.85
33.87
31.57
28.83
24.75
27.04
25.88
25.20
23.14
23.26
24.18
25.40
24.26
23.24
32.04
42.71
41.09
34.48
34.78
35.28
36.28
38.84
37.55
34.52
35.69
35.70
32.89
30.69
25.81
22.34
23.14
25.41
24.85
23.11
24.19
23.07
23.83
23.10
22.64
23.42
22.59
22.44
22.28
23.35
22.50
22.61
23.62
22.82
22.59
22.55
23.28
22.48
22.41
22.51
23.64
22.55
22.48
22.37
23.73
22.51
22.37
23.28
22.65
22.43
22.51
23.44
22.44
22.91
22.59
23.32
22.58
22.63
23.51
22.57
22.51
22.62
23.57
22.54
22.41
23.62
22.67
22.53
22.40
23.58
22.55
22.48
37.22
55.76
47.76
48.21
48.01
48.69
48.55
39.13
41.05
39.32
39.19
38.40
33.62
31.05
24.71
23.72
22.35
22.33
26.28
25.94
24.77
23.39
24.17
24.01
31.18
42.48
42.07
35.85
37.85
38.81
36.73
35.29
34.74
35.62
32.80
31.49
30.38
30.16
25.80
23.59
22.98
23.29
22.34
