0.00
0.00
0.00
0.00
0.00
0.00
0.00
0.00
0.00
0.00
0.00
0.00
0.00
0.00
0.00
0.00
0.00
0.00
0.00
0.00
0.00
0.00
0.00
0.00
0.00
0.00
0.00
0.00
0.00
0.00
0.00
0.00
0.00
0.00
0.00
0.00
0.00
0.00
0.00
0.00
0.00
0.00
0.00
0.00
0.00
0.00
0.00
0.00
0.00
0.00
0.00
0.00
0.00
0.00
0.00
0.00
0.00
0.00
0.00
0.00
0.00
0.00
0.00
0.00
0.00
0.00
0.00
0.00
0.00
0.00
0.00
0.00
0.00
0.00
0.00
0.00
0.00
0.00
0.00
0.00
0.00
0.00
0.00
0.00
0.00
0.00
0.00
0.00
0.00
0.00
0.00
0.00
0.00
0.00
0.00
0.00
0.00
0.00
0.00
0.00
0.00
0.00
0.00
0.00
0.00
0.00
0.00
0.00
0.00
0.00
0.00
0.00
0.00
0.00
0.00
0.00
0.00
0.00
0.00
0.00
0.00
0.00
0.00
0.00
0.00
0.00
0.00
0.00
0.00
0.00
0.00
0.00
0.00
0.00
0.00
0.00
0.00
0.00
0.00
0.00
0.00
0.00
0.00
0.00
0.00
0.00
0.00
0.00
0.00
0.00
0.00
0.00
0.00
0.00
0.00
0.00
0.00
0.00
0.00
0.00
0.00
0.00
0.00
0.00
0.00
0.00
0.00
0.00
0.00
0.00
0.00
0.00
0.00
0.00
0.00
0.00
0.00
0.00
0.00
0.00
0.00
0.00
0.00
0.00
0.00
0.00
0.00
0.00
0.00
0.00
0.00
0.00
0.00
0.00
0.00
0.00
0.00
0.00
0.00
0.00
0.00
104.13
150.95
150.79
149.93
154.73
162.07
168.27
167.07
154.76
135.20
115.42
110.80
108.69
106.72
105.07
106.25
107.23
106.32
102.90
103.58
100.10
99.96
114.44
134.30
145.15
80.37
150.19
153.98
147.20
143.04
145.35
145.28
143.94
128.64
111.51
111.97
112.35
108.26
105.11
100.64
95.06
95.69
96.14
97.43
94.72
97.52
107.34
125.66
136.81
143.39
155.19
148.95
150.85
157.78
163.96
157.47
142.07
122.60
110.02
106.41
102.32
101.46
100.60
94.23
93.72
94.24
92.51
92.26
92.22
95.12
93.75
93.25
93.42
96.59
97.73
100.35
105.78
105.66
109.51
101.97
99.33
96.45
96.04
96.70
94.78
89.63
89.60
87.51
89.06
87.75
89.86
92.09
89.42
93.47
91.69
90.52
91.08
90.41
88.90
88.19
94.42
99.50
102.96
100.40
95.73
96.05
94.63
93.68
91.10
95.12
89.88
83.45
84.76
85.29
88.02
89.75
90.20
93.77
110.74
125.50
145.77
153.81
146.63
158.06
160.02
163.78
159.66
150.17
143.28
130.17
117.08
110.85
107.75
108.53
105.32
104.81
105.69
102.90
104.73
102.84
103.62
103.57
117.87
135.07
151.01
153.31
151.56
152.06
151.90
150.83
154.52
145.17
133.08
121.93
110.39
108.51
106.74
105.03
103.98
102.66
102.09
99.36
96.56
93.48
88.50
93.51
109.31
123.96
141.53
146.18
147.35
154.11
154.78
159.83
166.39
160.58
152.08
138.35
117.50
113.14
110.65
108.15
105.24
106.65
104.40
104.99
95.43
90.59
89.04
96.75
106.65
127.74
144.48
149.42
147.91
148.57
151.23
155.16
155.43
152.17
142.12
126.93
113.90
112.27
110.54
109.93
108.69
105.25
106.20
104.88
97.32
97.64
95.50
99.66
117.49
130.76
143.10
146.73
149.57
150.42
149.01
161.52
169.23
164.08
149.05
126.43
111.73
109.02
108.34
107.01
99.54
95.20
93.80
88.07
87.35
89.71
90.93
91.05
90.51
91.10
93.60
94.52
100.45
101.62
107.57
112.77
117.21
116.00
110.85
102.76
99.04
97.97
97.63
96.50
94.00
92.66
88.41
85.78
87.18
88.44
90.41
89.59
88.72
87.91
88.95
87.20
89.86
92.83
93.44
97.99
101.98
102.83
100.48
95.57
95.20
95.20
94.76
94.89
93.38
94.17
90.94
87.11
87.91
89.96
89.67
90.46
96.21
95.00
96.02
99.75
101.42
102.13
104.30
107.54
107.17
108.43
106.70
97.83
89.75
88.82
86.14
88.11
85.69
83.19
82.21
83.95
89.06
91.00
89.46
99.60
116.92
128.92
138.97
140.30
142.29
148.57
149.58
151.23
154.47
155.72
144.16
122.96
105.08
107.02
104.14
99.60
96.39
91.97
92.05
94.11
91.88
92.51
93.21
97.22
113.75
128.42
143.21
141.21
135.12
139.82
141.86
152.73
152.30
159.68
147.22
124.22
113.64
105.37
101.89
103.47
96.59
98.42
96.97
95.12
92.87
96.39
95.44
105.12
116.79
134.56
144.98
141.68
138.43
144.90
148.43
153.01
153.58
154.03
146.43
126.30
112.98
110.31
108.42
106.55
101.75
95.37
97.06
88.46
89.61
91.34
90.22
99.32
113.05
128.97
138.69
140.97
145.88
148.10
151.72
159.99
154.93
152.34
143.48
122.21
110.85
109.21
109.91
108.54
103.66
96.74
93.61
94.59
94.11
89.77
90.70
93.08
94.65
95.32
96.96
95.38
95.20
94.30
93.17
103.77
105.55
107.38
107.00
100.22
95.94
95.31
91.08
90.27
89.04
85.11
86.13
85.28
86.26
89.30
88.74
90.31
92.36
92.38
87.89
89.19
88.36
88.53
92.43
98.65
100.51
109.52
107.40
102.16
96.17
92.52
95.28
94.97
92.71
84.43
86.59
84.91
87.32
91.06
89.87
94.25
115.37
128.59
140.79
140.36
142.33
152.23
152.86
156.53
156.50
151.84
140.51
126.53
114.00
110.90
106.86
105.28
106.25
104.08
102.92
97.23
95.81
89.83
89.01
95.33
109.69
132.98
145.21
156.94
162.59
161.05
157.71
158.90
159.57
39.02
143.54
130.68
115.66
110.46
107.46
107.96
103.93
103.00
104.47
103.86
97.56
95.49
95.69
99.40
112.06
134.67
150.80
155.79
162.18
161.69
161.45
165.06
167.41
166.31
148.74
129.51
120.77
115.26
112.14
111.27
108.43
105.71
104.30
99.75
96.15
95.30
90.93
95.25
109.34
131.15
148.90
153.62
156.19
157.84
157.36
162.48
160.59
154.87
152.86
129.83
115.57
110.60
109.23
106.01
106.77
105.20
102.39
99.80
97.23
97.09
97.67
103.16
114.05
133.67
152.82
153.81
154.59
158.61
156.30
159.95
163.62
159.75
148.66
128.32
114.66
111.73
109.13
109.34
106.42
104.30
103.63
98.63
96.51
96.76
95.32
97.03
100.26
98.75
101.78
104.51
103.39
107.09
106.20
107.97
110.81
111.35
108.32
103.81
101.31
97.42
97.52
99.19
96.28
94.96
97.08
96.03
94.23
96.64
96.59
94.77
95.26
93.25
94.10
94.17
93.94
95.11
94.84
95.69
92.94
92.93
92.80
94.82
94.57
93.60
93.14
94.41
91.38
90.86
91.23
91.93
94.20
95.22
94.74
97.23
117.50
137.41
154.10
151.16
153.02
159.08
153.43
152.63
154.44
156.38
139.99
119.92
112.67
107.52
107.30
105.30
99.56
96.96
97.78
95.36
91.47
91.66
91.15
94.51
111.90
128.56
143.18
149.43
148.78
148.08
148.36
148.54
151.64
149.55
140.78
126.42
113.97
105.07
96.62
98.55
93.26
92.85
91.60
86.48
83.69
85.51
84.44
92.00
106.63
122.59
134.93
138.43
139.54
136.32
141.19
145.73
143.88
142.05
134.47
114.90
100.41
96.78
97.41
97.37
92.29
94.28
92.68
92.71
98.34
102.72
103.16
114.81
123.51
135.01
144.04
142.39
138.25
139.39
141.19
143.12
148.29
146.93
136.82
122.15
112.04
105.60
102.98
98.77
97.18
95.21
90.78
89.22
93.04
94.81
95.25
101.49
117.88
131.84
138.86
113.97
120.10
117.19
121.25
115.60
122.51
124.51
141.54
127.34
115.37
109.22
109.44
104.61
96.92
93.46
91.02
87.85
85.23
89.63
89.64
91.88
95.34
97.06
94.06
93.45
91.41
92.52
90.59
89.55
90.27
87.12
84.77
85.78
87.05
87.62
88.17
87.60
87.42
88.61
85.26
89.23
91.79
93.10
93.55
95.20
95.04
92.06
91.39
88.54
89.16
89.51
81.57
89.15
88.43
91.52
97.03
95.01
92.58
86.76
87.80
87.86
86.86
84.64
85.52
86.81
88.99
90.59
91.64
97.85
117.95
134.74
147.41
147.02
143.64
153.29
152.46
152.23
153.58
152.64
146.64
127.56
113.38
110.99
107.57
103.39
96.15
95.18
96.51
94.02
87.89
91.83
93.65
103.19
118.54
130.77
136.82
139.25
151.96
146.04
147.26
150.59
155.36
152.04
142.88
123.54
110.93
109.15
103.78
102.69
103.25
95.82
93.70
89.57
87.97
88.52
90.78
100.55
114.98
127.40
140.95
140.77
141.49
144.66
143.23
141.72
146.68
144.72
134.55
119.58
113.28
110.04
106.69
106.47
102.67
93.69
94.39
92.04
94.17
96.74
96.65
104.08
116.50
131.59
144.65
145.67
147.03
149.08
145.09
142.00
139.52
134.98
126.76
120.17
110.49
106.47
105.83
105.41
103.07
101.54
98.12
95.92
97.65
48.99
48.31
106.75
117.74
134.74
146.00
151.15
149.51
152.58
147.58
155.03
154.81
145.96
133.19
121.75
108.59
106.24
104.69
102.94
101.32
101.38
94.82
91.58
94.64
96.81
95.36
92.33
92.40
94.82
98.55
101.86
106.03
102.48
100.17
101.39
104.30
103.91
102.92
98.47
96.41
92.54
90.48
91.30
87.78
88.26
86.60
88.28
89.17
93.59
94.76
93.93
95.13
93.05
94.12
94.44
94.97
89.25
91.18
90.32
87.23
91.58
90.37
88.60
90.70
92.40
90.58
94.16
88.99
87.11
87.76
89.17
88.41
91.83
92.45
104.78
117.66
140.95
140.58
139.93
137.42
139.74
141.53
141.37
143.55
137.31
127.68
118.04
103.58
101.28
100.32
99.88
96.17
94.16
85.64
85.18
86.80
89.25
91.83
106.87
122.06
130.60
146.42
151.59
146.27
138.46
144.15
147.51
140.07
139.37
130.75
114.79
104.11
99.55
100.02
100.46
96.60
95.76
98.46
96.36
93.87
93.34
97.49
107.50
123.62
137.06
149.02
119.79
139.22
143.31
140.37
137.62
146.88
143.37
137.84
119.18
113.45
110.22
103.26
100.96
96.04
95.68
95.13
89.47
90.63
91.67
90.29
101.30
117.49
130.31
139.41
133.53
132.05
130.66
136.22
131.32
131.96
124.63
123.77
119.87
113.18
105.25
103.83
103.24
99.09
97.29
98.60
95.28
92.38
92.87
94.81
107.31
127.33
147.53
140.67
139.11
142.56
139.39
133.33
134.42
128.09
125.88
117.90
107.64
101.78
98.98
99.88
104.34
99.06
96.05
97.67
93.12
92.74
91.79
97.78
108.60
115.59
113.59
115.99
115.50
112.43
103.25
101.71
100.34
98.45
95.15
95.58
92.67
90.61
92.29
93.67
93.10
91.15
89.23
88.40
90.31
92.17
94.05
97.00
98.57
100.82
99.29
100.16
100.15
93.31
89.52
88.40
92.66
91.21
95.60
99.19
93.88
91.48
90.97
90.46
93.36
89.66
88.04
87.87
88.59
90.50
91.84
95.95
105.72
121.97
133.63
142.20
139.46
138.57
143.30
146.23
147.11
152.97
152.06
140.86
123.56
110.46
108.52
104.68
106.01
101.67
98.41
92.68
86.50
86.66
86.65
91.40
102.63
117.42
133.09
143.30
145.46
153.39
149.78
152.39
155.70
153.86
144.73
137.08
126.63
112.11
104.54
104.86
106.61
105.43
101.96
103.32
103.02
94.15
93.89
94.50
106.11
118.89
133.28
144.79
148.85
151.88
146.68
158.78
157.53
162.53
160.83
156.51
143.05
124.39
114.94
116.52
111.76
108.28
104.85
103.55
102.53
100.17
95.13
89.93
99.36
110.73
128.73
149.12
155.38
147.75
155.03
156.65
155.88
161.67
162.14
158.58
144.53
125.19
122.00
118.04
116.14
112.43
111.25
108.03
105.55
99.16
100.91
98.80
103.83
118.91
139.48
158.32
158.55
158.36
166.01
167.40
165.80
167.02
164.38
156.32
135.31
123.66
121.57
118.04
118.36
115.90
112.95
111.23
108.79
102.40
97.12
97.29
96.32
100.76
100.74
105.08
111.37
106.40
105.88
105.02
105.86
109.61
115.25
114.17
107.85
106.67
103.87
103.16
98.17
98.10
97.00
96.13
95.81
94.77
96.73
98.27
96.67
94.08
98.15
99.30
98.88
100.65
101.17
102.82
107.86
113.34
115.92
116.90
112.42
103.30
102.37
101.59
100.45
98.32
95.79
94.62
92.08
94.99
96.29
96.36
100.12
116.96
140.91
151.70
153.70
150.95
158.45
163.64
165.30
163.88
168.89
153.16
136.70
121.99
117.77
118.59
118.85
112.30
107.81
109.98
109.91
108.84
98.12
95.88
99.74
109.55
130.23
162.46
161.75
161.74
168.08
164.26
166.42
169.40
172.18
166.07
145.25
123.79
118.31
112.84
109.98
103.31
103.29
101.26
98.43
92.45
92.35
91.37
106.40
122.83
147.16
162.12
161.84
165.38
173.06
174.45
178.94
180.19
173.56
170.06
145.14
128.15
125.34
122.10
119.40
116.57
110.10
109.38
110.18
103.10
98.43
98.58
106.95
125.27
142.82
159.94
163.72
171.01
168.02
170.29
169.04
166.46
162.12
152.40
135.16
123.74
116.43
113.99
111.15
108.51
106.97
104.52
107.22
101.96
101.27
99.08
111.78
126.35
148.29
158.45
153.52
161.43
164.36
164.31
164.10
162.12
162.32
147.63
124.03
110.06
104.09
103.57
103.82
101.57
96.56
90.15
88.25
83.83
82.55
84.99
87.18
88.23
90.31
91.98
94.43
99.40
99.03
105.95
104.22
100.79
93.44
90.28
88.93
89.58
84.28
88.15
89.12
87.15
82.62
80.34
80.94
82.33
85.68
85.89
87.03
89.34
86.24
88.12
87.73
89.75
92.78
91.88
94.99
94.13
96.05
94.89
91.98
91.33
89.47
90.45
89.20
88.14
87.29
85.90
86.55
87.97
89.38
88.57
95.50
116.74
143.85
156.66
158.59
158.26
159.98
160.46
162.92
154.98
143.68
135.56
119.23
106.19
103.88
103.34
105.97
102.59
103.53
103.62
100.47
96.56
97.57
94.79
100.92
117.42
136.64
148.82
150.90
155.36
155.69
157.87
151.97
156.83
150.97
134.66
121.05
106.18
104.90
103.95
99.16
92.14
92.03
90.79
91.08
89.12
91.05
89.60
97.97
113.99
135.83
144.16
139.04
155.28
155.65
153.99
154.46
151.83
147.06
141.91
123.09
102.00
99.02
99.71
98.65
96.81
97.36
97.74
91.21
87.81
87.01
90.63
95.83
111.49
125.26
138.03
144.17
151.95
151.27
151.94
147.86
152.50
149.05
142.97
128.03
107.42
105.40
105.48
107.01
104.38
100.96
95.13
89.20
86.36
88.51
92.04
99.64
118.98
132.70
140.95
154.70
150.98
158.93
156.37
165.57
156.77
152.87
137.52
118.65
109.01
109.88
107.91
108.87
108.28
105.22
100.71
99.96
96.67
93.45
86.05
87.50
99.50
104.52
114.69
118.14
121.69
122.49
119.54
110.95
109.89
104.48
107.76
105.71
100.36
100.11
97.26
93.02
92.15
92.36
92.19
91.17
91.60
93.98
92.02
90.72
86.78
90.71
93.07
93.22
96.43
99.41
100.64
104.80
107.26
110.36
114.40
111.16
106.40
103.27
100.70
97.14
93.89
92.60
93.35
92.21
92.25
91.29
91.83
110.48
126.09
149.17
160.47
163.66
169.84
170.72
173.19
169.99
174.90
177.35
174.09
152.50
124.94
123.55
118.63
113.39
108.51
106.42
107.53
105.35
104.56
98.52
99.91
116.03
130.82
153.89
168.59
172.32
173.67
178.65
177.78
181.79
177.60
176.48
168.42
147.22
125.41
118.75
115.66
115.69
111.42
108.58
106.06
106.33
106.09
102.10
101.27
120.34
137.34
154.62
165.65
168.11
172.05
180.86
177.87
185.19
185.98
175.68
164.75
139.28
121.06
117.93
112.38
111.08
108.27
105.80
105.39
104.57
102.20
98.95
101.42
118.23
130.42
147.01
160.70
168.22
170.66
171.69
170.65
169.90
164.16
158.40
146.75
128.52
115.67
109.27
109.51
104.74
100.78
100.92
100.62
99.93
100.77
98.89
95.73
105.51
127.99
148.95
156.88
161.17
157.77
157.76
157.65
167.34
167.37
159.06
147.75
129.79
110.78
109.15
106.40
104.75
103.60
98.26
97.25
97.01
97.12
95.20
95.78
96.28
103.80
103.62
107.94
107.63
109.05
110.03
109.81
110.44
111.58
109.79
112.80
106.23
102.41
100.34
101.00
98.44
95.54
93.73
94.18
93.36
93.53
95.35
94.90
94.54
95.12
95.91
96.12
98.66
99.59
100.92
102.76
106.55
110.77
114.81
117.57
113.00
106.24
103.79
101.35
98.84
96.61
93.32
93.87
95.45
95.95
97.22
95.41
109.89
132.08
156.52
164.03
165.79
174.42
174.68
174.50
180.43
179.54
175.34
170.84
151.57
125.23
120.51
118.51
116.64
111.11
106.06
105.59
104.40
105.82
98.67
96.52
118.87
139.42
156.12
168.90
173.74
179.77
180.16
181.28
181.89
180.62
177.13
166.95
140.08
121.54
118.01
117.66
115.78
113.54
110.84
109.53
108.00
109.09
103.18
103.45
122.00
134.19
145.97
162.46
172.02
169.75
174.73
177.26
182.34
169.54
161.70
151.22
135.02
118.25
114.75
115.71
115.89
113.53
110.24
109.99
106.65
106.14
101.09
101.62
117.39
130.68
146.59
163.75
170.24
173.31
178.52
174.00
180.16
175.99
174.12
168.25
144.71
124.26
120.63
119.59
119.94
87.51
55.75
114.38
108.32
101.53
101.19
100.03
108.89
132.98
157.22
168.73
167.45
167.79
171.39
173.84
170.30
174.24
172.10
160.87
141.32
120.34
116.18
111.03
111.33
108.65
106.36
105.40
102.19
104.98
99.49
96.41
99.40
115.02
116.35
121.02
121.20
120.81
118.46
114.22
118.98
118.30
113.66
114.03
115.70
107.57
105.78
104.62
102.28
98.99
97.94
95.35
94.65
96.24
93.97
95.22
93.18
97.29
96.74
99.38
99.88
102.37
104.44
104.90
110.12
114.47
117.41
120.66
116.12
109.72
107.10
105.20
102.89
99.48
97.30
98.16
92.55
94.79
96.56
95.60
110.21
132.85
153.62
163.62
170.95
173.17
173.49
182.45
184.00
184.58
174.05
169.44
146.49
125.91
122.81
120.02
117.04
111.97
106.58
108.76
107.38
105.98
100.13
97.76
117.85
134.98
158.82
171.07
168.90
179.52
178.17
180.88
181.38
183.87
185.17
171.42
147.30
126.95
121.44
121.53
116.79
110.97
105.84
106.17
102.20
102.14
99.99
98.86
120.02
139.75
159.99
173.45
175.00
172.48
179.97
181.26
182.17
183.38
180.62
172.17
147.21
124.56
120.63
118.26
118.31
112.87
112.16
111.27
109.59
105.54
103.40
101.01
119.14
131.39
148.75
160.72
170.00
172.11
177.45
175.19
176.55
174.62
177.40
167.59
151.34
125.30
122.47
119.24
120.04
115.41
113.10
110.58
98.01
97.06
98.81
99.26
110.37
129.95
155.57
164.35
168.73
168.46
170.79
173.61
172.94
176.40
170.82
160.72
143.17
123.22
121.39
117.97
116.22
110.49
107.77
98.22
100.58
100.45
100.71
99.18
97.84
118.31
117.59
121.69
122.25
122.27
126.58
124.69
123.96
121.10
113.06
115.68
115.40
108.17
109.14
109.17
106.71
106.12
102.87
101.60
101.06
103.49
97.66
99.43
98.22
103.97
106.56
108.17
110.86
109.32
114.71
115.35
117.91
119.85
123.04
124.00
125.39
116.09
111.33
112.92
110.87
106.67
102.87
102.98
99.69
103.88
100.01
97.45
119.60
143.03
165.05
174.34
177.82
175.86
182.50
183.88
190.67
189.72
185.38
183.69
157.77
128.85
126.13
123.58
122.37
116.34
113.57
113.07
111.58
112.65
106.35
103.68
127.48
146.01
166.36
179.91
191.86
188.48
199.01
199.10
199.20
201.66
198.16
192.56
164.67
136.20
131.37
128.47
125.99
121.41
121.14
119.11
113.35
104.52
102.31
105.43
122.04
138.02
161.29
173.22
180.88
176.26
176.34
181.94
183.68
178.00
175.45
157.73
139.36
118.30
115.07
110.00
108.11
106.28
103.24
103.48
100.09
97.18
96.65
92.02
108.03
130.28
151.73
155.87
167.33
162.89
142.82
172.66
167.30
167.15
162.81
155.00
134.86
114.62
112.50
109.69
105.34
102.85
101.83
96.94
96.22
97.77
98.23
96.03
113.35
132.96
154.89
168.18
170.57
176.29
179.49
180.17
178.62
173.14
168.01
152.22
135.27
113.64
112.08
108.67
105.41
102.95
101.27
95.05
94.39
96.64
94.87
95.57
95.50
114.31
116.76
122.82
122.95
123.34
121.29
118.87
114.03
110.42
105.34
109.77
109.58
102.47
100.49
98.36
97.11
94.28
92.17
92.58
91.14
91.37
90.99
91.07
90.14
93.24
98.71
98.85
100.56
101.20
104.61
108.06
109.84
113.21
116.78
117.77
111.41
103.46
105.03
101.59
101.74
96.40
95.05
95.36
94.30
96.27
95.35
92.27
115.23
140.65
164.89
177.75
186.94
190.89
190.22
193.30
190.51
195.76
188.56
175.48
149.70
120.20
121.51
115.38
112.35
110.06
108.37
107.19
105.40
100.97
99.89
100.01
119.57
145.21
163.20
174.69
177.87
180.56
187.21
188.88
186.86
175.60
171.23
153.38
131.20
111.71
108.23
104.92
102.06
99.51
100.73
99.53
101.09
99.24
95.27
93.16
110.71
133.00
149.69
163.51
169.72
171.87
174.25
179.48
180.44
169.99
172.58
167.75
146.16
124.31
115.55
112.11
111.80
107.63
106.34
105.98
98.90
100.58
98.06
96.26
120.11
145.08
160.73
173.81
178.92
180.68
181.55
186.93
188.20
181.16
181.87
174.49
154.86
128.82
125.58
119.84
115.97
116.21
114.55
111.28
110.00
108.35
107.15
106.98
124.12
148.52
169.05
172.68
181.53
174.51
180.51
179.34
183.00
187.70
185.49
172.68
158.48
133.38
130.90
128.51
127.98
124.34
122.78
119.72
119.05
116.62
112.08
109.83
110.96
144.21
143.94
144.28
149.04
149.18
147.46
144.30
148.44
140.37
129.28
133.65
133.52
127.30
123.98
121.44
120.41
117.87
113.80
113.04
111.45
113.30
109.86
108.19
108.77
119.90
122.33
124.06
124.55
125.11
126.84
127.66
127.87
130.49
136.04
135.73
137.41
127.21
120.63
120.66
116.61
113.93
113.75
108.48
108.08
108.55
104.80
105.54
125.78
147.04
169.18
184.98
182.75
188.94
190.67
192.73
187.43
188.47
180.98
177.13
156.66
129.54
124.55
120.28
118.34
114.99
111.94
109.35
109.73
109.12
103.44
103.57
124.21
153.18
173.63
188.58
191.77
189.68
193.07
194.54
195.27
182.99
176.09
169.37
144.35
124.34
120.62
116.21
118.17
112.76
113.27
109.86
110.01
109.37
107.84
107.25
124.50
152.18
168.52
183.06
185.88
186.65
183.12
182.88
184.75
184.80
185.36
179.29
147.13
132.32
126.97
123.86
121.74
117.92
116.58
113.27
109.49
105.58
102.07
100.24
132.94
155.40
173.63
183.88
188.13
189.56
194.22
196.17
193.82
198.18
191.95
187.20
156.09
141.48
137.06
132.29
131.94
123.83
122.87
120.56
113.05
112.30
108.86
106.37
134.65
158.62
178.87
191.35
192.53
194.56
193.46
193.55
195.88
197.98
194.71
186.66
153.67
138.94
139.24
137.86
133.72
127.35
127.47
122.46
115.42
114.87
110.43
108.40
119.30
143.62
142.83
144.19
139.57
145.60
145.86
149.03
144.87
131.65
129.87
136.51
135.51
128.30
124.07
122.14
118.95
117.05
112.95
114.15
113.27
109.12
110.18
106.95
107.40
117.79
122.41
124.76
124.18
125.52
126.60
130.62
132.62
133.13
140.04
141.78
137.75
129.91
126.31
127.25
125.03
118.71
119.18
117.13
117.23
117.81
115.36
120.41
145.81
160.92
179.17
190.59
194.10
200.61
196.18
195.62
196.36
197.12
193.08
175.81
145.52
126.31
123.25
123.51
121.97
116.44
115.68
117.46
107.11
109.03
104.32
103.83
135.72
155.26
174.52
181.11
185.74
185.01
187.85
184.09
182.28
183.06
177.24
168.70
143.77
125.60
121.40
121.29
120.14
113.45
112.58
111.19
111.59
109.29
102.85
102.48
133.45
158.37
172.82
187.78
188.12
192.38
201.41
193.09
195.08
190.43
185.84
179.99
146.67
124.81
124.05
118.65
118.44
115.01
116.76
112.32
107.12
105.97
102.34
100.25
130.88
153.02
168.76
180.43
187.58
187.65
192.51
193.21
184.66
187.05
182.18
167.59
143.36
126.00
123.37
119.25
119.90
113.64
112.66
110.45
110.15
105.52
103.00
100.53
127.34
156.26
175.94
183.08
187.22
191.18
188.09
192.32
192.32
189.98
190.73
173.50
146.22
136.50
130.27
126.14
125.32
118.69
114.88
114.59
111.97
111.14
104.53
104.98
112.99
141.79
142.06
147.02
149.42
150.08
149.40
151.87
155.88
130.83
129.98
132.90
131.17
127.20
120.58
121.17
117.89
113.32
114.58
110.82
110.13
108.64
108.54
103.36
106.80
117.34
117.76
124.89
124.60
127.94
133.06
139.36
139.56
140.94
136.10
134.06
129.71
124.85
123.27
121.53
120.08
114.85
114.69
109.30
108.34
108.38
107.92
107.81
135.18
148.06
172.54
182.86
184.96
191.97
194.13
193.83
194.40
195.16
185.13
176.39
147.16
127.36
127.32
122.27
119.33
116.04
112.59
108.37
111.01
104.56
105.06
105.96
131.88
143.13
154.35
165.06
173.32
179.89
181.40
182.37
179.34
176.75
168.23
167.39
141.40
127.16
121.01
113.95
115.23
109.60
108.11
107.64
107.51
107.40
101.18
101.01
122.43
135.92
147.57
173.38
183.16
183.45
184.99
183.62
187.16
185.50
181.50
169.11
136.34
123.62
122.35
117.57
116.47
110.64
111.04
107.06
106.11
107.85
105.01
104.68
134.46
148.65
167.09
173.37
179.24
186.83
189.30
189.27
191.64
185.40
181.73
169.12
141.38
129.04
126.78
126.09
120.19
116.22
114.74
111.65
112.82
109.61
104.43
104.64
132.49
157.09
177.04
153.32
189.67
194.02
193.35
187.91
189.50
184.91
186.52
172.67
143.02
126.75
125.32
120.55
118.81
115.19
113.97
110.99
108.44
109.47
107.80
105.50
115.36
136.85
139.92
140.95
138.87
140.14
140.09
140.73
141.39
126.76
121.22
130.53
123.38
118.12
118.62
114.99
114.35
112.75
111.02
109.81
107.35
110.58
107.08
106.37
109.91
115.69
116.66
121.39
123.90
121.13
127.78
124.57
131.94
123.13
121.80
124.03
126.35
120.53
116.54
115.04
111.99
113.23
107.63
107.30
108.73
108.11
107.39
106.86
139.46
158.93
177.86
191.53
192.87
198.05
199.22
199.98
194.21
195.85
189.46
184.51
155.83
140.95
133.67
129.19
125.94
122.50
118.02
118.17
117.51
115.03
111.40
108.69
147.05
168.41
184.29
186.50
197.98
204.23
200.75
209.79
206.15
207.28
204.83
192.96
160.14
147.94
144.48
139.46
138.00
134.65
133.34
128.26
117.40
116.16
112.38
108.76
147.89
166.82
188.60
198.29
201.56
207.00
206.20
211.34
210.24
205.18
205.23
191.23
157.88
148.68
142.80
136.48
136.42
131.29
129.37
125.02
123.18
116.34
114.24
110.84
142.74
153.23
171.80
181.86
195.25
190.92
200.01
198.41
195.89
195.62
192.15
182.89
155.50
136.52
131.77
130.17
124.57
120.40
116.03
114.12
106.57
105.45
103.34
101.18
133.12
151.80
166.59
173.72
182.93
178.50
180.13
178.02
177.29
176.63
164.11
157.33
133.68
120.51
115.63
113.17
109.97
105.81
106.56
96.68
98.16
96.18
94.85
94.44
106.76
127.46
126.05
127.07
126.75
127.45
124.95
130.61
131.77
118.48
115.43
117.47
112.97
109.87
107.89
104.55
105.01
101.98
101.24
102.47
101.41
101.11
100.14
98.31
97.58
100.81
101.41
105.53
104.77
111.63
114.43
117.51
117.86
115.50
113.35
109.87
106.58
103.40
102.99
103.69
100.49
100.87
98.55
98.74
96.83
97.65
93.52
94.02
118.17
132.66
154.14
177.73
172.02
179.82
189.53
181.98
178.93
175.30
165.64
152.01
129.08
116.26
114.60
114.09
112.59
107.54
105.46
96.69
94.52
94.12
92.96
93.30
117.36
136.29
162.00
167.32
179.66
180.92
175.82
187.43
183.91
178.80
173.30
164.84
139.76
124.15
117.33
112.45
111.91
109.00
106.60
105.21
97.54
98.08
96.32
96.52
117.93
137.07
156.12
167.58
174.12
160.60
169.89
178.99
179.61
175.18
159.72
151.00
129.13
117.50
112.68
110.93
110.14
106.65
98.19
92.64
90.97
94.05
93.80
92.53
112.62
136.26
159.19
165.52
162.67
167.82
164.18
168.43
162.45
179.72
161.60
156.81
134.86
121.89
115.81
115.51
111.80
107.99
107.37
103.59
94.65
92.32
92.93
93.79
113.33
139.47
163.95
173.32
176.83
177.04
177.63
185.66
173.96
174.37
169.53
166.61
139.05
124.87
118.62
117.45
114.84
111.05
108.87
99.43
98.83
97.61
92.94
93.93
106.89
123.95
121.39
126.49
126.51
126.52
126.45
132.32
132.33
120.09
117.87
119.27
118.50
115.50
112.25
110.26
108.87
104.91
104.73
102.41
101.27
99.45
99.32
99.97
102.26
110.79
110.62
108.21
108.07
115.52
113.23
114.66
113.39
119.10
122.95
128.39
125.39
116.48
110.48
109.49
107.96
106.07
104.59
103.89
100.32
100.26
99.91
98.90
122.57
117.17
116.06
116.49
118.04
121.21
123.56
122.90
124.06
125.79
126.23
127.85
116.03
109.38
103.08
100.98
97.63
98.19
98.86
95.84
94.04
95.16
91.38
94.46
120.66
142.13
165.77
180.04
177.70
180.89
189.51
186.19
192.31
189.05
188.78
174.51
149.29
134.65
124.63
117.03
116.30
112.15
109.43
98.03
95.68
96.66
97.06
97.33
126.62
153.38
172.24
181.95
187.81
187.54
189.40
196.28
198.42
197.44
194.05
182.87
154.36
138.25
129.25
124.26
122.13
118.03
119.03
113.96
114.97
111.17
102.98
104.50
134.61
155.76
175.67
185.51
191.55
194.04
194.93
196.32
192.80
199.85
193.19
182.19
156.73
142.91
139.44
130.79
129.14
124.02
121.86
121.00
111.75
110.34
108.93
106.13
140.01
162.79
182.51
191.05
196.32
199.26
196.39
193.41
199.08
200.40
192.12
182.71
156.34
141.19
135.71
132.84
131.32
123.98
123.20
119.13
114.16
111.97
110.39
107.40
124.32
148.80
149.50
148.77
149.73
150.69
149.64
149.31
149.57
135.63
130.47
132.65
135.21
130.22
125.50
121.15
117.36
116.78
110.02
108.36
108.53
110.40
109.94
109.09
114.08
123.80
131.32
135.06
131.78
126.84
130.22
131.59
137.16
133.83
138.75
137.10
136.38
131.71
127.53
123.35
120.88
113.31
114.35
112.66
110.47
112.52
112.16
110.08
142.00
168.89
187.91
199.85
199.98
207.53
205.57
204.28
207.98
204.26
203.00
193.08
162.65
149.06
140.51
137.63
133.56
129.14
131.31
123.09
115.67
112.81
112.83
110.42
143.57
168.32
188.98
199.97
206.17
198.43
201.47
205.66
203.13
201.18
200.79
189.04
156.83
141.32
139.94
133.38
134.31
128.33
126.19
116.78
114.32
111.35
110.00
108.67
145.27
174.99
192.51
203.82
201.02
198.75
205.52
206.91
203.49
211.85
207.47
199.74
164.60
153.66
147.84
142.02
137.12
131.24
127.31
128.18
122.29
121.71
113.45
113.83
150.05
171.14
193.74
202.38
204.12
206.88
206.06
199.58
205.45
204.87
201.75
195.49
163.33
148.15
147.71
144.01
143.00
135.92
132.13
128.86
126.63
125.41
118.77
117.38
153.03
173.85
197.70
205.23
206.82
208.48
207.08
203.75
208.41
206.19
201.87
193.00
163.26
147.53
145.58
140.27
133.94
126.89
126.08
117.24
111.15
113.35
112.38
109.46
123.30
153.88
153.47
156.51
153.45
152.18
154.66
152.08
146.78
138.28
137.46
136.21
139.14
135.32
131.65
128.83
121.86
120.29
115.67
115.11
114.39
115.33
113.00
113.27
120.89
132.95
131.58
135.96
134.47
137.81
141.14
140.14
145.58
148.42
153.23
152.61
150.40
146.28
138.54
138.73
133.33
125.10
124.30
119.30
120.49
121.82
118.92
118.78
151.92
181.18
201.42
210.22
217.39
216.85
216.74
216.33
222.69
211.54
216.03
205.67
174.43
161.83
156.27
154.68
151.24
144.24
140.95
137.50
137.16
129.35
124.79
123.12
159.41
179.16
203.41
212.17
217.70
213.69
217.92
219.71
220.67
214.88
213.50
200.73
169.66
154.48
148.52
148.58
144.67
139.59
135.43
130.89
127.03
120.89
118.40
117.57
153.65
176.47
190.27
203.22
211.73
211.88
214.73
211.48
209.46
214.60
211.94
205.79
174.62
158.80
152.44
147.94
144.96
141.44
136.96
134.59
131.73
127.00
120.60
118.11
151.07
162.34
186.29
202.18
210.80
210.90
208.89
207.70
197.73
205.25
205.34
201.13
169.35
155.55
149.57
145.97
140.51
138.74
132.15
129.79
124.17
123.12
115.65
114.57
147.45
173.17
198.51
210.52
209.01
207.87
199.49
200.74
202.47
200.09
200.75
193.35
162.33
149.09
144.66
145.88
143.32
140.41
137.20
135.56
131.95
122.06
115.66
112.34
127.77
152.01
149.40
150.52
149.56
150.23
150.67
150.88
150.80
141.94
134.86
143.93
142.88
137.81
131.56
126.81
127.80
123.34
122.87
120.75
119.50
117.35
115.26
112.65
117.97
130.37
129.39
134.28
135.98
136.11
134.00
131.75
138.76
143.66
148.57
142.67
143.76
140.73
132.90
131.57
129.86
126.40
125.23
118.31
119.45
117.63
115.78
115.75
143.53
165.91
194.14
205.93
210.61
210.53
205.31
203.96
210.78
209.12
205.86
199.06
167.90
152.45
150.86
145.47
145.85
140.55
138.31
132.82
130.20
120.31
118.10
116.65
151.61
172.32
193.69
205.85
200.96
213.54
212.62
208.39
208.92
207.19
205.14
199.39
168.66
149.88
146.47
142.09
139.23
135.59
127.14
126.99
121.17
117.61
113.47
112.04
148.60
172.62
186.04
199.61
202.89
207.25
209.70
211.61
210.07
210.28
207.61
194.59
164.74
154.22
147.77
145.79
140.73
138.62
136.62
134.49
129.41
121.90
113.79
113.33
151.66
174.17
188.15
201.04
199.54
203.65
202.39
201.69
203.34
206.75
200.36
195.92
172.25
153.79
147.22
147.33
142.62
142.48
136.82
134.76
133.64
127.27
118.57
113.64
151.00
166.66
188.62
199.72
207.99
206.62
204.05
201.35
204.46
210.65
205.77
193.94
163.23
153.21
150.34
146.56
143.19
139.99
132.47
128.70
118.67
117.41
112.60
111.90
131.74
155.18
158.56
158.41
158.49
153.10
152.80
151.43
150.41
134.65
131.16
139.13
138.45
142.34
133.14
131.60
128.94
124.49
123.85
123.27
121.14
122.61
121.45
118.99
123.14
131.85
138.21
138.37
139.92
138.85
139.87
140.63
144.17
145.44
147.67
148.04
150.05
144.82
137.01
133.23
129.86
123.79
122.80
117.25
117.95
118.33
116.18
114.72
151.04
173.30
190.60
210.25
219.80
219.23
214.45
220.70
218.47
215.51
210.34
200.38
169.11
156.81
147.12
146.65
142.66
138.04
133.23
128.61
120.24
118.10
115.42
114.79
149.01
174.92
191.97
206.02
207.83
212.03
214.29
217.78
216.49
215.96
211.24
202.46
167.96
154.54
152.35
145.91
141.04
136.11
132.03
129.61
126.53
120.41
89.94
120.91
149.93
169.66
192.76
206.99
209.45
210.90
210.62
204.59
207.96
216.62
214.67
203.71
175.07
159.18
152.80
147.25
147.40
139.82
140.76
140.51
134.36
135.12
120.60
118.86
152.75
176.45
196.53
213.67
216.79
213.14
210.73
211.65
209.49
207.44
207.60
198.72
172.21
157.73
152.27
151.85
147.06
142.69
138.56
136.81
127.42
129.11
130.08
130.69
146.99
144.01
146.07
207.59
222.47
217.76
215.50
211.25
216.37
217.16
204.02
200.76
175.34
161.32
158.00
156.63
158.05
148.19
143.64
144.66
140.23
137.66
128.88
129.28
143.29
165.22
168.88
176.10
178.88
178.82
177.82
173.77
177.10
168.62
162.40
165.36
166.81
162.10
158.82
153.59
154.81
147.60
142.58
141.31
138.80
144.77
141.01
139.47
144.10
155.28
160.98
165.09
155.04
157.52
166.86
169.80
172.04
173.82
171.61
175.16
174.55
167.41
104.64
26.25
158.86
149.69
151.77
148.76
144.46
141.81
136.99
137.02
173.95
187.32
211.92
229.45
227.39
233.34
230.38
229.47
231.61
230.06
223.44
213.58
181.11
170.19
160.50
155.24
152.93
146.89
145.38
143.15
135.89
130.29
128.91
130.64
162.32
183.43
207.29
221.88
222.72
220.02
211.81
224.03
223.38
217.61
213.88
207.59
175.31
163.26
153.50
148.88
147.50
142.39
141.20
134.26
127.14
122.22
120.04
119.02
154.92
178.35
193.02
203.43
207.09
210.41
211.72
208.84
215.11
211.83
205.81
200.16
170.30
156.89
152.02
147.02
146.21
141.97
136.94
135.18
131.23
128.09
122.49
117.44
147.64
148.76
152.75
152.12
152.71
152.53
151.73
142.96
158.59
163.14
163.03
162.12
146.74
135.98
133.42
132.53
129.74
127.53
127.20
122.52
122.43
120.23
118.42
118.69
145.50
161.17
175.01
173.81
178.88
178.57
178.24
181.57
184.69
185.80
185.62
178.03
157.76
151.62
145.84
144.79
142.01
132.15
127.20
126.11
124.45
122.22
122.85
117.56
133.08
158.39
157.53
162.33
165.05
163.89
164.13
161.92
156.92
144.19
139.00
146.33
147.22
143.86
137.68
131.28
133.67
133.32
129.56
128.01
127.90
127.22
122.34
122.99
124.16
130.23
138.87
144.25
146.84
144.88
146.42
148.45
149.68
149.91
154.85
151.21
149.07
141.35
135.06
130.30
127.38
126.17
121.49
118.41
120.52
117.46
116.35
108.82
140.54
163.09
187.56
201.73
200.39
189.40
206.85
204.03
208.34
207.37
208.87
196.17
166.41
149.65
143.54
141.15
135.42
132.82
131.84
131.82
130.41
123.23
114.70
107.12
144.88
162.97
193.06
201.76
207.13
217.92
215.17
217.04
219.12
216.40
213.51
204.93
174.97
161.29
152.58
149.20
148.69
141.04
137.13
132.43
124.04
124.96
122.60
121.78
152.78
175.74
198.71
211.07
212.09
204.60
210.27
211.70
218.16
221.93
219.02
214.19
183.75
168.38
161.60
156.68
156.82
143.15
144.30
146.38
139.33
140.53
137.78
134.13
169.92
171.49
194.67
215.52
207.47
221.85
228.89
227.50
231.73
231.32
228.70
220.08
187.43
171.97
169.51
162.38
157.24
153.46
150.64
152.17
144.26
143.61
136.98
133.11
164.85
173.23
199.51
221.55
227.21
223.76
222.85
226.30
231.99
224.06
220.92
204.87
172.84
160.80
164.53
162.64
157.37
148.40
146.91
138.78
124.77
134.80
132.56
131.54
145.30
172.84
174.97
171.75
170.89
158.95
173.29
173.90
174.95
158.29
155.85
159.56
156.47
155.58
150.37
147.71
144.06
140.20
138.24
134.83
132.28
138.90
136.54
135.79
135.15
149.08
154.02
158.08
160.21
160.08
160.88
162.07
159.82
170.59
171.38
172.39
166.70
161.77
154.26
151.65
147.39
139.49
138.47
136.56
134.64
134.54
133.25
134.19
175.54
193.47
219.64
230.64
231.71
235.80
233.54
230.74
237.38
237.75
234.84
225.73
189.87
178.08
168.45
167.11
164.07
153.93
152.95
149.35
147.76
138.88
133.12
131.06
173.83
183.20
204.09
225.92
221.55
223.34
230.72
229.74
230.88
240.33
231.97
223.42
190.64
174.78
175.09
169.01
169.36
158.44
156.38
146.28
151.71
148.44
142.95
138.30
178.61
190.63
211.59
218.46
223.44
230.64
221.90
232.13
229.78
227.91
229.95
215.52
183.62
164.89
164.25
162.23
160.75
151.14
152.27
148.49
141.05
143.07
138.31
127.54
171.00
183.93
204.45
218.13
218.99
227.98
219.33
207.00
222.74
221.07
217.70
211.15
176.58
164.83
159.74
154.43
155.58
146.07
142.60
140.22
137.58
141.48
138.20
137.92
171.80
186.06
197.98
214.90
215.04
216.76
216.78
221.13
221.64
213.33
214.93
202.53
172.40
158.64
154.83
150.09
151.65
143.11
138.94
139.98
135.50
141.77
135.34
134.75
150.26
176.56
179.21
182.79
182.77
180.64
180.32
179.14
172.54
159.10
157.47
164.33
166.84
162.03
156.58
155.39
149.86
147.24
143.28
143.50
142.29
144.12
143.68
141.87
147.54
159.20
161.76
168.64
164.27
166.55
167.37
159.97
173.96
170.18
181.18
178.24
176.76
171.43
166.51
163.88
160.47
154.81
155.96
153.02
154.94
155.78
151.97
148.72
184.73
186.34
206.23
214.97
227.29
224.45
227.93
228.71
226.04
224.90
223.05
214.53
180.18
162.75
166.45
159.20
160.96
145.91
145.39
128.57
128.86
131.07
126.59
125.92
165.67
175.24
188.16
209.33
219.03
220.49
218.87
222.48
220.33
222.98
221.31
213.76
182.32
171.01
166.71
160.14
161.12
151.30
152.20
150.24
153.71
146.20
138.52
134.44
170.13
182.01
203.06
217.92
216.25
218.78
217.35
218.25
216.48
224.24
223.37
212.75
176.87
160.27
156.04
153.18
150.97
141.00
141.33
135.67
135.91
142.01
137.72
135.07
175.80
190.35
205.71
219.72
223.05
220.62
223.87
223.69
226.66
227.72
223.19
215.52
184.85
170.04
167.27
163.06
160.16
152.33
154.80
147.93
149.28
145.07
140.67
139.33
170.83
176.01
202.02
221.57
220.84
221.12
218.12
227.70
230.55
230.08
227.45
213.08
183.52
171.20
166.45
164.62
162.50
153.70
152.40
154.26
151.00
150.46
142.67
140.19
156.03
184.81
187.71
188.86
186.16
185.66
187.87
183.43
184.12
164.39
168.86
178.57
182.18
173.67
169.39
167.51
161.65
142.59
144.04
140.00
133.83
142.36
139.27
137.96
133.76
142.50
149.00
155.59
152.26
160.00
161.64
165.37
168.50
171.92
172.09
174.74
170.51
162.97
155.84
156.42
154.60
146.72
145.64
142.62
142.35
143.62
142.01
137.95
172.43
182.42
197.98
216.87
227.31
232.45
234.26
231.70
238.73
236.95
231.37
220.42
185.41
175.69
169.42
170.55
160.15
156.90
152.59
154.32
154.85
157.85
140.19
140.88
178.25
187.96
214.09
238.42
239.95
237.32
229.52
230.46
232.49
233.50
232.59
215.42
168.43
163.46
156.35
154.10
151.24
142.55
141.85
138.00
133.87
134.09
126.48
125.69
158.02
167.76
180.99
201.03
211.89
215.35
216.60
220.36
224.04
222.56
210.12
193.69
167.10
156.57
152.32
152.97
152.80
142.33
139.51
138.24
138.43
140.61
132.37
129.91
168.10
186.92
207.59
220.63
220.88
222.42
220.86
226.08
232.94
235.96
230.36
213.33
186.97
167.00
163.75
160.18
157.65
152.15
150.43
144.77
139.12
140.89
138.08
136.42
175.45
182.78
186.38
185.76
227.48
243.00
237.12
237.35
245.22
243.17
238.33
215.61
182.31
175.32
170.97
164.81
162.74
153.74
149.91
150.14
145.11
144.57
139.09
137.65
152.01
170.05
171.79
176.98
180.81
176.20
180.84
183.60
181.48
162.84
162.47
162.89
158.53
159.64
156.11
157.45
148.58
139.91
139.04
139.79
135.19
138.19
134.56
132.15
131.11
140.89
146.56
154.61
152.01
155.97
155.01
153.09
155.62
166.83
171.69
172.01
168.32
160.16
156.35
154.01
150.72
146.02
144.31
142.80
141.77
143.02
140.70
137.16
183.50
200.37
215.08
240.09
241.57
249.44
246.22
245.84
240.44
249.33
238.74
236.76
199.92
175.00
172.50
167.22
163.82
151.72
151.65
146.26
145.42
144.69
134.75
132.42
175.93
180.90
196.47
212.85
214.66
217.36
218.19
214.00
214.76
221.96
215.73
209.64
176.39
157.37
150.83
150.93
150.77
148.82
143.69
134.09
131.64
133.77
131.14
132.30
175.60
188.75
207.44
227.21
230.73
221.12
227.79
227.49
229.41
233.46
232.35
221.61
177.88
158.53
156.51
155.19
150.42
143.55
141.86
128.53
129.99
133.12
131.32
128.69
167.74
182.82
205.43
224.52
230.06
224.57
225.24
222.45
227.46
222.65
223.54
212.46
180.07
163.14
162.28
158.30
159.10
151.66
149.39
146.20
143.35
142.80
133.53
132.02
167.70
179.04
200.68
210.97
212.09
220.09
222.23
226.86
228.01
225.62
220.96
205.62
169.24
152.76
150.59
147.37
148.58
141.08
137.76
133.24
127.58
130.06
128.18
126.93
137.86
158.90
164.12
168.63
167.90
168.14
172.26
166.72
172.04
154.95
145.50
146.70
145.57
141.38
137.49
135.14
133.36
130.08
125.97
126.35
122.51
129.37
127.56
127.03
126.81
138.47
141.53
140.62
143.88
146.58
152.47
145.04
156.84
156.14
157.18
160.13
153.93
151.26
146.69
144.08
141.37
137.05
130.89
132.68
130.71
133.32
128.85
130.61
163.62
186.82
205.64
223.44
222.73
216.18
216.59
222.39
225.66
219.24
220.98
210.06
180.21
162.48
155.21
148.29
149.03
144.47
139.03
129.99
121.38
128.70
123.45
123.55
155.59
178.40
198.26
215.43
219.80
220.47
225.73
222.53
227.72
226.46
221.83
218.05
184.10
164.92
158.41
156.07
156.39
154.33
150.06
148.13
145.09
143.06
129.39
125.83
159.54
177.36
192.06
207.81
216.66
218.18
223.49
223.07
223.24
225.58
222.21
217.23
187.58
169.58
159.81
156.48
151.60
141.74
140.76
137.23
127.19
128.02
125.92
123.72
156.54
173.18
197.70
211.52
213.92
220.84
221.56
219.96
225.10
224.48
219.19
215.34
185.05
167.28
160.87
163.06
162.59
151.84
147.52
146.83
141.76
145.44
133.08
126.52
156.25
173.54
198.63
210.72
214.35
219.92
219.40
219.35
224.69
218.08
220.48
205.89
178.75
164.66
153.99
151.22
158.19
154.32
149.98
148.44
145.37
141.45
122.68
123.31
135.88
162.66
165.51
170.50
174.00
175.87
174.25
169.32
167.38
150.56
147.04
153.51
154.83
147.23
143.72
138.50
135.68
130.85
126.87
124.79
122.92
123.06
122.97
122.88
121.49
129.54
135.29
133.71
135.33
139.15
141.28
146.97
146.36
145.49
144.69
145.78
145.54
140.09
130.90
127.13
123.02
123.03
119.35
116.98
115.86
117.85
116.69
116.20
147.16
167.10
183.79
196.94
201.79
203.45
206.80
203.69
207.68
212.75
203.61
200.40
169.46
154.92
152.01
149.73
146.57
140.39
137.59
135.64
134.24
135.32
121.86
123.06
153.01
173.12
194.87
208.13
215.80
223.23
221.31
220.86
225.70
228.38
229.60
216.05
182.23
164.26
158.08
153.27
152.94
146.47
145.23
142.26
138.17
139.76
138.15
129.67
162.81
175.56
195.62
214.55
212.94
210.45
215.30
218.60
220.75
226.55
218.39
205.88
175.35
162.50
156.57
149.89
151.42
144.29
143.49
137.37
126.62
128.69
124.95
123.44
155.09
172.51
190.38
198.55
206.70
208.48
205.84
208.88
179.74
212.14
206.35
205.46
170.34
156.81
159.99
156.15
154.63
148.47
148.46
142.75
143.63
144.57
135.87
133.18
165.74
183.57
200.17
215.54
213.66
209.71
209.49
213.76
212.92
216.30
205.54
202.12
171.92
156.33
154.87
151.41
151.70
150.82
148.48
144.30
143.89
143.48
128.21
126.99
134.89
163.51
161.42
164.24
168.09
164.98
172.15
170.78
171.93
156.93
148.24
150.98
147.99
142.32
138.67
137.26
135.88
132.17
133.39
131.32
131.32
130.01
129.66
127.34
128.48
136.97
144.86
150.23
147.51
143.63
145.38
150.74
152.16
153.51
159.20
159.12
154.18
144.91
143.68
140.93
138.64
133.89
132.32
131.83
129.76
134.46
132.19
131.54
172.60
184.61
208.69
221.33
223.82
224.42
225.90
220.94
228.32
226.36
223.65
215.03
180.35
165.82
160.21
158.12
160.74
152.65
151.14
153.18
139.42
137.93
139.81
140.46
181.99
199.75
215.90
227.61
229.98
232.42
230.15
225.07
228.95
237.00
234.61
215.70
183.12
168.97
164.21
161.53
157.89
156.38
155.76
155.85
153.74
149.35
136.77
135.65
179.89
192.04
214.33
229.17
234.25
231.34
228.82
226.39
228.72
231.02
231.71
218.72
185.51
168.93
168.23
162.96
158.82
146.87
145.54
145.24
144.50
141.30
131.28
129.79
166.89
179.91
199.53
207.25
203.87
218.07
218.97
216.37
220.50
220.45
211.70
203.86
172.24
155.70
155.41
154.67
149.68
145.72
140.63
139.52
138.47
141.99
132.94
130.77
162.28
173.33
202.80
216.81
216.39
219.28
221.08
218.60
227.97
224.12
217.24
208.12
175.41
158.75
157.23
155.76
152.24
147.15
144.77
143.13
143.08
144.22
135.77
134.60
145.64
172.36
170.57
172.29
171.53
173.32
171.27
175.85
178.93
157.66
152.79
156.73
157.73
149.81
150.50
148.44
150.12
141.58
136.28
135.42
134.59
136.34
136.42
135.67
133.45
140.28
148.68
148.73
150.46
151.01
153.08
154.20
160.33
166.59
172.29
170.03
155.84
149.11
148.71
145.26
141.30
136.17
135.46
133.80
131.06
134.21
130.25
128.47
161.89
159.33
161.01
164.00
163.12
162.66
163.24
169.41
171.65
175.32
176.66
177.46
154.19
142.19
146.30
145.63
140.80
137.74
137.95
135.69
133.31
135.56
132.88
130.91
164.79
171.23
193.32
210.34
211.42
215.27
219.31
216.88
222.21
223.49
224.36
212.32
180.96
160.79
160.69
156.41
158.72
149.50
148.56
146.71
141.76
142.69
134.39
135.86
171.93
183.86
204.74
220.08
224.18
227.06
228.35
221.03
224.73
230.15
227.40
215.28
179.34
163.39
160.29
159.12
162.08
155.52
156.12
156.72
152.75
149.98
141.84
140.60
173.30
179.38
199.70
217.79
221.56
223.99
217.83
217.44
217.56
222.28
218.95
206.80
178.98
160.78
159.42
158.95
156.33
150.23
149.10
146.31
146.45
149.57
147.58
144.20
172.60
175.39
193.77
203.15
206.48
212.45
217.22
211.28
218.37
214.74
212.40
205.33
173.04
165.32
164.17
163.91
158.95
147.04
143.98
144.81
142.45
143.17
137.67
139.21
147.57
174.49
162.96
172.16
172.58
173.81
174.60
171.08
176.32
161.75
160.67
164.85
158.16
154.66
146.71
146.84
141.56
139.21
135.08
134.51
134.35
135.64
135.03
132.70
130.69
139.46
146.14
152.33
149.53
154.10
154.92
154.97
155.53
158.98
164.24
163.79
157.22
151.38
145.97
143.36
142.17
133.12
134.01
130.48
130.36
131.47
130.91
127.83
159.05
167.95
191.93
212.59
219.27
217.87
220.11
215.13
222.02
221.89
219.69
205.06
164.57
149.34
145.98
145.63
146.14
142.58
141.34
142.03
138.09
138.98
137.76
135.29
170.71
183.53
198.56
213.37
215.57
218.18
219.35
218.08
224.71
221.04
217.88
196.84
163.41
144.54
145.12
143.14
140.66
140.26
139.04
135.62
131.76
132.96
124.13
123.05
148.58
164.47
182.96
199.48
207.95
205.64
209.44
207.34
207.68
210.48
207.19
198.55
162.75
143.54
141.18
138.76
136.09
134.20
133.01
132.25
127.94
131.47
122.04
119.54
146.20
160.44
176.46
188.16
199.51
202.54
200.65
200.11
204.57
212.77
206.80
199.16
166.08
150.37
149.57
144.22
143.86
136.12
132.94
130.80
128.80
131.36
121.24
118.40
145.47
158.38
179.40
192.22
196.73
189.14
195.57
200.62
207.10
208.11
206.62
196.73
166.15
153.61
144.07
145.66
141.53
138.16
132.98
133.84
131.36
133.76
129.92
127.34
139.46
160.19
153.75
159.74
165.43
165.92
164.49
172.47
179.57
159.69
153.60
148.01
141.41
138.45
133.36
132.14
131.14
125.65
124.31
122.07
121.27
123.79
122.37
122.68
120.80
123.38
126.83
129.14
132.14
134.60
138.86
140.81
144.01
147.87
154.03
154.11
145.39
139.06
138.39
132.20
99.39
82.27
84.17
83.92
84.44
90.52
96.06
96.87
231.19
175.43
185.93
196.32
204.01
203.45
202.55
205.80
213.70
207.23
205.10
198.21
165.72
143.57
139.16
137.43
133.85
135.17
128.92
128.32
122.15
124.52
119.87
118.72
145.40
161.64
181.01
191.99
202.56
200.38
202.99
206.88
218.19
218.04
212.36
202.06
164.40
145.27
141.79
141.80
136.55
131.94
132.54
128.75
126.14
123.59
116.14
115.33
148.65
167.25
176.95
190.51
199.65
201.39
207.03
207.86
207.46
210.33
206.09
199.45
162.44
143.96
141.98
137.54
136.16
129.19
130.98
128.26
129.01
128.46
119.10
116.25
149.38
161.63
181.21
196.51
203.58
204.49
204.02
203.51
205.44
210.15
209.20
196.84
165.60
144.04
141.13
136.98
132.94
133.35
132.10
130.07
122.61
117.83
116.12
113.88
136.96
146.95
159.99
177.25
180.10
181.56
184.80
190.15
191.89
187.42
196.96
184.48
152.64
136.63
132.55
130.38
126.81
124.31
122.02
118.75
115.37
117.58
115.00
112.30
120.27
138.60
142.01
143.05
143.78
150.71
147.29
148.70
149.97
140.85
136.12
138.02
139.77
133.73
131.71
128.44
121.41
118.83
115.70
113.23
110.66
113.19
111.02
110.96
109.36
114.77
117.61
122.64
123.86
128.32
129.16
126.80
130.63
140.63
146.91
148.66
139.42
134.87
131.00
130.41
127.66
126.98
126.60
129.06
127.31
130.34
127.61
126.61
158.91
164.52
184.93
197.61
203.85
200.95
206.57
212.75
208.49
203.10
185.03
164.31
137.54
125.01
122.93
121.23
120.19
117.51
114.83
115.25
115.33
114.10
107.68
106.11
125.38
143.99
160.30
171.23
179.14
185.41
188.83
194.97
195.27
198.56
198.03
185.11
146.74
131.69
125.64
127.83
124.91
124.83
122.68
121.32
121.99
123.59
122.66
120.23
142.74
149.66
161.33
173.65
179.32
181.94
185.22
186.38
190.20
189.19
188.36
174.50
144.69
131.70
128.15
127.94
125.06
123.08
121.98
122.61
121.75
123.87
119.53
120.01
145.59
150.81
170.84
180.60
180.42
192.80
188.56
186.13
189.42
187.40
179.21
161.24
136.92
126.95
125.41
125.97
125.04
122.78
121.90
119.72
114.60
117.60
116.54
115.09
132.81
144.72
167.83
177.15
185.34
186.45
181.51
185.09
191.48
189.05
185.31
176.46
147.93
131.88
128.11
127.09
124.39
123.69
120.14
116.33
119.19
120.74
118.52
118.28
124.50
143.39
145.49
149.15
147.69
150.28
154.06
154.11
158.00
141.56
135.24
133.07
130.19
124.81
124.10
122.40
121.92
117.16
115.50
113.87
113.88
116.26
115.12
112.96
110.30
117.84
121.95
121.16
119.10
127.94
129.06
134.65
137.22
137.77
136.21
138.12
130.58
125.94
123.82
123.16
116.13
116.63
113.10
111.99
110.54
112.51
110.77
109.26
128.47
141.25
140.51
181.55
184.02
192.38
191.34
189.86
195.01
199.98
199.38
188.33
150.83
133.36
129.71
125.88
123.84
118.37
118.42
118.70
115.27
118.73
114.60
113.99
128.81
140.19
157.93
173.12
180.33
179.47
185.94
189.42
191.79
193.98
186.06
179.82
149.76
131.26
128.45
124.83
122.83
118.53
117.77
116.28
112.69
115.93
113.86
110.37
127.39
139.07
160.42
173.54
183.10
185.95
185.55
186.12
190.64
197.83
192.39
181.78
149.03
130.93
127.71
124.71
122.70
120.06
120.36
116.67
111.94
115.90
113.68
111.06
129.12
147.49
159.05
172.10
179.48
179.22
181.71
188.38
196.86
194.64
196.41
182.27
150.49
132.32
131.63
126.79
127.24
120.09
118.46
119.43
117.24
119.42
115.63
117.57
138.07
146.68
167.56
176.35
182.07
188.06
185.86
182.02
197.94
198.07
199.79
185.98
150.36
134.15
131.11
127.93
123.73
117.91
114.49
112.21
109.37
111.01
109.34
107.95
114.13
130.28
133.89
135.56
140.42
139.83
144.22
145.24
150.49
135.65
129.42
127.10
123.59
119.01
116.94
115.28
111.61
108.41
106.71
105.24
103.48
103.85
102.85
99.80
101.42
103.83
106.63
109.18
112.27
115.85
115.95
115.40
125.73
129.98
133.65
133.68
125.08
119.59
117.16
114.01
111.94
109.15
106.57
105.40
102.57
104.00
103.02
103.39
125.77
134.98
159.84
174.92
180.22
188.42
194.79
195.92
200.25
204.55
204.73
190.00
155.31
136.61
133.65
129.89
127.61
130.81
128.35
125.25
119.45
118.54
115.23
114.66
139.13
149.61
166.51
182.46
186.59
190.10
194.00
196.60
196.58
201.51
197.46
183.90
148.97
132.03
129.38
125.63
119.83
116.75
113.49
114.83
112.12
111.64
109.78
110.19
130.39
138.01
156.04
168.29
174.55
181.31
186.50
184.07
187.36
195.26
192.82
181.22
148.73
128.72
127.72
122.65
122.85
121.94
121.99
116.89
114.66
112.81
110.56
108.48
127.29
136.63
157.27
167.36
170.29
177.61
182.20
180.30
180.98
189.32
183.79
173.97
143.23
127.16
124.78
119.88
118.60
114.88
113.12
110.05
111.68
110.75
107.72
107.00
118.66
127.53
143.33
152.39
158.80
165.72
166.37
165.30
176.29
180.47
176.68
166.03
136.84
123.31
122.42
120.78
119.01
114.72
114.37
114.83
112.64
112.91
113.10
110.70
116.81
126.37
130.94
137.63
139.80
144.85
138.21
146.13
153.63
142.48
137.20
134.37
132.37
127.85
126.64
124.01
122.61
118.09
116.83
117.08
112.27
114.41
112.17
113.11
111.29
113.34
115.79
118.59
122.20
122.89
126.83
131.97
135.55
139.37
144.39
141.83
132.23
128.46
128.96
125.08
123.30
118.61
117.86
115.78
114.58
116.05
113.53
112.65
130.47
142.79
155.79
135.20
176.63
183.23
185.59
186.13
190.41
186.74
181.78
174.10
143.11
128.77
126.48
123.01
119.73
118.38
112.99
113.32
111.76
113.14
113.01
111.37
126.18
139.12
155.60
167.96
168.81
178.38
179.48
181.47
188.29
191.13
188.41
172.22
144.99
125.81
123.48
121.31
118.17
113.07
109.94
109.64
106.11
106.59
105.52
103.92
121.70
135.36
153.40
167.18
172.73
182.81
186.14
187.88
198.97
196.78
189.88
176.01
147.49
130.76
128.35
122.82
119.69
115.79
115.78
115.01
113.78
113.68
114.40
111.59
135.38
140.47
155.54
167.97
177.67
182.69
188.05
188.97
193.70
196.62
190.16
182.12
150.91
134.25
129.56
126.44
126.78
122.07
118.99
119.11
116.05
119.03
116.42
114.70
131.67
140.41
153.16
161.82
161.91
166.85
170.71
173.57
176.59
177.74
176.14
162.58
131.60
119.41
118.66
117.27
114.37
113.02
110.76
109.20
107.66
108.99
107.69
106.20
109.83
116.63
122.27
128.90
132.18
133.12
135.90
133.54
140.37
130.76
128.71
126.22
121.61
115.92
117.82
113.83
110.73
107.82
107.87
105.37
103.85
103.09
102.29
101.40
100.08
102.67
103.85
108.72
109.20
112.79
114.76
112.54
124.13
130.80
131.80
128.66
119.25
117.27
114.20
114.02
111.45
109.56
107.85
105.24
105.12
105.58
104.52
99.88
115.39
123.99
145.22
159.84
166.31
170.90
175.94
174.78
181.17
187.53
183.54
163.93
138.56
121.27
118.43
117.55
113.18
111.12
106.66
105.08
104.66
105.79
103.17
101.79
114.58
124.33
144.70
159.62
165.26
171.25
175.72
185.45
186.85
188.13
186.18
180.30
143.75
127.86
123.91
122.77
118.50
115.59
112.15
105.88
107.03
107.10
103.92
104.36
117.21
128.37
145.38
158.29
162.68
172.73
177.69
180.56
183.27
185.59
185.19
172.03
143.03
127.98
125.93
123.02
117.63
110.89
110.11
108.34
107.65
109.63
106.44
106.86
116.10
124.07
141.12
158.64
164.17
166.21
165.73
167.18
180.41
181.65
185.68
169.41
139.88
124.80
116.31
114.80
112.90
110.43
109.17
109.19
105.34
107.88
108.17
105.90
120.86
125.33
140.12
151.02
154.18
162.79
161.79
163.39
176.40
182.81
174.25
161.12
130.99
117.05
115.81
113.28
111.21
107.81
104.46
102.87
101.16
102.56
101.46
101.49
104.71
105.36
110.07
115.16
119.10
120.14
122.50
127.93
136.14
131.22
127.05
121.44
115.03
111.90
110.89
108.86
106.55
103.22
104.50
100.81
100.10
99.35
98.98
98.66
99.74
96.91
98.03
106.59
111.90
107.71
112.52
113.01
124.42
128.69
129.87
126.33
120.23
117.01
113.16
113.32
110.22
108.28
106.00
106.60
104.72
103.88
102.50
101.76
109.85
121.08
135.39
145.89
153.69
160.44
162.32
161.26
170.91
173.47
171.16
154.87
126.94
112.50
111.28
108.95
107.76
103.89
101.04
99.98
100.05
97.98
94.75
91.00
98.94
107.21
120.87
141.64
148.92
148.84
153.02
162.83
163.82
167.41
165.89
150.58
121.78
111.70
108.50
106.11
101.33
98.67
96.81
94.78
91.90
90.16
89.86
88.57
98.10
108.70
123.09
139.36
148.78
150.26
151.67
151.94
157.56
166.09
165.81
149.21
121.62
107.14
103.65
100.87
96.31
93.58
89.74
89.59
89.12
90.65
93.39
93.29
100.99
107.54
117.40
129.94
139.70
139.67
143.76
154.74
159.41
164.47
164.83
150.46
120.49
108.99
107.44
102.74
98.55
98.37
96.93
94.35
94.90
95.54
92.05
90.81
102.97
109.88
116.85
135.90
144.38
147.82
151.84
151.56
161.10
170.54
165.40
147.44
125.96
111.64
108.55
107.93
104.63
99.77
98.43
98.03
95.65
99.28
100.98
99.47
98.97
103.34
106.76
111.20
116.96
121.73
121.37
126.42
135.71
130.66
127.99
123.04
117.72
115.06
115.32
111.11
111.01
108.02
105.14
104.89
102.83
102.37
103.24
101.36
101.05
102.95
103.37
106.30
110.41
113.92
117.39
116.44
125.28
130.27
130.20
126.91
121.50
117.79
117.19
113.08
110.83
109.31
104.26
106.06
104.12
104.02
102.71
101.86
107.91
115.67
132.49
149.12
157.33
164.70
170.42
169.96
180.19
181.14
180.92
165.08
137.43
123.15
119.07
115.07
111.40
109.39
108.94
107.04
104.37
104.26
104.58
105.11
114.41
122.68
135.12
146.58
156.15
155.78
158.82
169.84
173.32
177.97
180.02
166.95
137.62
122.26
119.96
119.35
116.55
111.74
109.27
108.06
105.53
106.89
104.77
105.90
119.05
128.94
139.76
153.47
162.12
165.90
169.88
175.14
177.73
181.33
176.04
166.26
137.58
124.13
120.26
119.17
114.46
109.86
109.75
106.73
106.57
105.47
105.11
103.82
116.18
125.88
142.82
152.77
158.17
158.83
169.63
170.90
177.78
184.61
183.10
163.47
138.12
122.67
120.42
118.67
115.72
112.20
112.08
112.60
109.19
110.83
108.43
108.38
117.77
130.14
146.51
156.50
162.82
164.80
167.72
170.55
176.68
176.58
171.28
153.66
129.89
119.05
116.87
113.39
109.68
106.87
109.46
103.97
103.58
102.93
100.81
99.81
102.98
111.13
112.91
117.20
118.26
125.88
131.99
132.23
132.56
122.59
118.68
116.40
111.97
109.78
109.65
108.27
106.62
106.58
103.88
103.70
101.90
103.56
101.84
102.55
102.11
102.30
103.01
105.11
109.97
112.03
115.55
119.82
124.46
130.49
129.24
123.11
118.07
113.93
114.93
111.97
111.06
107.71
107.63
105.94
108.82
107.80
104.46
104.95
113.45
117.24
122.67
130.22
132.99
138.49
143.06
151.44
161.52
164.59
163.07
152.09
129.16
119.01
118.47
114.69
112.91
110.54
107.67
109.58
105.34
107.13
106.30
105.01
115.01
124.26
138.82
147.56
156.87
158.07
168.56
170.47
177.71
182.61
180.20
164.81
133.20
115.99
115.10
112.58
112.20
105.83
103.18
99.84
99.97
101.50
97.14
97.58
112.29
117.30
134.53
143.61
154.13
126.99
163.11
164.59
173.47
174.92
172.20
158.43
128.59
113.79
112.59
109.79
109.84
106.10
105.57
102.60
102.11
100.99
100.72
99.45
110.84
114.85
130.79
138.33
149.15
152.62
156.82
162.02
168.78
175.21
168.44
153.50
129.64
114.78
112.41
109.42
107.01
103.78
101.45
99.99
97.57
98.11
97.36
98.78
108.52
115.22
128.71
144.03
149.57
151.61
158.09
162.09
166.80
165.13
164.19
150.44
124.74
113.59
108.68
108.01
105.73
105.56
102.73
102.55
101.67
101.68
101.51
98.98
101.34
109.43
109.80
110.91
113.60
117.26
124.04
125.49
124.14
114.05
108.60
108.68
108.11
104.09
103.76
104.15
101.10
100.93
98.37
98.76
96.13
97.44
98.80
95.32
95.98
96.75
96.38
100.67
101.82
105.42
107.53
114.61
121.90
126.45
125.78
119.30
113.23
110.63
111.00
106.72
104.91
102.74
100.41
99.69
99.01
98.49
98.21
98.20
107.13
119.66
130.20
145.38
152.81
159.86
167.58
170.70
177.09
183.32
177.09
157.03
129.95
112.37
110.98
107.11
105.71
102.98
100.50
100.01
95.98
99.03
95.58
96.71
106.35
116.11
127.15
143.86
146.96
152.60
156.72
156.30
152.82
147.84
142.69
131.39
118.41
106.03
104.49
101.63
100.91
98.47
98.66
98.35
97.20
98.13
99.38
97.89
112.17
120.25
130.34
145.33
150.27
155.65
150.32
163.16
160.69
155.23
151.03
137.15
119.81
107.35
106.40
103.65
102.54
97.86
96.98
98.06
97.18
98.79
99.54
98.58
110.04
113.74
125.56
131.94
133.71
133.88
136.01
148.55
151.32
161.34
145.69
128.46
111.62
105.26
105.59
102.89
100.97
99.55
99.54
98.84
95.05
93.21
93.33
92.19
103.73
108.99
119.49
129.84
136.96
140.02
144.01
148.88
153.68
161.90
152.67
138.59
111.70
103.44
103.97
100.29
99.08
100.37
103.67
95.32
94.21
92.95
91.95
93.07
95.14
100.11
101.16
104.55
105.79
111.73
111.05
107.11
110.72
103.66
102.68
98.95
94.52
91.05
88.52
88.35
88.57
87.43
86.59
87.45
85.31
83.03
80.20
80.68
78.87
81.50
79.06
83.19
78.77
82.61
90.35
92.53
98.90
104.03
107.08
101.12
95.65
91.21
89.37
89.95
88.48
88.83
86.11
84.37
81.57
80.36
79.60
78.97
92.94
101.33
111.67
122.78
128.78
137.68
143.86
148.40
152.87
155.52
152.27
142.29
115.95
102.72
103.60
101.67
97.59
92.86
92.24
91.04
89.53
88.45
88.93
86.71
97.08
107.01
113.74
126.83
135.55
137.86
141.11
134.51
141.56
154.43
150.04
134.10
109.03
98.77
94.80
90.05
88.43
88.35
88.63
86.65
85.91
85.33
85.79
85.66
93.56
100.24
103.40
108.17
112.57
115.55
116.78
122.98
121.63
120.02
117.26
108.17
98.03
92.19
92.25
91.86
92.71
93.37
92.25
92.18
92.39
92.86
92.22
90.89
100.46
100.33
98.72
98.62
98.07
98.53
101.73
105.05
108.23
109.46
103.33
102.96
95.08
88.07
87.99
87.60
87.82
86.70
86.38
86.75
86.57
85.19
85.83
84.42
93.32
92.75
90.44
90.48
90.17
91.95
92.69
84.42
87.92
92.07
94.23
90.89
84.00
83.26
83.32
83.04
82.71
83.54
83.27
84.47
82.47
83.12
83.73
82.66
85.00
87.91
89.39
93.25
92.36
91.56
91.26
93.32
97.71
99.98
99.06
95.27
94.42
88.85
84.91
84.15
84.02
84.24
83.55
83.69
83.79
83.10
83.82
83.75
82.95
82.84
82.25
82.67
83.07
79.08
85.60
89.26
92.69
101.40
105.60
101.61
97.12
92.97
91.82
92.46
86.00
85.19
85.07
84.45
84.12
83.79
83.58
83.07
97.09
101.90
109.65
120.49
121.05
130.54
135.45
134.90
133.97
144.61
137.00
121.11
107.94
101.03
92.28
93.07
90.60
88.56
83.45
83.98
83.48
83.08
82.45
81.93
87.08
96.38
107.45
115.87
123.38
125.58
138.94
141.19
142.54
133.50
132.21
118.56
105.40
97.60
98.21
95.12
90.40
90.16
89.33
89.99
90.87
89.49
89.70
89.51
96.60
104.03
116.70
129.91
140.17
142.74
144.51
154.36
151.50
147.85
141.89
132.95
112.30
102.93
102.06
100.26
99.68
98.37
96.46
95.40
94.88
94.59
95.04
94.58
101.95
111.00
123.09
130.82
140.15
145.43
147.24
152.83
156.04
160.27
148.87
138.35
113.11
103.06
101.97
101.96
99.20
96.24
95.41
95.74
95.22
94.22
93.45
93.42
100.98
105.89
120.08
126.09
129.00
132.39
138.22
136.86
140.84
142.74
140.98
125.96
107.63
99.33
98.51
95.61
96.78
94.81
95.17
94.76
93.91
94.19
92.67
92.95
93.24
96.46
96.52
100.25
97.63
102.40
106.73
107.00
107.38
98.39
95.00
95.01
95.32
94.36
94.22
95.12
94.83
93.36
94.80
93.37
93.32
94.25
93.22
91.92
92.51
94.30
91.18
92.59
93.31
92.05
92.74
92.60
93.76
92.41
92.72
92.70
92.44
92.81
93.40
93.57
93.75
91.49
92.00
92.61
92.87
92.69
91.86
91.54
100.66
108.83
120.22
132.98
134.65
140.89
142.25
145.91
148.20
145.83
130.65
116.56
103.53
96.07
95.29
92.93
92.10
91.64
89.67
86.39
84.78
84.76
84.02
84.43
89.59
98.89
110.61
122.27
135.99
135.86
141.61
143.46
150.05
155.38
149.93
134.31
105.84
94.71
95.99
94.23
91.81
90.76
84.93
83.48
83.26
83.40
83.40
82.52
88.69
98.10
111.31
123.85
123.96
131.92
136.07
141.54
149.08
151.63
149.40
137.19
106.51
97.44
96.83
94.05
94.31
93.01
93.20
88.34
86.38
85.38
85.97
86.22
92.29
98.39
111.25
126.71
132.92
136.69
138.27
144.55
148.65
146.52
140.85
128.14
101.53
95.30
94.33
93.58
94.09
93.66
91.97
88.93
85.79
84.87
84.54
84.16
90.72
97.47
108.30
117.84
124.61
130.08
135.56
140.59
143.74
146.11
141.67
127.19
103.63
93.78
95.21
94.97
93.29
91.18
89.72
86.38
83.58
83.62
82.84
83.25
83.04
87.90
89.79
89.81
93.11
98.73
102.09
103.77
101.51
97.78
95.58
95.81
92.74
91.81
89.72
90.04
90.13
90.69
89.10
89.22
85.52
83.24
82.79
83.31
83.16
83.82
82.98
81.89
80.41
83.60
84.43
91.25
95.40
96.44
99.35
94.17
89.09
84.95
84.63
82.63
82.62
82.39
83.74
83.34
82.43
83.31
82.24
82.32
88.42
102.41
109.02
117.76
124.95
122.22
128.90
135.33
144.05
146.96
141.34
121.98
102.86
92.67
88.74
89.19
87.90
88.02
88.46
87.86
84.33
85.12
84.11
83.28
97.52
107.07
115.87
121.30
124.21
124.48
127.36
124.94
135.23
139.38
137.07
122.10
99.77
89.89
88.49
87.82
86.28
84.28
84.53
85.21
83.26
81.99
82.88
82.17
94.43
104.46
110.60
120.95
124.07
124.29
124.50
133.38
136.04
138.52
131.16
119.00
104.40
94.23
88.82
88.12
88.83
86.43
86.33
86.63
85.61
85.36
85.45
84.60
95.26
105.03
112.28
121.06
127.27
126.46
124.39
131.41
137.61
145.68
139.38
128.40
104.05
92.01
89.40
88.14
86.99
85.76
86.59
84.51
86.14
84.24
83.82
84.05
95.11
105.41
111.37
115.30
116.05
118.86
116.08
121.99
130.47
139.69
136.87
124.18
100.71
94.20
94.25
87.73
86.08
85.80
84.81
85.52
83.48
81.93
81.11
81.99
84.18
90.48
90.48
92.97
90.08
91.46
92.79
92.60
101.17
100.08
101.30
95.97
92.30
91.84
85.12
84.56
84.73
83.26
83.76
84.15
82.93
82.94
83.43
83.02
82.71
84.85
82.67
81.96
82.39
81.98
84.31
91.17
93.98
95.17
91.29
93.37
92.53
92.28
91.65
91.42
88.89
86.17
85.56
85.21
85.03
85.78
85.97
84.68
90.19
96.66
100.27
104.39
103.94
109.89
110.71
114.26
114.59
111.11
108.89
105.92
99.37
95.83
93.98
92.06
89.35
85.27
85.72
85.22
85.14
85.45
84.90
84.15
88.41
91.32
90.77
90.74
90.39
90.47
89.80
89.20
91.75
89.59
88.51
88.19
85.22
84.92
83.46
83.17
84.35
84.16
83.01
83.35
85.05
82.40
83.26
83.53
89.78
90.35
90.13
88.14
89.98
90.55
91.09
91.43
89.54
93.03
89.35
90.23
86.37
83.72
83.67
83.36
83.02
82.88
82.95
82.51
83.34
81.77
82.12
83.59
93.36
101.55
104.61
108.16
103.88
106.61
99.43
101.09
101.40
99.67
97.90
95.59
88.60
85.86
85.23
86.69
85.17
84.99
85.28
84.56
83.43
84.46
83.67
85.06
92.43
101.06
105.45
104.20
104.69
105.24
105.54
104.20
99.91
104.05
99.03
97.04
89.62
87.17
87.53
85.91
85.58
86.14
83.95
85.19
84.85
85.57
84.66
83.46
87.59
97.60
96.11
97.06
97.25
94.44
95.15
91.23
87.71
83.18
78.03
79.38
78.94
78.53
80.05
79.39
82.12
80.24
82.84
83.45
84.21
86.97
88.03
90.60
106.70
111.08
109.67
107.57
106.43
91.40
82.39
80.36
82.13
81.49
83.52
79.50
77.59
79.62
79.66
79.93
80.99
81.09
82.80
83.68
85.32
86.88
87.00
89.12
114.53
123.81
129.36
121.66
114.32
112.56
115.98
113.99
110.58
107.71
105.23
103.80
91.66
86.99
89.71
86.31
87.01
86.10
85.14
85.03
87.43
85.71
87.05
87.78
98.29
104.97
104.28
105.76
104.78
113.72
108.63
107.83
110.61
110.10
105.79
102.46
91.05
86.06
84.77
84.62
84.92
86.61
