0.00
45.68
66.77
58.99
59.26
55.22
59.00
56.29
53.71
53.62
53.01
55.00
51.77
53.16
51.04
50.44
54.00
56.93
60.48
61.72
66.24
58.89
54.15
58.49
64.96
62.07
57.96
53.57
51.83
49.98
58.99
55.99
67.28
60.40
57.85
57.54
61.33
60.76
58.37
61.60
66.05
66.98
69.76
64.61
71.73
69.45
64.13
62.81
65.47
65.76
67.30
62.58
69.70
66.88
68.24
62.97
63.46
63.89
57.62
57.45
59.63
61.29
61.36
66.76
58.61
57.70
60.54
58.08
58.79
64.46
65.91
58.41
59.69
62.19
62.58
68.53
57.57
58.37
53.89
53.31
53.00
48.48
42.55
40.19
41.10
42.36
40.65
50.20
50.93
51.40
51.59
46.49
46.27
50.04
49.73
52.19
55.47
62.58
56.06
58.77
54.18
49.25
49.76
49.39
51.55
46.37
51.41
50.94
50.88
51.26
50.23
48.25
49.90
52.26
43.28
45.89
54.02
61.78
59.29
61.01
60.71
65.09
68.13
67.79
65.79
62.39
64.21
61.10
57.45
58.95
55.77
54.72
50.30
54.79
48.85
47.18
46.64
55.17
58.23
57.41
60.01
61.18
62.00
64.82
73.18
74.05
76.32
75.16
70.98
57.47
61.87
57.00
55.94
52.48
48.33
46.59
47.34
48.20
44.74
48.06
42.09
49.92
50.18
54.26
56.42
58.24
67.51
71.01
70.26
71.85
70.48
69.47
63.67
61.76
65.33
59.62
54.19
52.77
47.87
53.29
51.82
51.71
53.48
53.66
57.87
54.62
57.43
57.18
61.96
62.21
60.40
64.89
65.19
59.19
55.42
56.07
53.63
61.25
57.99
56.42
57.92
50.79
53.99
49.84
51.14
49.82
47.19
48.52
50.51
54.88
54.33
59.75
59.67
67.78
66.89
69.07
69.79
75.12
73.33
66.58
57.93
55.94
56.25
63.49
57.41
37.15
30.21
51.18
52.38
54.09
59.10
55.55
50.89
61.22
63.64
58.44
68.66
64.67
63.76
65.67
57.32
63.53
64.61
62.90
56.56
53.83
52.21
50.25
49.21
47.46
42.91
41.82
38.13
45.98
39.11
38.30
46.69
45.20
50.33
44.94
50.05
53.15
58.85
59.67
60.05
59.20
61.73
56.11
55.15
49.33
48.36
46.62
44.67
41.71
41.88
41.44
41.97
38.50
42.92
45.25
45.40
44.31
47.83
46.70
45.96
49.99
50.38
48.47
52.80
49.95
58.47
54.96
49.87
53.19
49.07
46.64
45.87
43.25
45.57
44.68
43.78
40.13
42.46
39.64
44.25
48.87
49.35
56.54
52.17
54.36
57.67
58.79
60.62
60.91
63.67
65.35
55.85
53.30
55.42
49.74
50.37
46.76
43.30
43.06
48.79
49.56
49.25
44.61
49.14
52.80
54.88
54.85
53.42
53.28
58.74
63.41
59.70
64.36
68.79
61.67
56.52
52.00
51.46
52.52
46.49
45.55
41.27
43.62
43.60
42.26
41.77
41.05
41.34
47.91
51.47
48.44
54.81
61.37
59.90
61.21
63.70
66.86
64.33
64.88
61.65
61.30
63.01
58.80
54.76
50.82
45.73
50.58
52.04
49.77
50.67
50.11
47.85
52.82
57.90
59.07
52.47
51.63
52.38
53.15
55.63
58.47
61.57
64.12
65.01
59.24
55.10
52.88
47.14
45.90
44.09
43.98
47.12
44.09
41.26
40.82
45.51
50.38
52.29
52.29
56.03
58.68
67.22
63.86
68.99
69.92
66.92
72.41
66.29
51.82
52.78
49.38
50.15
52.06
46.47
44.21
46.71
43.45
44.72
44.13
42.73
43.75
43.39
48.26
50.05
50.23
47.83
52.04
53.77
60.59
60.68
54.79
52.29
47.60
48.55
47.79
44.58
45.11
48.97
45.13
44.07
47.51
48.34
48.89
48.57
50.89
49.37
44.74
46.44
51.36
54.13
57.85
61.83
61.89
66.02
69.26
69.12
62.86
56.80
54.62
47.90
45.11
43.18
44.65
42.70
44.48
43.73
43.62
42.45
50.23
52.70
55.94
59.05
61.34
64.95
70.70
70.30
77.18
77.75
78.70
77.61
65.71
61.19
57.95
56.63
46.42
46.31
45.78
44.24
47.35
45.36
45.25
44.06
51.61
54.71
55.09
64.99
68.46
73.79
72.77
71.47
76.90
78.02
76.22
67.58
67.41
68.07
61.96
56.82
50.21
43.58
43.81
44.23
41.54
42.33
42.40
42.20
48.82
49.07
51.46
53.44
53.22
49.30
52.24
53.68
58.80
54.60
57.78
52.08
58.94
60.81
57.85
52.01
46.99
42.52
43.26
42.92
43.00
41.48
41.09
47.54
50.89
56.64
55.88
56.25
49.31
27.77
55.13
53.06
57.25
51.22
54.66
49.15
47.65
51.63
48.87
58.75
50.08
48.10
45.74
42.20
44.14
44.15
43.48
43.90
46.79
49.60
55.27
53.50
51.08
52.51
52.98
56.46
56.49
55.41
50.57
48.21
51.47
50.15
46.80
46.95
49.45
48.79
46.83
46.19
48.51
44.01
47.53
43.32
48.46
46.77
44.92
49.86
53.70
52.69
52.47
55.18
57.67
59.33
58.69
54.43
49.29
49.43
45.20
44.06
40.77
36.72
38.42
36.85
36.16
34.22
33.81
34.61
38.38
39.72
43.38
46.01
56.13
57.00
62.73
62.95
64.75
66.11
62.93
60.00
53.58
49.04
46.93
44.27
42.86
38.72
41.35
39.09
38.51
36.83
36.76
37.72
42.77
49.19
53.28
61.19
65.45
70.34
70.42
73.74
71.68
75.82
79.58
70.18
77.61
71.89
59.25
57.90
50.45
49.45
43.47
44.18
43.28
41.15
41.78
39.71
48.82
49.41
53.25
53.09
52.74
59.14
61.02
52.94
54.82
49.93
52.99
55.58
61.00
56.34
56.59
51.89
50.58
48.96
46.49
46.29
45.90
47.98
44.21
44.25
53.70
49.18
54.57
55.21
54.02
53.19
52.03
47.14
52.70
51.63
52.85
49.12
54.67
55.27
47.28
49.39
44.54
41.48
40.65
40.54
43.06
41.32
44.31
44.08
50.89
50.86
46.63
55.04
56.69
61.43
62.08
69.01
70.23
73.77
73.81
68.45
63.24
56.55
55.35
49.90
44.23
44.96
44.76
45.97
44.09
46.66
44.34
39.67
49.95
48.33
58.38
64.50
68.10
63.47
76.91
77.07
82.40
80.44
85.18
83.15
74.11
62.39
58.32
57.12
52.31
47.34
46.76
41.97
45.05
42.07
40.61
42.33
43.90
46.05
48.53
65.96
61.13
62.72
64.36
59.42
60.19
61.13
63.38
62.28
56.37
50.19
48.32
46.03
43.32
40.48
39.55
39.95
40.81
38.63
38.56
37.79
43.51
43.38
45.75
44.47
52.12
53.59
52.51
55.51
55.92
58.16
57.02
57.84
48.64
48.24
44.65
43.91
39.88
39.81
40.37
40.89
38.05
37.38
37.69
37.53
49.18
48.86
50.12
49.90
52.33
56.78
58.14
61.76
66.28
68.77
69.43
65.29
60.71
56.56
54.49
51.17
45.41
42.71
41.67
42.12
43.80
42.44
44.27
44.98
48.81
52.45
55.19
58.49
54.18
61.22
62.48
59.23
58.01
52.24
58.59
53.00
53.39
58.66
51.85
56.11
50.08
49.74
44.79
48.50
41.22
39.05
40.91
39.66
51.29
55.80
55.47
53.40
60.78
70.80
69.23
71.77
73.08
77.78
72.66
70.89
66.08
64.45
58.93
50.84
45.41
41.32
45.53
43.51
41.34
47.53
46.89
47.84
53.38
50.06
54.69
64.75
67.82
69.95
73.95
73.83
76.31
80.90
83.13
76.24
66.25
60.82
62.89
55.56
46.53
42.85
44.71
43.77
40.85
42.54
40.03
42.96
51.65
49.66
56.27
61.90
65.14
67.84
76.47
81.69
84.56
82.24
86.05
77.57
68.11
63.65
59.75
54.49
50.60
48.03
41.62
42.17
39.80
40.75
37.93
39.78
44.16
46.11
50.72
55.72
65.78
75.02
77.97
73.31
72.00
75.84
78.80
76.46
66.23
64.42
61.38
49.57
46.43
39.11
42.73
37.81
36.50
36.19
35.23
36.61
40.95
43.53
46.19
51.57
58.21
65.67
66.68
74.73
69.23
66.35
68.76
72.97
66.12
56.17
54.28
50.76
46.84
45.63
45.59
43.79
40.00
40.70
39.80
39.31
48.03
49.22
54.56
51.10
57.54
53.86
54.25
61.33
61.52
67.37
57.64
56.30
53.57
48.77
44.05
46.51
42.72
39.76
37.65
37.46
39.09
37.18
37.95
39.08
45.39
44.87
41.91
52.63
50.26
50.55
50.51
51.27
57.66
57.35
57.76
49.69
48.71
47.36
45.03
42.56
41.51
39.24
35.11
38.00
35.57
34.63
33.07
34.33
42.05
43.10
46.16
49.38
47.46
50.66
54.43
62.57
57.89
60.57
57.94
53.75
46.01
44.70
40.25
41.06
37.91
35.35
34.66
35.11
34.81
33.51
32.08
34.25
44.02
43.30
53.40
52.83
53.75
54.76
55.86
50.99
60.13
60.71
49.83
47.65
44.17
43.84
40.68
38.73
37.82
35.36
35.56
34.38
33.48
32.42
34.60
33.96
40.05
43.84
48.25
51.87
54.96
60.41
59.85
61.32
62.97
60.65
63.52
54.49
46.57
44.87
39.93
39.90
35.43
35.56
34.56
34.76
35.30
31.61
33.67
32.33
35.51
40.83
40.70
47.49
50.40
54.25
54.92
61.08
64.26
67.65
67.06
59.04
56.31
55.85
50.43
43.85
43.07
40.55
37.66
38.13
36.50
35.62
35.20
34.22
37.52
42.97
46.04
49.35
53.33
55.57
61.17
60.84
62.69
59.70
55.19
51.98
49.06
46.42
44.00
40.98
38.22
38.26
34.29
34.87
32.49
34.57
32.29
32.71
33.95
37.72
43.38
41.87
47.19
46.38
49.89
52.94
56.98
58.91
49.13
50.39
41.77
43.29
42.88
38.82
40.28
35.12
37.08
33.46
35.33
36.03
35.70
36.34
34.80
36.53
41.85
43.81
45.71
45.16
45.04
44.41
44.57
43.23
45.33
42.65
38.71
39.64
37.88
38.07
37.26
35.10
36.01
33.56
37.73
33.50
33.44
32.25
34.04
33.68
34.37
40.01
43.23
46.95
47.54
49.99
50.39
45.91
40.75
38.34
38.83
39.16
40.24
35.69
37.19
35.97
34.89
35.49
36.93
35.72
37.40
37.46
37.56
41.32
42.00
46.64
45.76
51.24
51.73
54.19
54.96
51.88
50.21
46.43
43.03
43.41
38.66
38.95
37.20
36.50
35.63
34.44
35.37
34.87
33.78
33.39
36.67
41.07
22.10
45.44
46.32
48.19
47.51
50.57
52.96
48.50
48.68
46.64
41.34
39.41
38.88
37.98
37.96
36.05
35.97
36.20
37.89
35.30
34.67
34.74
36.85
38.86
39.35
40.50
42.72
44.53
46.63
48.67
50.36
50.92
53.46
41.92
44.09
39.54
39.31
39.14
38.57
37.40
36.14
36.24
34.17
36.70
36.48
34.59
37.41
37.69
40.08
38.94
41.79
45.02
46.38
47.81
41.47
41.69
42.40
43.05
39.73
37.17
35.99
37.95
35.96
35.95
33.97
33.43
33.94
34.04
33.60
34.40
38.81
42.69
40.39
42.83
46.18
49.05
52.60
56.45
56.33
59.28
59.10
56.35
50.99
47.96
44.86
43.52
40.28
39.21
38.18
37.50
38.77
38.80
36.05
38.30
43.12
46.13
48.56
51.98
57.13
58.16
59.69
63.54
69.28
69.87
69.73
63.38
54.18
52.27
50.26
48.67
45.10
46.27
43.52
43.05
39.95
37.12
37.36
37.31
44.90
46.73
56.05
57.05
59.77
62.54
65.69
69.02
69.35
72.44
67.76
62.63
54.26
51.53
49.24
45.14
45.00
38.50
38.25
38.18
36.89
36.02
36.31
36.69
39.56
44.17
45.74
39.19
27.42
48.66
41.02
57.70
58.88
58.36
57.02
50.06
45.64
43.47
40.26
41.21
40.01
38.41
35.28
36.30
37.02
37.05
36.24
37.22
40.07
37.48
0.00
26.69
42.48
41.13
48.72
46.77
48.04
46.93
43.28
41.80
37.94
39.28
37.02
37.83
37.35
35.36
34.75
33.80
35.16
35.21
36.07
36.09
36.50
40.28
39.65
40.66
44.14
45.39
48.63
48.16
50.26
50.78
49.35
47.73
41.45
41.97
39.56
39.49
37.62
37.21
37.91
35.02
36.31
33.58
33.67
32.65
34.54
36.27
38.07
38.55
39.74
41.13
41.07
41.82
41.95
39.05
39.87
38.15
36.57
36.87
35.56
36.12
35.91
36.69
35.75
32.55
32.15
33.63
37.11
38.29
36.56
35.94
36.27
37.72
35.87
36.16
37.53
37.34
42.35
40.09
39.09
34.44
34.39
36.93
32.70
33.15
36.78
34.18
34.75
37.18
38.01
38.79
39.82
36.42
36.60
36.18
39.38
41.26
44.20
43.03
41.34
41.67
43.04
44.30
39.20
38.34
35.96
35.35
33.76
35.30
35.89
36.09
35.34
32.43
32.73
34.76
34.91
32.97
33.14
36.90
33.88
37.35
40.50
39.91
38.08
41.22
39.47
39.52
36.84
34.77
36.53
36.41
34.92
33.56
33.53
34.30
34.75
36.22
37.39
36.23
41.42
37.62
36.51
37.89
40.46
39.69
38.39
41.34
37.79
41.22
40.48
41.92
38.85
36.03
35.76
34.13
35.56
35.68
35.06
32.60
33.12
33.60
36.95
37.47
37.20
34.04
34.62
41.07
38.73
41.89
39.26
42.69
44.64
45.10
48.44
48.50
49.03
44.45
41.75
38.43
37.47
35.80
34.35
36.04
33.81
35.69
33.46
33.44
32.39
34.02
37.28
38.63
38.10
40.77
43.60
48.52
46.55
50.94
50.59
51.04
55.08
49.53
44.29
40.27
37.93
37.33
35.85
36.62
33.25
33.93
33.70
35.00
35.26
34.25
38.52
40.50
41.97
41.67
42.24
42.44
40.97
46.91
43.35
47.58
46.78
45.01
38.96
36.19
37.64
35.46
35.95
34.53
35.16
34.39
36.57
36.21
34.61
37.83
33.64
35.98
36.92
37.19
38.01
37.97
38.03
37.61
39.61
39.81
40.76
38.91
35.50
33.99
35.89
33.26
36.19
35.54
33.96
33.32
35.77
34.31
34.27
35.15
34.94
37.58
39.85
40.43
39.93
43.52
45.03
48.37
50.41
47.41
49.74
43.64
41.05
38.30
37.63
34.38
36.39
34.46
33.45
35.19
36.46
35.38
32.56
34.75
37.81
41.18
40.83
42.65
46.15
49.36
52.64
55.19
57.09
55.01
57.42
50.32
47.74
39.88
42.26
39.31
38.24
36.93
35.21
35.69
35.59
36.27
34.40
37.99
37.85
42.79
46.06
49.88
53.01
56.58
57.38
59.74
64.13
62.65
63.21
58.10
51.20
50.87
45.67
41.71
38.91
41.65
38.87
37.67
35.53
34.99
35.13
36.06
40.31
45.68
47.43
52.74
57.81
55.51
63.26
65.94
67.53
67.86
67.19
62.86
55.73
52.20
49.02
44.40
42.50
41.56
38.41
37.66
37.36
36.40
37.14
36.41
43.64
42.41
48.29
48.40
57.41
57.14
58.74
59.51
65.31
65.05
62.75
61.51
52.84
50.23
45.55
42.85
44.71
40.88
42.06
37.92
38.35
36.51
38.45
37.37
41.44
46.50
48.60
54.07
53.57
57.57
55.42
61.84
62.39
64.60
61.83
58.60
53.29
51.52
49.20
43.27
44.22
40.46
40.91
38.02
39.39
36.91
37.96
38.43
41.85
48.27
54.32
57.93
56.99
62.19
66.89
66.72
66.37
65.09
68.07
60.78
56.08
51.84
49.39
46.19
44.76
41.73
39.57
39.13
36.95
36.39
36.28
37.85
41.65
44.64
49.75
51.66
55.39
57.68
59.67
63.88
65.30
64.27
65.17
58.86
56.25
54.67
49.85
49.85
45.45
44.09
39.67
41.06
37.38
41.08
35.45
39.14
41.19
47.49
56.08
55.96
62.49
60.97
68.78
65.58
70.34
68.47
68.68
68.02
61.70
56.74
54.26
52.18
49.75
47.66
41.78
41.21
39.28
39.81
38.19
40.44
43.07
49.08
59.38
57.61
61.66
68.33
72.68
71.60
76.00
76.31
77.11
70.42
65.96
62.10
59.86
56.47
55.03
52.16
48.62
47.06
44.02
41.82
40.49
42.57
48.72
52.29
61.87
66.54
66.06
65.01
72.83
73.01
75.31
75.74
72.76
69.28
63.02
60.07
55.06
51.96
50.46
48.25
42.90
41.04
41.30
40.71
43.75
44.22
48.68
53.05
54.36
58.17
58.12
59.84
63.01
64.50
66.53
70.12
70.33
66.06
61.78
58.01
53.53
50.40
46.45
43.48
42.35
44.87
42.24
42.05
44.74
45.27
48.82
53.14
56.02
59.23
65.77
68.17
71.42
77.29
76.71
79.16
78.39
77.38
68.81
64.88
61.44
57.30
53.91
50.27
49.73
50.01
43.62
42.29
38.51
44.15
54.53
60.63
66.71
69.91
76.88
79.89
82.64
85.59
85.73
82.50
86.35
83.50
73.40
76.19
66.97
63.84
57.68
57.41
52.84
53.57
49.38
49.49
46.90
48.70
57.19
62.13
67.79
73.95
73.61
81.35
80.94
83.85
84.40
86.61
81.41
77.78
71.95
68.96
63.45
60.77
57.29
56.68
56.02
50.15
44.00
43.68
42.19
44.27
49.85
57.57
61.37
70.98
71.21
77.95
78.06
87.94
86.77
92.31
86.40
83.52
75.91
71.79
67.21
59.49
54.80
48.16
48.47
43.67
41.93
42.73
41.89
45.49
47.24
55.51
67.78
78.03
83.06
91.58
89.33
90.37
85.34
85.38
80.04
79.62
71.29
68.52
60.83
57.82
54.55
51.32
45.22
43.96
38.46
42.04
42.75
43.14
46.88
54.01
60.55
66.39
72.17
74.26
73.83
76.90
82.92
80.46
78.54
74.00
66.35
62.30
59.38
56.66
51.49
50.82
45.08
42.97
41.35
41.03
40.73
43.96
47.95
54.81
57.97
62.50
65.37
66.74
69.46
71.49
74.86
76.51
79.62
71.33
68.89
61.36
59.30
54.17
56.18
51.08
48.81
45.81
43.52
39.62
39.57
40.99
44.97
57.50
58.06
60.99
64.20
70.93
69.70
77.78
78.00
79.81
78.56
75.07
69.23
64.43
58.95
56.77
53.66
51.68
49.83
46.69
46.00
43.15
41.09
40.05
46.27
52.36
60.44
65.75
69.77
71.59
77.42
79.31
79.96
78.67
78.95
74.67
67.84
62.72
57.73
59.11
53.15
54.25
48.01
45.90
43.25
42.85
40.03
42.61
50.88
53.77
59.86
64.32
66.83
72.13
76.08
73.89
76.80
80.12
74.28
72.41
65.90
61.42
54.48
54.00
52.02
48.00
43.20
41.13
39.92
38.85
40.62
41.78
50.49
53.06
62.42
67.58
68.59
74.52
76.59
83.76
86.08
78.10
81.92
74.51
66.99
64.03
58.46
55.93
52.70
50.05
49.88
44.86
42.76
44.21
40.94
44.19
48.27
53.79
58.80
70.44
81.34
85.95
85.69
79.29
87.64
87.87
90.36
81.45
75.02
70.80
63.05
60.92
55.93
50.02
50.15
44.90
48.89
44.42
44.57
48.49
53.38
64.43
68.96
71.03
75.52
76.76
79.67
79.71
76.91
80.14
76.97
74.97
69.03
63.11
61.18
56.90
54.66
50.12
46.34
46.51
46.35
45.35
43.04
46.14
51.53
58.83
60.13
60.57
60.04
63.47
65.08
66.54
66.30
67.65
69.16
64.73
61.81
57.95
56.26
52.71
51.41
51.52
51.28
49.12
45.66
44.28
44.51
44.54
51.80
55.17
58.94
61.52
61.82
63.15
66.43
67.72
69.23
70.18
70.24
68.33
60.49
57.15
52.04
50.02
50.20
44.99
45.90
45.37
41.96
43.91
41.71
44.58
48.94
55.71
59.44
67.26
69.74
74.37
75.11
76.95
77.55
77.34
76.86
72.03
66.63
60.85
55.61
54.18
52.03
48.86
45.53
46.08
46.13
43.57
44.78
45.45
49.74
59.44
65.15
64.65
69.66
71.02
72.89
76.27
74.58
80.12
77.23
74.34
67.79
61.83
56.97
58.03
51.22
52.65
49.95
47.57
46.44
45.35
44.89
45.44
50.22
56.40
62.38
64.72
64.74
67.30
68.94
75.39
76.87
82.85
79.64
76.37
69.32
63.50
62.65
57.03
56.28
54.05
49.35
49.72
49.09
46.60
46.29
47.26
53.99
61.17
63.87
68.55
67.34
72.14
74.58
76.74
78.48
79.08
80.35
74.97
68.80
64.42
59.41
55.27
53.71
50.83
48.93
46.76
45.76
47.54
41.14
46.09
52.14
47.22
28.06
9.66
69.53
75.42
81.18
60.57
86.24
85.54
85.21
83.56
75.08
70.75
66.74
63.69
60.11
58.28
54.37
49.38
52.53
48.44
46.06
49.87
52.17
59.21
64.37
72.16
80.72
79.57
84.81
85.06
86.32
85.85
87.98
83.67
78.11
73.63
68.88
65.80
64.02
61.52
60.13
57.31
55.07
53.49
51.79
51.52
62.31
65.49
69.88
73.07
73.98
75.17
80.32
82.05
83.34
84.68
87.42
83.00
77.26
72.70
71.16
66.07
61.84
61.31
58.60
56.42
53.56
52.52
49.10
53.11
63.41
64.04
76.00
75.22
78.24
78.47
86.12
86.79
91.98
90.66
88.61
83.87
78.66
73.11
67.98
63.13
61.41
61.48
61.06
55.62
52.19
48.04
46.98
49.29
56.46
68.20
67.37
70.55
77.93
74.76
80.23
82.43
85.63
82.04
83.22
77.64
71.68
67.68
63.27
56.92
57.19
53.28
51.92
46.15
47.11
44.26
43.50
45.86
55.41
57.09
62.74
67.30
71.10
71.32
74.68
79.73
77.90
82.25
81.94
79.29
69.77
62.66
60.69
56.98
51.54
48.40
45.79
44.04
43.13
41.65
41.36
41.03
51.91
56.45
60.23
62.26
65.25
67.72
72.48
75.82
76.67
78.78
81.06
74.54
66.38
63.37
57.14
55.67
53.11
50.74
50.67
46.03
44.79
41.56
40.89
42.44
52.29
56.31
62.75
65.73
66.47
69.04
71.81
77.02
76.50
78.96
78.39
77.22
68.62
64.97
60.79
58.31
56.28
56.09
50.92
51.10
47.32
45.24
45.85
47.90
54.25
60.97
62.29
65.69
62.59
69.91
68.92
73.51
78.70
78.67
77.90
75.14
69.72
65.92
58.51
58.67
54.92
54.65
53.64
51.34
52.31
49.29
51.34
49.62
54.09
58.27
67.50
68.32
71.34
74.39
77.21
77.87
82.06
80.80
77.61
66.97
65.53
58.32
59.14
50.65
50.43
49.36
44.44
43.56
44.08
39.53
41.27
38.40
47.36
52.01
59.52
58.50
64.59
63.19
71.31
74.56
75.02
77.55
78.41
70.68
62.19
59.86
55.37
52.02
52.75
49.20
45.84
43.19
40.33
40.53
37.69
41.47
45.85
51.17
58.99
59.63
64.57
68.15
71.53
72.18
77.26
76.97
78.16
76.82
67.02
62.99
60.47
57.61
54.38
53.85
47.47
48.18
44.61
42.69
41.17
46.07
52.74
59.66
63.09
69.34
65.90
75.84
78.81
83.81
84.66
86.20
84.34
83.94
78.93
73.84
68.74
64.43
58.80
58.39
55.42
55.94
55.53
53.47
53.38
50.14
52.44
57.28
64.12
68.64
69.82
75.98
83.75
86.77
87.36
83.03
83.68
77.73
74.09
69.70
67.77
66.24
63.17
60.88
62.74
57.13
55.59
52.83
54.77
50.68
56.88
64.77
83.97
91.61
91.65
89.51
93.87
98.60
100.24
94.67
90.55
87.51
83.56
80.65
78.10
74.97
73.01
72.13
67.23
67.95
65.22
65.61
61.18
59.64
68.06
73.97
77.46
84.68
77.55
81.53
82.36
89.65
89.44
88.16
90.65
86.95
82.80
81.03
75.75
73.22
69.44
66.07
67.15
64.31
65.28
63.52
61.58
64.12
68.10
72.14
75.89
79.49
81.01
83.21
84.26
85.53
97.46
94.97
96.19
90.80
84.69
77.78
73.16
72.29
69.50
65.99
63.68
63.99
61.69
62.79
59.06
63.38
68.09
74.67
78.45
81.55
88.78
88.95
94.12
101.63
102.11
101.53
100.47
97.32
89.30
83.18
77.50
75.71
74.20
72.17
72.50
68.00
66.04
62.08
61.62
59.86
61.90
69.64
76.25
81.25
85.83
85.12
94.87
92.15
100.78
95.14
97.44
92.59
85.41
81.24
79.69
75.56
69.22
68.13
69.29
65.43
66.00
63.61
63.86
65.19
67.53
74.11
84.68
86.33
85.80
100.30
96.02
99.38
94.58
94.77
91.95
85.89
78.89
76.53
72.90
73.81
68.86
65.78
62.99
63.82
60.28
57.53
56.68
60.55
63.48
34.73
74.79
78.79
73.73
82.29
79.16
82.24
84.63
77.34
84.52
80.03
74.95
72.41
67.82
67.42
64.00
59.96
59.92
59.35
58.77
53.44
57.89
56.02
64.37
75.07
85.41
84.26
89.63
93.35
96.80
98.30
103.41
103.54
98.75
94.16
85.99
84.56
70.88
68.79
66.13
62.92
64.12
65.02
64.02
55.54
54.57
58.32
65.15
67.30
75.03
72.39
75.01
75.96
77.80
81.79
88.24
87.30
87.98
85.20
78.96
73.92
69.64
65.74
63.90
62.12
62.32
61.92
64.73
58.91
60.60
61.48
66.47
68.04
74.24
73.73
79.22
81.11
83.01
87.89
86.23
89.67
86.97
87.88
81.14
81.97
73.55
74.06
72.54
72.30
71.55
67.78
70.07
67.30
66.52
62.06
65.29
70.17
72.16
74.85
76.15
78.08
84.17
86.29
81.93
83.57
86.21
84.71
75.35
76.67
64.38
61.62
60.45
57.27
57.86
57.64
59.94
59.18
60.81
60.53
60.97
63.25
65.63
75.95
77.57
84.26
83.41
89.92
92.29
90.83
92.89
86.67
81.91
79.13
77.50
72.75
73.13
70.61
69.84
68.43
65.78
62.66
54.13
57.72
59.04
71.80
84.16
86.17
90.65
93.74
99.43
97.81
93.26
93.20
90.62
86.93
83.55
80.17
80.35
73.27
75.73
71.13
68.54
66.88
65.47
60.40
55.66
62.85
65.87
68.11
71.78
73.84
74.58
75.59
80.35
81.09
85.99
83.75
90.96
87.38
79.59
76.94
74.16
73.55
71.08
70.41
62.61
61.80
60.25
56.64
57.39
55.35
58.08
65.39
69.94
80.21
91.28
92.70
101.32
100.56
99.99
103.50
104.38
99.12
93.16
87.68
87.44
80.41
80.41
76.22
73.41
68.45
69.29
63.92
64.20
63.09
69.63
75.01
80.38
84.62
90.99
92.45
94.02
96.96
98.53
100.23
99.18
100.30
93.14
88.81
82.67
80.05
76.09
75.55
69.95
67.43
67.02
61.79
59.86
59.50
64.90
72.70
73.14
78.25
82.88
86.52
91.84
94.10
94.15
97.12
98.92
98.25
89.46
86.61
78.80
77.94
72.75
71.25
69.90
65.55
64.09
62.03
60.52
59.94
63.78
66.81
71.76
81.34
92.49
97.58
104.63
102.37
100.64
96.76
97.48
93.69
91.32
87.07
77.83
70.63
70.10
66.12
63.08
63.07
62.40
61.19
61.90
63.01
63.16
70.46
75.84
81.49
81.96
87.46
93.09
92.24
95.83
97.17
81.41
60.24
61.74
60.83
54.98
52.04
50.40
49.56
50.16
50.33
50.75
49.82
51.52
51.17
51.73
53.83
62.38
70.18
72.89
72.43
71.76
78.47
80.91
81.40
76.55
72.30
70.06
67.58
65.25
59.94
60.78
57.49
53.09
55.81
52.59
55.10
52.45
59.26
76.25
76.22
83.40
86.49
86.30
90.27
93.15
96.82
100.48
103.89
103.02
97.94
87.35
82.62
74.90
73.77
67.78
68.76
65.17
61.88
63.09
60.37
62.08
60.39
73.00
83.61
87.04
90.70
91.86
93.49
95.37
96.76
104.68
105.80
101.80
90.83
82.21
78.95
75.87
74.16
66.08
65.06
63.40
63.51
59.87
58.10
59.88
56.46
58.54
62.23
76.49
82.96
83.27
89.65
92.27
97.89
98.38
101.15
91.45
83.17
78.60
73.02
61.25
58.89
56.49
57.08
55.81
54.30
54.86
54.77
52.51
50.74
56.36
63.25
70.31
72.73
81.40
86.51
87.67
92.54
93.88
98.21
95.11
89.33
82.27
73.67
73.01
70.10
68.61
64.90
67.09
63.39
61.14
60.30
59.16
59.18
65.49
72.29
78.01
78.89
80.35
88.87
88.24
90.29
94.53
99.82
87.77
80.60
78.43
72.51
66.59
63.72
60.27
61.87
61.39
57.10
57.69
58.52
56.98
59.52
52.36
57.32
61.91
64.50
64.38
63.11
64.69
73.01
78.80
78.68
79.91
76.14
67.90
69.35
64.65
68.64
65.78
60.63
57.10
59.41
57.72
55.54
56.51
57.78
58.27
63.60
75.03
75.79
79.38
79.93
83.59
89.92
89.65
88.95
76.42
66.77
68.19
66.67
65.06
62.86
58.87
60.06
55.27
56.91
53.72
53.71
54.75
52.53
56.75
64.05
73.78
75.41
73.92
81.06
85.43
91.83
92.51
87.54
88.40
82.32
78.42
73.33
70.07
66.63
66.10
61.48
61.62
61.25
62.22
59.18
57.16
56.59
59.95
65.17
69.74
66.50
67.61
76.43
78.86
76.44
84.29
85.03
81.49
76.93
67.44
67.31
63.31
62.31
61.47
60.28
57.80
57.90
55.52
52.98
53.81
52.72
52.66
61.87
68.21
68.78
73.15
75.49
83.21
85.73
84.06
77.07
68.13
60.39
59.04
56.46
53.12
55.59
57.39
56.37
55.50
52.10
52.83
50.48
50.49
51.01
53.53
59.16
62.87
65.18
68.91
72.82
79.41
83.02
84.29
82.88
84.98
77.16
73.55
66.53
66.09
64.42
63.42
62.54
57.92
58.41
58.39
55.38
53.99
51.81
57.59
64.68
76.97
81.77
88.77
86.99
91.49
97.75
99.48
99.01
90.92
84.71
79.04
75.00
69.69
64.12
62.28
60.86
61.97
52.93
50.18
49.65
46.11
46.46
55.45
64.11
66.30
80.06
84.32
93.01
92.91
94.09
100.06
104.85
100.77
91.01
83.65
81.02
72.74
69.30
70.26
63.67
61.08
55.86
54.75
49.57
47.75
51.52
55.91
61.16
75.15
84.40
92.41
94.39
101.57
101.17
105.38
101.04
100.01
92.52
83.73
83.34
75.39
68.99
63.82
62.57
58.13
56.45
56.61
52.91
51.80
49.84
53.63
67.37
85.03
91.36
96.86
95.67
102.33
109.50
104.67
107.70
103.26
92.84
88.70
81.24
78.22
73.60
66.57
65.14
60.41
58.89
53.94
55.11
53.34
50.42
56.57
63.58
77.55
87.91
92.23
97.29
99.92
102.82
104.22
100.55
97.35
89.40
84.04
79.98
77.53
75.09
73.02
67.65
62.62
60.16
59.33
56.04
53.85
53.95
61.35
69.56
81.20
98.17
101.61
100.69
99.79
98.80
102.33
101.32
105.51
99.36
89.18
84.10
78.74
74.64
67.91
65.45
57.70
59.24
56.35
53.94
51.56
46.67
55.94
64.21
68.11
71.87
77.73
80.12
83.60
94.05
88.31
86.74
82.26
83.00
73.33
70.84
69.47
61.76
62.56
57.34
51.80
51.90
48.54
47.31
43.85
46.24
53.91
65.83
76.52
79.80
88.00
91.54
89.21
89.93
96.64
95.90
95.10
91.05
78.15
74.81
69.37
67.61
60.76
57.58
53.79
48.50
47.93
49.55
49.33
45.42
57.30
65.69
76.71
80.20
82.23
87.49
97.14
96.19
104.46
107.95
101.42
96.80
86.00
80.25
77.31
73.80
69.68
67.59
62.39
55.50
54.37
53.33
51.83
50.04
58.31
70.72
73.92
83.66
89.30
105.04
114.39
111.13
117.41
119.50
109.57
95.35
88.48
78.23
77.12
74.67
65.88
60.38
56.30
55.48
52.79
48.00
46.13
47.53
54.63
68.03
72.64
76.56
78.91
86.87
92.70
92.80
100.18
109.21
109.68
103.34
98.92
102.91
82.08
75.72
65.44
63.45
61.18
58.34
55.74
53.46
52.12
52.52
58.93
81.00
82.87
80.29
79.91
85.04
90.72
100.47
105.14
102.75
109.65
108.21
104.36
105.37
100.33
88.58
84.04
80.31
72.67
71.00
67.35
67.05
65.16
62.36
66.67
77.22
94.48
98.49
109.00
114.66
119.85
122.50
129.21
130.57
127.23
111.24
77.21
69.56
66.16
62.07
59.37
56.45
55.69
51.52
49.33
52.26
48.44
51.00
52.07
65.37
82.65
88.64
93.54
100.91
102.05
105.00
113.37
109.11
109.94
98.88
98.47
92.67
89.17
71.97
68.48
67.56
66.27
65.45
63.84
62.55
60.43
61.80
65.25
71.79
77.61
83.25
86.42
85.71
88.39
87.15
86.46
89.94
88.47
87.95
80.50
80.93
77.56
70.65
68.54
65.65
58.66
59.03
58.55
58.74
50.90
55.15
58.45
64.13
70.17
73.66
74.49
78.77
79.89
82.54
88.71
90.28
91.33
88.26
81.86
79.54
77.64
71.41
70.87
65.24
62.89
62.09
58.86
55.81
54.39
55.20
57.65
68.50
70.29
72.67
74.57
81.19
85.52
79.57
87.73
86.32
88.15
84.67
79.84
75.41
67.14
52.67
50.50
48.93
49.19
49.16
47.36
49.03
46.16
44.97
49.62
63.58
65.43
69.13
70.56
74.10
78.68
82.87
83.36
84.74
85.37
80.47
78.28
71.07
70.12
66.68
61.62
59.36
54.84
57.78
54.76
53.06
49.49
50.08
54.07
61.70
68.24
71.35
72.89
74.09
88.44
89.07
100.91
132.34
146.40
146.11
135.48
126.48
120.34
115.50
101.75
95.48
87.64
81.93
80.75
74.42
68.65
69.87
84.19
101.76
112.06
113.03
118.75
122.72
124.65
128.12
131.52
135.78
130.32
128.70
122.93
113.16
100.71
95.51
87.33
80.43
77.38
73.17
71.69
69.56
69.02
68.44
76.60
102.78
106.49
107.79
114.59
124.06
127.60
132.59
137.18
137.29
125.19
107.90
109.62
100.39
92.75
84.40
76.49
67.64
68.19
66.27
62.18
62.70
59.03
59.85
71.07
95.70
101.10
107.09
113.18
121.02
124.24
127.42
130.70
134.50
130.39
120.81
116.15
104.61
96.04
89.46
80.07
78.76
72.23
71.07
68.88
66.33
65.10
60.53
64.46
74.74
78.27
85.67
85.83
92.26
93.40
98.36
104.77
108.40
118.05
134.24
116.73
102.45
92.41
85.91
80.85
76.74
75.26
75.45
68.88
68.34
66.18
67.70
72.94
79.53
88.81
88.77
95.83
98.53
100.12
103.01
105.92
109.78
105.49
100.21
101.43
99.96
97.44
88.00
80.47
75.55
71.25
69.05
67.45
63.50
63.30
59.90
65.56
80.36
83.30
92.22
92.66
98.16
98.21
101.28
104.23
101.61
104.83
109.75
99.68
87.13
84.42
84.61
78.26
69.69
68.34
65.72
66.51
62.64
60.04
60.87
60.76
67.46
78.71
80.22
89.05
92.74
99.22
95.13
101.48
98.04
98.45
91.35
87.28
80.30
78.17
72.91
68.98
65.54
66.38
60.66
62.38
61.96
59.54
59.89
58.08
57.95
63.46
83.73
85.96
89.80
86.11
90.67
92.95
97.39
100.11
102.07
84.42
83.85
80.62
74.35
60.68
59.28
56.42
53.55
51.00
52.96
51.95
50.23
54.05
60.45
61.69
68.86
74.71
77.37
84.48
79.75
83.37
82.86
84.48
77.56
78.78
85.58
78.72
71.69
64.26
63.07
60.84
55.50
54.56
50.85
51.79
48.88
55.47
67.07
71.20
73.83
75.96
83.31
78.61
87.15
88.82
94.52
91.16
88.10
92.34
95.15
83.91
82.42
71.01
69.10
63.58
61.59
59.05
59.54
59.95
54.40
61.25
69.49
73.45
79.09
78.63
84.54
83.30
87.54
85.55
89.64
92.32
89.52
82.23
82.18
75.26
65.57
64.78
61.93
53.76
51.79
52.31
50.76
49.56
47.42
50.07
58.45
64.12
69.55
72.78
76.46
75.49
76.94
80.59
84.11
84.33
80.03
81.46
72.95
65.69
60.70
58.97
54.79
50.81
52.65
50.56
47.03
46.45
45.22
50.22
60.87
67.07
69.84
71.11
77.26
78.75
81.53
89.34
90.44
92.01
88.81
77.69
73.75
70.08
63.42
55.44
49.79
50.92
45.75
49.58
44.08
42.06
43.37
47.40
54.86
66.78
71.40
71.17
79.22
86.42
85.13
88.06
96.42
94.41
87.09
75.76
72.27
69.09
66.76
63.26
58.62
55.56
54.66
52.57
55.80
53.89
56.96
54.87
55.16
60.91
69.64
70.56
70.50
74.05
76.88
82.31
79.76
69.09
63.53
63.09
59.27
58.53
58.81
51.75
51.28
50.38
46.23
47.18
46.27
45.63
45.60
46.16
52.56
55.85
63.45
68.18
68.89
86.27
89.29
91.21
88.22
93.04
86.85
75.60
73.55
68.15
62.87
56.77
56.52
50.60
50.36
49.60
46.04
49.68
48.09
49.77
60.63
64.45
77.39
74.72
79.63
79.28
85.80
79.88
81.90
80.06
76.44
81.64
75.90
63.27
55.87
53.82
49.65
46.87
43.71
47.38
45.61
41.00
43.32
44.39
51.91
59.60
61.77
66.64
70.87
78.93
75.81
81.66
86.94
89.07
91.14
83.27
76.92
68.39
64.24
60.14
55.51
54.00
54.13
50.57
46.98
45.00
48.87
60.08
69.76
75.12
79.61
77.18
77.42
83.62
87.33
90.57
93.34
92.46
84.97
77.98
74.30
65.77
60.35
59.90
54.79
50.97
46.14
44.52
45.83
41.57
41.88
48.27
55.52
63.76
66.82
74.78
79.22
83.76
87.41
83.45
85.48
77.24
75.36
64.02
68.34
59.13
57.97
54.51
47.17
47.43
42.65
42.45
43.62
38.76
39.97
43.26
55.64
52.74
54.86
64.98
64.07
73.02
80.95
81.25
80.09
76.77
74.21
67.45
58.17
57.62
55.29
51.78
46.67
44.26
41.98
42.99
40.47
40.33
39.65
39.47
41.31
53.20
54.00
56.24
59.42
65.43
70.35
71.96
74.39
74.31
66.70
57.98
53.57
47.15
43.84
43.42
40.97
44.05
43.94
41.91
40.56
42.30
40.19
41.14
47.37
50.18
53.35
62.84
66.82
70.55
77.58
86.76
85.22
83.37
78.52
72.48
66.61
61.29
57.07
49.95
48.46
51.57
46.70
45.33
44.23
42.95
43.45
43.71
49.00
53.28
61.15
63.13
66.96
69.04
60.85
59.78
58.80
54.70
54.24
59.19
60.10
54.18
46.04
43.27
41.49
42.78
40.48
42.12
38.71
40.31
38.44
42.40
45.75
50.60
48.80
56.64
63.33
64.51
69.37
68.26
72.51
69.66
63.83
63.18
63.02
53.18
47.06
47.03
42.90
37.66
40.72
39.45
41.84
41.69
40.05
40.61
47.81
53.09
54.57
59.03
61.21
65.51
67.64
69.98
68.84
67.69
73.26
77.20
66.68
62.76
52.43
47.33
45.39
45.59
39.43
44.78
42.01
40.89
41.00
43.99
48.78
60.79
60.46
68.99
66.49
65.54
69.07
70.51
68.00
53.84
58.44
55.36
57.97
53.96
51.77
48.45
44.82
43.72
41.04
42.95
40.93
44.66
39.93
45.04
49.36
57.32
62.36
62.07
71.00
68.93
67.60
68.64
74.68
83.66
73.50
60.32
56.46
55.65
51.64
48.66
46.89
43.36
43.43
44.90
38.94
42.48
40.30
42.36
47.00
49.99
56.65
56.38
61.20
63.97
65.78
67.93
69.31
70.34
63.41
58.63
56.42
53.10
46.73
47.25
44.63
42.98
43.46
42.25
42.69
41.05
40.72
42.74
46.39
47.71
55.23
63.15
67.34
71.82
74.22
74.87
74.32
74.47
72.09
59.78
53.32
48.79
46.34
45.40
41.04
41.43
38.59
40.30
39.95
39.45
39.06
40.58
40.87
51.14
54.89
55.35
62.48
63.39
68.63
67.40
71.96
68.38
59.88
66.67
58.40
49.51
47.25
44.59
39.06
38.45
37.26
39.09
36.72
38.75
42.55
45.48
47.17
53.14
57.93
59.40
66.96
70.10
71.57
73.79
78.65
73.85
80.39
70.31
71.89
56.66
51.40
46.64
47.45
39.87
40.55
39.48
38.48
38.08
36.79
37.28
44.27
54.89
58.54
60.25
64.49
66.44
69.34
75.09
73.12
72.50
75.59
76.38
70.61
61.15
53.77
47.00
45.30
40.96
42.14
39.79
40.02
38.38
38.10
42.79
47.82
56.97
62.72
67.52
70.93
72.63
76.17
79.52
81.15
78.44
74.14
67.92
64.84
61.18
58.08
49.17
44.66
43.56
42.23
42.54
40.39
40.80
40.03
42.53
53.21
54.92
61.98
64.80
77.78
78.72
74.91
78.67
82.01
75.44
69.45
63.08
59.93
61.36
56.05
51.47
45.41
42.68
41.63
39.97
41.81
40.08
40.27
42.42
48.85
57.83
63.24
66.21
67.44
66.47
68.76
71.67
68.09
73.85
62.15
55.93
51.32
48.70
44.79
41.92
41.10
39.68
38.68
39.67
37.63
37.42
37.36
37.94
40.96
44.08
51.83
58.83
65.69
68.51
63.63
65.36
69.75
76.34
67.95
67.55
59.58
51.37
47.09
43.45
42.36
41.13
39.99
38.38
40.71
37.54
37.19
41.87
50.29
55.33
62.64
64.65
68.74
71.49
72.75
77.29
77.45
74.49
71.36
69.37
66.68
61.99
54.08
46.53
44.25
43.82
38.87
40.60
38.88
37.76
39.88
40.63
46.70
50.32
56.66
59.85
63.45
65.75
70.49
75.59
72.49
74.32
70.86
70.23
63.54
61.06
50.21
44.76
41.98
30.45
39.30
40.61
37.77
37.50
34.94
37.26
44.16
48.62
57.79
57.64
63.61
67.28
64.56
69.28
71.46
70.97
74.44
71.52
68.40
59.45
53.19
48.28
44.39
41.68
40.38
42.18
39.23
39.07
39.35
39.19
43.10
48.26
48.95
54.01
60.70
63.21
61.42
64.77
70.67
66.41
57.63
54.77
50.72
50.58
44.19
40.43
39.03
36.49
35.03
32.25
35.43
32.94
31.57
31.89
37.62
47.07
46.35
49.65
46.86
55.21
56.36
61.74
67.41
62.57
53.62
49.17
47.72
42.61
43.14
38.72
36.58
36.76
36.57
36.19
33.94
31.92
33.56
33.71
37.51
43.89
50.43
54.78
56.59
56.47
59.26
61.19
59.33
57.45
52.28
45.17
46.59
41.59
42.44
36.67
35.29
36.81
33.27
34.48
34.48
32.90
33.21
32.11
36.09
39.84
44.26
46.17
48.05
53.24
55.68
58.65
59.85
55.82
51.81
46.24
49.15
42.18
42.08
40.19
37.51
36.24
38.72
37.16
34.91
36.41
37.47
36.33
47.31
43.21
53.60
62.33
65.80
71.05
65.23
61.33
67.69
62.16
60.61
56.54
58.76
52.96
52.08
53.16
49.62
52.33
54.06
52.56
51.83
52.42
51.81
51.05
54.34
60.19
59.82
59.30
65.02
71.08
70.31
77.82
73.66
73.52
62.43
55.26
57.59
54.99
53.42
53.36
52.16
52.69
49.38
47.92
48.07
44.95
46.90
47.06
55.41
56.63
65.71
66.51
70.44
72.34
72.12
77.01
79.84
76.48
73.09
72.76
67.44
62.45
58.59
60.86
56.14
54.49
53.87
53.05
49.00
47.16
46.01
46.66
51.55
59.26
65.34
69.86
64.96
69.86
68.82
73.80
75.27
71.36
73.49
66.01
60.23
57.51
50.59
44.66
44.77
39.99
40.31
39.27
37.69
38.70
37.35
37.23
42.55
47.11
52.29
53.33
52.65
58.57
60.13
68.63
66.84
66.40
59.11
58.36
51.70
48.55
45.73
48.24
42.45
37.55
34.78
35.34
35.44
36.61
35.34
35.23
39.61
44.36
48.22
48.85
49.93
52.84
53.94
54.61
60.49
52.45
51.53
46.34
41.59
43.05
37.40
36.18
33.14
33.98
36.68
34.37
32.13
30.74
28.71
32.80
33.31
38.45
38.78
42.10
46.59
50.85
58.09
67.96
68.86
57.37
57.04
52.92
53.38
53.98
43.03
36.92
38.30
36.90
35.68
35.02
35.02
34.20
32.54
33.14
40.94
47.31
50.92
52.72
61.12
57.44
65.22
66.53
67.67
64.11
56.58
57.66
57.38
54.07
46.20
45.28
42.52
38.90
37.19
35.36
34.75
35.28
35.45
37.05
47.62
51.35
57.48
56.75
66.83
68.59
68.29
77.60
78.52
78.82
77.98
63.37
62.68
57.00
48.69
46.73
42.92
39.13
40.91
36.41
37.12
36.74
35.49
35.73
41.15
47.44
51.49
52.91
62.97
64.00
64.27
64.61
70.92
71.02
71.60
66.04
68.09
60.21
55.79
47.65
44.13
41.50
40.11
36.43
37.35
37.19
35.11
36.90
46.59
52.37
52.50
55.84
58.45
59.70
64.18
62.82
65.96
67.50
59.22
62.53
58.37
54.85
53.06
47.32
42.42
40.18
37.18
37.58
37.58
37.58
37.58
37.58
37.58
37.58
37.58
37.58
37.58
37.58
37.58
37.58
37.58
37.58
37.58
37.58
37.58
37.58
37.58
37.58
37.58
37.58
37.58
37.58
37.58
37.58
37.58
37.58
37.58
37.58
37.58
37.58
37.58
37.58
37.58
37.58
37.58
37.58
37.58
37.58
37.58
37.58
37.58
37.58
37.58
37.58
37.58
37.58
37.58
37.58
37.58
37.58
37.58
37.58
37.58
37.58
37.58
37.58
37.58
37.58
37.58
37.58
37.58
37.58
37.58
37.58
37.58
37.58
37.58
37.58
37.58
37.58
37.58
37.58
37.58
37.58
37.58
37.58
37.58
37.58
37.58
37.58
37.58
37.58
37.58
37.58
37.58
37.58
37.58
37.58
37.58
37.58
37.58
37.58
37.58
37.58
37.58
37.58
37.58
37.58
37.58
37.58
37.58
37.58
37.58
37.58
37.58
37.58
37.58
37.58
37.58
37.58
37.58
37.58
37.58
37.58
37.58
37.58
37.58
37.58
37.58
37.58
37.58
37.58
37.58
37.58
37.58
37.58
37.58
37.58
37.58
37.58
37.58
37.58
37.58
37.58
37.58
37.58
37.58
37.58
37.58
37.58
37.58
37.58
37.58
37.58
37.58
37.58
37.58
37.58
37.58
37.58
37.58
37.58
37.58
37.58
37.58
37.58
37.58
37.58
37.58
37.58
37.58
37.58
37.58
37.58
37.58
37.58
37.58
37.58
37.58
37.58
37.58
37.58
37.58
37.58
37.58
37.58
37.58
37.58
37.58
37.58
37.58
37.58
37.58
37.58
37.58
37.58
37.58
37.58
37.58
37.58
37.58
37.58
37.58
37.58
37.58
37.58
37.58
37.58
37.58
37.58
37.58
37.58
37.58
37.58
37.58
37.58
37.58
37.58
37.58
37.58
37.58
37.58
37.58
37.58
37.58
37.58
37.58
37.58
37.58
37.58
37.58
37.58
37.58
37.58
37.58
37.58
37.58
37.58
37.58
37.58
37.58
37.58
37.58
37.58
37.58
37.58
37.58
37.58
37.58
37.58
37.58
37.58
37.58
37.58
37.58
37.58
37.58
37.58
37.58
37.58
37.58
37.58
37.58
37.58
37.58
37.58
37.58
37.58
37.58
37.58
37.58
37.58
37.58
37.58
37.58
37.58
37.58
37.58
37.58
37.58
37.58
37.58
37.58
37.58
37.58
37.58
37.58
37.58
37.58
37.58
37.58
37.58
37.58
37.58
37.58
37.58
37.58
37.58
37.58
37.58
37.58
37.58
37.58
37.58
37.58
37.58
37.58
37.58
37.58
37.58
37.58
37.58
37.58
37.58
37.58
37.58
37.58
37.58
37.58
37.58
37.58
37.58
37.58
37.58
37.58
37.58
37.58
37.58
37.58
37.58
37.58
37.58
37.58
37.58
37.58
37.58
37.58
37.58
37.58
37.58
37.58
37.58
37.58
37.58
37.58
37.58
37.58
37.58
37.58
37.58
37.58
37.58
37.58
37.58
37.58
37.58
37.58
37.58
37.58
37.58
37.58
37.58
37.58
37.58
37.58
37.58
37.58
37.58
37.58
37.58
37.58
37.58
37.58
37.58
37.58
37.58
37.58
37.58
37.58
37.58
37.58
37.58
37.58
37.58
37.58
37.58
37.58
37.58
37.58
37.58
37.58
37.58
37.58
37.58
37.58
37.58
37.58
37.58
37.58
37.58
37.58
37.58
37.58
37.58
37.58
37.58
37.58
37.58
37.58
37.58
37.58
37.58
37.58
37.58
37.58
37.58
37.58
37.58
37.58
37.58
37.58
37.58
37.58
37.58
37.58
37.58
37.58
37.58
37.58
37.58
37.58
37.58
37.58
37.58
37.58
37.58
37.58
37.58
37.58
37.58
37.58
37.58
37.58
37.58
37.58
37.58
37.58
37.58
37.58
37.58
37.58
37.58
37.58
37.58
37.58
37.58
37.58
37.58
37.58
37.58
37.58
37.58
37.58
37.58
37.58
37.58
37.58
37.58
37.58
37.58
37.58
11.27
37.58
37.58
37.58
37.58
37.58
37.58
37.58
37.58
37.58
37.58
37.58
37.58
37.58
37.58
37.58
37.58
37.58
37.58
37.58
37.58
37.58
37.58
37.58
37.58
37.58
37.58
37.58
37.58
37.58
37.58
37.58
37.58
37.58
37.58
37.58
37.58
37.58
37.58
37.58
37.58
37.58
37.58
37.58
37.58
37.58
37.58
37.58
37.58
37.58
37.58
37.58
37.58
37.58
37.58
37.58
37.58
37.58
37.58
37.58
37.58
37.58
37.58
37.58
37.58
37.58
37.58
37.58
37.58
37.58
37.58
37.58
37.58
37.58
37.58
37.58
37.58
37.58
37.58
37.58
37.58
37.58
37.58
37.58
37.58
37.58
37.58
37.58
37.58
37.58
37.58
37.58
37.58
37.58
37.58
37.58
37.58
37.58
37.58
37.58
37.58
37.58
37.58
37.58
37.58
37.58
37.58
37.58
37.58
37.58
37.58
37.58
37.58
37.58
37.58
37.58
37.58
37.58
37.58
37.58
37.58
37.58
37.58
46.34
57.20
62.62
54.46
50.03
49.08
48.85
44.44
40.70
37.48
35.28
32.29
32.30
32.70
30.01
29.41
31.67
31.88
33.44
39.63
43.15
40.96
44.41
46.33
45.37
44.82
44.27
42.58
43.95
44.94
46.90
45.94
43.82
41.54
36.17
36.10
34.41
36.53
32.86
34.05
36.29
32.68
40.22
40.38
41.83
49.44
45.95
47.74
49.19
50.82
48.17
49.63
46.44
47.75
44.70
44.49
40.60
40.82
35.13
33.71
34.13
32.39
33.31
35.72
34.21
33.77
38.76
37.38
37.41
38.57
40.48
38.11
39.32
44.30
41.93
36.31
36.92
38.51
37.85
36.25
38.07
36.29
33.15
34.67
34.35
33.74
33.76
33.38
31.70
34.33
37.54
52.45
56.99
45.77
42.00
43.43
49.50
47.74
47.31
51.79
44.43
47.08
48.24
46.26
40.34
40.75
41.43
39.12
41.29
38.46
37.27
36.36
35.69
34.11
38.07
35.30
40.12
38.95
39.02
41.15
43.64
48.30
46.61
42.82
40.78
39.97
40.20
41.31
39.65
35.81
34.80
36.16
33.98
35.24
35.20
35.74
35.70
35.07
36.22
34.49
40.77
43.21
46.20
48.02
56.03
56.49
55.99
47.98
48.95
48.95
44.91
41.68
39.68
32.82
33.07
36.83
34.63
34.58
37.77
36.32
33.86
35.18
37.83
42.19
45.33
41.93
43.91
42.31
43.43
45.86
52.98
46.24
44.64
44.27
43.27
46.42
37.64
34.92
34.86
32.81
34.79
35.23
33.13
33.23
32.33
34.21
34.40
38.23
40.12
41.40
42.26
48.26
40.80
42.49
50.46
51.28
44.69
47.05
44.93
45.08
42.39
43.53
41.94
40.53
39.08
39.48
39.27
38.59
36.37
39.40
38.83
38.02
44.14
39.37
39.72
38.49
44.84
42.01
40.41
35.38
34.00
34.72
33.57
35.76
34.03
33.00
32.68
31.65
31.98
32.02
31.56
33.14
29.86
31.27
30.17
32.94
34.36
34.07
34.67
35.54
38.67
37.66
35.68
33.21
34.52
36.07
35.38
34.43
33.23
32.72
31.70
33.95
32.00
32.40
33.26
31.38
30.74
29.95
31.30
30.67
30.69
31.48
31.10
31.43
31.79
31.75
32.71
32.73
31.79
31.08
29.35
31.10
29.53
29.69
32.04
31.60
29.18
31.78
31.56
31.42
32.36
32.10
31.59
31.23
31.52
30.87
32.33
30.79
33.63
33.98
35.53
35.11
32.33
33.25
31.85
29.26
30.37
32.07
28.78
30.69
33.04
30.71
31.50
32.57
31.06
32.47
30.90
30.17
29.90
32.30
35.26
32.74
36.95
37.10
38.90
36.34
34.48
31.45
34.40
31.05
30.46
28.18
28.08
27.61
27.58
28.09
27.31
27.81
28.00
29.23
30.06
32.73
33.55
43.18
41.21
38.36
42.56
44.80
41.67
46.69
53.26
47.52
36.68
37.01
32.09
31.45
32.42
29.58
28.62
29.01
28.31
27.58
28.50
27.95
28.04
32.52
39.65
40.86
44.74
43.82
38.85
43.82
44.15
43.74
46.34
44.60
47.06
45.50
41.48
41.01
36.54
36.33
34.21
33.43
30.59
30.72
29.76
31.15
34.45
34.28
39.55
41.98
42.56
45.02
51.32
50.34
46.83
53.85
51.80
57.71
52.16
43.68
41.09
41.67
36.91
36.21
34.25
34.63
33.52
32.90
32.87
31.10
36.94
36.84
38.91
42.85
44.40
46.55
48.57
50.90
52.10
45.99
45.29
42.39
44.16
45.62
42.47
36.64
37.93
35.04
33.02
31.90
34.26
32.18
31.34
30.11
38.26
39.66
42.81
41.55
48.06
46.29
48.75
48.11
52.22
50.56
48.53
53.84
45.27
45.70
44.41
42.21
38.99
37.34
35.82
35.56
35.38
35.27
34.45
35.95
33.84
34.58
38.67
42.38
42.68
50.13
47.53
43.00
47.17
45.29
42.03
40.17
42.63
39.26
37.94
38.04
33.39
35.06
34.94
35.03
37.13
36.68
34.10
34.01
35.67
33.43
35.93
41.96
40.82
39.59
44.98
42.58
42.43
40.24
47.38
49.49
43.81
40.45
35.30
32.08
31.72
31.59
32.81
30.57
31.70
30.87
30.04
31.59
36.90
40.47
52.26
54.22
59.85
59.51
64.07
58.93
58.60
55.62
54.43
54.14
57.69
55.80
41.07
36.46
36.99
34.44
35.43
32.92
31.35
33.24
33.64
32.10
32.62
39.83
43.74
43.32
41.65
44.93
46.96
49.35
53.37
49.11
43.17
43.43
41.52
40.06
41.61
42.22
34.20
36.62
32.60
29.02
31.40
29.66
30.47
30.16
33.22
33.87
37.56
44.86
50.42
51.98
55.25
57.36
54.36
51.80
48.64
49.09
48.04
48.59
52.63
48.90
50.52
48.77
44.23
43.26
43.68
41.50
40.10
42.54
42.80
45.40
48.58
50.10
52.36
50.46
53.52
56.94
52.59
52.28
50.34
49.64
50.40
48.33
48.17
46.93
43.67
48.95
46.66
48.94
45.54
43.41
46.27
44.72
42.49
52.44
51.22
55.78
54.05
58.68
52.99
54.84
57.55
54.14
48.27
46.97
47.86
45.20
46.68
49.18
49.69
42.82
43.97
44.19
39.89
38.28
43.06
41.09
39.50
39.63
40.36
41.01
42.50
44.90
50.85
49.96
46.98
50.56
47.23
49.04
46.28
47.04
47.60
46.25
41.20
42.11
41.58
46.04
47.16
45.14
41.77
40.99
37.25
43.44
43.31
41.02
41.39
40.69
43.17
43.68
41.64
40.85
40.21
38.91
39.56
38.93
40.04
41.93
40.65
37.52
38.14
40.11
39.86
39.85
38.11
40.08
39.99
47.37
43.88
44.31
44.59
50.69
46.47
48.03
48.21
49.89
44.89
47.46
44.63
42.87
44.73
42.51
39.72
43.04
47.46
47.04
47.66
41.76
41.43
43.58
42.54
43.05
44.54
45.00
48.99
45.44
43.45
43.93
46.33
43.52
40.21
44.63
46.50
48.08
46.98
46.74
44.10
45.43
46.66
45.59
44.52
45.18
44.69
41.69
41.52
37.73
30.56
30.22
33.58
32.01
33.37
34.80
37.67
32.75
32.31
32.72
29.79
28.88
29.80
30.04
27.53
30.81
30.18
29.62
27.12
31.02
30.07
29.31
29.56
30.17
31.44
35.03
32.82
32.20
30.05
34.59
36.77
32.51
30.15
30.22
30.52
29.74
30.21
32.93
32.02
30.83
30.20
29.16
31.12
30.27
29.94
28.94
29.94
31.54
31.84
32.34
33.22
30.16
34.07
35.19
34.22
34.03
29.96
28.84
31.49
29.73
28.85
32.58
32.26
29.45
28.52
30.13
30.61
29.13
30.20
29.46
28.57
27.60
28.83
30.10
28.72
29.66
30.23
33.19
31.35
31.45
30.59
29.01
29.06
30.57
28.30
28.54
29.43
34.48
28.75
29.35
30.38
28.20
30.41
29.39
28.50
28.05
28.65
28.69
28.92
29.33
30.34
29.85
28.74
29.51
28.55
30.30
31.64
29.15
30.79
29.42
29.97
29.31
30.08
29.52
28.51
28.94
29.42
28.79
28.76
30.99
29.70
31.37
30.38
33.25
29.82
31.11
33.39
30.46
28.63
30.43
31.98
30.25
30.60
32.44
28.32
29.97
31.10
30.04
31.09
28.66
28.67
29.92
29.53
26.76
29.30
30.50
27.30
28.77
30.06
31.18
30.43
29.96
31.05
27.47
33.26
30.08
29.78
27.86
30.35
30.78
28.96
30.14
30.11
29.41
30.05
28.49
30.20
28.02
27.93
30.70
29.16
28.50
28.42
31.13
29.35
30.08
31.82
28.27
29.55
30.67
29.78
29.81
29.79
29.78
30.37
29.28
30.30
31.55
29.28
29.28
29.70
30.52
29.66
30.77
30.96
30.92
32.06
32.42
31.11
30.13
29.90
31.16
34.17
29.87
30.89
30.69
31.64
31.07
29.40
31.00
31.58
29.83
31.06
30.47
31.36
31.17
29.67
31.29
33.14
31.86
31.14
30.87
29.80
31.85
31.14
30.33
31.94
31.59
31.63
30.15
30.30
30.70
30.53
30.86
29.98
31.57
30.24
30.61
28.34
31.75
30.29
29.37
28.06
30.27
29.34
29.44
28.94
29.65
31.24
30.25
30.69
32.21
28.84
32.47
30.63
31.81
30.31
32.24
33.28
34.11
33.36
35.03
34.92
34.22
31.36
29.71
30.25
31.64
30.61
30.79
30.24
29.24
30.13
30.64
30.59
31.38
30.71
29.27
32.97
32.65
32.38
31.86
32.69
32.82
33.86
32.59
31.42
32.40
45.83
51.65
53.07
52.49
51.85
54.35
55.42
49.61
49.70
49.82
52.72
52.02
52.88
46.10
48.24
48.43
46.95
53.05
57.51
49.85
48.76
50.20
46.43
46.61
47.25
46.73
46.32
45.06
41.53
41.98
52.14
47.83
49.41
49.99
49.83
53.85
57.71
49.63
49.63
49.63
49.63
49.63
49.63
49.63
49.63
49.63
49.63
49.63
49.63
49.63
49.63
49.63
49.63
49.63
49.63
49.63
49.63
49.63
49.63
49.63
49.63
49.63
49.63
49.63
49.63
49.63
49.63
49.63
49.63
49.63
49.63
49.63
49.63
49.63
49.63
49.63
49.63
49.63
49.63
49.63
49.63
49.63
49.63
49.63
49.63
49.63
49.63
49.63
49.63
49.63
49.63
49.63
49.63
49.63
49.63
49.63
49.63
49.63
49.63
49.63
49.63
49.63
49.63
49.63
49.63
49.63
49.63
49.63
49.63
49.63
49.63
49.63
49.63
49.63
49.63
49.63
49.63
49.63
49.63
49.63
49.63
49.63
49.63
49.63
49.63
49.63
49.63
49.63
49.63
49.63
49.63
49.63
49.63
49.63
49.63
49.63
49.63
49.63
49.63
49.63
49.63
49.63
49.63
49.63
49.63
49.63
49.63
49.63
49.63
49.63
49.63
49.63
49.63
49.63
49.63
49.63
49.63
49.63
49.63
49.63
49.63
49.63
49.63
49.63
49.63
49.63
49.63
49.63
49.63
49.63
49.63
49.63
49.63
49.63
49.63
49.63
49.63
49.63
49.63
49.63
49.63
49.63
49.63
49.63
49.63
49.63
49.63
49.63
49.63
49.63
49.63
49.63
49.63
49.63
49.63
49.63
49.63
49.63
49.63
49.63
49.63
49.63
49.63
49.63
49.63
49.63
49.63
49.63
49.63
49.63
49.63
49.63
49.63
49.63
49.63
49.63
49.63
49.63
49.63
49.63
49.63
49.63
49.63
49.63
49.63
49.63
49.63
49.63
49.63
49.63
49.63
49.63
49.63
49.63
49.63
49.63
49.63
49.63
49.63
49.63
49.63
49.63
49.63
49.63
49.63
49.63
49.63
49.63
49.63
49.63
49.63
49.63
49.63
49.63
49.63
49.63
49.63
49.63
49.63
49.63
49.63
49.63
49.63
49.63
49.63
49.63
49.63
49.63
49.63
49.63
49.63
49.63
49.63
49.63
49.63
49.63
49.63
49.63
49.63
49.63
49.63
49.63
49.63
49.63
49.63
49.63
49.63
49.63
49.63
49.63
49.63
49.63
49.63
49.63
49.63
49.63
49.63
49.63
49.63
49.63
49.63
49.63
49.63
49.63
49.63
49.63
49.63
49.63
49.63
49.63
49.63
49.63
49.63
49.63
49.63
49.63
49.63
49.63
49.63
49.63
49.63
49.63
49.63
49.63
49.63
49.63
49.63
49.63
49.63
49.63
49.63
49.63
49.63
49.63
49.63
49.63
49.63
49.63
49.63
49.63
49.63
49.63
49.63
49.63
49.63
49.63
49.63
49.63
49.63
49.63
49.63
49.63
49.63
49.63
49.63
49.63
49.63
49.63
49.63
49.63
49.63
49.63
49.63
49.63
49.63
49.63
49.63
49.63
49.63
49.63
49.63
49.63
49.63
49.63
49.63
49.63
49.63
49.63
49.63
49.63
49.63
49.63
49.63
49.63
49.63
49.63
49.63
49.63
49.63
49.63
49.63
49.63
49.63
49.63
49.63
49.63
49.63
49.63
49.63
49.63
49.63
49.63
49.63
49.63
49.63
49.63
49.63
49.63
49.63
49.63
49.63
49.63
49.63
49.63
49.63
49.63
49.63
49.63
49.63
49.63
49.63
49.63
49.63
49.63
49.63
49.63
49.63
49.63
49.63
49.63
49.63
49.63
49.63
49.63
49.63
49.63
49.63
49.63
49.63
49.63
49.63
49.63
49.63
49.63
49.63
49.63
49.63
49.63
49.63
49.63
49.63
49.63
49.63
49.63
49.63
49.63
49.63
49.63
49.63
49.63
49.63
49.63
49.63
49.63
49.63
49.63
49.63
49.63
49.63
49.63
49.63
49.63
49.63
49.63
49.63
49.63
49.63
49.63
49.63
49.63
49.63
49.63
49.63
49.63
49.63
49.63
49.63
49.63
49.63
49.63
49.63
49.63
49.63
49.63
49.63
49.63
49.63
49.63
49.63
49.63
49.63
49.63
49.63
49.63
49.63
49.63
49.63
49.63
49.63
49.63
49.63
49.63
49.63
49.63
49.63
49.63
49.63
49.63
49.63
49.63
49.63
49.63
49.63
49.63
49.63
49.63
49.63
49.63
49.63
49.63
49.63
49.63
49.63
49.63
49.63
49.63
49.63
49.63
49.63
49.63
49.63
49.63
49.63
49.63
49.63
49.63
49.63
49.63
49.63
49.63
49.63
49.63
49.63
49.63
49.63
49.63
49.63
49.63
49.63
49.63
49.63
49.63
49.63
49.63
49.63
49.63
49.63
49.63
49.63
49.63
49.63
49.63
49.63
49.63
49.63
49.63
49.63
49.63
49.63
49.63
49.63
49.63
49.63
49.63
49.63
49.63
49.63
49.63
49.63
49.63
49.63
49.63
49.63
49.63
49.63
49.63
49.63
49.63
49.63
49.63
49.63
49.63
49.63
49.63
49.63
49.63
49.63
49.63
49.63
49.63
49.63
49.63
49.63
49.63
49.63
49.63
49.63
49.63
49.63
49.63
49.63
49.63
49.63
49.63
49.63
49.63
49.63
49.63
49.63
49.63
49.63
49.63
49.63
49.63
49.63
49.63
49.63
49.63
49.63
49.63
49.63
49.63
49.63
49.63
49.63
49.63
49.63
49.63
49.63
49.63
49.63
49.63
49.63
49.63
49.63
49.63
49.63
49.63
49.63
49.63
49.63
49.63
49.63
49.63
49.63
49.63
49.63
49.63
49.63
49.63
49.63
49.63
49.63
49.63
49.63
49.63
49.63
49.63
49.63
49.63
49.63
49.63
49.63
49.63
49.63
49.63
49.63
49.63
49.63
49.63
49.63
49.63
49.63
49.63
49.63
49.63
49.63
49.63
49.63
49.63
49.63
49.63
49.63
49.63
49.63
49.63
49.63
49.63
49.63
49.63
49.63
49.63
49.63
49.63
49.63
49.63
49.63
49.63
49.63
49.63
49.63
49.63
49.63
49.63
49.63
49.63
49.63
49.63
49.63
49.63
49.63
49.63
49.63
49.63
49.63
49.63
49.63
49.63
49.63
49.63
49.63
49.63
49.63
49.63
49.63
49.63
49.63
49.63
49.63
49.63
49.63
49.63
49.63
49.63
49.63
49.63
49.63
49.63
49.63
49.63
49.63
49.63
49.63
49.63
49.63
49.63
49.63
49.63
49.63
49.63
49.63
49.63
49.63
49.63
49.63
49.63
49.63
49.63
49.63
49.63
49.63
49.63
49.63
49.63
49.63
49.63
49.63
49.63
49.63
49.63
49.63
49.63
49.63
49.63
49.63
49.63
49.63
49.63
49.63
49.63
49.63
49.63
49.63
49.63
49.63
49.63
49.63
49.63
49.63
49.63
49.63
49.63
49.63
49.63
49.63
49.63
49.63
49.63
49.63
49.63
49.63
49.63
49.63
49.63
49.63
49.63
49.63
49.63
49.63
49.63
49.63
49.63
49.63
49.63
49.63
49.63
49.63
49.63
49.63
49.63
49.63
49.63
49.63
49.63
49.63
49.63
49.63
49.63
49.63
49.63
49.63
49.63
49.63
49.63
49.63
49.63
49.63
49.63
49.63
49.63
49.63
49.63
49.63
49.63
49.63
49.63
49.63
49.63
49.63
49.63
49.63
49.63
49.63
49.63
49.63
49.63
49.63
49.63
49.63
49.63
49.63
49.63
49.63
49.63
49.63
49.63
49.63
49.63
49.63
49.63
49.63
49.63
49.63
49.63
49.63
49.63
49.63
49.63
49.63
49.63
49.63
49.63
49.63
49.63
49.63
49.63
49.63
49.63
49.63
49.63
49.63
49.63
49.63
49.63
49.63
49.63
49.63
49.63
49.63
49.63
49.63
49.63
49.63
49.63
49.63
49.63
49.63
49.63
49.63
49.63
49.63
49.63
49.63
49.63
49.63
49.63
49.63
49.63
49.63
49.63
49.63
49.63
49.63
49.63
49.63
49.63
49.63
49.63
49.63
49.63
49.63
49.63
49.63
49.63
49.63
49.63
49.63
49.63
49.63
49.63
49.63
49.63
49.63
49.63
49.63
49.63
49.63
49.63
49.63
49.63
49.63
49.63
49.63
49.63
49.63
49.63
49.63
49.63
49.63
49.63
49.63
49.63
49.63
49.63
49.63
49.63
49.63
49.63
49.63
49.63
49.63
49.63
49.63
49.63
49.63
49.63
49.63
49.63
49.63
49.63
49.63
49.63
49.63
49.63
49.63
49.63
49.63
49.63
49.63
49.63
49.63
49.63
49.63
49.63
49.63
49.63
49.63
49.63
49.63
49.63
49.63
49.63
49.63
49.63
49.63
49.63
49.63
49.63
49.63
49.63
49.63
49.63
49.63
49.63
49.63
49.63
49.63
49.63
49.63
49.63
49.63
49.63
49.63
49.63
49.63
49.63
49.63
49.63
49.63
49.63
49.63
49.63
49.63
49.63
49.63
49.63
49.63
49.63
49.63
49.63
49.63
49.63
49.63
49.63
49.63
49.63
49.63
49.63
49.63
49.63
49.63
49.63
49.63
49.63
49.63
49.63
49.63
49.63
49.63
49.63
49.63
49.63
49.63
49.63
49.63
49.63
49.63
49.63
49.63
49.63
49.63
49.63
49.63
49.63
49.63
49.63
49.63
49.63
49.63
49.63
49.63
49.63
49.63
49.63
49.63
49.63
49.63
49.63
49.63
49.63
49.63
49.63
49.63
49.63
49.63
49.63
49.63
49.63
49.63
49.63
49.63
49.63
49.63
49.63
49.63
49.63
49.63
49.63
49.63
49.63
49.63
49.63
49.63
49.63
49.63
49.63
49.63
49.63
49.63
49.63
49.63
49.63
49.63
49.63
49.63
49.63
49.63
49.63
49.63
49.63
49.63
49.63
49.63
49.63
49.63
49.63
49.63
49.63
49.63
49.63
49.63
49.63
49.63
49.63
49.63
49.63
49.63
49.63
49.63
49.63
49.63
49.63
49.63
49.63
49.63
49.63
49.63
49.63
49.63
49.63
49.63
49.63
49.63
49.63
49.63
49.63
49.63
49.63
49.63
49.63
49.63
49.63
49.63
49.63
49.63
49.63
49.63
49.63
49.63
49.63
49.63
49.63
49.63
49.63
49.63
49.63
49.63
49.63
49.63
49.63
49.63
49.63
49.63
49.63
49.63
49.63
49.63
49.63
49.63
49.63
49.63
49.63
49.63
49.63
49.63
49.63
49.63
49.63
49.63
49.63
49.63
49.63
49.63
49.63
49.63
49.63
49.63
49.63
49.63
49.63
49.63
49.63
49.63
49.63
49.63
49.63
49.63
49.63
49.63
49.63
49.63
49.63
49.63
49.63
49.63
49.63
49.63
49.63
49.63
49.63
49.63
49.63
49.63
49.63
49.63
49.63
49.63
49.63
49.63
49.63
49.63
49.63
49.63
49.63
49.63
49.63
49.63
49.63
49.63
49.63
49.63
49.63
49.63
49.63
49.63
49.63
49.63
49.63
49.63
49.63
49.63
49.63
49.63
49.63
49.63
49.63
49.63
49.63
49.63
49.63
49.63
49.63
49.63
49.63
49.63
49.63
49.63
49.63
49.63
49.63
49.63
49.63
49.63
49.63
49.63
49.63
49.63
49.63
49.63
49.63
49.63
49.63
49.63
49.63
49.63
49.63
49.63
49.63
49.63
49.63
49.63
49.63
49.63
49.63
49.63
49.63
49.63
49.63
49.63
49.63
49.63
49.63
49.63
49.63
49.63
49.63
49.63
49.63
49.63
49.63
49.63
49.63
49.63
49.63
49.63
49.63
49.63
49.63
49.63
49.63
49.63
49.63
49.63
49.63
49.63
49.63
49.63
49.63
49.63
49.63
49.63
49.63
49.63
49.63
49.63
49.63
49.63
49.63
49.63
49.63
49.63
49.63
49.63
49.63
49.63
49.63
49.63
49.63
49.63
49.63
49.63
49.63
49.63
49.63
49.63
49.63
49.63
49.63
49.63
49.63
49.63
49.63
49.63
49.63
49.63
49.63
49.63
49.63
49.63
49.63
49.63
49.63
49.63
49.63
49.63
49.63
49.63
49.63
49.63
49.63
49.63
49.63
49.63
49.63
49.63
49.63
49.63
49.63
49.63
49.63
49.63
49.63
49.63
49.63
49.63
49.63
49.63
49.63
49.63
49.63
49.63
49.63
49.63
49.63
49.63
49.63
49.63
49.63
49.63
49.63
49.63
49.63
49.63
49.63
49.63
49.63
49.63
49.63
49.63
49.63
49.63
49.63
49.63
49.63
49.63
49.63
49.63
49.63
49.63
49.63
49.63
49.63
49.63
49.63
49.63
49.63
49.63
49.63
49.63
49.63
49.63
49.63
49.63
49.63
49.63
49.63
49.63
49.63
49.63
49.63
49.63
49.63
49.63
49.63
49.63
49.63
49.63
49.63
49.63
49.63
49.63
49.63
49.63
49.63
49.63
49.63
49.63
49.63
49.63
49.63
49.63
49.63
49.63
49.63
49.63
49.63
49.63
49.63
49.63
49.63
49.63
49.63
49.63
49.63
49.63
49.63
49.63
49.63
49.63
49.63
49.63
49.63
49.63
49.63
49.63
49.63
49.63
49.63
49.63
49.63
49.63
49.63
49.63
49.63
49.63
49.63
49.63
49.63
49.63
49.63
49.63
49.63
49.63
49.63
49.63
49.63
49.63
49.63
49.63
49.63
49.63
49.63
49.63
49.63
49.63
49.63
49.63
49.63
49.63
49.63
49.63
49.63
49.63
49.63
49.63
49.63
49.63
49.63
49.63
49.63
49.63
49.63
49.63
49.63
49.63
49.63
49.63
49.63
49.63
49.63
49.63
49.63
49.63
49.63
49.63
49.63
49.63
49.63
49.63
49.63
49.63
49.63
49.63
49.63
49.63
49.63
49.63
49.63
49.63
49.63
49.63
49.63
49.63
49.63
49.63
49.63
49.63
49.63
49.63
49.63
49.63
49.63
49.63
49.63
49.63
49.63
49.63
49.63
49.63
49.63
49.63
49.63
49.63
49.63
49.63
49.63
49.63
49.63
49.63
49.63
49.63
49.63
49.63
49.63
49.63
49.63
49.63
49.63
49.63
49.63
49.63
49.63
49.63
49.63
49.63
49.63
49.63
49.63
49.63
49.63
49.63
49.63
49.63
49.63
49.63
49.63
49.63
49.63
49.63
49.63
49.63
49.63
49.63
49.63
49.63
49.63
49.63
49.63
49.63
49.63
49.63
49.63
49.63
49.63
49.63
49.63
49.63
49.63
49.63
49.63
49.63
49.63
49.63
49.63
49.63
49.63
49.63
49.63
49.63
49.63
49.63
49.63
49.63
49.63
49.63
49.63
49.63
49.63
49.63
49.63
49.63
49.63
49.63
49.63
49.63
49.63
49.63
49.63
49.63
49.63
49.63
49.63
49.63
49.63
49.63
49.63
49.63
49.63
49.63
49.63
49.63
49.63
49.63
49.63
49.63
49.63
49.63
49.63
49.63
49.63
49.63
49.63
49.63
49.63
49.63
49.63
49.63
49.63
49.63
49.63
49.63
49.63
49.63
49.63
49.63
49.63
49.63
49.63
49.63
49.63
49.63
49.63
49.63
49.63
49.63
49.63
49.63
49.63
49.63
49.63
49.63
49.63
49.63
49.63
49.63
49.63
49.63
49.63
49.63
49.63
49.63
49.63
49.63
49.63
49.63
49.63
49.63
49.63
49.63
49.63
49.63
49.63
49.63
49.63
49.63
49.63
49.63
49.63
49.63
49.63
49.63
49.63
49.63
49.63
49.63
49.63
49.63
49.63
49.63
49.63
49.63
49.63
49.63
49.63
49.63
49.63
49.63
49.63
49.63
49.63
49.63
49.63
49.63
49.63
49.63
49.63
49.63
49.63
49.63
49.63
49.63
49.63
49.63
49.63
49.63
49.63
49.63
49.63
49.63
49.63
49.63
49.63
49.63
49.63
49.63
49.63
49.63
49.63
49.63
49.63
49.63
49.63
49.63
49.63
49.63
49.63
49.63
49.63
49.63
49.63
49.63
49.63
49.63
49.63
49.63
49.63
49.63
49.63
49.63
49.63
49.63
49.63
49.63
49.63
49.63
49.63
49.63
49.63
49.63
49.63
49.63
49.63
49.63
49.63
49.63
49.63
49.63
49.63
49.63
49.63
49.63
49.63
49.63
49.63
49.63
49.63
49.63
49.63
49.63
49.63
