3.48
3.69
3.95
3.79
3.70
3.75
3.87
3.54
3.55
3.61
4.00
4.00
3.34
3.99
3.82
3.90
3.39
3.84
3.88
3.62
3.63
3.41
3.79
3.64
4.00
4.07
3.74
4.13
3.99
3.97
3.65
4.10
4.11
4.09
4.58
7.71
6.09
4.90
3.58
3.55
3.94
3.67
3.07
3.00
3.14
3.69
3.49
3.49
3.36
3.32
3.87
3.70
3.81
3.57
3.75
3.68
3.47
3.42
3.50
3.92
4.13
4.03
4.15
3.79
3.57
4.09
3.31
3.40
3.27
3.40
3.13
3.00
3.56
3.48
3.56
3.29
3.26
3.87
3.92
4.03
4.13
3.98
3.78
3.79
4.10
4.46
4.35
4.09
3.84
3.64
3.29
3.26
3.41
3.80
3.45
3.86
3.73
3.20
3.11
2.97
3.04
3.19
3.25
3.30
3.39
3.37
3.03
3.26
2.99
3.18
3.19
3.15
3.00
2.75
2.76
3.09
3.18
3.31
2.88
2.78
3.00
3.08
3.07
2.92
2.86
3.41
3.33
3.15
2.68
3.01
2.87
2.90
3.04
3.04
3.25
2.97
3.02
2.86
3.13
3.25
3.21
2.64
2.41
2.80
2.94
2.58
2.89
3.30
2.88
2.64
3.06
3.46
2.96
3.55
5.31
5.97
4.60
4.38
4.17
4.05
3.89
3.62
3.89
3.71
4.08
3.49
2.49
2.49
2.60
2.66
2.66
2.80
2.51
2.87
2.75
3.53
4.21
4.04
4.19
5.16
6.07
5.70
5.75
4.14
3.47
2.96
2.80
2.88
2.82
2.60
2.86
2.67
2.36
2.16
2.50
2.69
2.68
2.41
2.39
3.01
2.97
2.94
3.93
4.84
4.70
4.46
4.54
4.43
4.35
3.77
3.41
3.78
3.92
4.12
3.73
3.05
3.72
3.45
3.23
2.68
2.75
2.54
2.44
3.00
3.89
4.34
2.64
5.63
4.44
4.12
4.16
3.98
3.51
3.04
2.95
2.79
3.41
3.44
2.54
2.23
2.33
2.28
2.84
3.19
2.49
2.52
2.55
2.94
3.05
3.26
2.92
3.57
3.94
3.84
3.92
3.49
3.08
2.61
2.38
2.45
2.85
2.33
3.06
3.25
3.11
3.12
3.07
2.55
2.46
2.39
2.40
2.77
2.97
3.46
3.47
3.00
3.29
3.08
3.06
2.94
3.06
2.26
2.30
2.33
2.41
2.58
2.31
2.83
2.97
3.04
2.99
2.74
3.16
2.39
2.02
2.17
2.15
2.28
2.20
2.75
2.76
2.59
2.88
2.77
3.64
3.29
3.28
2.76
2.05
2.19
2.25
2.14
2.22
2.36
2.45
2.65
2.98
2.97
2.90
3.05
2.76
3.32
3.91
4.29
3.90
3.96
3.81
2.99
3.49
3.59
3.45
3.52
3.47
3.75
3.22
2.43
2.42
2.51
2.56
3.15
2.91
2.42
2.23
2.00
2.34
2.99
4.49
4.85
5.10
5.28
4.41
4.15
3.79
3.29
3.27
3.21
3.48
3.50
3.21
3.81
2.71
2.61
2.83
2.76
2.76
2.88
3.12
2.78
2.64
5.21
5.45
5.52
5.68
5.37
4.69
4.85
4.86
4.40
4.47
4.54
4.63
4.53
3.98
2.99
2.92
3.08
2.93
2.59
3.32
3.31
2.82
2.58
2.67
3.84
5.79
5.72
6.12
5.16
5.21
5.11
4.43
4.12
3.76
3.16
3.23
3.18
3.13
2.75
2.89
3.50
3.71
3.02
2.30
2.51
2.42
2.55
2.93
3.75
3.41
3.33
3.98
4.21
4.35
4.66
4.25
3.60
3.36
3.22
3.16
3.07
3.18
3.23
3.20
3.57
3.49
3.43
3.10
2.75
2.97
3.59
3.64
2.95
4.19
4.31
4.75
4.60
4.89
5.12
5.17
3.53
2.49
2.45
2.91
3.22
3.26
3.06
2.79
2.17
2.27
2.55
2.86
2.67
2.76
3.08
3.07
3.33
2.51
3.11
3.83
3.70
4.17
4.26
3.91
3.57
2.87
2.68
2.63
2.42
2.55
2.32
2.48
2.29
2.78
3.15
2.68
2.99
2.99
2.31
2.24
2.61
2.55
3.06
3.13
3.70
3.69
4.48
5.17
4.50
3.61
3.21
3.11
2.74
2.97
2.96
2.90
3.12
3.13
2.98
2.53
2.65
3.21
3.43
4.09
4.58
5.83
5.75
6.83
6.55
6.60
6.58
5.64
4.27
4.04
4.05
4.08
3.36
3.24
3.34
3.51
3.46
3.55
3.81
3.58
3.91
3.40
3.66
4.10
6.09
6.45
7.42
6.21
7.64
6.20
5.79
5.83
5.23
4.65
4.84
5.18
4.81
3.84
3.07
3.41
3.51
3.55
3.15
3.45
3.44
3.41
3.41
0.40
0.00
2.58
6.18
6.35
6.68
6.05
5.58
5.34
5.03
4.60
4.64
4.05
3.17
3.39
3.73
3.74
3.18
3.44
3.79
3.68
3.65
3.30
3.93
4.06
3.94
4.11
5.54
7.28
7.55
5.59
5.20
4.82
4.60
4.22
3.95
3.72
3.15
3.17
2.65
2.67
3.18
3.27
2.88
3.05
3.12
3.47
3.25
3.10
3.29
4.14
4.84
5.61
4.94
4.81
4.83
4.66
3.93
3.85
3.07
3.04
3.14
3.04
3.13
3.27
3.27
2.58
2.80
3.11
3.32
3.30
3.17
2.92
2.58
3.05
3.00
4.32
3.96
4.65
4.46
4.37
3.95
3.09
3.04
2.81
3.09
3.29
2.45
2.67
2.93
3.10
3.13
2.77
3.14
3.03
3.36
2.77
2.98
4.22
4.50
5.40
5.60
5.22
5.15
4.79
4.57
4.31
4.60
4.37
4.50
4.22
3.76
3.10
3.42
3.12
2.61
2.91
2.88
3.46
3.22
3.54
4.57
6.32
6.27
6.11
5.39
5.47
5.26
3.04
3.30
3.37
3.14
2.92
3.17
2.78
2.63
2.69
2.92
2.66
2.57
2.70
2.27
2.29
2.44
2.89
4.17
3.92
5.08
5.70
5.74
5.49
5.13
4.99
4.29
4.49
4.02
4.14
4.27
4.53
3.80
3.82
3.72
2.83
2.69
2.72
3.11
3.03
2.82
2.96
3.30
4.95
4.71
4.67
5.90
5.29
5.00
5.00
5.11
4.24
4.09
4.10
3.43
3.01
2.90
3.08
2.77
2.97
2.81
2.83
2.95
3.00
3.49
3.34
4.13
4.48
4.53
5.04
5.51
5.60
5.54
4.82
4.64
3.36
2.99
2.97
2.70
2.65
2.48
2.52
2.44
3.12
2.93
2.57
2.70
2.70
3.05
2.61
2.67
3.77
4.13
3.41
4.00
3.73
4.47
4.76
3.46
2.74
3.02
2.70
3.10
2.82
2.62
2.72
2.93
2.59
2.75
2.63
3.18
3.04
3.24
3.27
2.98
2.64
2.61
3.46
3.12
4.13
3.59
3.82
3.73
3.30
3.68
3.47
2.67
2.73
2.84
2.93
3.19
2.78
2.63
2.91
3.05
2.96
3.24
3.37
3.24
3.12
3.63
4.00
4.08
4.40
4.10
4.21
5.10
4.50
4.84
4.87
3.46
2.79
2.73
2.75
2.85
2.37
2.06
2.70
2.42
2.55
3.08
3.99
4.13
4.70
4.71
4.68
4.70
4.71
5.52
4.75
3.95
3.45
3.64
4.24
3.78
3.49
2.52
2.69
2.94
2.77
2.90
3.39
3.56
3.16
3.30
3.34
4.23
4.59
5.74
5.39
4.72
4.61
4.83
5.10
5.02
4.71
4.65
4.10
4.15
3.00
2.25
2.70
2.86
2.85
3.05
2.88
3.06
3.68
3.94
3.72
3.37
5.27
5.72
5.51
5.58
5.75
5.25
4.89
4.70
4.28
3.73
3.79
3.38
3.42
3.42
2.95
3.44
3.66
3.41
3.22
3.55
3.55
3.75
3.11
3.48
3.98
3.49
4.34
4.99
5.07
5.24
4.61
3.44
3.16
3.24
3.43
3.05
3.41
3.10
2.81
3.34
3.59
3.33
2.93
3.38
3.54
2.91
3.09
3.20
3.91
3.80
3.91
4.04
4.09
4.08
3.78
3.17
2.84
3.33
2.26
2.45
2.52
3.06
2.94
3.28
3.20
2.98
3.34
3.47
3.31
3.02
3.31
3.49
3.20
3.01
3.94
4.33
4.62
4.76
4.58
4.56
3.88
3.91
3.67
4.09
4.20
3.08
3.24
3.71
3.61
3.02
3.25
3.53
3.53
3.51
3.72
4.16
4.90
5.41
6.44
6.49
5.89
6.02
6.26
4.91
4.06
4.12
4.60
4.26
3.73
2.53
2.78
2.98
2.86
2.89
2.88
3.06
3.27
3.96
3.84
4.40
5.38
5.44
5.90
8.34
8.24
6.62
5.84
4.02
4.01
3.75
3.75
3.32
3.63
3.38
3.29
2.97
2.99
3.27
3.14
3.38
3.41
2.62
2.98
5.99
6.28
7.33
6.44
6.16
5.34
4.90
4.98
4.02
4.19
4.47
4.01
3.95
4.02
3.58
3.80
3.60
3.48
3.26
2.55
2.50
2.52
2.43
2.70
3.55
4.45
5.27
4.74
5.00
5.09
5.09
4.29
3.85
3.55
3.92
3.46
2.90
3.21
3.27
3.74
3.68
3.80
3.11
1.34
1.91
2.70
2.76
2.88
3.07
2.95
3.81
4.47
3.77
3.77
4.03
3.84
3.82
3.33
4.31
4.71
4.73
4.44
3.82
3.58
2.85
2.83
2.83
3.32
3.39
3.25
2.60
3.06
2.96
3.87
4.79
4.07
4.58
5.09
5.31
4.19
3.58
3.52
3.32
3.38
3.47
2.95
2.86
2.90
3.28
3.38
2.92
3.10
3.38
3.41
3.52
3.05
3.03
3.78
3.80
4.17
4.96
4.12
4.09
4.19
4.04
3.25
2.78
2.80
2.98
2.96
2.98
3.01
2.94
2.59
2.81
3.02
3.04
3.22
3.21
3.06
3.67
3.95
4.30
5.85
5.94
6.11
5.69
4.91
4.58
4.33
4.52
4.17
4.68
4.14
3.49
3.28
3.60
3.58
3.05
3.53
3.65
3.68
3.98
6.32
5.10
5.74
5.40
5.82
6.14
6.03
5.39
5.13
5.03
4.63
4.51
4.29
3.75
3.73
3.32
3.22
3.43
3.36
3.84
3.74
3.64
3.64
3.69
3.82
6.19
5.00
9.01
8.63
8.11
6.96
6.02
6.21
4.57
5.22
5.16
4.43
4.48
4.08
3.07
3.24
3.03
3.18
3.15
3.19
3.32
3.13
2.83
3.57
3.49
4.33
4.99
6.10
4.39
4.38
4.59
4.56
4.58
4.61
4.52
4.11
3.77
3.92
3.73
3.79
3.71
3.53
3.61
3.75
3.82
3.68
3.65
3.94
4.02
4.09
4.37
5.84
6.54
6.63
5.80
4.77
4.34
4.16
3.62
3.92
3.59
3.16
3.52
3.76
3.34
3.57
3.74
3.29
3.48
3.42
3.63
3.70
3.79
4.24
4.33
5.23
5.41
5.18
4.95
4.58
4.40
3.96
4.00
4.25
3.93
3.59
4.04
3.68
3.87
3.57
4.13
3.47
3.73
4.16
4.03
3.78
3.81
3.85
4.18
5.16
4.56
5.13
4.95
4.83
4.47
4.32
3.75
3.83
3.88
4.11
4.07
4.01
4.11
3.83
3.47
3.51
3.87
3.93
4.12
4.25
4.39
5.46
5.93
5.39
6.21
6.03
4.98
4.88
4.79
4.85
4.60
4.38
4.49
3.79
2.75
2.61
2.61
2.63
2.66
2.84
3.12
3.32
3.55
4.08
4.69
5.84
6.92
6.20
5.95
5.74
5.67
4.67
3.46
2.93
2.93
3.16
2.67
3.28
2.61
2.93
2.38
2.52
2.66
2.36
2.42
2.66
2.69
3.59
5.70
5.35
6.50
6.16
5.39
5.91
6.11
7.03
6.36
5.72
4.00
4.40
4.23
3.48
2.92
3.22
3.03
3.51
2.55
2.12
2.41
2.40
2.77
2.48
3.33
5.08
6.96
6.85
6.23
6.19
6.49
5.44
4.36
4.37
3.76
3.93
2.92
2.73
3.51
3.49
3.89
4.09
3.75
2.79
2.88
2.72
2.73
3.36
3.47
3.77
4.29
5.29
4.98
5.75
5.41
5.50
4.09
3.48
3.22
2.74
2.77
2.74
2.79
2.89
2.76
2.45
2.68
3.09
3.53
3.42
3.60
2.94
2.91
3.90
4.70
4.33
4.34
5.02
4.52
4.08
3.38
2.94
2.68
2.79
2.74
2.63
3.01
2.72
2.78
2.67
2.54
2.84
2.82
3.28
3.32
3.31
3.67
3.55
3.46
3.67
3.57
3.79
4.33
3.78
3.61
3.39
2.78
2.83
2.82
2.95
3.00
2.93
2.76
2.57
2.78
2.48
3.01
2.86
3.02
2.35
2.69
3.11
4.47
4.26
4.00
4.18
3.78
4.02
3.40
3.12
3.07
3.31
3.17
2.52
2.40
2.79
2.34
2.45
2.54
2.95
3.28
2.45
2.51
2.13
2.63
3.84
4.20
3.54
3.68
3.83
4.19
4.18
3.73
3.39
2.94
2.94
3.01
2.60
2.63
2.72
2.45
2.18
2.77
2.96
3.30
3.44
2.22
2.20
2.28
3.07
3.65
3.75
4.36
4.39
4.39
4.14
3.94
3.72
3.94
3.26
2.83
2.63
2.49
2.69
2.63
2.43
2.43
2.42
2.41
2.57
2.71
2.83
2.89
3.03
2.96
3.70
4.67
3.77
4.48
4.06
3.91
3.68
3.95
3.48
2.46
2.52
2.40
2.74
2.38
2.35
3.12
3.54
3.55
3.01
2.71
3.18
2.69
3.50
4.25
4.66
4.47
4.08
4.54
4.64
3.36
3.49
3.05
3.28
3.42
3.55
3.57
2.78
2.64
3.18
2.87
3.05
3.11
3.25
2.74
2.55
3.39
4.17
3.97
4.12
4.30
4.31
4.23
4.20
2.53
1.98
2.29
2.36
2.32
2.33
2.64
2.26
2.77
2.39
2.13
2.32
2.58
2.50
2.91
1.85
2.08
2.61
2.68
3.70
4.26
4.28
4.19
4.29
3.87
4.03
3.88
3.93
3.91
3.81
3.69
2.90
3.07
3.16
2.61
2.16
2.61
2.04
2.18
2.35
3.50
3.93
4.28
4.25
4.27
4.98
4.01
4.71
4.57
3.88
4.27
4.05
4.12
3.98
4.02
2.74
2.17
2.46
2.20
2.64
2.11
2.47
2.88
3.80
4.64
5.31
6.05
5.51
5.26
5.30
4.81
5.31
4.29
4.16
4.02
3.96
2.71
3.19
1.89
1.98
2.06
2.15
2.38
2.28
2.35
2.39
2.84
3.13
4.82
4.44
5.05
5.36
5.48
5.00
4.77
5.43
5.33
4.83
4.88
4.77
4.98
8.44
8.31
8.21
8.04
8.30
7.76
8.62
8.54
8.49
8.39
8.28
9.14
10.44
9.96
10.50
10.65
10.18
10.39
9.77
10.01
9.66
9.62
9.49
9.37
9.72
9.63
9.97
9.94
9.80
9.79
9.48
8.79
9.14
9.14
6.91
6.77
8.86
9.41
9.04
10.15
10.76
10.52
10.10
9.77
9.61
9.14
9.05
8.97
9.39
9.04
9.34
8.49
8.58
8.49
8.69
8.47
8.40
8.42
8.57
8.76
10.02
10.44
10.94
11.18
11.26
11.45
11.23
10.77
10.82
10.66
10.51
9.92
9.75
9.81
9.94
8.81
8.70
8.73
9.01
9.27
9.26
9.49
9.22
8.78
9.42
9.20
9.10
9.63
11.10
11.61
11.85
10.94
9.86
9.12
9.01
9.37
9.07
8.81
9.16
8.73
8.90
8.89
8.72
8.64
8.67
8.68
8.92
9.72
11.02
11.67
12.72
13.51
12.14
12.37
12.17
10.73
11.03
10.40
10.82
10.72
9.62
8.40
8.16
8.65
8.51
8.84
8.08
8.30
8.24
8.72
9.14
10.26
11.07
11.98
12.74
13.06
13.81
13.20
12.53
10.54
10.32
9.73
9.58
9.03
8.61
8.09
8.57
8.67
8.49
8.77
8.93
8.18
8.54
8.17
8.88
10.19
10.85
11.53
12.02
11.21
8.93
9.43
8.86
7.97
8.48
8.50
8.09
7.60
6.10
5.43
5.00
5.34
5.34
5.34
4.93
5.26
5.01
5.65
5.44
6.51
7.23
8.54
8.13
7.05
7.69
7.37
7.25
6.77
7.93
8.06
6.64
5.76
5.28
5.67
5.71
5.59
5.69
5.72
5.83
5.58
5.51
6.00
6.54
6.64
6.45
7.37
8.61
8.41
7.64
7.97
6.98
6.64
6.36
6.34
6.54
5.97
6.09
5.78
5.88
6.08
5.95
6.28
5.88
6.07
5.26
6.11
6.03
6.07
5.92
7.06
7.71
7.88
8.95
8.73
7.31
6.96
7.20
6.61
5.34
5.35
4.80
5.23
5.26
5.10
5.17
5.24
5.31
4.77
5.32
5.22
5.87
5.90
5.85
6.22
7.50
7.87
8.10
6.65
7.69
7.17
6.63
5.50
5.56
5.49
5.29
4.81
5.25
5.46
5.51
5.32
5.05
5.29
4.78
5.48
5.26
5.20
6.65
7.28
7.32
7.86
7.88
7.63
7.80
8.01
7.16
6.96
7.19
7.18
6.47
5.46
5.09
5.38
5.36
5.41
5.65
5.22
5.08
5.06
4.91
6.02
7.07
7.87
8.80
8.78
7.94
8.32
7.38
7.12
6.61
6.54
7.04
6.52
5.68
5.87
5.95
5.25
5.43
5.79
5.61
5.29
5.37
5.20
5.73
6.24
7.51
8.85
8.37
9.23
9.87
9.39
8.58
8.14
7.69
7.43
7.94
6.72
6.41
6.71
5.59
5.15
5.43
5.48
5.52
5.19
5.44
5.29
5.33
5.79
7.53
8.67
9.81
9.74
9.82
9.75
8.69
7.29
7.48
6.86
6.36
5.60
5.45
4.10
2.98
5.12
4.86
5.31
5.16
4.91
5.30
4.80
5.15
5.88
6.63
6.78
7.86
8.80
8.48
8.49
8.35
6.87
5.54
5.64
5.68
5.28
5.21
5.13
5.08
5.10
5.12
5.14
5.14
4.98
5.33
5.72
5.98
6.32
6.17
7.11
7.29
7.30
7.51
7.86
7.30
5.91
5.53
5.34
5.47
5.15
5.04
4.92
5.29
5.11
5.11
5.08
4.76
5.33
5.40
5.12
4.86
5.13
5.51
5.60
6.03
6.26
6.54
6.63
6.83
6.61
6.28
6.14
6.10
5.89
6.11
5.93
5.98
5.44
5.63
5.73
5.77
5.75
5.35
5.69
5.82
5.76
6.21
7.03
7.67
8.48
8.67
8.74
9.43
8.46
8.42
8.70
8.37
7.87
7.74
6.82
6.66
6.21
5.76
5.46
5.25
5.63
5.61
5.44
5.35
6.43
7.66
8.95
8.69
9.34
10.27
9.99
9.86
8.35
8.00
7.48
6.91
6.05
6.17
5.59
5.65
5.59
5.62
5.59
5.41
5.14
5.35
5.48
5.83
6.91
8.06
7.80
7.94
7.89
9.18
9.79
9.29
8.90
9.28
8.65
8.13
7.41
8.01
8.26
7.24
6.14
5.64
5.41
5.71
5.23
5.38
5.71
6.62
7.08
10.28
12.59
13.48
14.07
12.19
11.84
12.33
11.31
10.67
10.60
9.96
9.17
8.21
7.89
7.83
7.50
7.40
7.36
7.13
7.21
7.12
7.21
6.88
7.84
8.60
8.37
9.42
10.58
11.14
11.61
11.91
10.56
8.23
7.94
7.93
8.00
7.81
7.82
8.12
7.60
7.41
7.90
7.52
7.38
7.27
7.27
7.57
8.15
9.02
9.46
9.68
10.57
10.77
11.37
9.37
8.94
8.83
8.19
7.90
7.79
7.87
7.41
7.35
7.79
7.57
7.34
7.23
7.36
7.61
7.52
7.28
7.72
8.43
8.64
8.59
9.82
10.82
11.06
10.09
10.63
8.97
8.28
8.42
7.81
7.86
8.08
7.86
7.41
7.20
7.42
7.46
7.12
7.18
7.15
7.30
9.04
10.27
10.82
12.83
13.16
13.81
14.13
14.68
16.16
14.89
12.75
12.43
11.54
10.52
9.04
8.50
8.30
8.12
7.99
7.81
7.78
7.56
7.98
10.32
12.80
14.03
13.33
13.17
15.63
13.86
14.91
12.24
11.47
10.11
9.80
9.52
8.17
7.43
7.68
6.71
6.22
6.42
5.81
5.78
5.67
5.68
5.75
6.09
7.29
8.46
9.94
10.41
10.19
10.11
9.68
9.26
8.22
7.47
6.04
5.50
5.47
5.32
4.19
4.19
4.06
3.88
3.71
4.05
3.95
3.83
3.72
4.08
5.05
6.36
6.86
4.26
8.76
7.60
7.02
6.17
5.42
5.76
5.16
4.67
4.12
3.82
4.10
4.16
3.81
3.90
3.93
4.03
4.11
3.91
4.69
4.84
4.79
6.47
6.34
7.18
8.16
8.95
9.52
10.84
10.92
10.07
10.11
10.29
10.67
11.09
10.31
8.84
8.96
9.07
9.22
8.34
8.94
8.88
8.68
9.11
9.18
10.35
10.27
10.78
11.25
11.56
10.89
10.47
10.18
9.87
9.55
9.54
9.17
8.73
9.15
8.93
9.00
8.66
8.74
8.26
8.76
8.20
9.11
8.72
9.26
9.31
9.99
11.36
12.16
11.79
12.85
12.68
12.28
11.68
11.45
10.43
10.41
10.26
10.69
10.14
9.30
9.44
9.22
9.57
8.81
8.62
8.55
6.70
8.62
12.09
12.66
14.84
13.39
15.25
15.51
14.77
15.03
14.42
14.98
14.83
14.64
14.28
12.80
11.73
10.89
10.76
10.47
10.43
10.49
9.58
7.84
7.48
9.13
9.88
11.52
10.49
11.34
12.83
11.39
8.10
7.20
7.27
7.05
6.98
5.99
6.35
6.33
5.91
5.95
6.14
6.01
6.29
5.89
5.88
6.35
6.59
7.24
8.02
8.73
9.21
9.70
10.05
10.87
10.30
8.83
9.99
9.16
8.53
9.72
9.02
8.14
7.41
5.64
6.07
6.09
6.40
5.87
6.07
6.05
7.06
8.23
9.24
11.12
13.33
13.22
13.84
14.56
15.82
14.15
12.33
11.07
10.20
9.81
8.46
8.36
8.18
8.12
7.57
7.63
7.79
7.70
7.26
7.77
8.23
9.13
9.79
10.81
14.75
15.61
17.23
18.05
17.35
16.98
16.04
11.64
11.24
10.75
10.54
10.38
9.74
9.61
9.27
9.61
9.52
8.87
8.61
8.95
9.87
10.43
11.84
13.04
13.81
16.00
16.81
15.10
16.34
13.35
11.40
10.34
9.47
10.38
9.87
9.31
9.53
9.06
9.22
8.70
8.96
8.50
8.49
8.86
9.43
9.67
10.01
11.25
12.01
12.43
13.34
13.64
12.97
13.38
11.78
11.32
10.86
9.76
9.48
9.57
8.07
8.26
8.74
8.47
8.06
8.36
8.29
8.24
8.11
10.26
12.37
13.43
14.13
14.89
14.32
14.96
14.52
14.37
13.90
12.81
12.77
12.79
12.43
10.94
10.17
9.41
9.19
9.93
9.64
9.42
9.14
9.51
10.86
12.97
14.35
15.97
16.99
16.16
15.20
14.78
14.89
14.48
12.50
12.42
12.00
11.46
11.15
10.88
10.02
8.92
8.81
8.36
7.85
8.52
8.61
8.64
9.63
10.97
12.42
14.65
16.12
16.43
16.96
18.02
16.86
17.70
15.38
15.21
14.84
13.81
14.66
12.29
11.38
9.86
9.92
9.62
9.10
8.73
9.07
9.59
11.83
12.95
14.74
14.93
15.91
16.75
18.78
17.16
18.37
15.31
16.02
13.83
14.07
12.38
11.17
10.36
10.56
10.24
10.65
9.78
9.56
10.03
9.43
9.73
11.25
12.15
13.08
15.18
16.08
17.20
17.61
20.28
19.66
20.46
19.06
16.91
15.39
13.12
13.60
12.39
13.27
11.67
12.36
11.20
11.80
11.25
11.09
10.73
11.69
12.87
14.23
17.18
16.52
17.30
19.24
18.08
19.05
18.61
17.41
17.16
14.57
15.21
13.71
13.97
13.02
13.46
12.43
12.06
9.48
9.49
9.65
9.74
10.71
11.74
12.35
13.59
14.96
16.33
17.29
18.34
18.07
17.77
16.54
16.39
14.95
16.23
15.59
15.43
16.15
11.64
12.04
11.24
10.78
9.77
10.33
10.65
11.32
10.39
11.55
13.29
11.90
10.81
11.30
11.96
12.58
11.00
12.72
13.33
12.93
11.23
9.07
7.89
5.78
5.53
5.85
5.61
5.15
5.67
5.32
5.11
6.74
6.58
7.53
9.77
9.70
11.36
10.87
11.65
10.24
8.96
9.47
7.76
7.72
7.33
7.30
7.17
6.52
6.48
6.31
5.69
5.52
5.61
5.75
5.84
6.39
6.99
7.65
8.40
9.19
8.63
8.64
9.54
9.73
9.55
9.64
7.92
7.18
7.51
6.55
6.29
6.08
6.15
5.63
5.14
5.32
5.09
5.25
5.42
6.43
7.28
8.21
7.84
8.04
8.38
9.45
8.37
8.59
9.07
8.06
7.00
6.66
7.28
6.48
6.05
5.52
6.32
5.24
5.00
5.06
4.99
4.91
5.37
6.48
7.34
7.66
7.88
8.90
9.79
9.04
9.58
10.15
9.47
9.43
7.62
7.89
7.15
6.23
6.81
6.18
5.96
6.28
5.33
5.03
5.38
4.43
5.45
6.87
7.06
7.63
9.10
8.40
9.08
9.91
10.15
10.73
10.04
10.24
8.67
8.56
7.94
7.29
6.52
7.18
6.36
6.24
6.12
5.66
5.43
5.08
6.20
7.11
8.28
8.06
9.10
8.64
9.75
10.43
9.94
10.85
9.62
9.57
9.53
7.94
8.03
8.53
6.38
6.88
6.15
5.77
6.16
5.43
4.97
5.12
5.22
6.45
6.75
7.59
8.28
8.64
8.09
9.06
9.60
9.34
9.25
8.23
8.22
6.87
7.34
6.95
5.79
5.54
5.32
5.57
4.80
5.52
5.04
5.05
4.68
4.89
4.86
6.15
6.01
6.08
7.15
7.20
6.68
7.45
7.08
6.92
6.40
6.05
5.87
5.28
6.00
4.83
5.04
4.69
5.01
5.01
5.38
4.79
4.77
4.68
5.43
6.35
6.21
6.74
7.47
8.41
8.50
7.65
6.87
5.40
5.57
5.73
5.44
5.38
4.97
4.87
5.18
5.31
4.78
4.83
4.55
4.50
4.99
5.44
6.93
6.90
7.38
7.85
8.60
9.05
8.72
8.50
7.72
8.70
6.40
6.53
6.03
6.21
5.58
5.07
5.49
5.36
5.26
5.10
4.66
4.84
5.18
6.07
3.69
6.51
6.42
7.06
7.41
7.65
8.66
7.39
7.85
7.24
6.00
6.56
5.60
5.95
5.94
5.54
5.09
5.06
4.96
5.15
4.73
5.28
4.59
5.90
5.82
6.76
6.93
7.06
7.48
7.58
7.75
8.84
7.99
6.76
7.30
6.12
6.27
6.69
5.75
5.52
4.98
4.82
5.20
5.16
5.22
5.12
4.90
5.40
6.52
6.53
6.74
7.47
7.65
8.31
6.96
6.88
7.05
6.82
6.18
6.20
5.96
5.26
5.09
5.08
5.10
5.16
4.83
5.00
4.71
5.17
5.22
6.02
6.33
6.48
7.20
7.90
8.72
8.18
9.65
9.02
9.08
8.70
8.16
8.06
7.17
7.61
6.36
6.66
6.58
6.25
5.44
5.92
5.21
5.74
6.27
7.08
8.80
8.32
8.56
9.68
10.26
10.34
11.12
11.81
11.44
11.11
10.16
8.79
9.06
7.76
9.19
7.62
8.14
7.46
7.39
6.79
6.80
6.08
7.21
8.90
8.69
10.44
11.37
11.49
11.51
12.71
12.16
12.68
11.97
11.16
10.85
11.04
9.29
9.13
7.88
8.42
7.08
7.49
6.80
6.95
6.49
6.58
7.09
7.32
8.49
8.48
9.13
10.95
10.58
11.52
11.84
11.01
11.04
9.77
9.64
9.00
8.40
8.40
7.61
7.05
6.13
5.24
6.05
4.94
5.26
5.01
5.62
5.47
6.23
6.75
6.63
6.90
7.51
8.25
8.29
7.85
8.18
7.25
6.45
6.13
6.43
5.71
5.78
4.89
5.11
5.01
5.37
4.66
4.74
4.75
5.39
5.83
7.03
6.33
7.14
7.01
7.98
7.81
8.75
8.30
8.09
7.98
6.96
6.66
6.68
6.19
5.59
5.79
5.77
6.01
5.54
4.92
4.92
4.98
5.39
5.86
6.58
6.58
7.02
7.31
7.48
7.52
7.20
7.89
7.05
6.37
6.45
6.09
6.16
5.56
5.78
5.31
5.21
5.15
4.94
4.62
5.43
4.75
4.78
5.11
5.67
5.52
5.69
6.30
6.20
6.35
7.06
5.94
5.79
5.24
5.20
5.49
4.78
4.52
4.79
4.59
4.96
4.55
4.56
4.30
4.24
4.60
4.66
5.10
5.27
5.63
5.25
5.82
6.11
6.15
6.91
7.40
6.38
6.62
5.45
4.83
4.98
4.81
5.31
5.67
5.72
4.83
4.70
4.35
4.63
4.55
4.92
5.15
5.20
4.99
5.47
5.90
5.78
6.01
5.74
5.91
4.98
5.25
4.96
4.92
4.39
4.80
4.43
4.45
4.64
4.60
4.52
4.38
4.08
4.52
4.38
4.77
4.60
4.86
4.63
5.48
5.71
5.23
5.19
5.80
6.06
5.20
4.50
4.56
4.54
4.64
4.45
4.11
4.36
4.26
4.22
4.36
3.93
4.19
4.39
4.46
5.24
5.53
5.42
5.61
5.98
5.97
6.14
7.58
6.87
6.58
5.35
5.29
4.61
4.98
4.94
4.50
4.49
4.12
4.16
3.92
4.60
4.38
4.78
4.80
5.73
5.72
6.21
6.20
6.80
7.28
7.23
8.00
7.62
7.35
5.98
6.09
6.29
5.30
5.43
5.00
4.74
4.86
4.70
4.05
4.47
4.29
5.25
5.64
6.34
5.93
6.22
6.21
7.46
6.70
7.28
7.85
7.24
6.20
6.68
5.66
5.40
6.25
5.24
4.88
5.18
4.55
4.47
4.44
4.74
4.61
4.19
4.84
4.89
5.27
5.82
5.71
6.06
6.07
6.36
6.73
5.91
5.98
4.85
4.90
4.93
4.65
4.81
4.56
4.09
4.45
4.09
4.36
4.38
4.25
4.46
4.85
4.85
5.59
5.87
6.27
6.56
6.76
7.35
6.47
6.75
6.79
5.70
5.26
5.30
4.99
5.12
4.51
4.81
4.44
4.47
4.09
4.26
4.25
5.18
5.58
6.36
6.21
6.26
7.52
7.04
7.45
8.67
8.02
8.05
8.21
7.04
6.49
5.57
6.11
5.58
4.95
5.20
5.84
4.81
5.03
4.78
4.98
5.61
6.27
6.85
7.60
8.45
7.58
9.45
8.95
9.34
10.68
10.86
8.80
9.02
8.14
7.48
7.12
7.08
7.14
6.48
6.02
6.23
5.51
5.48
5.46
6.64
6.96
7.87
8.76
9.28
10.36
9.13
11.04
10.70
11.09
11.48
10.90
10.77
9.14
8.98
8.29
7.42
7.68
6.99
6.77
5.53
6.47
5.80
5.80
7.35
7.63
8.35
8.63
8.86
10.82
10.78
12.39
11.64
10.81
11.17
10.57
9.39
9.35
8.37
7.71
8.08
7.15
7.06
7.33
5.83
6.47
5.84
6.51
6.86
8.44
7.81
8.86
9.57
9.66
9.15
10.38
11.37
10.95
10.74
11.30
9.45
8.94
8.92
7.91
8.13
7.01
7.44
7.31
6.43
6.35
6.37
6.73
7.28
7.64
9.48
8.68
10.18
9.42
9.22
10.63
11.35
11.53
11.51
10.43
10.32
10.25
7.74
9.46
8.12
7.73
7.50
6.67
6.81
6.36
5.51
6.82
6.75
7.84
8.54
8.92
8.82
10.42
10.86
11.40
12.27
11.84
11.80
11.03
10.05
10.24
8.70
8.52
9.03
6.73
8.17
7.58
6.67
7.00
5.70
6.68
7.14
7.87
9.49
10.17
9.25
11.53
10.92
12.55
12.95
12.50
13.10
12.65
11.41
10.28
10.04
9.24
9.99
8.91
8.64
7.93
7.27
6.87
7.20
6.70
8.46
7.81
10.24
9.53
10.28
12.17
11.71
12.44
13.90
13.18
13.79
13.17
12.04
11.50
11.13
10.08
9.93
10.07
8.83
8.29
8.35
7.41
7.46
7.03
8.11
8.98
9.92
10.70
11.18
12.85
12.57
14.24
15.84
15.87
14.78
15.47
12.16
11.15
10.94
9.53
9.55
8.82
7.66
7.47
7.18
6.32
6.63
6.71
7.64
8.11
8.51
9.11
10.27
10.37
11.71
11.14
12.33
12.89
11.53
12.49
10.92
9.84
9.73
9.19
8.06
8.29
8.76
7.23
8.12
6.18
7.02
6.60
8.37
8.17
9.32
10.02
11.21
12.40
12.58
15.13
13.59
14.72
14.37
12.20
12.66
11.93
10.43
11.06
9.85
9.35
8.70
9.23
8.12
8.35
7.67
7.47
10.19
9.95
11.24
11.73
12.72
15.26
15.63
16.86
17.18
15.05
16.09
15.73
15.64
13.95
13.93
12.38
12.12
11.61
9.83
10.34
10.35
9.58
9.50
9.67
10.98
11.21
12.24
13.73
13.02
17.09
16.71
16.28
17.44
16.16
17.42
15.46
14.66
14.11
11.78
11.88
10.85
9.32
10.18
9.48
9.06
9.30
9.05
8.06
10.04
9.57
11.08
12.39
13.44
15.16
16.05
16.93
19.01
17.63
17.82
15.85
15.66
13.11
13.50
12.57
11.71
11.62
11.31
10.05
9.76
10.35
9.26
9.52
9.96
9.73
12.36
12.94
13.09
15.03
14.27
16.93
16.88
16.35
16.49
14.54
14.68
13.29
12.85
12.29
10.38
10.34
9.83
9.27
8.38
9.15
7.61
8.48
9.05
11.06
10.14
11.00
12.43
11.70
14.73
13.61
14.46
15.29
14.80
14.78
13.02
11.81
12.03
10.15
9.31
9.14
9.85
7.86
8.63
7.42
7.64
7.46
8.24
9.28
10.33
10.38
12.22
11.41
12.30
14.54
13.94
15.61
14.25
14.54
12.93
11.90
11.08
11.07
10.31
9.83
10.14
8.93
8.57
8.56
7.68
7.61
9.15
8.53
10.97
10.91
12.45
12.74
12.84
14.67
14.87
14.42
15.85
14.91
13.57
12.15
12.12
11.40
11.84
9.90
10.21
9.29
8.66
8.79
9.05
8.21
9.17
9.90
10.59
12.05
11.13
12.25
14.09
13.21
15.80
15.51
14.83
15.10
12.91
13.59
11.50
12.32
11.72
10.38
9.22
8.97
8.62
7.47
8.08
7.97
8.77
9.57
10.09
10.58
11.70
12.85
13.06
13.63
14.44
14.42
14.03
15.13
12.31
11.74
11.88
9.99
10.17
9.82
8.35
8.55
7.89
7.16
7.70
7.26
8.72
8.56
9.28
10.06
10.70
12.66
11.87
14.05
14.11
14.86
14.79
13.16
13.59
11.58
10.35
10.21
10.08
8.63
9.05
7.78
7.90
7.72
6.98
7.79
7.48
9.10
9.19
10.55
11.16
12.22
12.91
12.39
14.78
14.82
14.32
14.22
12.22
13.11
10.92
10.22
10.14
8.20
8.36
7.73
7.76
7.64
7.08
7.63
7.71
8.98
9.27
10.82
10.79
12.93
12.41
13.65
15.23
13.34
14.30
14.75
12.77
12.76
10.75
10.62
10.65
8.57
9.38
8.43
8.11
7.78
7.39
7.01
9.31
8.42
10.34
10.09
10.80
11.64
10.94
14.21
12.41
12.91
13.80
12.66
11.50
10.30
9.66
10.11
8.23
10.05
8.67
8.69
7.95
7.33
6.85
7.28
7.94
8.51
9.21
10.10
10.33
12.99
12.54
14.19
14.27
14.86
13.63
13.78
13.21
11.15
11.03
10.14
9.87
9.73
9.13
8.73
7.98
7.83
7.76
7.97
8.79
10.14
9.83
13.55
13.53
15.67
15.34
17.27
17.04
17.56
16.89
17.38
15.69
13.98
13.46
12.08
11.47
11.78
10.75
10.88
10.17
9.70
10.00
9.49
11.21
10.33
13.18
13.63
14.97
14.81
16.38
18.19
18.05
18.45
17.45
18.45
15.63
15.87
14.41
13.11
13.23
12.20
10.80
11.46
10.15
11.17
10.96
9.95
11.70
12.30
12.73
14.51
14.51
15.96
17.53
17.28
18.89
18.92
19.50
17.98
17.95
16.63
14.91
14.58
12.99
12.66
12.68
11.63
11.51
11.46
10.83
12.27
12.11
13.58
14.00
14.93
16.35
16.81
17.16
17.27
17.14
17.99
17.63
18.23
16.39
15.74
15.04
12.85
13.10
11.93
12.70
12.30
11.17
12.23
10.67
10.74
10.35
9.19
14.22
12.50
16.55
14.73
19.85
21.81
19.47
22.05
20.97
19.62
18.74
18.16
15.88
17.72
14.67
14.54
13.97
12.79
12.81
13.29
12.04
12.05
13.51
13.98
16.36
17.40
19.36
18.58
21.05
21.60
22.39
22.00
23.91
22.33
20.51
18.55
17.95
18.32
17.26
17.29
16.77
15.47
15.61
13.85
13.61
13.14
15.30
17.37
17.66
20.02
20.67
21.32
23.62
25.84
25.12
25.89
25.84
24.63
23.57
20.56
23.35
21.75
21.22
20.48
19.91
18.70
18.33
17.09
17.66
16.35
17.78
20.16
19.91
21.62
22.90
23.67
24.78
26.20
26.22
27.24
26.17
24.46
23.46
20.98
20.46
19.71
19.63
17.27
18.38
16.53
15.80
15.58
15.69
13.82
15.75
18.34
19.21
20.88
20.12
21.78
23.95
24.36
23.25
25.89
24.87
24.50
22.44
21.96
19.70
20.43
18.01
16.77
17.44
16.43
15.94
16.00
15.60
15.12
17.31
16.88
18.10
19.76
21.21
22.16
23.37
23.97
25.16
24.84
24.36
23.30
23.76
21.71
21.65
19.18
17.27
17.53
16.42
15.63
15.12
15.26
14.11
15.35
15.92
17.06
18.28
17.82
20.12
19.89
21.59
22.85
23.42
24.04
22.34
23.24
20.17
21.37
19.43
18.66
18.36
17.29
17.08
15.08
15.03
15.11
15.04
14.25
16.08
16.96
17.06
19.17
19.08
22.24
22.20
22.94
23.49
22.62
23.61
23.28
22.68
20.57
19.95
20.01
19.20
19.40
18.34
17.95
17.46
16.10
14.84
16.71
18.06
17.76
20.12
19.72
20.76
20.95
21.98
22.60
23.32
24.25
23.24
23.38
22.29
22.57
19.31
20.07
20.12
19.11
18.91
18.89
17.92
17.12
17.56
16.86
17.84
19.67
20.51
21.30
22.88
22.74
25.06
22.45
23.17
24.55
23.87
21.79
21.19
20.99
18.63
18.52
15.81
15.66
16.16
15.32
14.47
15.11
13.80
13.61
14.48
16.16
17.62
17.86
19.29
19.56
22.59
20.06
18.70
19.67
18.03
18.00
16.30
16.77
15.60
13.63
13.93
12.72
11.05
12.50
12.06
12.67
10.59
10.60
12.10
12.03
14.10
14.44
16.33
17.96
17.07
19.42
18.49
19.80
18.92
19.87
17.63
17.32
16.05
14.65
14.80
13.09
13.47
12.87
14.27
13.38
12.63
11.59
12.64
14.51
15.28
16.52
17.76
19.24
20.62
21.52
23.22
23.05
23.31
22.56
20.29
20.18
19.20
18.80
16.97
17.76
16.82
15.45
16.54
15.38
15.60
16.03
14.82
15.22
17.97
19.16
18.91
21.22
24.84
23.47
24.03
23.35
21.88
21.64
20.51
19.32
20.35
18.53
18.47
17.82
18.20
17.15
17.02
17.39
16.10
15.13
15.90
16.92
19.25
20.46
21.06
22.89
24.07
24.26
24.06
22.80
22.96
21.58
21.11
20.59
19.27
19.22
18.70
18.76
18.63
17.38
17.73
15.24
15.36
16.03
15.73
18.03
20.15
19.82
20.27
21.07
23.84
22.79
23.57
24.21
23.68
22.00
21.63
21.04
18.24
20.11
19.41
18.98
18.23
16.57
17.42
16.05
16.21
16.17
17.89
18.81
20.20
21.13
21.00
22.74
23.02
23.08
23.76
24.55
24.02
22.51
21.14
20.44
19.73
19.36
18.88
17.78
17.50
16.52
16.22
16.16
15.62
14.92
17.41
18.09
20.43
20.71
22.26
22.50
26.15
27.69
27.07
27.52
27.92
27.40
25.46
24.09
22.36
21.75
21.73
21.50
20.19
19.48
19.79
17.48
16.70
17.15
17.76
16.92
18.93
20.75
22.65
23.65
24.51
25.24
25.18
24.99
25.62
24.32
22.87
22.63
20.63
21.25
20.68
19.33
20.16
18.70
16.96
16.28
14.89
15.74
16.07
15.82
19.28
19.61
21.18
20.22
21.80
20.59
21.81
20.93
20.41
19.09
18.03
17.34
17.85
16.50
16.00
15.99
15.01
14.47
13.26
12.93
12.96
12.04
13.26
7.55
15.14
16.52
17.90
18.15
19.77
20.03
20.08
19.83
20.92
19.23
19.00
18.17
17.85
15.57
15.29
15.43
14.46
13.81
13.87
13.67
12.47
12.77
14.01
14.93
15.99
15.77
18.51
17.86
20.75
19.37
20.55
20.57
19.62
18.51
17.41
17.15
15.67
15.47
14.41
14.32
14.10
12.82
13.20
12.17
10.77
11.46
12.59
13.39
15.86
16.65
17.03
18.97
18.64
20.04
19.48
21.38
19.44
19.76
17.88
18.00
16.05
16.22
14.53
14.45
15.43
13.54
14.00
13.78
12.31
12.23
13.21
14.59
15.81
17.96
17.83
19.42
18.63
20.58
19.24
21.98
20.51
20.25
19.69
18.49
18.48
16.90
17.32
16.61
16.83
16.26
15.67
14.64
14.58
13.36
13.46
16.18
15.25
17.38
17.31
18.18
20.41
18.04
19.52
18.38
19.65
18.31
18.71
16.67
15.03
13.47
11.73
11.29
11.78
11.26
11.72
12.26
10.43
11.92
11.36
11.70
13.77
15.36
17.26
18.21
19.13
19.50
20.04
20.09
19.25
18.30
17.56
16.51
16.25
16.68
14.84
16.84
15.12
14.20
12.65
13.03
11.51
11.19
11.75
13.40
12.90
14.81
16.18
16.13
18.63
17.70
19.70
18.41
18.55
17.22
16.78
15.57
14.76
15.95
13.86
13.96
13.49
13.13
13.18
13.23
12.63
13.06
13.22
15.57
15.65
17.23
19.59
18.66
20.68
20.96
22.08
21.22
21.20
20.92
19.33
20.00
17.88
19.06
18.06
17.50
18.23
16.59
16.14
15.11
15.01
14.73
14.60
17.28
17.77
18.94
20.20
20.54
21.08
21.46
22.71
23.85
22.38
22.10
21.15
19.64
19.74
18.39
19.02
17.50
18.05
17.47
16.83
16.86
15.52
15.85
15.91
17.32
19.19
19.94
21.71
22.23
22.88
23.82
24.29
23.47
23.87
23.52
20.86
22.06
20.66
19.64
19.07
18.82
17.79
18.49
17.10
16.41
15.40
14.95
16.54
17.30
18.25
19.47
20.60
21.69
23.30
23.92
23.69
24.19
23.29
23.19
22.04
21.48
20.88
19.27
19.64
19.40
19.71
16.53
17.28
16.84
15.42
16.46
15.94
16.54
17.35
18.76
21.36
21.17
23.14
23.48
24.86
24.41
23.13
23.29
21.85
20.43
19.44
17.97
18.59
17.58
17.26
17.01
15.26
16.01
15.34
14.42
16.05
16.24
18.27
19.61
19.45
21.78
21.78
22.85
23.92
22.65
20.02
15.22
15.79
14.61
14.16
13.09
11.27
11.23
11.06
11.75
10.85
11.26
10.69
11.29
11.18
11.85
12.39
13.37
14.96
15.69
15.82
16.09
15.93
16.84
15.72
14.10
14.13
13.83
13.35
13.42
11.94
12.05
11.77
11.28
11.97
11.10
10.49
11.07
11.49
14.41
14.38
16.01
16.70
16.87
18.11
19.93
19.39
18.88
18.03
17.75
16.76
16.45
16.16
14.42
14.68
14.14
14.16
12.58
13.32
13.55
12.45
13.28
12.91
15.95
16.34
18.37
19.64
20.07
21.25
21.47
22.59
22.82
20.99
19.69
18.77
17.52
17.20
17.36
16.53
15.85
14.93
14.84
13.99
13.64
14.11
12.95
14.63
15.75
16.98
19.18
19.91
20.70
21.44
23.16
22.91
22.37
21.60
21.51
20.10
19.24
16.65
14.82
13.79
13.67
13.64
12.87
12.88
12.51
11.97
11.65
13.58
14.01
16.75
17.84
18.64
19.45
20.46
21.16
21.74
22.36
21.34
20.48
19.57
17.76
17.17
17.90
15.79
15.55
15.89
15.46
13.76
14.17
14.04
13.02
15.98
15.57
17.47
19.51
19.96
21.74
23.24
23.68
24.14
25.22
22.35
21.00
20.12
19.02
17.62
16.93
16.04
15.51
14.36
14.68
14.29
14.04
14.55
14.23
13.64
14.06
15.24
14.94
14.62
15.66
15.58
16.64
18.96
18.70
18.81
17.45
17.28
15.83
15.01
15.79
15.36
13.93
14.73
13.23
12.90
13.36
13.04
13.46
13.71
14.72
17.08
19.32
18.82
18.90
19.38
20.12
20.78
19.99
19.67
17.99
16.63
15.68
15.37
15.11
14.91
13.97
13.97
12.73
13.35
12.05
12.66
12.23
12.60
15.02
16.37
17.11
18.60
19.31
20.31
21.81
22.39
21.76
20.75
20.21
18.83
17.96
17.87
16.66
16.47
14.57
14.54
15.55
14.85
14.48
14.65
13.21
14.73
14.83
14.96
15.64
15.95
18.11
18.01
18.39
17.99
18.83
17.24
16.55
15.49
15.27
13.93
13.81
13.29
13.08
12.89
12.51
12.00
12.22
11.72
11.67
12.21
14.96
15.73
16.00
16.79
17.91
18.22
19.38
19.45
18.39
17.73
15.46
14.07
13.84
13.26
12.29
12.45
12.66
12.51
11.26
11.67
10.79
11.23
10.44
12.35
12.68
14.17
14.70
15.75
17.31
17.66
17.78
19.08
18.66
17.62
16.82
16.59
15.73
14.22
13.31
14.55
14.41
13.38
13.78
13.11
12.25
11.79
11.15
13.15
13.56
16.41
18.29
19.38
20.16
20.13
21.46
22.16
22.10
20.01
19.49
18.46
17.65
15.63
13.98
14.30
14.16
13.46
13.28
12.20
12.00
11.51
11.26
12.41
13.92
15.46
16.81
18.18
19.69
20.00
21.20
21.71
22.15
20.92
19.89
19.44
17.96
16.68
15.47
15.24
15.24
14.36
13.35
13.21
12.40
11.23
11.52
12.75
14.24
15.74
17.48
18.96
20.49
21.41
22.85
22.92
22.80
21.91
21.23
19.66
17.96
17.94
17.59
15.94
15.20
14.19
13.79
13.61
12.89
12.09
12.03
13.30
15.48
17.15
19.20
20.20
21.57
22.62
23.91
24.01
23.99
22.63
22.10
20.78
18.35
17.36
17.34
17.28
16.58
16.41
15.26
14.68
14.05
13.58
13.63
14.28
15.34
16.84
18.02
19.28
20.48
21.16
23.42
22.69
22.01
22.12
21.10
19.83
17.67
16.57
16.61
16.88
16.35
15.75
15.24
13.90
13.74
12.83
13.22
13.98
15.62
16.84
17.57
18.39
22.63
22.97
20.71
21.52
21.44
21.32
20.59
18.68
18.09
17.64
16.84
16.04
15.07
14.38
13.39
12.94
13.01
12.49
11.85
12.92
14.62
15.16
15.43
17.08
18.23
19.58
19.81
19.81
18.91
18.97
17.31
16.96
15.88
15.19
14.41
14.33
13.95
13.61
12.65
12.33
11.64
11.59
11.42
11.90
13.75
14.40
16.54
18.35
21.43
21.17
21.70
21.91
21.59
20.49
20.10
18.44
16.98
15.80
14.94
14.63
14.23
14.01
13.46
12.90
12.45
12.40
12.33
12.66
14.30
15.49
17.38
18.97
20.40
22.08
23.28
23.87
24.02
23.50
22.52
21.01
18.88
17.88
16.51
16.96
16.82
16.36
15.04
14.14
13.79
12.93
12.22
13.73
15.47
17.60
19.88
21.31
22.86
24.11
27.77
27.63
26.98
23.26
22.03
20.31
19.52
18.84
18.47
16.70
15.48
15.08
14.48
13.69
13.19
12.26
12.13
13.69
16.60
18.46
22.49
25.51
26.59
29.09
31.10
30.48
30.00
27.94
26.44
23.47
23.79
23.11
20.40
18.54
17.36
17.27
15.31
14.51
14.18
13.59
13.01
13.55
16.26
17.41
19.79
21.81
22.32
24.95
23.88
24.42
24.56
24.01
23.07
22.00
20.80
20.36
20.12
19.77
19.40
19.34
18.24
17.86
18.23
17.52
16.30
17.22
17.19
18.83
19.65
19.28
20.21
21.51
21.79
22.92
23.35
22.39
21.15
20.07
19.90
19.15
18.84
18.83
18.37
17.74
17.18
16.89
15.74
15.54
15.55
16.55
17.39
18.17
19.64
20.42
22.10
23.32
24.00
22.21
22.81
21.77
21.06
19.77
19.63
18.73
18.56
18.32
17.98
17.72
17.43
17.68
16.61
16.16
15.28
16.98
18.64
21.23
21.63
25.39
26.36
28.94
30.72
30.19
28.07
24.71
24.10
21.99
21.02
18.65
18.51
18.63
19.01
18.02
17.61
16.90
16.33
16.21
15.43
17.28
19.47
23.80
27.11
27.00
29.91
31.38
32.23
31.55
29.78
27.34
24.99
23.39
21.33
20.11
19.40
20.25
20.42
18.94
18.63
17.95
16.52
16.09
15.76
16.87
18.52
20.93
23.83
26.47
27.46
31.18
32.53
32.05
31.38
28.47
27.52
26.58
23.52
22.89
19.06
17.98
17.75
17.76
16.75
16.40
15.43
16.05
15.85
17.05
18.24
20.40
19.94
21.86
23.72
25.31
25.52
26.35
27.59
25.20
22.06
20.56
19.78
18.35
17.73
16.72
15.68
15.37
14.70
14.81
14.57
14.33
13.84
15.43
15.56
19.71
20.67
22.68
24.70
26.55
29.78
27.85
26.97
26.33
26.84
24.63
22.41
19.19
19.27
18.69
18.37
18.45
15.49
16.66
16.41
15.61
16.19
16.70
17.53
18.59
19.99
21.40
22.26
22.81
23.88
24.59
23.57
23.52
22.62
20.40
19.20
19.01
19.11
18.38
18.09
17.28
16.42
16.70
16.43
15.66
16.51
16.45
17.88
18.59
20.09
21.33
22.28
23.79
24.09
24.80
24.55
21.51
18.87
18.88
19.27
17.86
17.23
16.56
17.04
15.44
15.68
16.06
15.35
15.02
14.59
15.25
16.82
17.61
19.68
19.90
21.73
22.46
23.44
23.81
23.70
22.61
21.92
20.92
20.73
20.18
19.20
18.90
19.07
18.02
17.66
16.66
15.91
15.67
13.97
18.38
20.97
25.59
27.01
28.14
30.34
30.27
29.23
31.08
30.76
28.56
27.88
25.69
21.72
20.87
19.12
18.02
18.26
17.74
17.29
15.65
15.39
14.66
15.19
15.83
19.52
25.03
25.40
28.56
30.64
32.49
32.82
33.65
31.92
27.59
24.64
23.94
23.24
21.25
21.04
20.84
20.69
19.69
19.79
19.47
16.93
17.96
17.88
18.85
22.36
23.59
26.09
26.42
28.62
30.67
30.52
31.21
28.91
26.91
25.53
22.40
22.52
21.13
19.21
19.22
19.25
17.80
17.84
17.73
16.33
16.15
15.92
15.54
17.10
17.58
21.81
21.82
24.10
24.91
25.94
25.84
25.91
24.73
21.87
21.34
19.38
18.85
18.77
18.29
17.01
17.74
17.21
16.58
17.29
17.03
15.88
16.91
16.06
18.77
21.83
22.19
24.05
25.78
27.68
26.87
25.61
22.11
20.44
18.99
18.27
17.90
16.80
16.29
16.39
15.72
14.78
13.77
14.66
14.21
14.05
14.21
15.06
16.77
17.76
18.07
19.03
20.38
20.73
20.60
21.31
20.97
19.59
18.68
18.26
17.43
17.42
15.82
15.54
15.09
14.51
13.30
13.17
12.67
12.83
13.63
14.76
15.63
18.86
22.82
22.31
23.56
24.36
24.59
25.30
25.04
22.75
21.31
21.71
19.54
18.35
16.64
16.63
15.30
14.19
14.99
15.18
14.31
14.61
15.31
18.83
22.25
22.96
23.55
24.38
24.55
26.63
27.13
25.49
23.78
22.61
20.10
17.93
16.69
17.04
16.69
15.37
14.84
13.92
13.70
13.42
13.66
13.46
13.75
14.91
17.63
19.77
21.97
21.76
22.38
23.33
23.51
23.83
22.44
19.13
19.25
17.87
17.81
16.47
15.97
14.83
15.14
14.63
15.04
13.85
13.61
13.28
15.38
17.60
19.91
21.87
22.19
24.96
24.82
26.54
26.67
26.16
22.76
21.07
19.83
19.48
17.22
17.08
16.51
15.47
14.48
14.13
13.61
13.14
13.24
13.38
13.73
14.58
17.63
18.81
21.46
23.46
25.87
27.26
26.04
25.58
24.43
21.12
20.98
20.02
18.61
18.35
17.06
16.59
16.36
15.57
16.30
15.74
15.53
16.53
16.00
15.76
17.91
19.14
19.39
21.98
24.93
26.22
27.34
27.02
19.00
17.29
16.61
15.59
15.85
15.42
15.37
15.05
13.65
13.40
14.09
12.89
13.32
13.41
13.52
14.35
15.54
16.97
18.12
18.64
20.22
19.83
20.53
20.23
18.03
17.76
16.46
16.62
16.42
15.33
16.17
14.78
14.78
14.11
14.12
13.71
13.29
14.34
13.46
16.26
17.05
18.71
18.36
18.44
22.27
26.73
24.76
24.35
23.86
22.39
18.82
18.88
17.17
16.13
15.73
15.46
14.68
13.22
13.78
13.95
13.49
13.42
14.59
16.80
18.76
20.16
21.35
23.96
24.24
25.18
26.52
25.55
21.51
19.48
18.13
16.02
14.47
13.70
13.90
12.94
12.58
12.58
12.64
11.56
11.95
11.63
12.03
14.94
18.75
20.85
21.86
22.77
24.18
24.86
25.29
25.04
22.00
19.60
18.58
17.29
16.52
16.47
15.63
14.88
14.29
14.23
13.40
13.38
13.31
12.93
13.76
17.64
19.27
21.27
22.48
24.87
26.11
26.22
26.43
25.08
21.28
21.34
19.52
19.03
16.48
16.54
15.03
14.45
13.93
13.81
13.34
12.88
12.83
12.43
12.47
13.63
15.23
16.68
18.42
20.30
21.83
21.54
21.12
21.43
19.47
16.34
16.27
15.02
14.28
13.45
13.60
13.12
12.77
12.51
12.12
11.44
11.30
11.09
11.41
12.19
13.17
15.37
17.68
19.62
20.99
22.08
21.80
21.43
18.45
15.71
14.73
13.67
13.12
12.91
12.57
11.14
11.60
11.50
11.15
9.48
10.47
11.45
11.34
12.57
13.95
15.74
16.35
18.41
18.61
20.09
20.15
18.04
16.67
15.08
14.57
14.70
13.91
14.59
14.40
14.59
14.27
13.25
11.84
12.20
11.83
11.44
11.95
13.25
13.95
15.20
15.13
16.82
19.58
16.70
15.96
15.71
14.80
13.95
12.24
12.76
12.75
12.56
11.57
11.77
9.98
9.91
10.17
10.27
11.04
9.99
11.05
11.03
12.03
12.69
15.32
14.99
16.29
16.72
18.14
18.17
15.08
12.19
12.00
12.00
9.17
9.26
8.72
8.43
8.05
7.09
7.44
6.79
7.49
6.55
7.34
8.27
11.96
12.72
12.46
15.58
18.23
20.30
21.16
21.00
18.47
13.68
11.90
13.33
13.14
10.92
12.27
10.37
3.87
0.00
10.45
10.38
10.69
11.11
11.14
12.88
15.45
14.55
15.20
20.06
18.85
15.47
15.11
13.78
9.58
11.16
12.24
10.24
11.37
10.96
7.63
9.34
8.92
8.80
9.36
8.11
9.42
8.00
9.36
9.03
11.76
12.62
13.40
15.35
14.41
16.17
15.00
14.91
13.06
11.65
9.08
9.12
9.42
9.04
8.99
8.16
8.73
8.32
7.69
8.51
8.03
7.26
7.95
9.20
9.67
11.66
14.54
15.95
16.33
18.71
19.11
18.28
14.33
11.65
11.23
9.43
10.09
9.45
9.30
9.59
10.00
8.34
8.05
8.65
8.33
7.96
7.55
8.89
10.40
10.20
12.84
12.03
13.68
13.54
11.79
11.56
10.84
11.54
10.49
9.17
9.22
8.36
8.02
8.43
7.15
7.74
7.57
6.60
7.53
6.97
7.39
7.17
8.89
9.45
12.00
13.28
14.97
14.51
16.33
14.49
12.89
11.93
10.66
12.18
8.32
9.60
7.29
7.79
7.99
6.33
6.73
7.97
7.25
6.44
6.68
9.19
11.03
11.79
14.42
15.04
16.09
19.17
19.82
17.48
13.28
10.34
10.39
7.97
7.16
7.61
7.32
7.39
6.58
6.71
6.60
6.18
6.12
6.36
6.34
8.19
10.77
12.98
16.71
16.51
15.91
15.94
15.51
15.07
12.47
10.93
10.62
10.71
9.89
9.70
9.19
8.80
8.78
7.80
7.71
8.27
7.65
6.64
7.99
9.13
11.42
12.86
17.59
17.96
21.06
19.66
20.20
19.78
14.10
13.18
12.18
10.11
9.67
9.12
9.14
8.46
8.18
7.47
7.85
7.69
7.85
7.74
7.22
7.97
11.52
13.28
18.31
19.73
19.47
20.75
20.96
19.83
16.83
12.94
11.76
11.62
10.84
10.24
9.51
9.27
9.20
8.55
8.45
7.93
7.52
7.64
8.06
8.57
10.01
13.51
14.31
14.46
15.19
15.28
15.97
15.60
10.65
9.59
10.37
8.30
8.60
8.12
7.28
7.15
6.91
6.52
6.25
6.13
6.25
6.23
6.42
6.48
7.09
9.22
10.26
12.07
14.19
14.34
13.66
13.86
11.26
9.21
8.55
8.38
7.46
7.80
7.20
7.77
6.58
6.74
6.26
6.68
6.50
5.70
6.18
8.19
9.53
11.55
15.31
18.10
19.12
21.78
19.68
19.22
16.00
15.03
14.66
13.38
13.00
10.38
9.24
8.84
8.39
8.99
7.91
8.68
7.53
7.41
7.91
9.49
11.05
13.95
18.54
18.25
18.76
19.87
21.74
21.17
16.42
14.78
13.85
11.60
8.87
8.41
7.94
8.09
7.42
7.28
6.97
6.85
6.28
6.52
6.29
7.32
10.85
13.68
16.22
16.96
16.61
20.06
21.33
21.61
14.61
12.32
10.83
10.13
9.47
8.15
8.18
7.81
7.33
7.43
7.69
6.44
6.75
6.35
6.93
10.39
12.16
14.11
16.07
17.39
18.78
16.65
17.46
14.61
12.63
10.78
11.15
9.70
8.55
9.16
8.57
8.60
8.45
7.04
7.75
7.69
6.77
7.48
7.15
7.16
9.23
9.80
11.53
13.10
13.91
14.68
13.78
14.63
11.64
9.32
9.43
7.88
8.79
8.46
8.16
7.69
7.67
7.08
7.22
7.28
7.30
6.72
7.30
7.66
8.17
8.47
10.34
10.47
10.92
12.06
11.71
11.65
10.30
9.53
9.88
9.16
8.52
8.87
8.07
8.53
7.97
7.92
7.56
7.07
7.44
6.91
7.38
7.84
8.81
8.44
9.77
10.89
10.83
12.29
12.01
11.40
9.82
9.97
9.01
8.46
8.73
8.30
8.45
8.48
7.49
7.83
7.53
7.37
7.31
7.28
7.08
7.43
7.05
10.02
12.47
12.92
13.70
13.29
13.31
12.20
11.62
11.89
10.36
11.07
10.83
9.59
10.40
9.90
9.35
8.96
9.44
8.81
8.65
8.48
8.92
9.86
10.42
8.88
10.46
13.09
13.79
13.99
15.72
14.22
14.86
12.55
11.92
8.17
7.82
7.43
7.19
7.79
6.74
6.58
6.60
6.28
6.49
6.53
6.21
8.22
11.72
13.43
17.32
19.29
19.46
20.21
20.92
18.05
14.49
11.45
11.02
8.71
8.67
7.80
8.34
8.37
7.78
7.68
8.07
7.88
7.77
7.60
8.10
9.90
13.77
15.35
16.69
17.73
18.56
18.78
19.71
17.23
15.25
13.35
13.95
12.45
11.61
10.14
9.85
8.81
7.52
7.79
7.22
7.26
6.85
6.47
6.35
7.08
9.16
12.19
12.08
13.41
13.99
13.99
14.52
12.57
10.83
7.40
7.68
6.71
7.15
6.40
6.37
6.11
6.13
5.76
5.64
5.85
5.67
5.91
5.52
5.49
6.01
9.85
11.27
12.83
12.98
13.65
13.69
13.48
10.03
9.27
8.25
7.80
6.86
6.86
6.84
6.16
6.27
6.43
6.51
6.13
6.01
6.23
6.28
6.23
6.24
7.41
8.77
11.02
10.81
11.62
11.17
8.97
8.50
7.68
6.72
6.98
6.87
7.33
6.49
6.50
6.20
6.33
6.10
5.83
6.02
6.25
6.15
6.42
6.93
7.96
11.05
12.67
13.47
12.72
13.46
11.46
8.74
8.18
9.74
8.25
7.64
7.37
6.77
6.28
6.02
6.09
6.29
6.14
5.55
5.20
5.91
7.08
8.91
10.27
13.23
14.34
14.16
14.80
15.07
12.52
10.34
9.10
8.20
7.27
6.55
5.74
5.63
5.61
5.41
5.11
5.08
5.11
5.18
4.90
5.19
6.21
10.45
10.52
11.54
12.62
11.72
15.25
15.42
13.93
11.16
10.34
8.91
9.40
9.15
7.99
7.56
7.00
6.54
6.33
6.38
6.67
6.16
6.12
6.02
7.51
9.31
10.69
12.96
15.74
15.55
15.97
14.72
13.76
11.43
10.32
9.76
9.48
8.64
8.04
7.98
7.74
7.25
6.99
7.30
6.97
6.70
6.73
6.75
7.79
9.12
9.88
10.17
11.54
12.07
12.53
13.38
11.61
10.06
8.41
7.69
8.18
7.13
6.60
6.60
6.31
6.42
6.24
6.00
6.14
6.10
5.92
6.07
6.19
7.15
10.15
11.35
12.41
12.60
12.96
12.83
11.99
8.54
7.20
6.80
6.60
6.42
6.24
6.21
6.03
5.86
5.68
5.60
5.65
5.36
5.51
5.34
5.51
6.96
7.47
8.87
9.64
9.85
10.15
10.53
9.19
9.06
8.49
7.62
7.19
6.97
6.80
6.92
6.77
6.27
5.58
5.76
5.83
5.62
5.46
5.27
6.26
6.82
8.42
9.25
10.09
11.64
11.54
11.52
10.03
8.27
7.14
6.41
6.83
6.26
5.88
5.75
5.53
5.11
5.30
5.38
5.27
4.74
5.16
5.02
6.24
6.65
7.90
8.46
8.88
9.87
10.33
10.44
9.40
7.37
6.86
6.32
5.33
5.39
4.65
4.82
4.99
4.55
4.95
4.67
4.39
4.58
4.30
4.49
4.93
5.70
7.18
7.82
7.53
7.54
7.62
7.70
6.17
5.76
5.47
5.14
5.63
4.79
4.90
4.55
5.11
4.74
4.59
4.64
4.50
4.42
4.40
4.74
5.32
5.38
5.93
8.01
9.30
8.61
9.34
8.51
6.94
5.54
5.39
5.32
4.84
4.69
4.68
4.33
4.46
4.31
4.39
4.30
4.22
4.27
4.50
4.53
4.65
5.49
6.83
7.27
7.29
7.09
7.13
6.53
6.68
6.01
4.65
4.71
4.52
4.53
4.23
4.25
3.91
4.25
4.13
3.95
4.19
3.97
3.93
4.02
4.16
4.56
6.18
6.85
7.80
7.95
8.21
7.91
6.94
5.07
4.92
4.90
4.68
4.65
4.29
4.41
4.19
4.06
4.41
4.11
3.99
4.25
4.09
4.09
4.35
4.67
5.88
5.55
5.58
5.90
6.12
5.93
6.07
5.36
4.97
4.72
4.83
4.43
4.40
4.20
4.24
4.24
4.12
4.22
4.11
3.73
4.02
4.35
4.26
4.64
5.59
6.64
8.38
9.67
11.49
11.18
10.11
7.35
6.62
6.37
6.43
6.10
5.64
5.17
5.05
5.10
4.73
4.92
4.99
4.81
4.80
4.97
6.04
6.19
8.81
10.06
11.12
11.23
11.81
11.80
11.05
10.48
9.26
8.31
7.23
6.89
6.73
6.54
6.39
6.46
6.30
6.62
5.94
5.81
5.80
5.77
6.26
8.74
9.32
8.27
9.73
10.11
10.70
10.09
10.03
9.64
8.69
7.96
8.27
8.31
8.20
8.06
8.17
7.46
6.60
6.44
6.66
6.56
6.22
6.22
6.81
8.51
9.67
9.56
9.91
10.46
11.64
11.89
11.02
9.11
8.97
8.08
7.70
7.34
7.47
7.13
6.82
6.95
6.54
6.26
6.29
6.14
6.10
6.02
6.21
7.89
9.05
10.58
10.41
11.04
11.44
11.27
10.04
9.47
7.06
7.42
6.87
6.86
6.61
6.72
6.63
6.07
5.66
5.70
5.78
5.50
5.54
5.59
5.87
6.51
6.65
7.10
8.52
9.24
8.29
8.95
8.80
7.52
6.75
6.88
6.35
6.69
6.56
6.51
6.82
6.15
5.68
5.37
5.67
5.52
5.21
5.47
5.50
5.95
7.52
9.18
9.07
9.93
10.07
9.96
9.98
9.08
7.51
6.99
7.23
7.69
7.06
6.75
7.05
6.13
6.40
6.60
6.01
5.89
6.12
6.17
5.98
6.60
6.98
7.93
8.72
11.05
12.99
12.59
10.10
8.54
8.84
8.10
7.76
7.62
7.87
6.16
5.88
5.67
5.67
5.94
5.64
5.42
5.33
5.61
6.15
7.48
8.95
9.41
10.96
10.53
11.25
11.33
10.01
8.58
7.82
7.98
6.87
6.44
6.35
5.97
5.45
5.25
5.49
5.10
4.75
4.69
4.62
4.54
5.76
7.14
7.95
7.49
9.98
10.67
9.89
10.15
8.11
8.44
6.15
6.20
7.23
6.36
6.14
5.83
5.64
5.51
4.98
5.10
4.99
4.90
4.29
4.83
6.09
6.95
7.84
8.70
8.91
9.31
8.70
9.91
9.07
7.94
6.58
5.95
5.67
5.24
5.04
4.89
5.22
4.76
4.95
4.57
4.89
4.91
4.76
4.54
5.29
5.97
6.11
6.63
7.49
7.72
8.45
7.78
8.29
7.23
6.19
6.24
5.78
5.75
5.63
5.29
4.93
5.05
5.05
4.71
4.63
4.87
4.92
4.69
4.82
4.90
5.91
6.69
8.36
8.00
8.40
7.12
7.41
6.31
5.18
5.01
5.06
4.84
4.45
4.57
4.60
4.30
4.40
4.08
4.49
4.11
4.29
4.43
4.41
4.69
5.61
6.96
6.85
7.19
7.43
7.74
6.42
5.95
6.13
7.00
5.78
6.10
5.80
4.67
4.20
4.15
4.20
4.14
4.18
4.05
3.93
3.99
4.99
5.29
6.47
6.85
8.41
8.77
9.22
8.91
8.48
7.34
7.15
6.87
6.23
5.81
5.13
4.69
4.29
4.75
4.72
4.40
4.69
4.21
4.36
4.27
5.21
5.17
5.87
6.07
6.66
6.57
5.41
4.99
5.16
4.68
4.98
5.18
4.49
4.08
3.88
3.89
3.64
4.29
3.94
3.68
4.12
3.56
3.76
3.75
4.68
5.62
6.87
6.40
5.61
5.72
7.01
6.84
6.34
5.66
4.40
4.20
4.16
3.74
4.34
4.10
4.20
4.21
4.09
4.00
4.12
4.31
4.02
4.34
5.39
5.45
5.29
4.86
5.14
5.94
6.35
5.43
5.37
4.49
4.53
4.53
4.40
4.05
3.79
4.03
3.86
3.86
3.81
3.91
3.83
3.79
3.90
3.68
4.00
4.01
4.38
4.59
4.32
5.03
4.82
4.60
4.34
4.33
4.12
3.36
3.67
3.94
3.65
3.62
3.86
3.91
3.76
3.60
3.60
3.73
3.62
4.06
3.95
4.54
5.09
5.19
5.18
5.22
5.03
4.94
4.56
4.64
4.09
3.89
3.68
3.68
3.75
3.53
3.65
3.82
3.78
3.71
3.70
3.75
3.46
3.89
3.90
3.84
3.73
3.97
4.07
4.83
4.28
4.30
3.89
4.24
3.75
3.87
3.45
3.44
3.51
3.45
3.50
3.61
3.70
3.50
3.38
3.58
3.68
3.66
4.40
4.50
4.11
4.18
4.74
4.87
5.16
5.23
4.90
4.52
4.59
4.93
4.91
5.00
4.56
4.26
3.96
4.19
4.32
4.34
4.34
4.34
4.50
4.52
5.84
7.35
7.53
8.17
8.08
6.37
6.07
7.32
6.65
4.94
5.29
4.35
4.10
3.78
3.76
3.86
4.13
4.06
4.00
3.94
3.90
4.06
4.13
4.39
5.64
5.72
5.82
4.65
4.62
5.15
4.89
5.05
6.44
5.94
4.99
4.47
4.81
4.34
3.96
4.20
4.06
4.27
4.08
4.34
4.32
4.18
3.87
4.10
4.21
4.31
4.19
4.01
3.99
3.92
3.97
4.34
4.24
4.16
4.15
3.95
3.94
3.98
4.30
4.14
4.16
4.12
4.12
3.91
4.13
4.35
4.60
4.42
4.36
4.36
4.14
4.43
4.36
4.44
4.21
4.87
4.47
4.48
4.48
4.55
4.39
4.42
4.42
4.52
4.46
4.57
4.54
4.71
4.64
4.39
4.74
4.77
4.45
4.86
5.73
5.37
5.67
6.81
7.66
6.36
5.05
3.98
3.92
3.99
3.98
3.95
3.90
4.05
3.99
4.12
4.00
3.92
4.30
4.24
4.21
4.06
4.29
4.01
4.18
4.85
4.97
4.91
4.82
5.18
5.10
5.23
4.47
4.02
4.31
4.36
4.49
4.93
4.61
4.35
4.32
4.30
4.55
4.40
4.31
4.56
4.73
5.25
7.11
6.86
5.73
6.53
5.64
5.79
5.60
5.63
5.59
5.34
5.71
6.32
5.34
3.59
3.74
3.72
3.65
3.57
3.85
3.84
3.96
4.23
6.09
6.98
6.55
6.77
6.32
6.09
5.85
6.60
6.50
4.76
5.15
4.59
4.39
4.07
3.63
3.42
3.29
3.30
3.32
3.58
3.42
3.47
3.39
3.46
3.71
4.05
4.46
5.23
7.58
6.92
7.34
7.58
6.28
5.59
5.10
5.08
4.53
3.98
4.01
3.96
3.91
3.88
3.92
4.00
3.87
3.85
3.74
4.22
5.87
6.20
5.99
6.23
6.23
8.28
8.05
8.24
6.41
4.72
4.74
4.58
4.17
4.17
4.13
4.33
4.27
4.24
4.40
4.50
4.22
4.22
4.38
4.51
4.43
4.76
5.20
4.94
6.03
5.33
5.10
5.65
4.66
4.34
3.77
3.57
3.60
3.87
4.20
5.12
4.59
3.73
3.41
3.17
3.38
3.35
4.01
4.09
3.86
3.65
4.41
4.51
4.98
4.74
4.59
4.58
4.56
4.39
4.35
4.73
4.03
3.67
3.14
3.36
3.30
3.13
3.26
3.15
3.16
3.29
3.21
2.98
3.12
3.04
3.00
3.56
3.43
3.27
3.02
3.08
4.02
4.30
3.93
3.57
3.07
3.24
3.16
3.32
3.31
3.24
3.10
3.16
3.19
3.18
3.25
3.05
3.19
3.19
3.31
3.75
3.72
3.43
3.27
3.28
3.24
3.38
3.33
3.30
3.43
3.54
3.35
3.43
3.43
3.31
3.31
3.17
3.27
3.43
3.52
3.43
3.41
3.37
3.39
3.47
3.93
3.71
3.76
3.44
3.75
3.70
3.56
3.52
3.60
3.45
3.61
3.68
3.42
3.27
3.48
3.39
3.54
3.39
3.48
3.38
3.39
3.66
3.43
3.69
4.47
4.91
4.16
3.95
3.51
3.32
3.24
3.21
3.16
3.09
3.32
3.23
3.17
3.00
3.19
3.29
3.12
3.10
3.49
3.74
3.73
4.02
3.84
3.75
3.76
3.94
3.71
3.74
3.33
3.38
3.25
3.17
3.44
3.50
3.16
3.01
2.98
2.84
2.93
2.93
3.34
3.07
3.01
3.28
3.54
3.38
4.31
3.83
4.10
4.09
4.11
3.89
3.42
3.24
3.11
3.39
3.25
3.13
3.06
2.68
3.13
2.76
2.49
2.55
2.81
3.15
2.70
2.84
2.93
2.93
3.00
2.81
3.13
3.39
3.26
2.81
2.60
2.86
2.67
2.63
2.59
2.65
2.55
2.55
2.53
2.57
2.65
2.60
2.82
2.88
2.66
2.75
2.96
3.14
2.86
3.03
3.38
3.58
3.55
3.50
3.01
3.05
2.77
2.90
2.75
2.83
2.62
3.03
3.04
2.92
2.93
2.80
3.18
3.44
3.28
3.63
3.25
3.66
3.49
3.42
3.59
4.04
4.20
3.96
3.14
3.21
3.38
3.42
3.32
3.47
3.34
3.41
3.11
3.45
3.59
3.65
3.22
3.58
3.73
3.87
3.74
3.59
3.65
3.67
3.80
3.86
4.14
3.80
3.70
3.83
3.74
3.72
3.95
3.97
3.54
3.74
3.91
3.64
3.66
3.92
3.72
3.86
3.75
4.03
3.79
3.90
3.75
3.80
3.97
3.88
4.12
4.00
3.51
3.42
3.77
3.56
3.56
4.02
3.48
3.55
3.45
3.92
3.44
3.65
3.53
3.58
3.88
3.83
3.89
4.04
3.69
3.93
3.88
4.21
4.15
3.88
3.83
3.36
3.50
3.64
3.68
3.75
3.68
3.57
3.42
3.73
3.54
4.02
3.69
3.82
3.69
3.96
4.24
3.90
3.84
4.04
3.63
4.15
4.35
3.97
3.76
3.51
3.54
3.55
3.68
3.65
3.87
3.63
3.36
3.46
3.72
3.47
3.65
3.54
3.70
3.56
3.61
3.70
3.69
3.63
3.70
3.90
3.83
3.82
3.39
3.26
3.08
3.38
3.44
3.35
3.38
3.23
3.45
3.18
3.28
3.05
3.24
3.57
3.30
3.32
3.59
3.34
3.24
3.42
3.63
3.67
3.37
3.17
3.26
3.13
3.03
3.09
3.06
3.25
3.11
3.13
3.28
3.13
3.31
3.46
3.37
3.22
3.26
3.47
3.36
3.29
3.28
3.30
3.29
2.72
3.12
2.92
2.98
2.92
3.23
2.87
2.99
3.14
3.14
2.83
3.14
2.84
2.70
2.94
2.60
2.68
2.73
2.98
3.19
3.16
2.83
3.04
3.16
2.95
2.92
2.88
3.16
2.86
3.03
3.14
3.32
2.92
3.00
3.07
2.84
2.67
3.02
2.92
2.68
2.85
3.09
3.02
3.26
3.38
3.13
3.05
3.45
3.19
3.07
3.04
3.14
2.89
3.15
3.24
3.22
3.38
3.12
3.26
2.95
3.45
3.16
3.35
3.24
3.22
3.36
3.65
3.59
3.64
3.51
3.56
3.25
3.29
3.18
3.10
2.93
3.28
3.31
3.26
3.46
3.52
3.31
3.21
2.90
3.54
3.07
3.41
2.90
3.39
3.15
3.43
3.72
3.53
3.42
3.83
3.43
3.52
3.34
3.38
3.46
3.72
3.32
3.53
3.60
3.54
3.53
3.39
3.37
3.49
3.07
3.36
3.56
3.21
3.18
3.50
3.47
3.36
3.50
3.65
3.23
3.54
3.35
3.33
3.55
3.40
3.78
3.47
3.62
3.71
3.81
3.88
3.46
4.16
4.10
3.94
4.07
4.20
4.09
4.03
4.31
4.08
3.63
3.67
3.50
3.75
3.28
3.15
3.37
3.82
3.57
3.19
3.58
3.54
3.37
3.49
3.68
3.70
3.97
3.55
3.98
3.97
3.72
3.92
3.84
3.52
3.61
3.50
3.69
3.55
3.56
3.41
3.29
3.45
3.47
3.41
3.48
3.42
3.21
3.41
3.48
3.51
3.39
3.60
3.47
3.54
3.48
3.53
3.59
3.25
3.30
3.16
3.23
3.39
3.06
3.00
2.87
3.44
3.24
3.19
3.25
2.95
3.28
3.43
