0.00
0.00
0.00
0.00
0.00
0.00
0.00
0.00
0.00
5.13
0.00
0.00
5.37
0.00
0.00
0.76
0.00
0.00
0.00
0.00
0.00
0.00
0.00
0.00
0.00
0.00
0.00
0.00
0.00
0.00
0.01
0.00
0.00
5.25
0.00
0.00
5.15
0.00
0.00
0.71
0.00
0.00
0.00
0.01
0.00
0.00
0.00
0.00
0.00
0.02
0.00
0.00
0.00
0.00
0.00
0.01
0.00
0.00
0.00
0.00
0.00
0.00
0.00
0.00
0.00
0.00
0.00
0.00
0.01
0.01
0.01
0.00
0.00
0.00
0.00
0.00
0.00
0.00
0.00
0.00
0.00
0.00
0.00
0.00
0.00
0.00
0.00
0.00
0.00
0.00
0.00
0.00
0.00
0.00
0.00
0.01
1.02
3.67
5.20
0.00
1.45
0.00
0.00
0.00
0.00
0.00
0.00
0.00
0.00
0.00
0.00
0.00
0.00
0.00
0.00
0.00
0.00
0.00
0.00
0.00
2.73
2.69
1.91
1.19
0.00
0.00
0.00
0.00
0.00
0.00
0.00
0.00
0.00
0.00
0.00
0.00
0.00
67.01
101.59
102.04
102.28
102.22
102.18
102.25
82.79
2.82
2.04
1.05
0.00
24.43
103.00
80.36
0.02
0.00
0.00
0.00
0.00
0.00
0.00
0.00
0.00
63.58
101.69
101.88
102.27
102.32
102.20
101.84
81.88
2.86
1.94
1.26
0.00
22.66
102.43
80.03
0.00
0.00
0.00
0.00
0.00
0.00
0.00
0.00
0.00
61.63
102.05
102.06
101.62
101.23
101.56
101.70
77.96
0.00
0.00
0.00
0.00
23.98
101.95
80.71
0.00
0.00
0.00
0.00
0.00
0.00
0.00
0.00
0.00
61.84
102.01
102.00
101.70
102.01
102.10
102.07
81.19
3.04
2.23
1.28
0.00
24.21
102.19
79.94
0.00
0.00
0.00
0.00
0.00
0.00
0.00
0.00
0.00
0.00
0.00
0.00
0.00
0.00
0.00
0.00
0.00
0.00
0.00
0.00
0.00
24.03
102.76
80.30
0.00
0.00
0.00
0.00
0.00
0.00
0.00
0.00
0.00
58.46
101.57
101.08
101.18
101.42
101.65
102.11
78.58
0.00
0.00
0.00
0.00
0.00
0.00
0.00
0.00
0.00
0.00
0.00
0.00
0.00
0.00
0.00
0.00
58.17
100.99
100.85
101.94
103.11
102.87
27.44
0.00
0.00
0.00
0.00
0.00
0.00
0.00
0.00
0.00
0.00
0.00
0.00
0.00
0.00
0.00
0.00
0.00
56.48
101.25
101.06
101.12
101.70
101.48
101.61
78.15
0.00
0.00
0.00
0.00
24.27
102.19
80.32
0.00
0.00
0.00
0.00
0.00
0.00
0.00
0.00
0.00
55.03
101.77
101.74
102.02
102.18
101.73
99.64
77.96
0.00
0.00
0.00
0.00
24.22
102.06
79.39
0.00
0.00
0.00
0.00
0.00
0.00
0.00
0.00
0.00
22.63
0.00
0.00
0.00
0.00
0.00
0.00
0.00
0.00
0.00
0.00
0.00
24.29
30.87
0.00
0.00
0.00
0.00
0.00
0.00
0.00
0.01
0.00
0.00
0.00
0.00
0.00
0.00
0.00
0.00
0.00
0.00
0.00
0.00
0.00
0.00
24.31
102.85
78.26
0.00
0.00
0.00
0.00
0.00
0.00
0.00
0.00
0.00
49.82
101.40
101.22
101.31
101.03
101.18
101.32
78.03
0.00
0.00
0.00
0.00
22.84
101.83
77.89
0.00
0.00
0.00
0.00
0.00
0.00
0.00
0.00
0.00
48.17
102.20
101.42
101.39
101.46
101.52
101.70
77.83
0.00
0.00
0.00
0.00
0.00
0.00
0.00
0.00
0.00
0.00
0.00
0.00
0.00
0.00
0.00
0.00
46.48
102.13
101.85
101.89
101.68
101.32
26.99
0.00
0.00
0.00
0.00
0.00
0.00
0.00
0.00
0.00
0.00
0.00
0.00
0.00
0.00
0.00
0.00
0.00
44.73
101.63
102.02
101.65
101.41
101.82
101.83
81.04
2.74
2.16
1.04
0.00
24.30
102.47
77.23
0.00
0.00
0.00
0.00
0.00
0.00
0.00
0.00
0.00
43.24
102.99
101.02
102.66
102.50
102.67
102.73
78.93
0.00
0.00
0.00
0.00
24.34
102.81
75.18
0.00
0.00
0.02
0.00
0.00
0.00
0.00
0.00
0.00
41.55
102.91
102.18
101.85
102.17
102.17
102.34
78.37
0.04
0.03
0.04
0.00
24.41
103.12
75.50
0.00
0.00
0.00
0.00
0.00
0.00
0.00
0.00
0.00
39.78
102.49
101.99
101.92
102.14
102.14
102.00
78.67
0.05
0.02
0.00
0.00
24.51
102.80
75.09
0.00
0.00
0.00
0.00
0.00
0.00
0.00
0.00
0.00
37.87
101.93
102.25
102.13
101.85
101.86
102.34
78.70
0.00
0.00
0.00
0.00
24.39
102.42
71.53
0.00
0.00
0.00
0.00
0.00
0.00
0.00
0.00
0.01
37.94
102.30
101.92
101.71
101.75
101.87
102.27
78.08
0.00
0.00
0.00
0.02
0.01
0.00
0.00
0.00
0.00
0.00
0.00
0.00
0.00
0.00
0.00
0.00
36.06
101.68
101.29
101.56
101.47
101.89
27.07
0.00
0.00
0.00
0.00
0.00
0.00
0.00
0.00
0.00
0.00
0.00
0.00
0.00
0.00
0.00
0.00
0.00
34.34
101.47
101.13
101.73
101.52
101.82
101.90
78.08
0.00
0.00
0.00
0.00
24.37
102.89
70.06
0.00
0.00
0.01
0.00
0.00
0.00
0.00
0.00
0.00
32.84
101.81
101.02
101.21
101.34
101.38
101.84
78.09
0.00
0.00
0.00
0.00
24.25
102.18
69.55
0.00
0.00
0.00
0.00
0.00
0.00
0.00
0.00
75.75
31.04
101.45
101.31
100.83
101.22
100.92
101.38
77.72
0.00
0.00
0.00
0.00
24.18
101.89
67.85
0.00
0.00
0.00
0.00
0.00
2.16
0.00
0.00
0.00
29.31
101.80
101.39
100.89
100.73
100.93
100.78
77.75
0.00
0.00
0.00
0.00
24.25
102.36
66.51
0.00
0.00
0.00
0.00
0.00
0.00
0.00
0.00
0.00
27.61
101.92
101.50
101.21
101.49
101.20
101.03
77.73
0.00
0.00
0.00
0.00
24.22
102.26
66.72
0.00
0.00
0.00
0.00
0.00
0.00
0.00
0.00
0.00
25.86
99.90
101.05
100.90
100.84
101.34
101.81
80.53
2.61
2.16
1.02
0.00
0.00
0.00
0.00
0.00
0.00
0.00
0.00
0.00
0.00
0.00
0.00
0.00
24.17
102.30
101.99
101.52
101.60
101.69
27.13
0.00
0.00
0.00
0.00
0.00
0.00
0.00
0.00
0.00
0.00
0.00
0.00
0.00
0.00
0.00
0.00
0.00
22.47
101.69
101.20
101.28
101.50
101.10
101.28
80.59
2.73
2.14
1.04
0.00
24.22
102.11
62.86
0.00
0.00
0.00
0.00
0.00
0.00
0.00
0.00
0.00
20.83
102.64
101.66
101.76
102.33
102.61
102.22
78.54
0.00
0.00
0.00
0.00
24.27
102.43
61.42
0.00
0.00
0.00
0.00
0.00
0.00
0.00
0.00
0.00
19.13
103.23
103.07
103.03
103.15
103.21
103.04
79.10
0.00
0.00
0.00
0.00
24.34
103.53
61.02
0.00
0.00
0.00
0.00
0.00
0.00
0.00
0.00
0.00
17.46
103.83
103.41
103.14
102.97
102.75
102.93
79.01
0.03
0.02
0.01
0.04
24.61
103.73
58.71
0.02
0.00
0.00
0.00
0.00
0.00
0.00
0.00
0.00
15.73
102.70
102.69
102.58
102.87
102.23
102.29
78.39
0.06
0.01
0.02
0.00
24.55
103.24
58.96
0.00
0.00
0.00
0.00
0.00
0.00
0.00
0.00
0.00
13.89
102.21
101.73
101.46
101.74
101.89
101.94
80.82
2.72
2.27
1.09
0.00
0.00
0.00
0.00
0.00
0.00
0.00
0.00
0.00
0.00
0.00
0.00
0.00
12.18
102.39
101.57
101.57
102.14
102.26
27.35
0.01
0.04
0.02
0.00
0.01
0.00
0.00
0.01
0.00
0.00
0.00
0.00
0.00
0.00
0.00
0.00
0.00
10.43
101.90
101.11
101.39
101.74
101.92
101.54
80.55
2.50
1.88
1.07
0.00
24.44
102.84
53.55
0.15
0.00
0.00
0.00
0.00
0.00
0.00
0.00
0.00
8.75
102.88
101.87
101.50
101.76
102.46
102.94
79.06
0.01
0.03
0.01
0.00
24.52
102.46
50.86
0.00
0.00
0.00
0.00
1.15
0.00
0.00
0.00
0.00
8.70
101.87
101.38
101.56
101.71
102.11
102.02
77.59
0.00
0.00
0.00
0.00
24.22
101.72
49.59
0.00
0.00
0.00
0.00
0.00
0.00
0.00
0.00
0.00
6.96
101.56
101.30
101.58
101.74
101.86
101.43
101.44
101.26
100.97
100.82
100.61
101.19
101.63
47.27
0.00
0.00
0.00
0.00
0.00
0.00
0.00
0.00
0.00
5.24
102.58
101.75
101.53
101.26
101.56
101.31
77.43
0.00
0.00
0.00
0.00
24.13
101.50
45.59
0.00
0.00
0.00
0.00
0.00
0.00
0.00
0.00
0.00
2.83
82.96
82.26
82.03
82.18
82.09
69.17
49.43
0.00
0.00
0.00
0.00
0.00
0.00
0.00
0.00
0.00
0.00
0.00
0.00
0.00
0.00
0.00
0.00
48.41
50.08
47.64
47.14
46.94
67.07
101.54
101.28
101.43
102.17
102.20
101.91
102.02
102.21
40.89
0.00
0.00
0.00
0.00
0.00
0.00
0.00
0.00
0.00
0.00
65.84
64.51
65.32
65.41
65.53
65.46
51.66
2.47
1.65
1.02
0.00
24.33
103.12
41.47
0.00
0.94
1.40
0.00
0.00
0.00
0.00
0.00
0.00
0.00
64.85
65.95
101.68
102.34
102.39
102.05
78.52
0.05
0.02
0.03
0.00
24.46
102.72
39.26
0.00
0.00
0.00
0.00
0.12
0.00
0.00
0.00
0.00
0.00
100.04
103.03
102.93
103.26
102.95
102.77
78.79
0.07
0.04
0.02
0.00
24.50
103.38
38.28
0.00
0.00
0.00
0.00
0.00
0.00
0.00
0.00
0.00
0.00
97.56
102.05
102.32
102.36
102.20
101.79
77.88
0.00
0.00
0.00
0.00
24.29
103.04
36.08
0.00
0.00
0.00
0.00
0.00
0.00
0.00
0.00
0.00
0.00
50.39
0.20
0.09
0.04
0.16
0.07
0.08
0.03
0.00
0.01
0.00
0.00
0.00
0.01
0.04
0.00
0.06
0.00
0.00
0.00
0.00
0.00
0.00
0.00
0.00
0.02
0.03
0.05
0.08
0.07
0.02
0.02
0.01
0.00
0.01
0.02
0.00
0.00
0.00
0.00
0.00
0.00
0.00
0.00
0.00
0.00
0.00
0.00
0.00
0.00
0.00
0.02
0.03
0.01
0.03
0.03
0.08
0.01
0.01
0.00
0.01
0.00
0.00
0.00
0.00
0.00
0.00
0.00
0.00
0.00
20.62
100.36
101.87
101.87
101.94
101.80
101.24
52.31
2.51
2.51
1.88
1.03
0.01
24.42
102.66
27.39
0.00
0.00
0.00
0.00
0.00
0.00
0.00
0.00
0.00
0.00
90.70
101.44
100.88
100.75
101.56
102.10
78.64
0.00
0.00
0.00
0.00
24.27
102.68
25.63
0.00
0.00
0.00
0.00
0.00
0.01
0.00
0.01
0.00
0.00
88.45
100.47
101.09
101.44
101.33
100.85
77.66
0.00
0.00
0.00
0.00
24.14
101.98
24.50
0.00
0.00
0.00
0.00
0.00
0.00
0.01
0.00
0.00
0.00
88.39
101.03
100.95
100.62
101.08
101.69
78.06
0.00
0.00
0.00
0.00
24.20
102.29
22.15
0.00
0.00
0.00
0.00
0.00
0.00
0.00
0.00
0.00
0.00
84.62
98.82
100.23
100.11
101.39
101.76
77.94
0.00
0.00
0.00
0.00
24.12
102.02
20.98
0.00
0.00
0.00
0.00
0.00
0.00
0.00
0.00
0.00
0.00
84.80
100.73
100.54
100.34
100.36
51.97
0.00
0.00
0.00
0.00
0.00
0.00
0.00
0.00
0.00
0.00
0.00
0.00
0.00
0.00
0.00
0.00
0.00
0.00
82.91
100.87
100.66
100.79
100.90
52.07
0.00
0.00
0.00
0.00
0.00
0.00
0.00
0.00
0.00
0.00
0.00
0.00
0.00
0.00
0.00
0.00
0.00
0.00
81.55
101.08
100.79
100.57
100.26
100.39
79.81
2.42
1.81
1.02
0.00
24.14
101.95
14.50
0.00
0.00
2.15
0.13
0.00
0.00
0.00
0.00
0.00
0.00
81.44
100.99
100.64
26.80
2.52
2.43
1.86
2.85
1.27
1.50
0.00
24.15
102.05
11.91
0.00
0.00
0.00
0.00
0.00
0.00
0.00
0.00
0.00
0.00
79.26
100.27
99.95
26.72
0.00
0.00
2.51
2.47
1.81
2.85
1.28
25.59
101.72
10.86
0.29
0.00
0.00
0.00
0.00
0.00
0.00
0.00
0.00
0.00
77.96
100.95
97.20
26.88
0.00
0.00
0.00
0.00
0.00
0.00
0.00
24.03
101.23
6.71
0.00
0.00
0.00
0.00
0.00
0.00
0.00
0.00
0.00
0.00
76.21
100.55
100.46
26.68
0.00
0.00
0.00
0.00
0.00
0.00
0.00
24.02
101.48
5.85
0.00
0.00
0.00
0.00
0.00
0.00
0.00
0.00
0.00
0.00
75.22
102.09
102.04
101.74
101.25
52.35
0.53
2.91
8.27
7.83
0.00
0.00
0.00
0.00
0.00
0.00
0.00
0.00
0.00
0.00
0.00
0.00
0.00
0.00
74.65
100.84
100.35
100.19
99.00
52.05
2.51
7.48
6.76
0.00
0.00
0.00
0.00
0.00
0.00
0.00
0.00
0.00
0.00
0.00
0.00
0.00
0.00
0.00
73.47
101.74
101.61
101.34
101.25
99.78
79.99
7.29
6.42
0.00
0.00
24.14
100.42
0.90
0.00
0.00
0.00
0.00
0.00
0.00
0.00
0.00
0.00
0.00
71.97
102.20
102.32
102.24
101.91
101.23
78.46
0.00
0.00
0.00
0.00
24.19
99.25
0.00
0.00
0.00
0.00
0.00
0.00
0.00
0.00
0.00
0.00
0.00
70.51
102.22
102.01
102.09
102.18
102.35
78.55
0.00
0.00
0.00
0.00
24.23
97.50
0.84
0.00
0.00
0.00
0.00
0.00
0.00
0.00
0.00
0.00
0.00
70.40
102.50
102.50
102.25
102.15
102.05
78.35
0.00
0.00
0.00
0.01
24.27
93.86
0.00
0.00
0.00
0.00
0.00
0.00
0.00
0.00
0.00
0.00
0.00
68.16
101.70
101.23
101.34
101.68
101.69
77.87
0.00
0.00
0.00
0.00
24.21
92.05
0.00
0.00
0.00
0.00
0.00
0.00
0.00
0.00
0.00
0.00
0.00
66.59
101.81
101.53
101.73
101.92
52.60
2.64
5.90
0.00
0.00
0.00
0.00
0.00
0.00
0.00
0.00
0.00
0.00
0.00
0.00
0.00
0.00
0.00
0.00
64.75
101.61
101.54
101.32
101.23
52.27
0.00
0.00
0.00
0.00
0.00
0.00
0.00
0.00
0.00
0.00
0.00
0.00
0.00
0.00
0.00
0.00
0.00
0.00
64.34
100.63
100.54
101.19
101.31
101.30
79.73
5.69
0.00
0.00
0.00
24.09
82.71
0.81
0.59
0.00
0.00
0.00
2.91
0.00
0.00
0.00
0.00
0.01
62.84
100.54
100.34
100.59
100.99
101.30
77.64
0.00
0.00
0.00
0.00
24.07
83.07
0.00
0.00
0.00
0.00
0.00
0.00
0.00
0.00
0.02
0.02
0.00
61.19
100.59
100.16
101.09
101.50
101.23
79.75
6.21
0.00
0.00
0.00
24.04
80.93
0.86
0.00
0.00
0.01
0.00
0.00
0.01
0.00
0.00
0.01
0.00
59.88
102.09
101.92
101.76
101.32
102.15
78.16
0.00
0.00
0.00
0.00
24.05
77.81
0.00
0.00
0.00
0.00
0.00
0.02
0.02
0.01
0.01
0.00
0.00
59.97
101.58
101.28
101.16
100.99
100.82
77.22
0.00
0.00
0.00
0.00
24.22
76.58
0.89
0.57
0.00
0.00
0.00
0.00
0.00
0.00
0.00
0.00
0.00
58.04
101.37
100.86
100.37
100.47
52.04
2.30
7.34
5.20
0.00
0.00
0.00
0.00
0.00
0.00
0.00
0.00
0.00
0.00
0.00
0.00
0.00
0.00
0.00
56.20
101.10
100.51
100.31
100.18
51.96
0.00
0.00
0.00
0.00
0.00
0.00
0.00
0.00
0.00
0.00
0.00
0.00
0.00
0.00
0.00
0.00
0.00
0.00
54.30
100.97
101.12
98.94
100.31
99.79
80.41
7.46
4.77
0.00
0.00
24.39
69.89
0.88
0.00
0.00
0.00
3.60
0.00
0.01
0.01
0.02
0.01
0.01
54.34
101.02
101.14
101.25
101.14
100.55
79.87
10.30
8.44
0.00
0.00
24.07
67.89
0.00
0.00
0.00
0.00
0.00
0.03
0.02
0.00
0.01
0.00
0.00
52.72
100.83
100.15
100.07
100.09
100.16
78.53
8.75
7.64
0.00
0.00
23.94
63.97
0.76
0.00
0.00
0.00
0.00
0.00
0.00
0.00
0.00
0.00
0.00
51.05
100.55
100.60
100.44
100.41
100.51
77.43
0.00
0.00
0.00
0.00
24.10
62.87
0.00
0.00
0.00
0.00
0.00
0.00
0.00
0.00
0.00
0.00
0.00
51.17
101.57
100.98
101.19
101.24
75.84
26.94
0.00
0.07
0.07
0.00
24.09
60.90
0.77
0.00
0.00
0.00
0.00
0.00
0.00
0.00
0.00
0.00
0.00
49.48
101.72
101.38
101.04
100.47
52.00
2.18
9.70
9.23
6.40
0.00
0.00
0.00
0.00
0.00
0.00
0.00
0.00
0.00
0.00
0.00
0.00
0.00
0.00
47.66
101.13
100.66
100.56
100.30
51.96
2.45
9.67
9.46
6.69
0.00
0.00
0.00
0.00
0.00
0.01
0.05
0.12
0.46
0.43
0.51
0.36
0.81
0.97
47.06
101.98
101.86
101.33
101.56
102.30
80.64
10.60
10.14
7.48
0.00
24.27
54.74
1.39
0.72
0.60
1.08
1.65
0.81
1.86
2.21
1.71
1.85
1.73
47.45
101.66
101.50
100.99
101.07
101.89
80.51
10.50
10.41
7.62
0.00
24.30
51.49
0.00
0.32
0.64
1.67
1.79
1.95
2.24
2.00
1.98
2.31
1.57
45.71
102.51
102.11
102.31
102.58
102.25
80.47
10.71
10.01
7.39
0.00
24.24
49.48
1.40
0.84
0.65
0.63
1.91
1.40
1.54
2.08
2.08
1.93
1.51
44.26
102.38
101.38
101.22
101.61
101.87
78.17
0.00
0.00
0.00
0.00
24.27
47.96
0.00
0.01
0.86
1.53
1.74
1.71
1.93
2.02
2.05
2.14
1.94
44.06
101.70
101.42
102.14
101.60
101.43
77.89
0.00
0.06
0.07
0.00
24.34
44.68
1.46
0.94
0.33
0.87
1.38
1.31
1.45
1.27
1.11
1.22
0.98
41.66
100.81
102.05
101.93
102.48
52.96
0.08
0.00
0.00
0.00
0.00
17.30
101.97
101.33
101.74
101.35
101.53
101.11
101.17
101.07
101.18
101.03
101.24
101.31
99.65
101.42
101.34
101.20
101.04
52.15
0.00
0.00
0.00
0.00
0.00
0.00
0.00
0.00
0.01
0.02
0.14
0.26
0.40
0.41
0.40
0.37
0.65
0.38
37.97
101.44
101.00
100.87
100.98
101.14
77.36
0.00
0.00
0.00
0.00
24.21
39.31
0.01
0.13
0.60
1.18
1.94
1.85
1.64
1.69
1.87
1.94
1.93
38.72
100.77
100.53
100.66
100.80
101.49
77.89
0.04
0.00
0.00
0.00
24.16
35.82
0.01
0.26
0.79
1.47
1.52
2.13
1.52
1.32
1.86
1.96
1.85
37.03
102.11
101.68
101.49
101.94
102.09
78.68
0.07
0.01
0.00
0.00
24.30
34.42
0.00
0.08
0.39
0.78
0.70
1.07
1.01
1.33
1.30
1.33
1.20
35.44
103.32
103.13
102.67
102.24
102.25
78.34
0.00
0.00
0.00
0.00
24.27
32.65
0.00
0.16
0.29
0.67
0.63
0.87
1.41
1.10
1.35
1.47
1.08
35.33
103.03
102.63
102.49
102.18
101.91
78.61
0.07
0.02
0.00
0.00
24.14
30.71
0.00
0.00
0.27
0.56
0.72
0.70
0.79
0.98
0.85
1.16
0.65
33.31
103.13
102.77
102.52
102.01
52.69
0.01
0.00
0.00
0.00
0.00
0.00
0.00
0.00
0.01
0.12
0.13
0.16
0.48
0.40
0.72
0.60
0.79
0.61
31.27
101.59
101.26
101.03
101.33
52.19
0.00
0.00
0.00
0.00
0.00
0.00
0.00
0.00
0.01
0.04
0.22
0.80
0.67
0.69
0.37
0.76
1.07
0.98
29.81
101.63
101.37
101.49
101.89
102.13
78.27
0.02
0.00
0.00
0.00
24.21
23.90
0.01
0.16
0.33
0.76
1.31
1.65
1.91
1.83
1.69
1.52
1.63
30.56
102.68
102.51
102.10
101.53
101.79
78.24
0.01
0.00
0.00
0.00
24.19
22.19
0.03
0.10
0.38
1.09
1.30
1.65
1.55
1.37
1.69
1.31
0.84
28.42
103.28
102.70
102.49
102.56
102.17
78.17
0.00
0.00
0.00
0.00
24.32
18.90
0.00
0.15
0.46
0.84
0.76
1.20
1.53
1.61
1.45
1.49
1.52
27.26
102.40
101.84
101.72
101.87
101.76
78.05
0.00
0.00
0.00
0.00
24.24
17.15
0.05
0.20
0.34
0.97
1.38
1.36
1.50
1.17
1.95
1.41
1.71
25.21
101.54
100.88
100.91
101.16
101.04
77.83
0.01
0.00
0.00
0.00
24.18
15.41
0.02
0.30
0.57
0.69
1.37
1.43
1.34
1.31
1.32
1.15
0.76
24.19
100.54
100.53
100.79
100.89
52.25
0.10
0.00
0.00
0.00
0.00
0.00
0.00
0.00
0.03
0.07
82.32
100.84
100.75
100.71
100.72
100.76
100.88
101.03
101.16
101.15
100.83
100.67
101.21
52.46
0.05
0.00
0.00
0.00
0.00
0.00
0.00
0.00
0.01
0.10
0.15
0.27
0.33
0.24
0.48
0.41
0.50
0.42
21.14
102.12
101.88
101.99
101.78
101.00
77.57
0.00
0.00
0.00
0.00
24.15
10.25
0.00
0.12
0.50
0.91
1.12
1.22
1.59
1.43
1.48
1.74
1.60
22.02
101.81
101.55
101.45
101.47
101.46
78.12
0.02
0.00
0.00
0.00
24.16
8.53
0.10
0.28
0.62
1.35
1.57
1.36
1.37
1.21
1.60
1.84
1.38
20.00
102.44
102.03
102.06
101.57
101.40
78.17
0.32
0.00
0.00
0.00
24.19
5.14
0.03
0.11
0.92
1.04
1.58
1.43
1.74
1.93
1.58
1.69
1.74
18.68
101.61
100.93
100.83
100.47
101.22
78.03
0.46
0.02
0.00
0.00
24.15
3.42
0.07
0.26
0.72
1.59
1.67
1.29
1.36
1.66
1.76
1.97
2.14
16.90
100.91
100.12
100.03
100.34
101.27
77.59
0.09
0.05
0.01
0.00
24.19
1.72
0.05
0.22
0.57
0.75
0.98
1.12
1.48
1.29
1.54
1.37
0.72
16.07
101.54
101.12
101.14
101.16
52.26
0.16
0.02
0.02
0.00
0.00
0.00
0.01
0.01
0.03
0.09
0.43
0.55
0.66
0.82
0.49
0.42
0.63
0.47
14.00
101.48
100.81
100.81
100.83
52.08
0.17
0.00
0.00
0.00
0.00
0.00
0.00
0.01
0.01
0.05
0.27
0.40
0.61
0.72
0.68
0.50
0.72
0.59
12.45
101.49
100.90
101.01
101.37
101.50
77.95
0.08
0.07
0.02
0.00
20.72
0.02
0.04
0.18
0.67
0.50
0.92
1.04
0.90
1.12
0.93
1.05
1.09
1.34
1.39
0.83
0.44
0.39
0.37
0.20
0.00
0.00
0.00
0.00
0.00
0.00
0.00
0.03
0.11
0.23
0.59
0.73
1.12
1.34
0.88
1.00
1.04
0.94
1.07
0.71
0.72
0.53
0.34
0.35
0.03
0.01
0.02
0.00
0.00
0.00
0.05
0.13
0.35
0.89
0.97
0.79
1.06
1.15
1.04
0.97
1.23
0.90
0.76
0.92
0.84
0.71
0.33
0.02
0.01
0.00
0.00
0.00
0.00
0.00
0.02
0.12
0.51
0.74
1.07
0.77
0.81
0.88
1.28
1.18
1.37
0.88
0.45
0.42
0.60
0.33
0.37
0.05
0.00
0.00
0.00
0.00
0.00
0.00
0.02
0.03
0.22
0.33
0.46
0.50
0.69
0.88
0.71
0.80
0.62
0.32
0.29
0.26
0.31
0.14
0.10
2.73
10.25
11.30
10.09
11.68
3.24
0.00
0.00
0.02
0.05
0.18
0.22
0.22
0.20
0.29
0.27
0.24
0.10
0.23
0.06
0.05
0.06
0.04
0.02
2.76
9.91
10.58
9.74
11.34
3.21
0.00
0.00
0.01
0.10
0.03
0.06
0.09
0.10
0.05
0.09
0.03
0.12
0.12
0.06
0.10
0.02
0.01
0.00
2.44
9.78
10.65
9.33
10.89
5.03
0.93
1.39
0.72
0.03
0.05
0.06
0.13
0.16
0.18
0.16
0.22
0.10
0.06
0.10
0.04
0.04
0.00
0.01
0.00
0.00
0.00
0.00
0.00
0.00
0.00
0.00
0.00
0.00
0.01
0.02
0.03
0.02
0.09
0.03
0.10
0.04
0.11
0.02
0.02
0.01
2.22
10.01
11.29
9.76
10.27
0.51
0.00
0.00
0.00
1.22
0.70
0.02
0.03
2.01
0.07
0.13
0.10
0.17
0.08
0.03
0.01
0.02
0.00
0.00
2.26
10.01
11.38
10.13
10.12
0.45
0.00
0.00
0.00
0.03
0.01
0.05
0.13
0.11
0.09
0.15
0.06
0.12
0.15
0.06
0.06
0.03
0.02
0.02
0.00
0.00
0.03
0.00
1.99
0.03
0.00
0.00
0.00
1.52
0.74
0.02
0.10
0.12
0.16
0.25
0.24
0.16
0.00
0.00
0.00
0.00
0.00
0.00
0.00
0.00
0.00
0.00
0.00
0.00
0.00
0.00
0.00
0.00
0.00
0.00
0.00
0.00
0.00
0.00
0.00
0.09
0.05
0.02
0.01
0.01
0.03
0.00
2.94
11.12
11.77
10.37
9.88
0.38
0.00
0.00
0.00
0.00
0.00
0.00
0.01
0.02
0.01
0.03
0.04
0.13
0.02
0.04
0.02
0.02
0.07
0.01
2.43
10.54
11.42
10.27
10.48
0.57
0.06
0.00
1.21
2.38
0.28
0.41
0.16
0.15
0.04
0.51
0.06
0.15
0.14
0.07
0.00
0.00
0.00
0.00
2.23
10.42
11.57
10.40
10.65
0.51
0.00
0.00
0.00
0.01
0.02
0.05
0.10
0.14
0.03
0.07
0.13
0.13
0.19
0.06
0.05
0.10
0.19
0.02
0.05
0.04
0.04
0.00
2.02
0.08
0.00
0.01
0.00
1.42
0.77
0.16
0.13
0.22
0.13
0.20
0.20
0.15
0.16
0.07
0.10
0.07
0.08
0.02
2.50
9.82
11.42
10.21
10.18
0.42
0.00
0.00
0.01
0.01
0.05
0.06
0.08
0.12
0.20
0.14
0.10
0.16
0.13
0.21
0.09
0.02
0.11
0.02
0.01
0.01
0.03
0.00
0.08
0.00
0.00
0.00
0.00
1.39
0.70
0.03
0.01
0.03
0.05
0.12
0.17
0.09
0.09
0.03
0.03
0.03
0.03
0.00
2.14
10.47
11.62
9.95
10.38
0.48
0.00
0.00
0.00
0.00
0.00
0.01
0.02
0.05
0.06
0.08
0.04
0.05
0.04
0.03
0.04
0.04
0.02
0.01
2.34
10.33
11.08
10.12
9.95
0.50
0.00
0.00
0.00
0.00
0.01
0.01
0.03
0.10
0.02
0.01
0.04
0.04
0.02
0.02
0.01
0.00
0.01
0.01
2.25
10.01
11.53
10.03
10.00
0.52
0.00
0.00
0.00
1.24
0.75
0.02
0.01
0.02
0.02
0.03
0.05
0.05
0.03
0.01
0.02
0.03
0.01
0.00
2.34
9.94
11.21
9.69
10.19
0.46
0.00
0.00
0.00
0.00
0.01
0.01
1.08
0.02
0.01
0.08
0.07
0.14
0.12
0.21
0.18
0.06
0.02
0.03
0.01
0.01
0.00
0.00
1.78
0.00
0.00
0.00
0.00
1.41
0.74
0.10
0.08
0.10
0.08
0.14
0.11
0.29
0.13
0.05
0.14
0.11
0.02
0.02
2.30
10.01
11.76
9.99
9.93
0.08
0.00
0.00
0.00
0.00
0.01
1.11
0.03
0.01
0.05
0.15
0.16
0.10
0.06
0.19
0.12
0.07
0.03
0.02
0.01
0.01
0.00
0.00
1.81
0.00
0.00
0.00
0.00
1.46
0.80
0.17
0.25
0.27
0.27
0.42
0.51
0.46
0.30
0.15
0.13
0.10
0.07
0.09
2.88
10.52
11.73
9.86
9.49
0.00
0.00
0.00
0.00
0.02
0.01
0.05
0.06
0.08
0.10
0.13
0.08
0.09
0.18
0.11
0.16
0.13
0.09
0.03
3.07
10.76
11.91
9.99
9.81
0.00
0.00
0.00
0.00
0.03
0.01
0.03
0.03
0.08
0.06
0.07
0.16
0.09
0.13
0.09
0.06
0.07
0.07
0.02
2.69
10.47
11.57
10.57
10.76
0.00
0.00
0.00
0.00
1.31
0.54
0.00
0.01
0.01
0.02
0.03
0.02
0.09
0.05
0.05
0.10
0.06
0.02
0.01
0.00
0.00
0.00
0.00
0.00
0.00
0.00
0.00
0.00
0.01
0.09
0.05
0.19
0.15
0.26
0.25
0.20
0.24
0.27
0.26
0.20
0.12
0.16
0.03
0.07
0.02
0.01
0.00
0.00
0.00
0.00
0.00
0.00
1.51
0.80
0.18
0.28
0.35
0.33
0.26
0.43
0.40
0.31
0.31
0.21
0.16
0.16
0.05
0.05
0.04
0.05
0.00
0.00
0.00
0.00
0.00
0.03
0.04
0.14
0.24
3.08
13.24
11.72
3.91
0.54
9.16
12.59
12.88
11.14
10.77
13.01
10.68
10.80
12.36
12.17
9.20
11.33
10.69
10.17
11.03
11.90
10.45
6.41
0.31
0.38
1.25
0.34
0.60
0.36
0.29
0.27
0.27
0.23
0.13
0.12
0.10
0.08
0.07
0.02
0.05
0.00
0.00
0.00
0.01
0.01
0.02
0.07
0.11
0.12
0.15
0.20
0.11
0.19
0.11
0.11
0.15
0.12
0.11
7.32
9.50
0.06
8.49
3.77
0.01
0.00
7.87
3.40
0.00
0.01
7.90
3.52
0.05
0.08
7.93
4.76
0.36
0.17
8.86
4.22
0.19
0.28
2.83
10.52
0.05
2.76
11.09
10.66
4.24
2.10
7.10
3.95
0.01
0.03
8.29
5.65
1.03
0.49
2.95
9.44
0.47
0.32
8.26
1.83
0.45
0.39
2.73
7.26
0.09
0.29
7.81
0.49
0.01
0.02
7.12
0.35
0.04
0.03
8.01
0.54
0.28
1.57
5.47
9.78
10.69
6.19
5.77
5.29
0.36
0.26
2.68
7.85
0.09
0.19
4.96
4.80
0.02
2.15
4.86
4.76
0.02
0.13
6.88
6.24
0.86
0.21
6.10
5.24
0.36
0.63
5.76
5.05
0.59
0.33
5.22
4.87
0.06
0.12
4.99
4.71
0.02
0.01
4.75
4.57
0.04
0.07
5.81
4.78
0.55
1.39
5.68
5.77
0.46
0.57
6.05
5.14
0.45
0.38
5.81
5.22
0.10
0.05
4.98
4.76
0.06
2.13
4.83
4.74
0.05
0.06
6.57
6.47
0.22
1.59
5.44
5.50
2.15
0.36
4.30
5.35
0.37
0.33
4.10
5.06
0.09
0.12
3.79
4.54
0.05
0.01
3.45
4.42
0.01
0.01
3.58
4.39
0.09
0.12
3.83
4.71
0.26
0.29
4.22
5.19
0.23
0.14
3.95
4.97
0.03
0.02
3.81
4.42
0.01
0.00
3.47
4.63
0.00
0.00
3.39
4.34
0.10
0.11
3.85
5.16
0.20
0.14
4.19
5.19
0.19
0.25
3.90
4.84
0.11
0.05
3.70
4.56
0.03
2.11
4.95
4.53
0.01
0.66
4.60
6.04
0.22
0.49
4.33
5.37
1.04
0.51
4.26
5.29
0.73
0.99
4.13
5.00
0.14
0.15
3.91
4.65
0.01
0.01
3.43
4.55
0.05
0.10
3.90
8.18
0.77
0.61
1.76
7.83
0.78
0.68
1.93
4.13
4.38
0.41
1.68
3.83
0.30
0.37
1.36
6.95
0.01
2.17
2.73
3.45
0.04
0.05
5.67
4.71
0.42
0.39
1.64
7.77
0.61
0.63
2.02
4.40
4.34
0.34
1.49
4.06
0.34
0.31
1.35
7.39
0.01
0.01
1.05
3.53
0.14
0.08
5.17
3.72
0.53
0.48
1.81
4.27
0.60
0.67
5.17
0.61
4.64
0.57
1.56
3.94
0.28
0.34
1.42
3.89
0.02
0.09
1.51
0.00
3.84
0.03
5.57
1.40
0.27
0.73
1.68
4.46
0.78
0.75
4.91
0.67
4.24
0.21
1.59
3.83
0.08
0.09
1.26
3.94
0.01
0.00
1.18
0.00
3.79
0.02
4.84
0.05
0.07
0.15
1.38
3.81
0.21
0.23
4.69
0.42
4.08
0.27
1.53
3.70
0.11
0.04
1.24
3.77
0.01
0.01
1.15
0.01
3.65
0.01
4.99
0.04
0.06
0.12
1.38
3.81
0.26
0.31
4.63
0.26
4.35
0.25
1.44
3.79
0.14
0.06
1.27
3.84
0.00
0.09
1.10
0.00
3.84
0.03
5.66
1.39
0.43
0.40
1.73
4.23
0.55
0.65
5.03
0.65
4.35
0.39
1.63
4.05
0.08
0.14
0.11
0.02
0.01
0.01
0.00
0.00
0.03
0.07
5.16
0.13
0.31
0.44
1.77
4.03
0.56
0.58
4.80
0.56
4.44
0.66
1.76
4.11
0.20
0.17
0.19
0.05
0.02
0.01
0.01
0.00
0.01
0.16
5.72
1.27
0.33
0.41
0.34
4.74
1.26
0.79
0.57
0.57
0.67
0.49
0.47
0.30
9.34
11.42
11.57
11.72
5.09
0.01
0.02
0.01
0.04
0.02
0.12
0.15
2.89
1.43
2.69
0.55
0.43
0.44
0.89
0.73
0.46
0.29
0.25
0.35
0.09
0.11
0.11
0.02
0.00
0.01
0.00
0.00
0.03
0.05
0.12
0.18
0.26
0.36
0.50
0.70
0.43
0.60
0.52
0.49
0.44
2.22
0.25
0.14
9.57
11.69
11.44
11.71
5.59
0.00
0.01
0.01
0.03
0.05
0.11
0.10
0.10
0.09
0.14
0.12
0.21
0.30
0.27
0.23
0.19
0.17
0.30
0.18
0.13
0.06
0.07
0.01
0.00
0.01
0.00
0.00
0.01
0.01
0.02
0.02
0.06
0.13
0.10
0.13
0.21
0.21
0.10
0.13
0.09
0.15
0.10
0.15
9.26
11.53
10.80
11.67
5.78
0.01
0.00
0.00
0.01
0.02
0.04
0.11
0.29
0.36
0.40
0.43
2.92
0.36
0.52
0.43
0.36
0.33
0.30
0.23
9.13
11.66
11.85
12.36
6.42
0.00
0.00
0.00
0.04
0.04
0.10
0.20
0.25
0.59
0.38
0.53
1.99
0.55
0.59
0.60
0.43
0.41
0.29
0.25
9.16
11.59
11.45
12.30
6.36
0.10
0.10
0.00
0.03
0.05
0.18
0.12
0.27
2.54
0.44
0.48
0.70
0.56
0.49
0.50
0.62
0.41
0.38
0.32
9.05
11.38
11.11
11.56
6.41
0.01
0.01
0.01
0.03
0.06
0.08
0.25
0.39
0.46
0.49
0.75
4.30
0.53
0.69
0.62
0.58
0.37
0.25
0.21
0.20
0.08
0.13
0.07
0.01
0.43
0.03
0.00
0.05
0.05
0.04
0.06
0.28
1.85
12.36
14.02
13.59
2.47
0.66
0.64
0.65
0.44
0.55
0.45
9.24
11.94
11.43
11.76
7.03
0.01
0.03
0.01
0.05
0.10
0.21
0.09
0.14
0.50
0.55
0.85
0.81
0.86
0.89
0.71
0.40
0.45
0.34
0.26
8.73
11.58
11.26
10.91
6.59
0.01
0.00
0.01
0.03
0.03
0.03
0.05
0.06
0.11
0.13
0.27
0.21
0.35
0.34
0.13
0.33
0.40
0.33
0.10
8.82
11.74
10.96
11.50
6.06
0.01
0.02
0.02
0.04
0.07
0.07
0.28
0.50
4.10
1.93
1.33
0.72
0.60
0.42
0.35
0.59
0.33
0.33
0.24
8.93
11.46
11.36
11.33
6.51
0.01
0.01
0.02
0.06
0.20
0.10
0.20
0.39
0.57
0.58
0.94
0.79
0.53
0.49
0.73
0.50
0.43
0.39
0.21
9.18
11.73
11.66
11.66
6.63
0.16
0.01
0.01
0.05
0.12
0.17
0.20
0.22
0.42
0.38
0.75
0.63
0.53
0.58
0.43
0.35
0.33
0.24
0.12
9.15
12.10
11.68
11.79
6.69
0.00
0.00
0.01
0.04
0.03
0.56
0.05
0.07
0.05
0.04
0.06
0.12
0.58
0.62
0.15
0.08
0.20
0.09
0.08
0.13
0.11
0.09
0.03
0.03
0.28
0.16
0.01
0.08
0.03
0.80
0.42
0.76
0.37
0.34
2.83
0.45
0.28
0.38
0.33
0.36
0.21
0.14
0.13
10.01
12.87
11.63
11.50
9.76
1.80
0.63
1.97
1.28
0.03
0.04
0.06
0.12
0.11
0.12
0.16
0.33
0.26
0.15
0.16
0.15
0.26
3.82
0.07
9.69
12.48
11.57
11.94
9.67
0.00
0.02
0.01
0.02
0.04
1.29
1.39
1.54
3.96
0.22
0.26
0.16
0.19
0.19
0.12
0.20
0.09
0.20
0.08
9.43
12.41
11.34
11.81
9.95
1.96
0.79
1.93
0.56
0.02
0.09
0.15
0.28
0.27
0.29
0.41
1.11
1.08
0.67
0.59
0.93
0.88
0.19
0.73
9.87
12.33
11.63
12.17
9.98
0.01
0.01
0.00
1.22
0.34
0.31
1.23
0.34
0.92
1.17
0.71
0.63
0.46
1.22
0.72
0.53
0.42
1.30
0.31
9.26
11.61
11.79
12.44
6.56
2.94
1.66
3.03
2.27
1.16
0.07
1.04
0.65
0.78
1.73
1.56
2.24
1.20
0.67
0.62
3.78
1.20
0.37
0.48
9.76
12.54
11.67
12.08
10.22
0.01
0.02
1.18
1.79
1.84
1.84
1.86
1.84
1.93
1.93
2.05
3.00
1.90
1.90
0.55
3.70
1.86
1.03
0.23
0.32
1.88
1.22
0.05
0.01
2.92
1.66
2.92
2.67
1.84
1.84
1.86
1.90
1.92
1.89
1.94
1.88
1.89
1.92
1.91
4.11
1.88
1.86
1.87
9.91
12.54
11.72
12.29
9.96
2.73
2.30
3.02
2.55
1.84
1.84
1.85
1.88
1.88
1.88
1.88
1.86
1.87
3.65
1.52
3.86
1.83
1.86
1.85
10.10
12.39
11.24
11.76
10.13
0.01
0.01
1.12
1.81
1.85
1.85
1.87
1.87
1.88
1.89
1.93
1.89
3.16
1.87
1.88
4.16
1.85
1.91
1.88
9.84
11.99
11.47
11.35
9.48
2.57
1.84
3.02
2.76
1.86
1.86
1.93
1.96
1.92
1.93
2.00
1.99
1.92
1.90
1.90
3.45
1.82
1.90
1.88
1.88
1.89
1.89
1.82
1.70
1.75
1.64
1.37
1.79
1.86
1.85
1.87
1.88
1.88
1.91
2.01
1.96
1.88
1.90
1.93
3.67
1.43
1.89
1.88
9.60
11.99
11.37
11.92
9.71
2.52
1.80
2.82
2.55
1.86
1.87
1.90
1.95
1.89
1.91
2.11
1.94
1.94
1.90
1.91
4.06
1.81
1.88
1.89
9.90
12.41
11.21
11.63
9.53
0.01
0.01
0.92
1.71
1.84
1.86
0.94
1.90
1.88
1.91
1.90
1.93
1.91
1.92
1.89
3.70
1.77
1.89
1.89
1.86
1.88
1.96
1.80
1.74
3.24
1.83
2.84
2.66
1.85
1.86
1.83
1.90
1.93
1.93
1.94
1.92
1.93
1.94
1.90
3.67
1.42
1.89
1.88
9.66
12.43
11.55
11.60
9.37
2.65
1.32
2.79
2.44
1.86
1.85
1.89
1.90
1.92
1.93
2.01
1.96
1.92
1.89
1.85
3.91
1.80
1.86
1.88
10.08
12.45
11.45
11.67
9.40
0.01
0.01
0.00
1.20
1.85
1.85
1.86
1.87
1.88
1.88
1.89
1.88
1.87
1.85
1.86
3.77
1.42
1.87
1.87
9.98
12.60
11.60
12.17
10.04
2.64
2.31
2.92
2.52
1.88
1.88
1.89
1.91
1.92
1.92
1.94
1.92
1.92
1.92
1.92
4.02
1.87
1.89
1.91
1.88
1.88
1.92
1.84
1.73
1.76
1.73
1.73
1.83
1.87
1.87
0.29
0.20
0.38
0.42
0.71
0.73
0.63
0.93
0.51
3.72
0.34
0.26
0.29
9.62
12.27
11.46
11.88
9.99
1.93
0.72
1.83
0.79
0.06
0.12
0.15
0.19
0.21
0.22
0.61
0.43
0.72
0.56
0.75
3.66
0.35
0.28
0.32
9.58
12.40
11.30
11.96
10.04
0.01
0.01
0.00
0.13
0.07
0.21
0.33
0.43
0.46
0.42
0.92
0.80
0.60
0.75
0.88
0.52
0.34
0.36
0.32
0.22
0.27
0.22
0.06
0.02
1.77
0.98
1.85
1.25
0.17
0.14
0.20
0.29
0.47
0.54
0.38
0.34
0.29
0.34
0.51
2.14
0.20
0.21
0.27
9.50
12.44
11.70
12.02
10.07
1.91
0.68
1.94
2.66
0.06
0.05
0.09
0.15
0.19
0.23
0.40
0.17
0.21
0.23
0.12
2.13
0.06
0.08
0.09
9.70
12.42
11.65
11.97
10.07
0.01
0.00
0.01
1.61
0.02
0.03
0.04
0.12
0.17
0.18
0.18
0.29
0.24
0.22
0.34
2.09
0.16
0.15
0.11
9.57
12.51
11.38
11.84
10.00
1.73
0.72
1.77
2.65
0.09
0.18
0.20
0.26
0.32
0.49
0.54
0.41
0.47
0.54
0.46
2.40
0.26
0.19
0.32
0.18
0.12
0.13
0.04
0.01
0.01
0.01
0.03
1.64
0.07
0.08
0.17
0.42
0.44
0.49
0.61
8.06
0.47
0.64
0.53
1.81
0.35
0.16
0.14
9.27
12.13
11.34
11.92
9.97
1.85
0.79
1.84
2.57
0.10
0.07
0.19
0.27
1.94
0.25
1.54
0.25
0.40
0.42
0.34
2.12
0.49
0.40
0.29
9.63
12.52
11.46
11.45
9.58
0.01
0.01
0.01
1.68
0.07
0.08
0.17
0.32
0.28
0.33
0.49
0.83
0.34
0.41
0.34
2.30
0.22
0.26
0.26
0.12
0.11
0.12
0.05
0.02
1.90
0.88
1.69
2.74
0.08
0.14
0.28
0.35
0.48
0.58
0.58
0.65
0.48
0.60
0.98
2.46
0.25
0.17
0.22
9.75
12.53
11.62
11.86
9.33
1.59
0.73
1.71
2.61
0.04
0.09
0.09
0.13
0.32
0.37
0.57
0.37
0.56
0.45
0.24
2.19
0.15
0.18
0.07
9.49
11.96
10.94
11.70
9.27
0.00
0.01
0.00
0.02
0.02
0.03
0.12
0.10
0.36
0.25
0.55
0.31
0.23
0.18
0.19
0.18
0.14
0.16
0.07
9.83
12.64
11.63
11.98
9.68
1.92
0.79
1.89
1.25
0.08
0.21
0.23
0.63
0.69
0.74
0.60
0.60
0.48
0.41
0.33
0.25
0.21
0.20
0.17
0.06
0.07
0.08
0.02
0.01
0.03
0.01
0.01
0.06
0.10
0.14
0.18
0.33
0.34
0.32
0.48
0.43
0.33
0.50
0.41
0.41
0.26
0.35
0.15
9.40
12.44
11.82
11.98
9.51
1.88
0.67
1.83
1.11
0.12
0.12
0.32
0.45
1.93
0.54
0.52
0.55
0.36
0.45
0.27
0.32
0.20
0.15
0.09
0.09
0.18
0.11
0.02
0.01
0.00
0.02
0.01
0.04
0.07
0.14
0.16
0.35
0.52
0.64
0.44
0.43
0.38
0.48
0.41
0.38
0.29
0.18
0.15
0.08
0.29
0.07
0.10
0.02
1.87
0.77
1.90
1.29
0.09
0.16
0.27
0.32
0.47
0.41
0.41
0.28
0.37
0.39
0.33
0.45
0.25
0.14
0.16
0.11
0.13
0.01
2.96
12.89
10.95
12.02
5.80
2.25
4.58
1.44
1.20
1.33
1.52
1.53
1.53
1.73
1.66
1.68
1.58
1.41
1.00
0.74
0.76
0.72
0.61
0.49
3.19
12.76
11.05
11.52
3.85
0.55
0.47
0.64
0.78
1.14
1.36
1.45
1.50
1.48
1.47
1.48
1.60
1.56
1.59
1.57
1.13
1.34
1.40
1.30
3.31
12.66
10.65
11.58
5.87
2.57
5.07
1.77
1.34
1.60
1.73
1.82
1.87
1.84
1.84
1.80
1.74
1.80
1.66
1.42
1.22
1.19
1.30
0.98
0.33
0.08
0.06
0.06
0.06
0.50
0.87
1.01
0.99
1.46
1.79
4.52
3.48
1.78
1.87
1.88
1.89
1.77
1.49
1.37
1.45
1.06
1.31
0.93
3.22
12.55
10.01
11.31
6.14
2.85
3.51
1.62
1.52
1.71
1.87
1.87
4.17
12.66
13.72
4.65
2.04
1.95
1.89
1.70
1.54
1.41
1.37
1.25
3.39
12.54
10.78
11.48
4.17
0.58
1.07
1.15
1.59
1.79
1.86
1.88
1.85
1.97
1.82
1.85
1.68
1.78
1.68
1.49
1.47
1.36
1.53
1.57
0.49
0.08
2.01
0.91
1.96
1.62
0.94
1.04
1.51
1.83
2.14
2.28
1.85
1.84
1.90
1.90
1.88
1.79
1.55
1.40
1.54
1.60
1.67
1.61
2.99
12.03
13.29
10.90
11.32
2.29
3.25
2.23
1.52
1.58
1.69
1.85
1.73
1.72
1.82
6.21
13.42
12.71
12.72
2.33
9.74
12.20
1.92
2.37
2.47
2.00
1.97
1.94
1.91
1.94
1.99
2.03
2.07
2.21
2.31
2.75
2.64
6.31
13.59
12.91
13.29
10.01
19.14
107.05
109.22
100.65
100.32
28.13
1.91
1.03
3.01
1.97
3.21
2.83
2.04
2.07
18.63
82.39
81.57
81.41
81.62
81.81
81.91
82.02
82.19
82.10
82.09
82.55
83.24
83.68
82.90
82.62
82.52
82.34
82.66
82.25
82.22
82.72
15.46
2.07
2.09
2.40
2.97
3.66
3.81
3.74
3.75
2.57
2.34
2.98
13.53
101.30
100.26
100.25
100.37
29.11
5.22
13.20
10.68
11.60
4.77
4.32
2.90
2.37
2.17
2.50
3.56
3.00
4.35
4.35
3.82
4.17
3.89
3.63
15.45
101.30
100.66
100.51
100.49
29.85
5.47
13.42
10.91
11.49
2.03
1.36
2.02
2.21
2.68
3.24
4.41
4.37
4.50
4.49
4.64
4.36
4.67
4.66
17.65
101.41
101.31
101.47
101.54
29.85
3.23
2.54
3.27
2.11
3.21
2.79
2.07
2.19
2.65
3.43
3.92
4.09
4.30
4.38
4.30
4.33
4.02
4.01
18.64
101.35
100.62
100.91
101.68
101.92
6.90
13.61
11.49
12.14
4.75
4.42
3.02
2.50
2.12
2.17
3.09
3.14
3.26
3.22
3.07
2.95
3.49
3.26
21.45
101.96
101.54
101.56
101.51
101.48
6.49
13.70
11.52
12.06
2.91
1.98
2.00
2.00
2.06
2.12
2.40
2.68
2.77
2.80
2.71
3.31
3.06
3.08
23.63
101.72
101.35
101.29
101.30
101.27
6.83
13.43
10.96
11.55
4.75
4.76
2.67
2.51
2.89
3.39
4.06
4.37
4.72
4.41
4.85
4.45
4.68
4.54
25.77
101.47
100.87
100.73
101.10
100.90
100.85
28.44
2.04
1.97
1.96
2.02
2.08
2.14
2.58
3.68
3.98
3.94
5.16
6.56
3.58
3.17
3.66
3.41
26.07
101.16
100.70
100.64
100.77
101.16
103.22
39.07
11.02
11.28
4.43
3.42
2.69
2.34
2.08
2.53
3.22
3.39
5.21
3.78
3.72
3.56
3.91
3.78
29.59
101.11
101.04
80.50
2.95
2.84
4.77
13.20
10.69
11.44
3.11
0.93
1.20
1.60
2.00
2.52
3.21
4.97
7.56
3.97
4.05
3.92
4.03
3.17
30.63
100.31
100.33
100.06
100.91
101.30
101.09
28.31
2.62
1.33
2.44
15.49
101.95
3.27
1.91
2.32
3.05
3.49
3.73
3.62
3.39
3.71
3.12
2.53
32.48
101.00
100.66
100.15
99.94
100.30
102.43
38.70
10.51
11.23
4.46
3.05
3.85
1.66
1.41
1.77
1.87
1.87
2.05
2.26
2.25
2.23
2.13
2.49
33.83
100.41
99.81
98.00
100.07
99.91
101.80
38.38
10.42
11.15
2.45
0.48
0.67
1.09
1.40
1.56
1.76
1.97
2.00
2.04
2.04
2.12
2.02
1.99
37.45
101.94
101.42
101.15
101.70
101.61
103.57
39.38
11.20
11.88
4.46
3.16
3.76
1.28
1.24
1.53
1.71
1.87
2.05
2.38
2.32
2.19
2.38
2.26
38.77
100.95
100.98
101.17
101.20
101.41
101.37
28.43
1.37
0.39
0.34
1.06
1.51
1.54
1.91
2.25
3.38
3.41
4.31
4.04
3.89
3.77
4.10
3.91
41.00
101.19
101.08
100.93
100.64
100.95
102.93
39.78
11.28
11.93
6.45
26.24
36.75
1.96
2.00
2.67
3.89
4.26
4.41
4.21
4.25
3.90
3.77
3.66
44.66
100.62
100.54
100.70
101.21
101.28
102.91
38.84
10.69
11.18
3.86
24.85
34.98
1.73
2.11
2.79
3.60
3.70
3.59
4.02
4.10
3.70
3.90
3.88
46.50
101.43
101.13
101.05
100.85
100.97
101.16
28.42
3.12
2.41
1.80
25.27
36.64
1.63
1.96
2.36
2.69
3.05
3.78
3.96
3.98
3.49
2.95
2.85
47.14
100.91
100.59
100.59
100.67
100.50
102.60
39.29
11.46
12.49
5.32
1.58
2.59
1.80
1.69
1.78
2.21
2.48
2.22
2.58
2.35
2.72
2.68
2.46
50.58
101.22
100.94
100.68
100.03
100.57
103.38
39.52
11.08
11.80
3.95
0.43
0.68
0.88
1.12
1.58
1.86
2.20
2.63
2.87
2.37
2.45
2.61
2.38
52.48
101.64
101.55
99.82
101.29
100.91
103.20
38.93
10.34
11.41
5.03
25.38
41.41
2.04
1.96
2.31
2.70
3.22
3.54
4.07
4.00
3.61
4.06
3.56
54.58
101.13
100.95
100.61
101.31
101.84
101.67
101.50
101.01
100.61
100.98
101.66
41.35
1.58
1.90
2.28
3.64
4.10
4.10
4.21
3.96
3.61
3.96
3.56
57.92
101.54
101.72
101.54
101.41
101.82
103.89
39.36
10.96
11.87
5.14
25.24
42.46
2.01
1.94
2.34
2.70
2.98
3.61
3.85
4.03
3.39
3.16
2.88
59.36
101.23
101.15
100.78
100.92
101.05
100.92
100.92
100.87
100.98
101.02
100.94
42.68
1.41
1.70
2.34
3.24
3.35
3.50
4.67
4.22
3.95
4.16
3.91
60.91
100.94
100.91
100.84
101.00
101.05
101.03
28.39
2.78
2.03
1.74
25.02
44.73
1.33
1.80
2.33
2.60
4.59
7.68
8.66
6.31
4.92
2.68
2.74
63.70
100.79
99.43
100.99
100.80
100.45
102.92
38.55
10.68
11.08
4.88
1.65
2.41
1.62
1.53
1.70
1.86
2.04
2.16
2.11
2.05
2.03
2.00
1.89
65.72
100.23
101.42
101.69
101.39
101.62
103.53
38.45
10.49
11.14
3.14
0.28
0.34
0.51
0.72
1.07
1.88
1.98
2.18
2.31
2.13
2.09
2.27
2.10
66.67
100.29
96.96
100.42
100.41
101.27
103.45
39.49
10.97
11.96
5.19
25.17
49.88
1.33
1.85
2.23
3.01
3.53
3.84
3.73
3.92
3.16
3.51
3.21
71.54
102.71
102.41
102.67
102.84
102.33
102.17
101.80
101.14
100.75
100.69
101.17
47.50
0.85
1.78
2.25
3.25
3.23
3.67
4.13
4.14
4.03
4.13
3.74
71.14
100.97
101.04
101.04
100.80
101.17
102.79
38.90
10.70
11.15
4.89
25.28
51.46
1.56
1.94
2.30
3.14
3.24
3.93
4.24
4.07
3.82
3.91
3.67
74.13
101.26
100.66
100.34
100.47
100.61
102.98
39.06
10.76
10.87
3.17
24.26
51.40
1.47
1.94
2.15
2.95
3.39
3.60
4.21
4.19
3.68
3.85
3.81
77.44
101.38
101.14
101.14
101.25
100.76
100.70
28.20
2.50
2.70
1.71
24.65
51.11
1.13
1.70
1.94
2.62
2.63
3.06
3.59
3.64
3.35
2.76
2.75
78.71
100.90
100.45
100.74
100.70
100.85
102.86
39.20
11.13
11.84
3.36
0.14
0.16
0.18
0.81
1.50
1.78
1.97
2.17
2.37
2.23
2.21
2.07
2.24
80.41
100.88
100.71
100.34
100.78
101.40
103.62
39.09
10.96
11.46
3.34
0.09
0.07
0.11
0.39
1.11
1.82
2.02
2.16
2.18
2.11
2.14
2.17
2.28
81.62
100.64
100.33
100.21
100.24
101.11
103.79
39.81
10.49
11.46
3.24
23.09
55.13
0.67
1.62
2.39
2.66
3.16
3.79
3.65
2.96
3.13
3.35
2.63
2.81
2.22
2.10
1.89
2.05
2.14
1.93
1.35
0.46
0.17
0.03
24.36
56.22
0.56
1.12
1.88
2.65
3.04
4.35
3.99
3.89
3.67
3.74
3.74
89.42
101.80
101.49
101.58
101.26
100.76
101.51
28.77
0.70
0.22
0.19
22.65
56.30
0.59
1.61
2.16
2.92
2.99
3.58
3.88
3.58
3.49
3.66
3.27
90.06
101.20
101.34
101.53
101.86
101.44
101.68
28.19
0.75
0.09
0.07
24.27
57.96
0.99
2.04
2.39
3.12
3.00
3.12
3.89
3.57
3.48
3.43
2.91
30.95
2.72
2.89
2.30
2.39
2.17
2.90
1.84
1.14
1.07
0.05
23.40
59.67
0.39
1.56
1.92
2.11
2.51
2.74
3.01
2.75
2.62
2.46
2.56
95.48
99.64
101.01
100.64
100.81
100.44
103.17
40.54
10.82
11.62
3.29
0.11
0.08
0.20
0.79
1.52
1.89
2.15
2.24
2.27
2.14
2.02
2.04
2.18
96.69
100.25
99.09
99.49
100.16
99.78
101.58
40.16
10.42
11.07
3.29
0.13
0.09
0.18
0.78
1.34
1.73
2.05
1.96
2.04
2.05
2.21
2.29
2.25
97.36
100.67
100.99
100.73
100.36
99.65
101.63
38.75
10.94
11.58
3.31
24.05
61.95
0.34
1.40
2.00
3.03
3.47
3.79
3.67
3.35
3.80
3.36
3.16
101.09
100.60
100.52
100.85
100.90
100.38
99.79
26.41
0.03
0.00
0.00
23.85
63.94
0.19
0.73
1.65
2.30
2.37
2.77
3.42
3.01
2.94
2.93
4.33
100.98
100.16
99.85
99.87
100.14
98.21
99.63
27.41
0.70
1.09
0.02
23.90
63.99
0.19
1.06
1.75
2.25
2.48
3.16
3.31
3.31
3.33
3.33
6.09
99.95
98.95
99.02
98.89
98.71
99.04
99.02
27.41
0.27
0.02
0.00
23.56
64.94
0.21
0.91
1.77
2.27
2.40
2.56
3.38
3.71
3.03
3.30
9.76
99.31
99.04
98.40
98.07
98.37
98.21
98.31
27.30
0.22
1.14
0.19
23.68
66.33
0.39
1.62
2.24
2.70
3.21
3.25
3.71
3.28
3.70
3.32
10.99
99.14
98.52
98.25
98.19
99.14
99.16
100.65
38.38
10.62
11.43
0.01
0.09
0.12
0.21
0.65
1.53
2.28
2.66
3.64
3.36
3.16
2.31
2.36
12.29
99.00
98.15
98.24
98.54
97.07
98.42
98.68
26.64
0.33
0.19
0.06
0.03
0.00
0.05
0.20
0.76
1.31
1.84
1.89
2.03
2.20
2.33
2.42
15.31
98.82
98.20
98.40
98.51
99.09
99.51
101.71
38.38
9.82
10.90
0.00
23.52
69.63
0.38
1.54
1.97
2.28
2.42
2.91
3.15
3.14
3.47
3.63
17.51
98.88
98.78
98.76
98.69
98.51
98.38
98.73
28.60
1.12
1.56
0.68
23.67
69.63
0.46
1.15
1.78
2.55
2.36
3.13
3.61
3.39
3.43
3.06
19.23
97.54
97.92
98.01
98.18
98.65
99.09
100.61
38.17
10.44
6.52
0.01
23.69
71.65
0.30
1.12
2.11
2.94
2.96
3.40
3.55
3.29
3.27
3.27
20.75
99.30
98.92
98.31
98.25
98.37
98.32
98.91
27.20
0.29
0.09
0.03
23.69
73.29
0.38
0.92
2.30
2.56
2.47
2.91
3.24
2.75
2.65
2.63
23.89
99.97
99.98
99.96
99.78
99.59
99.23
99.66
28.07
1.19
2.06
0.67
23.62
75.22
0.01
0.65
1.43
1.68
2.24
2.36
3.69
2.01
1.88
1.91
24.93
98.87
98.73
98.63
98.77
98.63
98.28
99.86
36.61
10.01
5.72
0.00
0.00
0.00
0.04
0.19
0.43
0.96
1.30
1.46
1.28
1.28
1.20
1.56
26.02
98.76
98.52
98.68
98.38
98.55
98.94
98.81
26.39
0.06
0.00
0.00
0.00
0.00
0.00
0.09
0.30
0.66
0.71
0.82
0.82
0.97
1.03
0.98
27.28
98.65
98.33
98.30
98.05
98.49
98.92
101.03
37.28
10.23
8.10
1.74
25.26
77.22
0.06
0.76
2.57
1.40
1.64
1.60
1.52
1.45
1.87
1.56
31.09
98.72
98.70
98.81
98.23
98.31
97.97
98.32
26.35
0.05
0.01
0.01
23.61
79.78
0.07
0.49
0.94
1.34
1.48
1.64
1.62
1.88
1.69
1.88
32.95
98.73
98.65
98.62
98.65
98.99
98.73
98.82
27.36
0.34
1.06
0.01
23.54
79.59
0.15
1.27
1.83
2.20
2.34
2.50
2.88
3.09
2.83
3.14
35.17
98.74
98.70
98.96
99.24
99.28
98.93
98.51
27.09
0.43
0.03
0.01
23.54
81.33
0.24
1.08
1.87
2.59
2.76
2.38
3.01
3.00
3.08
3.12
36.90
98.51
98.82
99.14
98.96
99.12
99.41
99.31
43.40
22.68
23.15
22.01
40.00
82.33
0.05
0.76
1.73
2.19
2.43
2.47
3.39
4.97
2.45
2.20
9.60
21.76
51.64
56.63
56.80
56.76
56.72
56.33
56.27
56.17
56.89
56.32
56.32
47.91
0.00
0.14
0.48
1.54
1.89
2.07
2.09
2.20
2.06
16.67
21.97
21.76
25.74
28.17
27.92
76.03
99.36
99.49
97.68
99.36
99.56
99.82
99.80
84.53
0.00
0.07
0.34
0.80
1.54
1.74
2.05
2.14
2.01
2.14
43.02
99.20
98.84
97.20
99.22
99.32
99.20
98.77
27.80
1.23
2.20
0.69
23.62
86.51
0.00
0.76
1.57
3.42
2.88
3.34
3.33
3.40
3.01
2.98
45.09
99.12
98.90
98.54
98.73
98.87
98.95
101.62
37.32
9.80
5.55
0.00
23.61
88.38
0.01
0.95
2.06
2.46
2.80
2.63
3.38
3.11
3.14
3.32
46.79
99.32
99.23
99.29
99.16
99.23
99.24
101.41
40.67
10.55
6.00
0.00
23.59
89.39
0.00
0.91
1.69
2.56
2.43
2.65
3.09
3.09
3.42
3.17
48.19
98.83
98.85
98.78
98.86
99.37
99.76
99.16
26.58
0.04
0.00
0.00
23.56
91.21
0.01
0.69
1.74
2.23
2.08
2.96
3.05
2.43
2.56
2.58
50.05
100.46
100.50
100.27
100.18
99.80
100.09
100.16
28.80
1.14
1.91
0.64
23.65
91.82
0.00
0.38
1.09
2.34
2.45
2.45
2.68
2.50
2.38
2.11
51.04
98.97
98.82
98.58
98.67
98.49
98.88
101.10
36.82
10.73
5.96
0.00
0.00
0.00
0.00
0.11
0.31
0.99
1.67
1.90
2.23
2.12
2.06
1.90
52.58
98.65
98.39
98.18
98.79
99.09
99.47
99.49
26.54
0.02
0.00
0.00
0.00
0.00
0.00
0.02
0.16
1.33
1.75
1.78
1.84
1.95
2.11
1.92
54.08
99.36
99.77
99.80
100.01
100.01
99.91
101.98
38.45
11.08
8.70
1.46
25.43
97.52
0.01
0.28
0.96
1.68
2.01
2.07
2.03
2.35
2.43
2.52
56.42
99.86
99.62
99.36
99.23
98.11
99.16
99.15
26.59
0.04
0.00
0.00
23.81
98.31
0.01
0.03
0.90
1.55
1.74
2.10
2.58
2.21
2.73
2.57
56.55
100.08
99.26
98.73
98.76
99.20
99.31
101.97
37.70
10.61
6.04
0.00
23.57
100.42
0.00
0.07
0.09
0.46
1.77
2.01
2.21
2.02
2.26
2.12
59.74
100.06
100.24
100.63
100.74
100.52
100.64
99.06
26.83
0.02
0.00
0.00
23.80
101.01
1.68
0.01
0.41
1.83
1.71
1.95
2.42
2.13
2.50
2.34
61.11
99.32
97.23
99.27
99.44
99.35
99.23
99.46
26.43
0.02
0.00
0.00
23.73
99.93
1.67
0.07
0.89
1.33
1.69
2.21
2.31
2.19
2.20
2.13
62.39
98.86
98.75
98.95
99.57
99.51
99.53
99.50
26.50
0.02
0.00
0.00
0.00
0.00
0.00
0.05
0.20
0.64
1.33
1.48
1.78
1.81
1.95
1.85
63.61
98.43
97.16
99.06
98.51
98.68
98.89
99.25
26.52
0.05
0.00
0.00
0.00
0.00
0.00
0.03
0.16
0.83
1.24
1.43
1.75
1.95
1.73
1.83
65.23
98.32
98.67
98.84
98.85
99.29
99.40
99.36
26.57
0.00
0.00
0.00
23.66
100.06
6.67
0.43
0.80
1.50
2.13
2.65
2.44
2.89
2.88
2.68
67.31
98.91
98.90
99.01
99.14
98.32
98.80
99.06
26.50
0.00
0.02
0.00
23.50
99.60
8.28
0.36
1.22
2.22
2.48
2.81
3.47
3.93
3.07
3.04
69.03
98.54
98.73
98.98
98.75
98.71
96.84
100.86
36.87
11.09
7.56
0.00
23.57
99.45
9.87
0.48
1.77
2.23
2.86
3.07
3.43
3.04
3.14
3.21
70.82
98.69
98.54
98.75
98.93
98.88
99.01
98.79
26.87
0.05
0.03
0.00
23.57
99.82
11.62
0.67
1.50
2.82
2.60
3.15
3.38
3.57
3.62
3.54
70.94
99.08
99.10
99.28
99.39
99.56
99.58
99.51
28.70
1.44
1.74
0.00
23.67
100.00
13.58
0.80
1.49
5.50
96.48
98.67
98.37
98.35
98.61
98.63
98.62
98.52
98.78
98.98
99.44
99.55
99.34
99.18
99.16
99.01
99.31
98.71
98.33
99.05
32.39
26.72
26.77
26.88
25.30
8.42
1.66
1.53
1.52
1.74
72.54
97.24
96.96
97.34
98.02
97.92
97.83
98.08
26.02
0.00
0.03
0.00
0.00
0.00
0.00
0.11
0.78
1.40
1.76
1.86
2.12
2.08
1.93
2.11
72.70
97.68
97.69
97.66
97.85
97.56
97.31
99.40
35.95
10.84
7.67
1.19
24.02
98.29
16.39
0.35
0.70
1.62
1.68
1.88
2.19
2.16
2.15
2.46
74.63
98.10
98.01
97.86
97.49
98.19
97.56
97.08
25.98
0.03
0.03
0.00
23.29
98.48
18.02
0.54
1.68
2.59
2.74
3.08
3.53
3.66
3.57
3.65
76.72
98.53
98.17
98.33
98.33
98.29
98.37
100.56
36.64
10.86
4.69
0.00
23.40
98.48
19.64
0.30
1.54
1.92
2.31
3.02
3.34
3.32
3.21
3.28
76.55
97.91
97.65
97.55
98.00
98.14
98.08
98.36
26.73
0.16
0.03
0.00
23.40
98.77
21.41
0.17
1.78
2.37
2.30
2.72
3.36
3.70
3.47
3.84
77.94
97.65
97.78
97.36
97.98
98.55
98.57
98.77
28.02
1.13
1.50
0.00
23.36
98.49
22.87
0.09
0.92
2.19
2.80
3.05
2.72
2.60
15.46
26.44
29.32
98.26
98.38
98.81
98.62
98.46
98.43
98.30
98.26
98.13
98.85
97.50
97.70
97.77
24.50
0.01
0.12
1.12
1.41
1.87
2.03
1.99
2.05
2.24
79.48
98.39
98.59
98.31
98.47
98.51
98.51
98.57
26.26
0.00
0.03
0.00
0.00
0.00
0.00
0.04
0.25
1.18
1.70
1.99
2.17
2.31
2.37
2.23
80.70
98.00
98.23
98.19
98.07
98.08
98.51
100.47
36.55
11.23
7.76
1.24
24.41
98.88
28.00
0.35
1.51
2.09
2.37
2.73
2.89
3.17
3.03
3.50
81.11
97.46
97.06
97.30
98.47
98.31
98.05
98.20
26.56
0.00
0.03
0.00
23.35
98.74
29.46
0.09
1.31
2.16
2.63
3.38
3.19
2.08
1.23
1.27
83.45
99.46
82.51
1.28
1.01
0.76
0.79
0.69
0.34
0.01
1.10
0.00
23.37
98.95
29.74
0.06
0.10
0.78
0.91
2.61
2.55
2.52
2.47
2.55
83.77
99.60
99.84
97.88
98.97
99.20
99.16
99.26
26.45
0.00
0.03
0.00
23.49
98.67
31.20
0.03
0.31
0.94
1.00
1.20
2.57
2.80
2.54
2.05
84.28
99.72
82.78
0.71
0.43
0.31
0.27
0.35
0.25
0.09
0.02
0.00
23.50
99.22
32.99
0.05
0.25
1.32
1.99
2.56
2.41
2.32
2.43
2.03
84.82
98.35
98.29
98.58
98.31
97.76
98.43
98.92
54.97
38.99
39.05
38.12
38.81
38.99
13.67
0.00
0.01
0.06
1.34
1.76
1.95
1.88
1.71
1.74
85.82
97.97
98.42
98.15
98.16
96.41
98.06
98.52
26.28
0.00
0.02
0.00
0.00
0.00
0.00
0.00
0.09
0.44
1.20
1.30
2.04
1.95
1.69
1.96
85.95
98.14
98.29
98.32
98.41
98.21
98.27
98.89
27.02
1.12
1.85
1.14
23.47
99.18
37.94
0.03
0.19
0.51
0.93
2.01
2.67
2.55
2.59
2.63
86.68
98.18
98.43
97.09
99.39
99.47
99.40
99.41
27.95
0.01
0.04
0.00
23.54
99.60
39.77
0.05
0.25
1.32
1.76
2.21
2.49
2.61
2.18
2.36
84.85
98.26
98.00
98.19
98.90
99.33
99.57
99.55
26.71
0.61
1.16
0.00
23.56
99.68
41.48
0.00
0.11
0.33
0.47
1.64
1.83
1.72
1.59
1.10
87.54
98.04
98.33
98.40
97.99
97.54
97.29
97.47
26.07
0.00
0.02
0.00
23.38
98.86
42.67
0.00
0.00
0.00
0.00
0.00
0.08
0.03
0.03
0.02
87.90
99.07
98.93
99.08
95.77
99.20
99.22
99.10
27.15
1.22
1.73
1.01
23.57
100.54
43.43
0.00
0.00
0.00
0.00
0.00
0.00
0.00
0.01
0.00
88.21
99.23
99.21
98.90
98.59
98.46
98.65
98.47
26.27
0.00
1.15
0.00
0.31
0.62
0.30
0.00
0.00
0.00
0.23
0.31
0.22
0.20
0.34
0.33
87.66
97.91
98.29
98.76
98.06
98.38
98.76
99.02
26.32
0.00
0.01
0.52
0.28
0.23
0.23
0.00
0.00
0.00
0.01
0.34
0.68
0.38
0.53
0.66
87.21
97.82
98.72
98.46
98.15
98.48
98.23
98.85
27.11
1.13
1.74
1.03
23.51
98.99
47.35
0.04
0.25
0.83
2.30
2.45
2.32
2.49
2.50
2.25
87.56
98.19
97.84
96.86
98.66
98.14
97.66
98.12
26.29
0.01
0.03
0.00
23.19
98.32
49.30
0.06
0.28
0.74
1.52
2.50
2.92
2.65
2.68
2.93
89.28
98.10
98.38
98.47
98.13
98.08
98.06
98.07
26.36
0.00
1.18
0.00
23.29
97.92
50.43
0.06
0.18
0.95
1.93
2.52
2.81
2.92
2.18
2.49
89.65
98.88
98.86
98.83
98.66
98.17
97.47
97.57
26.16
0.00
0.02
0.00
23.26
97.66
51.84
0.12
0.51
2.77
2.72
4.50
2.93
2.88
2.95
2.74
89.12
97.85
97.69
98.02
98.03
98.55
98.33
97.78
26.16
0.10
1.12
0.00
23.32
98.54
52.54
0.02
0.18
0.70
1.99
3.76
2.23
2.43
2.25
2.09
88.82
97.37
97.19
97.48
97.14
97.29
97.70
97.49
26.05
0.03
1.14
0.00
0.00
0.00
0.00
0.01
0.00
0.01
0.78
1.66
1.70
1.85
1.57
1.50
87.60
98.50
97.95
97.90
98.32
98.22
98.16
98.21
26.17
0.00
0.02
0.00
0.00
0.00
0.00
0.01
0.00
0.02
0.04
0.23
0.50
0.50
0.45
0.44
87.22
97.56
97.58
97.61
97.34
97.65
98.03
97.87
26.00
0.00
1.10
0.00
23.31
98.16
56.81
0.02
0.09
0.06
1.43
2.27
1.89
1.92
1.79
0.74
0.65
22.03
99.09
98.72
98.53
96.58
26.17
0.72
0.20
0.01
0.00
0.00
0.00
0.00
0.00
0.00
0.07
0.68
1.30
1.81
2.37
2.36
2.04
2.08
1.82
0.43
0.33
0.18
0.27
0.26
0.25
0.11
0.01
0.01
1.08
0.00
0.00
0.00
0.00
0.00
0.10
0.05
0.59
1.65
1.63
2.07
2.01
2.00
1.73
0.41
0.65
0.41
0.22
0.19
0.11
0.03
0.03
0.02
0.00
0.00
0.00
0.01
0.02
0.00
0.07
0.74
1.15
1.38
1.65
1.49
1.59
1.68
1.31
0.34
0.13
0.13
0.23
0.03
0.02
0.01
0.00
0.02
1.14
0.00
0.00
0.00
0.00
0.01
0.01
0.39
0.57
0.63
1.15
1.14
1.23
1.29
0.77
0.09
0.01
0.01
0.01
0.01
0.02
0.00
0.00
0.07
1.18
0.00
0.00
0.00
0.00
0.00
0.00
0.11
0.19
0.30
0.26
0.41
0.22
0.23
0.42
0.06
0.00
0.00
0.00
0.00
0.00
0.00
0.00
0.00
0.02
0.00
0.00
0.00
0.00
0.00
0.00
0.05
0.15
0.17
0.06
0.08
0.18
0.05
0.11
0.00
0.00
0.00
0.00
0.00
0.00
0.00
0.00
0.05
1.46
0.44
0.30
0.91
0.54
0.00
0.00
0.01
0.23
0.40
0.29
0.40
0.49
0.52
0.30
0.00
0.00
0.00
0.00
0.00
0.08
0.38
0.22
0.52
0.54
0.52
0.53
0.46
0.54
0.00
0.00
0.02
0.00
0.01
0.01
0.01
0.19
0.28
0.14
0.00
0.01
0.00
0.00
0.00
0.00
0.00
0.00
0.04
1.18
0.00
0.00
0.00
0.00
0.06
0.02
0.02
0.15
0.25
0.26
0.23
0.28
0.22
0.14
0.00
0.00
0.00
0.00
0.00
0.00
0.30
0.55
0.22
0.55
0.59
0.60
0.53
0.62
0.01
0.00
0.11
0.11
0.24
0.15
0.11
0.26
0.55
0.09
0.00
0.00
0.00
0.00
0.00
0.00
0.00
0.30
0.30
1.59
0.59
0.83
0.55
0.55
0.23
0.00
0.12
0.09
0.13
0.19
0.19
0.31
0.16
0.05
0.00
0.00
0.00
0.00
0.00
0.00
0.00
0.00
0.29
1.06
0.00
0.00
0.00
0.23
0.00
0.00
0.02
0.06
0.08
0.12
0.07
0.02
0.06
0.00
0.00
0.00
0.00
0.00
0.00
0.00
0.00
0.00
0.00
0.02
0.00
0.00
0.00
0.00
0.00
0.00
0.01
0.07
0.02
0.06
0.05
0.05
0.03
0.04
0.00
0.00
0.00
0.00
0.00
0.00
0.00
0.00
0.02
1.14
0.00
0.00
0.00
0.00
0.00
0.77
0.00
0.00
1.76
7.24
2.99
0.00
9.48
0.91
0.00
0.00
0.00
0.00
0.00
0.00
0.00
0.00
0.00
0.02
0.00
0.00
0.00
8.51
0.77
0.00
0.00
0.00
0.00
0.00
0.00
0.00
0.00
0.00
0.00
0.00
0.00
0.00
0.00
0.00
0.00
0.00
0.00
0.02
0.00
0.00
0.00
8.63
0.80
0.00
0.00
0.00
9.19
0.93
0.00
0.00
0.01
9.26
0.91
0.00
0.00
0.00
0.00
0.00
0.00
0.00
0.00
0.02
0.00
0.00
0.00
0.00
0.00
0.00
0.00
0.07
0.03
0.06
0.00
0.00
0.00
0.00
0.00
0.00
0.00
0.00
0.00
0.00
0.00
0.00
0.00
0.02
0.00
0.00
0.00
0.00
0.00
0.00
0.00
0.00
0.00
0.00
0.00
0.00
0.00
0.00
0.00
0.00
0.00
0.00
0.00
0.00
0.00
0.00
0.00
0.02
0.00
0.00
0.00
0.00
0.00
0.00
0.00
0.00
0.00
0.00
0.00
0.00
0.00
0.00
0.00
0.00
0.00
0.62
0.31
0.54
0.83
0.60
0.44
0.91
0.82
0.91
0.91
8.63
1.07
0.00
0.00
0.00
9.20
0.89
0.00
0.00
0.00
9.44
0.92
0.00
0.00
0.00
0.23
0.31
0.30
0.52
0.44
1.74
0.52
0.31
0.54
8.35
0.72
0.00
0.00
0.00
9.69
0.94
0.00
0.00
0.00
8.72
0.88
0.00
0.00
0.00
0.00
0.00
0.00
0.00
0.00
0.02
0.00
0.00
0.00
0.68
0.00
0.00
0.00
0.00
7.27
0.00
0.00
0.00
0.93
8.30
0.00
0.00
0.00
0.00
0.00
0.00
