0.00
0.00
0.00
0.00
0.00
0.00
0.00
0.00
0.00
0.00
0.00
0.00
0.00
0.00
0.00
0.00
0.00
0.00
0.00
0.00
0.00
0.00
0.00
0.00
0.00
0.00
0.00
0.00
0.00
0.00
0.00
0.00
0.00
0.00
0.00
0.00
0.00
0.00
0.00
0.00
0.00
0.00
0.00
0.00
0.00
0.00
0.00
0.00
0.00
0.00
0.00
0.00
0.00
0.00
0.00
0.00
0.00
0.00
0.00
0.00
0.00
0.00
0.00
0.00
0.00
0.00
0.00
0.00
0.00
0.00
0.00
0.00
0.00
0.00
0.00
0.00
0.00
0.00
0.00
0.00
0.00
0.00
0.00
0.00
0.00
0.00
0.00
0.00
0.00
0.00
0.00
0.00
0.00
0.00
0.00
0.00
0.00
0.00
0.00
0.00
0.00
0.00
0.00
0.00
0.00
0.00
0.00
0.00
0.00
0.00
0.00
0.00
0.00
0.00
0.00
0.00
0.00
0.00
0.00
0.00
0.00
0.00
0.00
0.00
0.00
0.00
0.00
0.00
0.00
0.00
0.00
0.00
0.00
0.00
0.00
0.00
0.00
0.00
0.00
0.00
0.00
0.00
0.00
0.00
0.00
0.00
0.00
0.00
0.00
0.00
0.00
0.00
0.00
0.00
0.00
0.00
0.00
0.00
0.00
0.00
0.00
0.00
0.00
0.00
0.00
0.00
0.00
0.00
0.00
0.00
0.00
0.00
0.00
0.00
0.00
0.00
0.00
0.00
0.00
0.00
0.00
0.00
118.87
188.44
186.23
184.53
184.45
183.26
181.73
183.09
184.48
185.33
186.90
187.36
185.89
185.81
184.64
182.55
181.30
179.43
180.56
182.39
184.06
186.33
187.00
189.48
190.50
191.22
190.58
189.23
187.45
186.48
186.68
187.49
188.25
187.47
188.57
189.50
188.93
188.73
187.43
185.32
182.82
180.76
180.57
181.85
98.54
183.79
186.35
188.67
189.23
189.91
185.62
184.28
183.45
183.48
183.13
183.48
183.70
185.02
185.24
185.78
184.48
183.96
183.13
181.65
178.61
178.22
180.07
182.80
183.43
185.16
185.49
185.06
187.24
186.77
185.72
185.06
186.19
185.12
185.31
185.50
185.33
187.45
186.89
186.54
187.25
186.89
186.09
185.32
183.81
182.53
181.81
183.41
184.42
184.48
187.44
188.17
191.19
190.82
188.75
188.17
185.50
186.84
187.83
187.90
189.60
189.70
188.74
189.14
190.03
189.34
188.72
186.93
185.04
184.37
184.90
185.03
186.14
185.95
186.40
187.19
188.38
187.83
186.58
184.87
184.37
185.29
185.22
187.30
188.04
188.19
188.27
190.23
190.20
189.62
187.90
183.15
180.05
180.70
182.38
183.15
184.64
182.64
184.26
186.48
184.69
185.82
184.24
184.72
183.63
184.24
185.41
187.62
187.73
187.66
188.24
188.88
189.40
189.82
187.09
183.92
183.26
182.09
182.23
186.04
185.69
186.04
185.76
183.86
183.54
186.26
186.09
184.63
184.01
184.64
185.04
186.62
186.99
186.69
187.65
187.27
188.01
186.94
185.24
184.03
180.93
180.06
181.77
183.17
182.30
183.09
183.14
184.77
184.25
186.03
183.67
184.65
182.58
183.65
184.15
184.76
185.60
186.70
187.49
187.08
187.00
187.27
184.83
184.19
182.72
181.49
182.44
184.60
185.31
187.36
187.02
187.12
187.57
187.57
186.67
188.14
186.09
188.52
187.99
187.52
188.82
188.72
190.05
190.20
190.16
189.99
188.82
185.36
183.88
180.25
181.33
185.47
185.99
185.53
186.97
188.39
189.14
186.96
187.20
185.01
184.95
185.53
187.10
186.54
186.65
187.06
189.00
188.81
187.85
186.90
185.79
184.51
182.68
183.78
183.21
186.20
187.53
187.22
187.31
186.58
189.46
189.07
187.82
186.40
185.14
185.74
188.51
189.95
189.41
190.84
189.78
190.04
190.20
188.79
187.82
185.37
183.81
185.21
184.14
188.37
187.63
187.33
189.48
190.26
190.88
189.34
188.26
186.10
184.09
184.38
185.56
186.40
186.04
187.88
189.02
189.81
189.08
188.79
186.64
185.32
182.93
183.07
183.04
185.01
185.75
186.15
186.78
186.97
187.11
187.62
187.52
185.83
183.39
184.31
187.46
187.94
188.24
186.55
187.41
188.13
187.37
186.91
184.96
180.79
179.73
179.44
181.86
184.21
186.56
186.04
187.35
188.60
190.17
190.58
189.40
185.37
183.00
182.49
183.03
182.48
183.21
185.89
186.67
186.64
186.95
187.57
184.66
181.08
179.87
178.60
179.81
183.58
184.36
186.16
185.76
187.16
187.18
187.65
188.06
186.07
184.32
183.91
184.14
183.94
185.55
185.57
185.50
184.36
184.02
183.69
181.55
178.96
178.55
177.79
179.41
182.84
185.51
187.51
186.32
185.98
187.16
189.21
190.43
189.45
186.24
186.00
186.41
186.70
187.42
187.81
187.13
186.21
186.53
184.44
183.01
181.93
180.91
182.26
183.58
187.66
187.62
188.08
187.48
188.10
189.79
187.29
187.61
185.86
185.23
187.78
186.39
185.49
186.38
186.61
186.07
186.42
187.75
186.89
184.39
182.72
182.45
182.11
183.04
186.98
189.20
188.29
188.81
190.45
192.74
191.47
190.52
188.03
189.47
189.24
187.63
188.88
189.40
189.86
189.13
188.20
189.18
187.60
186.98
186.32
184.46
185.06
184.49
185.00
185.36
186.19
187.44
188.93
189.58
192.07
189.39
186.76
184.69
185.66
186.12
187.95
187.07
188.42
187.66
185.75
187.12
186.15
185.18
184.78
181.46
180.05
183.98
186.96
186.97
186.66
185.20
187.52
189.95
188.98
187.68
187.75
187.24
188.28
188.27
188.28
188.29
189.86
190.59
190.15
190.21
189.43
186.96
185.20
182.01
180.62
180.08
184.40
182.12
183.57
184.99
186.89
187.74
190.52
183.87
187.62
184.26
185.97
186.62
188.05
188.63
189.99
192.67
191.58
191.32
191.78
188.82
185.56
182.99
181.83
181.53
184.31
185.60
187.84
190.57
190.44
190.78
190.69
189.55
186.34
186.35
185.77
186.78
187.02
187.92
188.78
189.66
190.97
190.68
191.41
189.50
186.32
182.13
180.03
181.51
184.19
184.19
184.48
185.86
188.56
189.23
189.71
189.44
187.12
184.80
184.26
185.61
186.23
187.53
189.41
189.94
191.09
192.15
192.55
189.91
186.25
184.34
183.54
186.75
188.23
187.60
188.72
189.43
190.07
189.72
190.97
189.13
187.72
185.80
188.19
187.70
188.01
189.42
192.04
191.13
191.91
191.40
191.65
192.16
190.36
187.29
187.30
185.48
185.41
185.84
188.64
189.11
190.70
190.72
194.21
191.85
188.41
186.82
187.91
189.10
189.47
189.54
192.14
191.79
191.37
192.88
193.23
192.50
191.91
191.13
189.58
187.93
187.01
186.99
186.22
185.98
186.12
186.53
186.89
186.84
189.24
186.57
186.58
187.29
186.31
188.07
189.33
190.42
191.22
191.62
191.81
192.28
187.73
183.90
184.14
185.65
185.37
186.90
188.63
187.80
189.12
190.05
190.97
189.22
188.79
187.88
187.56
187.75
189.49
188.61
190.28
191.84
192.11
193.56
193.84
189.63
187.01
181.89
180.96
183.27
185.61
187.72
188.51
187.51
189.09
191.50
186.36
187.02
186.41
187.15
187.37
188.02
187.36
186.42
187.02
186.89
187.69
187.47
186.88
185.66
185.71
183.50
181.88
181.31
186.23
188.97
189.04
188.84
190.08
190.34
190.74
190.87
189.74
187.88
187.41
186.62
186.34
189.48
187.69
186.61
185.86
186.33
186.03
186.13
185.58
183.53
182.01
184.51
237.42
238.45
236.88
207.40
193.34
194.51
192.11
192.56
192.18
188.03
187.39
186.63
185.88
188.32
190.27
191.10
188.54
188.44
188.94
186.82
186.11
182.05
180.03
181.35
184.65
186.87
187.38
188.18
189.10
189.56
190.37
194.18
191.02
187.38
187.24
188.38
186.81
186.25
187.79
189.25
188.33
190.30
190.32
188.53
188.60
184.49
184.27
182.11
187.77
190.76
194.50
197.90
196.89
196.87
192.70
194.06
188.97
187.12
187.30
186.70
186.14
186.96
187.13
185.93
186.02
186.86
187.91
187.34
185.50
183.02
183.57
183.11
185.51
187.82
189.16
193.88
195.03
204.16
222.40
220.29
230.25
219.11
221.64
216.05
205.03
189.96
189.81
189.46
188.09
187.07
187.74
185.33
184.12
183.03
181.72
182.77
187.07
188.71
187.68
188.03
187.58
186.88
189.14
189.17
186.89
185.34
183.61
183.37
183.86
184.09
186.82
189.60
188.93
189.56
188.69
184.95
183.41
182.20
181.85
185.39
187.23
188.40
187.71
188.08
188.86
186.63
187.28
189.72
187.80
185.84
184.34
184.70
186.06
186.96
188.40
190.08
190.37
191.90
190.50
187.69
183.12
181.35
185.66
186.09
185.84
185.26
187.32
188.37
188.35
187.55
188.14
188.38
188.26
187.73
189.32
189.29
190.16
190.83
192.69
191.53
190.75
190.89
192.71
190.95
187.08
187.06
189.41
187.17
188.90
186.39
187.52
186.94
186.98
189.76
189.64
189.40
186.23
185.90
186.12
187.66
188.01
189.67
187.57
189.00
190.40
191.10
189.53
94.83
140.71
185.51
182.27
184.15
186.86
187.52
187.80
187.43
188.76
187.57
190.67
188.34
187.14
187.19
186.35
187.93
190.58
188.75
189.79
190.98
190.79
191.48
190.79
190.16
188.13
187.47
185.81
186.22
188.57
187.67
187.88
189.58
190.05
189.24
189.98
190.20
188.60
186.08
185.77
187.75
187.35
187.84
189.03
191.51
191.24
190.83
190.03
190.23
188.80
187.58
184.63
187.43
188.29
189.80
190.09
189.42
190.13
188.76
189.13
188.79
187.43
185.96
185.51
185.39
185.55
187.07
188.00
190.28
189.66
190.88
190.56
187.91
184.64
182.34
180.23
179.61
182.32
184.33
186.11
187.07
186.36
187.60
189.39
188.87
186.74
184.32
183.36
182.61
182.49
183.71
186.46
188.56
186.81
184.26
183.78
181.08
180.72
180.14
177.82
180.79
187.26
186.79
188.63
188.94
189.67
191.53
191.63
190.92
189.50
187.35
185.82
184.76
184.02
184.43
184.61
187.16
185.65
184.42
183.48
180.85
182.06
179.41
178.69
181.85
184.70
116.82
187.90
189.25
187.40
183.24
184.36
184.57
182.01
181.98
181.36
182.74
183.39
185.26
186.04
187.56
187.66
187.66
187.19
185.06
183.38
180.73
177.44
177.62
179.42
180.04
182.74
183.39
182.02
183.48
184.46
182.83
181.95
183.60
185.00
184.89
185.03
186.50
187.79
187.99
187.90
187.25
187.96
186.75
182.83
181.00
182.74
182.17
184.83
183.11
184.70
187.27
188.10
188.98
185.32
185.08
185.41
183.13
183.89
185.56
185.06
185.58
186.51
186.11
185.80
186.13
186.62
184.15
182.13
182.12
182.53
184.17
186.08
188.22
188.40
189.23
190.71
191.42
191.44
191.53
189.79
186.17
185.02
184.15
183.71
185.09
186.99
186.81
186.55
184.84
184.92
184.14
183.33
184.57
182.92
185.00
188.06
191.44
193.50
192.96
193.86
193.96
194.06
194.87
192.49
190.09
187.91
187.99
188.02
187.77
187.81
186.94
187.92
188.12
187.37
187.09
183.89
183.97
184.29
186.40
189.20
190.67
194.77
191.60
191.10
191.98
190.03
190.34
188.16
186.72
185.33
187.93
187.14
185.26
187.01
187.22
187.90
186.67
187.32
184.37
181.68
180.43
181.53
183.53
186.70
186.73
188.76
189.77
188.02
189.53
191.91
191.76
190.30
188.03
187.37
187.73
190.28
188.30
188.30
189.78
191.01
190.49
191.55
190.92
187.35
184.07
183.72
186.39
187.95
188.03
190.64
190.15
190.95
191.95
193.52
192.36
192.40
190.32
188.35
188.08
189.13
188.93
189.94
190.04
191.40
190.09
189.97
187.26
186.08
184.74
182.98
183.80
185.99
185.68
187.55
187.51
189.87
192.60
194.89
196.22
195.80
195.88
193.23
196.60
193.81
190.36
190.63
193.07
193.96
195.08
194.48
191.69
188.29
184.95
184.49
185.62
186.94
187.87
188.75
193.08
191.56
191.31
193.78
193.90
194.10
197.95
195.52
195.58
196.45
196.12
196.78
198.44
196.35
196.22
197.91
197.43
195.86
195.40
194.03
190.15
189.77
189.21
189.62
190.71
191.52
196.90
197.57
196.96
196.22
193.49
194.17
193.17
193.72
194.35
196.98
199.15
199.70
202.63
202.58
200.53
197.93
196.56
195.25
195.00
196.30
195.28
195.75
200.53
202.04
205.53
206.24
209.64
218.49
212.79
213.09
208.98
200.81
199.65
201.69
200.64
199.59
199.86
200.29
199.73
194.67
188.61
186.28
188.66
188.72
189.46
191.30
191.41
192.42
194.37
195.34
197.14
194.04
194.83
190.80
192.43
193.45
193.67
196.15
195.61
198.30
198.31
197.77
196.06
191.65
189.57
188.79
188.44
188.57
191.04
190.76
191.27
193.14
194.88
193.87
193.71
193.85
193.57
190.34
192.38
191.86
193.55
192.60
194.74
196.23
196.22
197.45
196.46
194.33
188.86
187.67
188.32
189.21
188.30
190.60
193.48
196.59
198.38
198.79
199.63
197.41
196.73
195.59
194.37
196.85
195.41
196.67
196.94
197.15
197.38
198.39
197.91
195.99
193.86
191.13
191.47
193.24
195.92
198.23
198.83
199.24
199.63
200.42
200.53
198.79
199.98
196.35
197.94
197.90
198.27
198.92
200.16
201.19
203.00
202.68
200.58
199.81
199.14
193.77
195.72
196.09
194.54
196.12
196.14
197.14
199.20
199.48
200.19
200.28
199.19
196.24
197.30
198.77
198.46
198.33
197.03
196.82
196.99
198.25
197.28
197.19
194.36
192.74
194.10
195.33
196.24
196.39
196.49
197.67
198.11
198.19
197.94
197.35
196.12
194.68
194.95
194.69
198.50
197.04
197.51
197.18
199.09
198.97
198.20
197.27
195.51
195.88
197.41
197.50
199.68
203.39
204.48
207.27
208.11
215.69
219.36
217.33
212.94
208.82
204.70
201.29
203.81
200.32
201.50
201.87
198.95
200.09
198.56
196.62
194.71
191.13
191.44
189.60
191.49
192.05
191.48
190.19
191.49
192.54
193.26
193.01
193.29
192.88
192.46
193.76
195.48
196.40
196.11
197.26
197.91
197.76
194.72
191.95
188.49
186.98
187.11
190.50
190.29
191.04
189.98
193.50
193.80
195.40
195.80
196.11
194.06
191.77
192.58
193.79
193.60
193.29
194.87
195.69
195.58
196.30
192.98
191.42
189.29
187.84
188.55
190.52
191.90
191.38
192.67
193.94
193.99
194.91
196.21
195.74
194.59
191.11
192.30
193.39
192.54
191.69
192.41
192.97
192.77
191.95
189.77
188.34
187.52
186.04
188.75
192.27
192.18
192.30
191.69
191.14
192.43
194.86
194.34
193.36
191.94
191.16
190.42
191.04
191.18
194.58
195.00
195.03
195.40
195.27
193.31
190.93
190.92
190.15
191.32
191.75
192.58
194.62
194.19
194.93
196.43
197.62
196.99
198.20
197.42
196.12
195.53
195.92
194.89
195.42
198.35
197.81
198.93
198.14
197.69
195.73
194.64
194.37
194.20
194.52
195.02
194.74
195.36
198.28
198.27
200.50
203.39
204.34
202.12
200.91
198.99
199.15
198.61
199.80
201.30
201.98
203.17
202.37
202.65
200.06
197.65
196.74
197.78
196.54
194.48
196.62
197.01
198.28
201.05
201.21
198.90
199.21
197.64
193.15
194.50
195.61
197.10
199.07
200.04
200.90
201.86
203.00
199.47
196.73
194.76
192.66
191.76
188.23
190.14
191.60
192.27
196.32
197.23
197.55
197.38
194.51
194.85
193.44
194.53
194.42
194.06
194.84
196.41
198.62
200.39
201.46
197.91
196.60
192.26
191.17
190.69
190.05
189.76
192.49
194.99
193.72
194.86
194.50
194.92
194.24
194.17
194.00
192.75
195.77
192.00
193.66
194.54
196.31
197.27
199.14
197.54
194.25
191.75
190.12
193.08
189.15
189.68
192.62
194.79
195.38
196.04
197.60
197.33
198.48
196.46
193.15
196.37
197.01
196.68
195.60
198.57
199.12
200.56
200.24
199.03
195.85
192.91
192.72
190.20
191.02
189.74
190.21
190.42
190.65
191.91
192.71
192.85
192.94
193.73
193.07
193.80
193.35
193.28
196.32
197.35
198.53
198.74
199.69
196.46
194.99
191.09
189.49
189.66
192.15
191.96
198.24
195.32
192.18
193.91
194.88
193.35
195.00
194.64
192.50
196.20
195.47
194.46
197.43
197.69
197.65
199.22
200.23
194.26
194.76
194.63
191.77
191.75
193.43
193.20
193.20
195.15
196.62
197.60
198.91
198.74
198.78
197.90
196.28
196.34
197.64
198.74
199.80
201.88
202.56
205.16
204.67
204.50
203.90
200.54
201.11
200.22
202.35
202.01
207.32
213.81
212.08
218.10
218.10
209.77
201.31
201.27
197.00
196.14
199.19
197.30
199.37
201.24
200.98
200.74
201.97
198.78
195.71
191.74
190.42
189.09
190.46
189.90
191.01
192.83
195.08
194.24
195.49
196.33
199.35
199.64
197.65
195.63
196.35
196.98
197.15
198.60
198.85
199.30
198.73
197.56
194.47
193.01
190.19
190.15
192.03
192.41
193.94
196.30
197.22
195.78
199.84
200.08
198.54
197.85
197.35
196.54
198.57
199.34
200.31
201.97
199.45
200.08
199.07
198.93
195.72
192.85
192.41
192.00
189.81
192.28
193.75
196.01
203.59
200.33
200.28
201.59
199.12
198.66
197.48
201.26
201.36
200.82
199.77
201.21
204.51
203.74
204.23
202.59
199.70
195.95
194.47
194.01
192.99
193.13
195.01
196.27
196.96
200.49
201.82
200.79
202.86
204.01
199.65
199.78
200.78
197.62
149.52
100.27
200.54
202.82
202.64
201.32
196.26
194.58
192.47
193.89
193.49
195.14
194.07
196.15
197.68
196.81
198.34
198.81
206.22
212.06
204.00
204.49
201.97
199.34
197.60
199.86
200.57
198.97
199.81
198.70
197.27
196.47
196.45
195.90
195.85
197.33
195.26
197.91
198.35
198.18
198.94
199.08
197.70
197.57
195.92
195.98
197.26
197.76
197.93
201.57
201.86
200.56
202.09
201.35
200.02
200.46
197.73
196.21
194.44
192.53
194.64
195.80
196.21
196.09
195.93
194.95
193.69
193.39
191.24
191.81
194.75
194.53
194.30
198.38
198.65
198.62
197.81
197.01
194.66
190.74
189.17
188.03
187.33
194.50
198.51
209.20
203.77
195.35
195.39
195.07
196.98
196.62
193.16
193.65
193.78
194.22
194.06
197.25
196.77
198.74
198.13
195.97
195.45
190.65
189.22
188.85
188.62
188.50
192.00
192.62
195.62
196.20
195.58
196.73
197.25
198.06
196.26
193.72
193.90
194.09
194.45
193.89
196.41
196.03
196.72
196.59
193.37
191.12
190.25
187.95
189.20
188.83
189.77
189.36
193.30
194.76
195.57
194.88
194.96
193.62
193.80
191.78
192.90
192.17
194.24
196.78
196.45
196.89
197.40
194.96
191.92
191.78
190.44
192.98
193.18
191.36
191.68
192.91
193.08
195.23
195.87
196.62
194.73
197.65
194.64
193.91
197.36
195.66
197.39
197.37
199.13
200.04
199.39
197.52
194.92
192.77
191.13
191.30
191.46
193.00
194.33
194.20
194.91
196.74
196.79
197.17
196.71
199.21
194.15
196.61
197.49
194.44
194.53
196.84
197.61
198.47
199.45
198.05
197.18
198.59
196.09
194.32
195.95
194.75
196.38
196.06
195.82
194.78
195.59
195.02
195.01
197.91
195.67
196.84
198.99
200.03
198.73
200.97
201.56
201.07
201.01
198.95
197.50
197.01
197.74
196.70
195.79
196.23
199.21
198.67
199.22
197.71
199.01
200.81
201.98
199.69
199.70
197.79
198.10
199.75
199.09
198.31
198.34
198.80
197.90
197.23
195.00
191.07
188.10
189.23
191.35
194.41
194.57
195.77
196.57
198.29
200.86
204.65
204.75
204.20
205.60
201.78
200.34
201.03
200.18
198.55
199.48
197.96
195.64
194.36
192.07
189.86
188.28
190.72
192.93
193.05
194.37
195.38
198.11
200.23
199.65
200.69
199.55
197.97
197.78
197.08
197.71
199.87
199.94
200.87
198.20
197.10
197.92
196.74
193.51
189.79
188.16
188.61
190.31
191.48
190.66
191.79
191.10
191.69
191.89
190.77
191.04
192.19
190.87
192.71
192.80
193.15
195.58
199.58
198.07
199.25
198.69
196.50
192.58
188.97
188.80
190.25
188.89
190.63
190.13
105.72
190.69
192.90
191.76
192.62
192.09
192.77
190.99
192.12
192.51
192.64
193.87
194.61
196.27
197.60
196.92
196.54
192.92
189.96
188.96
189.37
189.41
199.36
194.83
192.82
192.71
193.17
194.02
218.50
225.37
213.64
211.40
200.36
209.27
208.09
197.96
198.43
198.17
200.41
199.63
198.60
197.25
197.64
196.03
196.27
193.54
206.65
226.67
225.31
220.51
211.32
215.14
224.75
228.38
229.64
215.49
207.05
206.34
210.84
209.64
201.50
200.19
201.76
200.93
199.43
199.17
198.41
196.76
195.83
194.81
200.39
228.39
227.19
215.59
218.30
222.38
218.34
221.22
193.56
191.39
191.58
191.40
194.40
195.16
197.37
198.32
199.49
200.30
197.47
194.43
190.69
189.02
188.07
189.72
190.57
192.74
196.32
193.04
192.89
196.43
193.46
193.47
194.08
194.58
195.31
193.09
190.20
191.22
192.49
191.38
191.60
191.64
189.97
187.69
185.89
182.02
182.09
182.40
184.61
186.79
186.72
188.38
187.37
188.64
187.81
190.55
190.68
189.71
190.55
190.41
191.18
191.74
194.91
196.38
194.25
195.75
195.04
190.75
187.35
188.16
187.53
186.25
185.44
187.08
187.89
189.16
189.54
187.59
189.89
188.75
188.72
190.14
188.38
187.85
186.49
188.38
190.98
191.79
192.05
191.72
190.26
188.84
186.05
183.88
183.77
183.64
184.01
186.03
187.77
188.33
190.43
190.51
190.68
190.74
193.42
192.69
193.65
193.89
191.32
192.28
191.43
193.46
193.44
192.20
191.36
190.29
189.30
186.33
187.87
188.68
189.02
191.10
192.41
195.73
197.59
198.12
197.51
197.45
195.72
195.77
193.90
194.25
198.30
199.77
196.23
197.35
194.18
192.49
188.69
189.08
188.79
189.22
188.52
187.87
194.82
192.14
190.18
190.82
193.04
193.03
190.97
190.56
192.63
194.59
193.12
196.48
197.16
194.14
192.20
191.16
192.36
193.58
191.15
191.11
190.38
189.31
189.59
186.54
187.10
187.13
187.11
188.52
188.99
188.93
189.41
187.28
190.24
190.84
190.24
186.37
191.20
192.10
191.18
190.56
190.97
191.15
190.10
187.21
184.13
182.25
183.85
183.01
184.47
184.88
186.78
189.49
188.04
187.36
187.28
187.77
190.96
190.22
187.65
187.92
186.57
187.79
185.17
187.16
187.29
188.54
186.21
183.79
183.39
181.59
184.00
185.92
184.19
184.89
187.33
186.09
187.30
186.85
188.54
188.14
192.69
190.96
188.46
189.98
189.55
189.75
190.37
190.40
192.25
190.99
187.45
185.46
181.25
182.85
182.05
183.76
184.07
186.83
186.83
186.53
189.90
189.01
189.85
190.03
190.40
192.21
191.97
192.98
195.97
193.42
191.51
189.99
191.32
189.97
189.21
185.21
183.87
183.86
185.83
187.11
186.92
189.39
188.75
204.62
193.62
194.55
195.57
205.05
232.87
231.57
207.28
222.41
195.10
195.53
192.47
194.62
193.11
192.33
189.77
186.23
183.39
183.79
187.44
187.24
190.17
191.07
196.04
195.67
198.49
199.06
196.32
195.87
198.19
199.54
200.46
199.89
198.08
196.58
195.08
196.20
196.04
195.21
191.58
192.23
225.14
223.37
231.92
242.11
236.45
211.35
194.76
196.86
198.61
199.41
194.89
195.77
195.89
196.61
194.01
197.39
196.49
197.05
199.35
196.12
197.14
197.31
197.29
194.34
192.74
192.28
192.81
192.63
189.53
192.83
192.85
195.34
195.20
196.35
195.33
194.77
195.31
194.13
194.13
196.27
195.32
196.98
196.88
198.39
196.43
196.97
194.17
193.35
187.95
185.41
185.93
187.62
186.75
189.72
188.36
189.39
189.52
189.84
192.08
192.48
192.78
191.00
188.11
189.87
188.22
191.02
191.33
193.06
193.16
192.66
190.87
189.89
185.65
185.14
184.40
183.52
186.33
188.50
192.59
188.95
189.01
191.81
191.68
193.52
192.24
190.76
191.08
192.80
191.43
193.29
193.38
193.59
192.86
193.93
192.45
190.62
185.04
183.55
183.83
184.35
183.67
184.38
186.88
188.83
189.16
189.66
191.70
191.99
191.36
191.57
192.13
190.14
187.01
191.98
189.76
189.43
188.22
187.47
184.83
183.73
183.16
185.06
183.69
184.81
186.48
186.93
189.56
189.24
190.97
191.69
192.42
191.91
194.81
195.56
195.55
191.86
190.48
191.69
190.66
189.55
189.99
188.34
187.95
185.71
185.48
182.21
184.49
186.74
186.04
186.30
188.75
190.17
193.07
193.29
191.05
190.79
192.89
193.38
193.51
192.63
192.18
189.93
192.37
192.59
193.75
191.66
189.84
188.88
189.32
187.52
186.65
186.64
188.65
189.03
194.04
191.91
193.61
191.52
191.46
192.37
193.23
194.79
194.62
193.01
193.23
193.29
194.21
193.40
194.63
195.02
192.69
193.12
194.42
191.20
190.57
193.15
213.58
208.64
214.76
207.60
216.95
211.72
211.67
214.84
202.69
214.65
219.74
192.94
194.84
196.76
193.97
193.82
194.37
193.14
191.08
187.62
185.88
183.33
184.48
185.01
187.61
187.82
208.18
212.25
215.39
214.60
215.19
224.52
229.03
220.96
205.56
215.65
196.37
194.23
194.80
190.22
190.36
192.33
188.97
186.24
185.31
184.43
184.48
183.74
183.83
185.14
183.77
207.81
207.70
211.07
215.14
224.30
227.46
222.91
204.99
212.30
196.81
191.95
191.03
193.06
191.97
190.71
189.63
188.06
185.55
183.10
184.17
183.46
181.85
186.30
187.49
186.39
191.78
193.65
192.81
188.34
187.04
189.46
187.68
189.22
188.03
189.03
190.73
190.99
188.47
185.22
182.70
182.51
181.65
182.42
179.61
185.52
189.52
201.28
195.45
191.81
191.65
192.16
191.61
195.83
195.08
196.76
194.68
195.65
190.90
189.91
190.57
188.75
188.24
187.69
186.96
184.50
183.83
184.63
185.29
105.64
186.17
187.65
187.17
188.69
190.62
191.35
191.74
189.94
191.11
191.50
191.59
191.46
188.85
189.67
189.92
194.17
197.12
198.33
194.99
192.46
191.62
189.71
189.13
189.97
188.77
186.39
186.34
188.61
189.03
189.31
191.11
193.23
193.23
192.26
193.18
192.74
193.79
194.45
194.75
196.39
199.04
195.55
195.55
194.63
193.52
190.94
188.50
189.44
191.47
188.42
188.22
189.57
190.99
189.57
189.44
191.30
190.10
188.80
186.54
189.63
190.73
191.89
192.87
194.40
194.46
195.45
193.21
192.53
188.44
187.81
187.03
188.00
185.82
189.30
188.20
187.82
189.39
189.85
189.21
195.56
198.75
196.82
196.49
196.14
196.99
192.40
191.09
190.75
192.12
191.66
190.43
187.34
185.68
185.56
187.28
187.04
189.11
190.62
190.22
193.54
195.73
197.00
196.11
197.90
198.61
198.69
199.57
200.50
193.56
193.98
195.81
195.29
195.08
193.06
190.66
188.71
186.80
185.93
185.99
189.09
187.97
191.95
192.81
193.80
194.63
197.71
196.23
195.72
195.78
197.31
195.19
196.14
194.33
195.35
194.96
193.21
192.25
195.69
193.49
189.72
187.50
186.45
187.12
188.56
191.66
190.18
190.29
193.96
191.44
196.56
195.56
196.23
197.84
197.69
196.13
193.82
192.80
193.70
193.17
189.02
188.44
191.02
189.32
187.31
183.99
183.84
181.70
182.92
182.38
184.00
183.21
182.48
182.88
185.33
184.61
187.01
186.78
186.16
185.26
186.44
185.33
188.03
187.06
188.02
187.86
189.60
187.85
188.52
189.44
188.18
187.51
189.09
189.08
185.33
187.51
186.65
187.13
185.99
185.62
187.30
189.40
191.33
189.29
189.65
190.46
193.15
193.61
194.43
194.50
189.97
190.55
188.06
188.27
188.09
188.63
189.37
190.40
187.22
186.73
185.72
186.09
185.45
184.85
187.86
189.14
186.29
182.91
184.15
183.18
186.83
188.69
189.94
190.04
189.44
189.89
186.87
184.44
184.08
183.78
183.84
183.85
184.21
184.93
186.85
185.40
185.76
185.56
185.28
185.69
186.80
184.98
187.68
185.79
186.62
186.22
186.01
190.95
190.05
187.64
184.40
182.90
182.90
184.02
185.96
186.41
185.77
187.83
188.45
188.90
188.83
189.21
212.45
233.48
236.67
236.80
237.66
238.35
237.92
229.18
197.36
196.36
194.73
191.12
188.44
185.62
184.71
185.78
186.40
184.29
184.69
187.60
184.75
187.76
187.83
190.28
190.23
188.22
188.59
186.85
188.46
188.11
190.03
191.27
191.86
192.84
193.25
192.61
187.61
184.96
183.12
184.59
185.41
186.26
186.52
185.89
187.32
187.75
191.38
187.45
189.60
190.33
190.25
189.74
189.74
191.38
191.17
191.05
192.21
191.98
192.03
190.57
189.30
186.77
187.23
186.37
187.51
188.79
190.02
188.16
188.55
189.23
188.52
188.37
193.18
196.01
192.88
190.89
190.53
191.16
191.52
192.19
191.73
191.37
192.24
193.00
191.75
192.05
190.79
191.85
192.85
192.83
190.62
191.73
190.87
192.22
191.86
191.99
194.38
193.24
192.27
193.47
193.69
194.50
194.53
195.66
196.42
195.92
196.59
197.13
195.27
192.06
193.38
190.63
192.48
191.78
190.79
189.70
189.56
187.33
187.87
188.18
192.55
193.48
191.97
190.95
193.00
191.92
191.91
194.11
194.99
196.13
197.05
198.36
194.22
190.61
190.69
189.62
189.55
186.93
188.53
187.46
191.49
189.06
188.31
189.46
190.21
192.01
187.66
187.05
189.12
187.87
187.23
190.60
191.34
192.96
192.77
190.12
187.32
188.47
187.80
188.05
187.65
186.89
191.78
189.66
187.65
190.76
191.75
190.13
191.08
192.86
193.13
193.51
191.59
188.59
187.16
188.35
187.28
187.00
187.19
187.86
185.75
185.02
187.76
189.51
188.73
190.09
187.75
190.19
189.52
191.02
191.62
193.94
194.74
194.72
194.54
193.55
195.85
193.48
192.67
192.23
191.28
191.64
189.33
190.48
189.57
188.75
188.14
186.73
187.78
189.32
190.28
191.40
190.96
195.00
196.55
196.24
196.61
196.51
198.43
195.86
193.86
196.56
195.40
194.49
193.74
196.02
195.42
192.49
189.12
188.27
188.07
186.37
187.51
188.79
190.02
188.16
188.55
189.23
188.52
188.37
193.18
196.01
192.88
190.89
190.53
191.16
191.52
192.19
191.73
191.37
192.24
193.00
191.75
192.05
190.79
191.85
192.85
192.83
190.62
191.73
190.87
192.22
191.86
191.99
194.38
193.24
192.27
193.47
193.69
194.50
194.53
195.66
196.42
195.92
196.59
197.13
195.27
192.06
193.38
190.63
192.48
191.78
190.79
189.70
189.56
187.33
187.87
188.18
192.55
193.48
191.97
190.95
193.00
191.92
191.91
194.11
194.99
196.13
197.05
198.36
194.22
190.61
190.69
189.62
189.55
186.93
188.53
187.46
191.49
189.06
188.31
196.86
198.50
197.87
199.40
192.67
194.38
190.60
192.59
192.72
196.35
193.99
194.86
192.77
189.49
190.29
191.16
191.43
191.21
189.59
191.53
192.38
192.97
197.96
199.81
201.48
200.07
199.82
199.31
198.16
200.32
193.32
194.24
194.93
195.37
195.63
196.18
196.32
191.94
190.27
192.65
191.62
194.37
197.60
197.88
199.53
199.97
201.28
202.09
204.94
202.14
202.40
205.85
204.83
204.57
201.05
198.38
198.18
199.16
199.63
197.39
193.88
192.45
193.82
192.49
191.64
193.32
198.51
199.84
203.12
213.07
214.18
214.95
215.32
208.36
208.33
207.78
205.87
200.42
201.42
198.21
198.74
197.37
196.82
196.57
196.58
193.74
195.58
194.49
196.18
196.46
199.70
202.52
201.29
201.33
204.76
205.00
202.83
201.82
203.43
204.01
201.49
201.21
196.05
197.89
197.06
196.66
196.83
195.89
195.25
195.06
195.24
198.30
197.29
198.63
198.67
200.45
199.85
201.87
201.06
201.84
202.69
202.68
203.01
203.14
203.45
202.00
201.34
201.52
201.72
202.02
201.26
199.82
200.09
199.73
198.30
198.11
197.67
200.14
200.21
202.19
203.58
204.23
207.27
205.40
208.29
209.38
208.62
208.67
204.76
206.31
206.62
206.65
203.83
204.24
199.39
198.74
196.96
197.07
194.54
197.50
196.10
201.96
213.81
217.12
217.96
210.58
214.19
213.51
213.41
214.98
214.67
213.73
209.69
204.63
199.79
200.00
198.46
199.19
198.57
192.94
197.10
195.03
193.85
194.47
197.95
196.20
200.79
203.01
201.85
207.19
205.88
206.22
208.12
208.40
211.17
207.50
204.78
204.72
203.41
202.64
201.63
202.44
200.53
197.85
196.95
195.81
194.42
196.98
198.54
202.39
203.23
207.52
210.02
211.35
213.15
212.27
214.76
216.16
213.58
213.16
204.34
205.43
206.14
201.39
199.31
196.88
196.91
197.71
196.21
194.22
195.30
197.81
198.39
200.41
202.80
204.95
205.42
207.65
208.21
211.39
210.81
210.69
209.19
208.04
205.37
204.05
200.52
201.51
201.37
199.05
198.80
199.99
196.57
196.63
197.73
198.17
201.99
202.36
203.28
203.30
200.68
202.11
201.61
206.82
204.89
204.07
206.56
207.86
204.84
201.48
198.98
200.68
200.27
198.12
200.27
199.88
198.78
198.39
198.17
199.98
199.13
200.44
204.53
202.72
201.51
201.09
202.72
203.06
208.05
206.86
208.52
207.52
208.13
207.93
206.74
203.25
200.54
199.04
201.01
200.89
200.14
198.08
200.44
198.53
200.16
202.41
202.70
202.51
200.91
203.10
202.13
202.85
203.65
202.76
202.96
203.72
201.45
203.22
204.13
204.25
205.07
206.75
206.77
205.93
203.21
201.73
199.61
197.86
200.31
199.50
200.68
201.44
201.92
204.25
204.50
205.66
207.58
207.90
207.71
206.90
202.63
203.49
198.44
200.39
199.29
199.48
199.38
200.58
198.54
196.05
194.23
196.66
199.12
199.81
200.04
202.64
202.67
93.20
0.00
0.00
0.00
0.00
0.00
0.00
0.00
0.00
0.00
0.00
0.00
0.00
0.00
0.00
0.00
0.00
0.00
0.00
0.00
7.80
36.23
0.00
196.98
204.53
206.34
205.05
203.70
203.78
206.29
159.68
25.16
203.85
200.95
200.10
197.70
197.54
196.96
195.37
194.75
192.60
191.06
198.58
201.63
200.10
203.28
209.25
205.99
206.72
207.75
206.51
206.53
205.63
206.51
206.89
204.80
203.92
200.83
204.42
199.63
200.59
200.32
199.53
198.33
197.26
195.61
196.92
196.81
197.19
199.09
200.58
201.64
202.64
202.92
204.77
206.09
206.43
206.19
206.58
204.56
206.53
203.16
203.95
201.88
200.67
200.74
199.62
199.24
198.74
199.34
202.21
199.59
200.73
201.28
199.09
199.82
200.35
200.25
201.04
198.96
199.82
200.93
202.99
201.62
204.67
202.86
201.45
201.14
201.95
202.08
202.43
201.39
199.89
200.09
204.22
201.55
200.65
200.89
198.18
200.13
199.96
201.22
202.00
200.48
202.44
202.35
205.42
202.23
204.06
203.20
201.33
200.66
201.85
204.73
202.99
202.03
198.70
196.84
195.33
196.34
197.72
198.53
202.93
204.72
204.57
205.79
210.14
208.54
205.72
206.23
207.06
207.81
204.73
204.01
200.79
198.86
200.61
198.88
200.42
199.41
195.66
195.61
196.27
197.94
197.28
202.03
202.97
203.57
202.80
204.17
207.84
206.11
205.01
204.33
204.60
203.06
201.06
203.61
199.57
201.42
199.87
200.24
201.15
198.74
197.48
194.32
196.46
199.70
201.66
203.03
203.25
202.91
202.17
203.31
202.84
204.32
203.23
202.57
206.82
203.03
200.59
199.19
200.31
200.46
200.36
201.26
199.67
199.77
196.68
194.15
198.45
197.21
201.55
201.08
200.66
204.26
205.47
205.61
207.75
207.28
208.70
208.31
209.48
205.76
207.20
205.03
203.91
203.23
202.71
201.51
202.42
202.66
198.47
197.70
201.75
160.79
204.25
208.34
207.65
215.63
218.67
220.82
220.96
226.19
225.77
224.72
222.37
213.53
211.19
210.00
208.99
209.39
208.23
206.16
204.97
202.55
200.64
199.64
204.32
202.89
206.30
205.68
209.90
210.71
211.10
210.61
212.57
214.04
216.91
214.82
213.68
211.93
210.27
210.70
208.67
205.67
206.65
205.22
206.06
205.24
205.61
207.78
207.81
204.80
207.05
206.46
207.56
206.51
208.19
210.36
212.28
212.38
213.74
210.75
214.50
212.88
209.96
211.13
211.37
209.45
210.57
210.44
206.79
204.43
201.91
198.64
200.49
203.77
206.38
207.85
208.93
212.90
214.31
217.08
212.96
214.45
214.27
212.76
212.53
210.50
208.64
205.25
204.75
204.55
206.29
206.15
205.63
204.20
200.47
198.57
205.64
205.32
205.90
206.80
206.29
207.53
210.64
211.61
211.29
212.05
212.88
214.35
215.49
214.61
211.35
208.33
207.52
207.01
206.63
206.20
205.84
202.32
199.34
198.66
201.63
203.92
202.59
206.09
212.72
218.47
220.18
216.66
216.59
219.65
222.76
221.70
221.16
219.35
216.75
216.48
211.49
211.11
210.26
209.74
207.40
202.92
200.09
200.33
203.87
204.69
207.90
208.92
211.31
211.60
212.87
214.31
215.25
215.45
215.38
215.24
214.18
212.68
214.60
209.52
207.42
206.90
206.41
205.32
204.56
204.47
200.53
202.39
204.08
204.77
207.87
209.37
213.05
214.02
216.97
215.84
216.74
217.82
218.27
216.08
216.12
214.69
213.16
210.39
209.92
208.71
210.37
208.55
205.54
205.30
204.33
206.67
206.61
208.90
208.24
209.95
214.67
217.20
217.15
216.80
218.80
216.80
216.84
216.68
217.17
212.12
213.24
214.31
211.54
210.14
209.24
207.88
207.20
207.34
206.32
208.90
208.39
209.40
210.33
211.60
212.17
215.59
216.48
217.86
217.74
217.16
214.80
214.04
214.00
210.42
210.63
210.14
208.04
207.51
202.73
204.87
205.09
203.17
198.51
197.20
198.91
200.64
201.84
203.49
205.00
207.28
208.86
208.35
213.26
211.33
211.65
209.97
210.55
207.21
207.73
207.00
207.19
205.66
206.77
205.04
202.49
200.43
197.49
196.71
196.85
197.93
199.74
203.09
204.40
207.52
207.92
209.68
210.38
209.88
211.83
211.29
211.93
211.05
209.44
203.19
202.48
203.86
202.63
201.78
199.34
201.87
197.65
199.07
201.34
202.48
208.23
216.26
215.94
216.23
218.53
224.60
225.29
225.97
226.24
225.05
225.03
226.37
223.02
206.24
207.93
205.89
204.76
205.29
203.47
202.17
200.40
199.59
200.81
202.34
205.15
209.08
209.86
214.98
220.84
224.45
228.42
228.77
229.12
229.09
224.29
220.50
216.19
208.80
208.82
207.40
209.37
205.95
206.47
205.04
201.34
201.09
203.19
204.36
209.26
210.16
216.23
216.69
218.73
219.81
221.54
220.29
222.09
222.61
220.12
218.31
214.35
211.93
207.97
208.83
208.29
207.82
205.92
206.67
204.40
204.62
204.62
207.09
210.85
207.66
206.71
208.59
214.04
212.97
213.82
213.84
213.36
214.10
215.36
214.12
213.65
212.80
211.97
210.88
210.77
212.24
209.32
209.17
208.67
209.13
208.52
209.36
209.77
207.66
209.78
210.16
210.68
215.94
215.13
216.34
215.91
217.18
218.75
211.62
211.55
209.37
210.70
208.81
210.38
210.40
208.18
206.42
203.68
201.54
201.63
205.90
206.77
209.37
213.36
218.83
219.72
221.37
221.94
221.93
221.93
223.86
219.53
218.47
214.86
211.67
210.79
210.76
210.27
213.37
211.43
209.47
207.51
206.04
208.00
212.90
215.34
218.91
218.62
219.20
226.68
228.67
231.18
230.02
228.53
228.32
227.32
223.44
221.59
219.32
214.59
210.04
209.86
209.41
208.39
207.66
205.13
203.89
204.18
207.82
206.65
210.83
212.97
215.73
216.90
216.34
217.81
217.24
219.03
216.97
214.17
213.64
213.56
210.26
208.58
209.14
209.40
209.00
209.03
209.32
206.30
205.29
208.37
103.58
210.01
219.80
223.14
219.05
223.04
223.97
224.96
223.75
224.40
223.68
222.71
220.06
217.73
211.63
211.14
210.36
209.08
210.64
209.69
207.26
204.95
205.26
204.80
206.20
210.44
210.71
213.06
212.30
214.05
214.32
217.43
218.84
220.39
220.47
219.41
214.55
213.82
210.57
210.82
210.50
211.22
210.25
210.49
208.59
210.72
208.87
208.60
209.44
211.25
212.69
214.94
214.73
214.08
215.46
215.07
215.44
215.47
217.54
218.72
218.51
214.32
214.76
212.10
211.51
212.53
214.74
212.76
210.57
210.49
209.87
209.25
210.25
210.14
213.07
214.00
211.58
213.65
214.38
218.28
219.50
223.23
223.08
223.45
221.31
218.62
212.69
211.12
210.06
213.20
214.53
212.74
209.71
205.86
203.36
203.02
204.29
205.59
206.26
209.49
217.80
217.19
214.96
215.56
214.32
215.44
216.47
219.62
217.53
208.94
205.39
203.78
206.00
203.74
202.74
203.81
203.95
200.33
198.87
199.70
198.82
202.56
203.95
205.11
204.31
209.93
215.85
215.34
218.34
217.84
218.49
217.20
211.67
210.80
210.07
208.68
210.20
208.92
207.70
205.49
204.59
199.87
199.54
199.14
201.42
202.22
202.69
202.54
203.74
206.06
208.06
211.74
211.49
211.77
212.22
212.17
207.78
206.68
208.20
210.37
211.57
211.14
211.55
211.31
209.97
208.20
208.39
208.77
209.53
210.61
209.19
212.74
213.60
215.80
217.82
218.19
218.08
217.71
220.96
220.32
214.30
217.33
216.02
215.69
214.66
213.12
215.75
213.65
212.96
210.12
207.94
210.51
214.22
216.83
218.19
216.23
223.51
226.88
226.06
227.95
227.04
225.63
229.62
224.16
215.97
216.98
215.16
215.27
214.48
215.02
215.62
214.56
216.45
214.03
213.61
214.59
218.08
219.64
219.68
222.05
222.93
225.47
226.19
229.01
231.26
232.77
231.50
228.80
227.84
225.57
224.69
224.91
221.27
221.08
217.53
218.35
216.18
214.31
214.23
213.06
214.50
215.59
217.45
217.59
219.26
221.06
226.84
229.94
228.58
229.70
230.80
232.59
232.96
228.16
226.97
222.38
222.63
217.12
215.70
214.51
213.52
211.10
209.80
211.17
210.99
210.71
213.90
217.65
221.08
222.37
224.37
225.41
224.87
225.11
226.23
225.28
221.34
219.06
215.43
215.49
214.59
214.63
214.57
213.38
212.28
209.46
210.07
210.34
210.90
214.18
213.11
216.60
217.99
219.46
220.90
219.89
220.43
215.36
207.96
208.79
207.54
208.98
206.66
202.99
204.66
206.61
208.62
208.63
207.71
204.61
202.65
205.13
202.04
203.32
202.35
206.62
210.83
212.34
212.89
211.97
212.44
211.76
212.95
211.18
210.23
209.87
210.53
213.18
211.81
208.46
209.56
209.44
209.75
206.33
204.21
208.80
206.30
208.69
211.93
210.43
217.22
216.25
219.62
222.96
222.05
224.62
224.14
221.35
215.45
215.78
217.88
217.17
216.21
215.15
215.11
214.24
215.35
212.26
209.70
209.96
216.51
219.90
218.78
223.00
223.99
222.24
222.55
224.70
224.04
225.84
223.40
223.02
222.63
223.28
224.04
219.28
216.85
218.65
217.75
213.18
213.32
212.99
212.82
211.75
211.09
213.92
215.88
218.45
220.73
226.14
227.82
226.89
227.21
228.07
229.19
227.09
225.09
217.57
212.70
213.82
216.27
215.22
212.09
214.15
215.03
214.59
214.00
213.68
212.24
214.01
217.82
218.55
220.00
225.31
223.50
224.38
225.24
225.26
223.69
225.44
227.38
224.00
222.77
221.78
220.51
220.30
218.45
217.00
215.83
213.37
210.93
210.46
211.92
211.38
212.60
217.55
223.94
227.64
228.06
233.18
233.75
237.30
233.95
229.08
227.71
220.54
218.13
217.49
215.23
214.99
214.58
215.03
212.94
212.51
208.59
207.65
207.50
209.46
210.62
214.45
213.68
218.95
219.77
220.43
218.97
217.45
219.46
217.60
215.73
215.73
217.29
219.22
215.80
216.24
216.04
214.71
213.78
210.14
208.83
208.88
212.55
211.66
217.20
218.82
216.01
221.27
224.68
229.21
229.83
226.69
226.15
226.82
225.57
225.00
218.06
216.28
218.09
215.73
215.20
214.09
214.64
210.57
210.13
209.61
211.33
213.12
218.36
218.50
222.86
224.99
226.47
226.78
226.91
226.66
226.71
228.83
226.74
226.51
223.82
219.89
219.02
218.65
220.13
219.07
215.80
211.96
210.39
210.60
214.73
219.49
218.53
222.26
226.22
227.73
230.40
227.52
225.13
224.27
223.44
222.74
220.86
219.19
218.35
216.75
216.94
217.38
218.01
217.35
218.91
216.65
216.59
215.15
216.15
218.48
216.68
219.63
217.88
217.95
222.95
223.43
224.96
225.43
224.02
221.35
220.77
216.63
220.70
221.11
222.21
217.43
215.45
214.72
215.38
214.50
214.52
214.11
213.91
214.32
218.81
218.10
220.60
222.52
223.52
223.57
223.43
223.37
222.18
224.28
225.06
217.56
217.64
216.08
217.36
218.48
218.09
217.84
215.88
214.31
213.26
215.09
217.73
219.86
219.72
220.73
223.82
225.16
226.14
230.16
230.06
227.89
228.86
230.20
228.41
227.41
222.62
222.22
221.02
219.29
219.00
218.74
217.03
214.60
213.24
214.48
218.72
222.00
222.75
222.17
224.59
230.91
231.33
229.49
228.94
229.12
231.12
230.39
230.25
226.17
224.54
226.17
224.85
224.11
221.30
219.32
218.29
213.33
212.07
213.45
215.61
215.94
219.15
224.30
231.60
235.39
236.62
232.47
232.64
233.67
233.57
234.13
231.05
224.09
221.67
221.48
219.89
219.74
218.62
217.64
215.06
213.65
210.55
211.62
218.09
224.16
224.58
225.55
228.98
231.62
232.91
235.88
234.13
233.77
235.53
235.02
231.68
228.73
224.38
222.18
220.71
220.31
220.04
217.79
218.15
214.04
212.50
211.22
217.28
216.68
219.41
228.74
229.80
231.76
233.71
234.20
229.80
230.10
227.13
223.68
221.94
218.54
218.87
214.82
218.20
216.45
216.87
215.22
213.10
213.56
212.73
211.04
211.91
212.07
213.91
213.88
217.36
218.46
221.92
220.10
221.21
221.38
221.01
221.42
222.45
218.53
217.47
217.98
221.74
218.75
219.12
219.72
221.40
219.88
217.29
214.81
214.20
212.47
214.35
214.50
218.31
219.20
218.95
217.29
221.37
219.38
219.59
218.35
214.94
210.97
210.08
211.75
215.83
215.03
213.02
213.89
212.23
209.63
205.60
206.67
210.26
213.12
218.25
221.69
225.12
227.41
227.35
228.40
229.27
227.59
230.30
229.15
224.02
221.37
217.01
216.40
215.48
214.85
214.34
215.32
213.25
208.78
206.49
209.72
212.95
212.56
215.23
217.39
224.89
229.60
231.50
232.83
231.61
233.67
230.63
228.54
225.73
222.28
215.80
216.80
218.86
217.56
218.61
217.82
215.06
211.77
209.55
211.45
212.18
214.28
217.68
220.73
224.00
228.18
231.47
233.44
231.79
231.96
234.61
231.75
224.93
222.74
221.28
217.26
214.45
213.80
217.45
215.94
214.23
210.67
209.33
212.24
212.58
214.88
217.05
244.14
260.33
230.28
230.17
234.47
230.83
230.48
229.51
228.86
225.13
218.20
220.27
218.65
80.32
0.00
0.00
0.00
0.00
0.00
0.00
0.00
53.57
232.16
256.70
258.43
259.04
258.84
256.46
225.56
225.01
222.44
224.55
224.47
222.68
219.76
216.52
217.06
218.78
216.95
215.66
217.16
216.68
214.55
213.48
211.93
213.53
216.78
214.09
215.78
216.16
219.19
217.89
220.70
221.04
222.09
223.11
220.28
218.64
218.38
220.71
220.97
217.93
216.97
215.85
215.14
215.87
214.79
214.12
214.47
212.91
214.64
214.66
214.40
217.00
217.90
218.07
215.90
215.60
215.74
218.38
220.22
217.19
216.96
218.73
219.03
218.95
216.49
216.83
214.54
213.91
211.95
209.95
209.45
210.05
212.64
213.18
215.20
218.63
227.05
226.16
232.58
232.92
228.60
227.54
224.29
221.58
219.46
219.99
220.42
221.01
218.84
217.00
215.56
213.91
209.95
212.17
213.84
217.36
219.17
230.57
234.15
236.42
237.87
239.82
238.07
241.35
238.31
240.58
236.29
233.78
228.58
222.70
222.93
223.10
221.80
219.49
220.85
218.31
215.63
214.25
217.24
218.84
222.07
223.97
233.46
240.63
239.00
241.00
237.73
234.47
234.17
236.61
233.32
228.72
222.37
214.02
215.09
214.63
214.22
216.14
216.84
215.19
213.00
210.93
210.33
213.01
214.09
228.23
229.65
232.63
230.44
234.02
245.46
266.48
267.91
283.33
280.52
276.41
266.16
243.87
226.18
220.65
222.27
219.96
219.04
217.04
213.14
209.89
212.16
215.52
216.16
217.85
218.86
220.48
222.62
223.28
225.10
223.15
223.55
226.92
226.61
224.91
220.99
216.24
217.24
218.30
219.78
219.25
220.42
217.98
216.03
213.27
212.68
214.45
220.02
218.96
220.20
219.65
220.94
223.26
221.30
221.81
221.66
221.95
220.33
220.69
220.26
221.84
219.06
218.24
218.00
218.95
217.66
218.04
216.58
216.97
214.55
216.84
217.48
218.39
217.82
220.61
224.90
223.05
224.25
227.52
220.77
216.36
217.38
216.17
214.51
216.44
213.78
214.07
212.72
215.47
217.57
218.24
216.47
216.41
215.99
215.88
215.12
216.49
218.59
220.23
219.52
219.27
220.32
220.73
218.82
221.44
220.68
220.52
216.58
217.77
217.86
216.88
216.37
217.83
217.42
213.81
210.37
208.17
209.41
211.35
213.86
214.81
217.50
223.70
227.21
226.84
229.86
229.64
231.74
230.16
226.38
224.44
222.82
222.41
221.87
221.38
217.93
219.29
217.78
216.74
216.11
213.66
214.06
216.05
220.24
217.13
222.76
222.60
227.65
230.64
233.98
234.38
236.66
233.43
228.70
225.82
222.35
215.87
218.72
217.04
216.79
215.57
214.72
215.08
210.79
209.21
211.18
214.53
212.56
218.20
227.99
233.02
233.70
234.10
237.59
232.76
232.55
230.73
226.36
223.58
223.23
220.66
216.56
217.36
218.36
218.19
219.15
219.10
215.03
212.72
212.58
212.16
217.26
228.95
233.42
234.12
237.55
244.06
238.54
252.94
265.73
270.09
264.14
260.86
256.15
247.44
233.72
230.03
228.66
230.40
228.86
226.95
224.71
223.09
220.39
218.46
219.59
222.84
220.09
222.94
225.95
224.34
223.73
221.80
221.98
223.93
223.49
222.92
223.55
224.26
225.11
223.78
221.48
220.99
220.52
220.81
220.34
219.66
217.73
220.01
219.75
215.87
219.43
217.90
219.02
220.08
219.96
220.07
219.83
220.75
217.60
218.25
219.00
218.80
219.66
217.61
218.62
218.89
217.64
214.67
212.38
211.79
211.69
212.72
214.66
214.22
216.35
216.34
216.67
218.03
217.32
217.97
217.41
220.39
217.79
218.82
219.55
218.75
220.06
217.78
217.05
217.66
217.99
217.80
214.54
212.03
210.50
213.76
213.40
212.75
217.49
217.79
217.92
217.16
219.68
217.87
218.47
220.19
218.03
218.92
218.41
217.42
218.07
217.12
216.38
217.31
216.50
214.72
212.72
210.60
210.34
211.20
212.15
210.53
214.08
213.57
214.06
213.22
216.78
214.19
215.75
217.90
218.19
218.16
217.12
215.87
216.26
215.65
217.53
212.32
211.57
212.61
208.35
206.94
207.89
209.26
212.25
215.35
215.98
220.31
219.22
219.06
217.93
217.94
219.20
220.04
220.81
220.18
217.05
217.46
215.30
216.14
216.64
215.40
216.53
215.54
214.12
210.70
211.10
212.41
212.82
218.66
222.00
223.39
220.91
224.55
223.75
222.84
222.18
225.20
222.94
222.55
221.56
220.34
218.77
217.05
217.71
216.67
217.08
216.92
214.11
214.27
212.75
215.14
214.91
217.46
216.86
217.39
216.70
222.10
222.23
221.87
218.43
215.41
218.14
216.42
214.87
216.16
215.29
215.13
215.24
216.02
214.64
214.90
212.88
214.37
213.83
213.18
214.84
212.90
214.67
217.35
217.95
220.56
218.31
218.65
216.88
217.42
217.68
216.03
217.67
216.89
217.79
216.52
214.26
213.63
212.72
211.79
210.06
207.71
208.04
211.02
212.99
212.07
217.65
218.05
219.27
219.00
219.84
220.81
218.90
221.24
218.02
212.45
213.63
210.35
211.11
213.89
210.95
211.18
211.32
210.54
207.87
203.90
205.99
207.03
210.09
211.30
212.84
216.30
219.27
217.86
215.63
215.15
215.79
217.89
215.75
215.40
214.70
215.55
214.71
217.08
214.26
214.82
214.65
211.46
208.33
208.05
207.18
209.53
209.19
212.05
222.18
222.57
222.43
217.75
218.48
219.85
218.06
220.62
218.76
217.58
216.36
218.14
216.55
218.32
215.37
217.96
217.23
216.79
212.28
216.22
208.02
210.80
212.81
214.90
215.86
220.47
222.98
222.77
223.32
221.82
221.84
222.13
219.43
217.78
217.03
217.10
217.27
217.65
217.78
218.07
215.85
216.00
212.78
209.25
209.46
209.80
210.44
214.73
217.16
219.19
219.19
222.15
219.73
219.18
218.03
216.53
215.74
216.21
217.90
218.40
216.80
216.74
214.89
216.48
216.27
216.09
213.68
213.29
212.28
209.79
211.66
210.97
225.08
226.38
230.82
233.29
237.93
248.63
258.97
258.08
246.20
247.22
238.37
233.90
221.41
215.59
215.08
216.43
216.56
215.61
214.58
215.16
212.19
212.82
211.77
211.54
213.10
213.82
215.43
217.54
215.86
218.03
217.08
217.01
215.49
218.68
214.18
209.89
212.02
213.14
215.78
213.42
211.63
209.40
205.24
201.87
201.20
203.55
202.37
203.60
205.34
205.46
207.75
208.48
206.95
209.07
209.71
208.47
206.81
203.79
203.97
205.37
205.44
206.63
205.48
206.63
204.94
205.70
202.68
201.61
201.09
200.39
200.94
202.67
204.33
204.54
211.63
208.94
209.72
209.53
208.45
207.36
208.72
207.47
208.47
207.58
206.12
207.18
205.77
206.63
208.06
205.16
203.16
201.43
201.91
205.20
206.89
208.08
207.76
206.95
209.37
210.53
210.01
211.71
213.13
211.06
210.54
210.50
210.31
209.11
206.36
210.60
212.17
208.05
209.05
205.24
204.37
202.48
203.65
208.06
206.62
206.26
204.88
210.22
211.38
211.31
209.50
207.83
205.41
205.55
206.26
206.22
206.41
205.91
207.47
206.94
206.28
208.40
205.91
204.14
201.85
202.53
202.90
207.46
210.92
209.94
210.18
212.07
211.89
211.34
212.35
212.35
213.17
215.21
215.12
213.82
211.69
209.04
212.78
211.51
212.60
212.18
211.44
211.95
209.90
209.04
206.74
207.67
207.56
205.94
207.01
211.24
214.38
213.18
212.77
211.70
210.44
211.82
208.97
209.13
209.34
211.17
213.84
212.24
210.50
212.63
210.94
210.14
211.54
210.98
209.43
207.55
206.17
205.78
205.95
210.82
210.59
211.62
208.08
207.18
206.98
207.59
205.37
206.60
205.89
205.36
207.83
207.31
208.74
208.92
209.83
207.17
203.33
202.55
202.08
167.97
204.83
205.52
208.44
208.64
210.00
211.75
210.38
208.56
207.56
207.27
204.95
205.73
204.24
205.19
203.86
204.73
205.19
205.19
205.59
204.17
200.71
200.73
200.16
203.71
205.40
205.30
204.56
207.44
210.23
210.47
208.18
209.51
207.14
208.66
207.79
209.14
207.06
204.88
206.22
209.44
207.32
208.81
207.63
207.97
204.22
202.00
199.78
201.52
203.48
205.41
206.97
212.90
209.29
211.36
213.19
209.66
208.85
209.60
209.05
208.83
209.77
209.94
206.05
204.86
206.12
204.49
206.07
204.83
202.67
198.79
199.30
202.93
205.52
210.54
213.56
209.03
212.40
210.85
211.14
208.41
208.10
211.05
209.57
209.40
210.26
211.51
212.53
210.78
213.65
211.90
209.63
208.69
206.79
203.52
202.34
202.43
203.72
205.36
209.06
209.51
210.26
213.67
215.47
215.94
214.73
211.72
211.54
209.77
209.59
211.33
208.97
206.21
207.05
209.03
208.26
208.66
206.53
205.41
205.93
206.41
207.07
207.75
209.84
210.99
211.88
211.91
211.12
214.28
221.12
221.11
218.47
218.16
213.35
211.20
209.98
208.97
208.80
208.29
209.56
209.93
208.79
207.07
207.77
204.73
205.22
204.08
205.93
207.85
209.22
210.83
209.77
209.21
208.19
205.71
205.13
204.76
204.64
203.98
203.47
202.91
204.47
206.07
205.91
205.69
202.29
199.05
198.01
200.90
203.59
205.21
210.98
213.33
214.73
213.85
214.46
215.90
214.78
210.89
207.34
209.12
206.26
206.60
204.70
202.37
203.22
203.92
202.29
201.66
200.60
200.06
200.45
202.73
205.13
208.34
220.15
213.24
214.15
208.94
209.93
209.04
207.45
207.25
206.11
206.40
208.05
206.12
202.50
200.94
203.17
204.15
202.66
202.62
198.25
196.04
202.98
207.86
210.28
212.12
214.54
215.55
221.58
215.99
215.60
215.86
208.14
201.46
203.63
203.06
203.66
204.26
201.50
202.62
204.12
203.87
203.93
202.66
198.99
197.83
197.45
197.83
198.76
200.65
200.13
202.00
203.25
205.25
207.36
205.96
207.04
207.15
206.85
205.63
205.05
205.05
207.11
204.76
204.09
205.12
206.15
204.30
201.28
199.14
198.03
197.17
199.38
204.74
206.74
209.08
208.84
205.35
202.16
205.86
203.26
203.46
204.22
205.28
204.94
206.29
205.89
204.77
204.43
204.85
205.47
205.33
203.26
203.77
206.81
222.24
217.94
231.44
240.31
241.49
238.83
247.19
232.90
231.21
214.09
213.60
214.17
215.78
211.83
210.74
210.34
209.05
210.24
209.69
207.82
207.66
208.19
205.73
205.48
203.13
203.38
204.91
204.65
207.17
206.18
208.43
208.57
209.17
207.89
205.82
207.34
207.73
206.11
205.90
205.23
206.21
203.12
206.45
208.44
204.36
200.88
198.75
195.57
197.46
161.41
198.29
199.62
203.22
202.27
204.04
202.76
202.42
202.55
203.03
203.80
206.50
206.31
206.17
206.24
206.64
207.44
207.25
208.39
207.39
201.28
199.92
201.46
201.03
200.29
203.27
202.91
203.84
207.40
207.57
208.34
208.09
207.80
208.96
207.78
205.78
205.07
204.06
205.45
203.20
204.20
204.62
203.57
202.96
201.19
201.85
200.08
202.00
203.67
204.37
206.27
209.36
209.87
211.27
209.63
209.26
210.20
210.88
208.93
207.59
207.09
205.16
205.63
208.57
209.93
209.14
206.69
205.93
207.27
201.35
203.47
203.29
203.02
203.96
205.32
207.38
209.33
208.70
208.83
206.90
206.56
205.10
203.72
204.96
204.75
206.13
207.08
206.79
208.24
206.16
209.27
207.10
200.34
199.45
196.17
198.47
199.62
200.36
200.59
202.12
201.63
201.56
203.17
200.70
201.53
201.42
203.37
202.28
202.37
201.96
204.56
205.68
204.96
203.72
204.71
203.87
202.68
201.01
199.81
198.89
198.55
197.93
200.87
203.24
205.65
203.10
202.88
202.70
201.01
201.01
200.63
202.25
204.76
202.59
203.27
202.82
202.15
204.08
202.62
203.45
201.67
200.42
199.75
199.09
199.05
198.46
198.45
200.93
201.71
200.53
199.71
199.06
199.76
197.47
195.87
198.75
199.02
199.00
197.98
199.19
199.53
199.78
200.98
200.55
196.24
194.22
195.14
195.54
196.00
195.48
199.27
199.19
202.18
200.87
200.42
202.18
203.74
203.94
204.71
205.03
210.50
207.71
201.71
202.23
201.50
201.27
200.79
198.62
195.73
193.65
197.08
197.96
197.51
197.54
200.82
201.16
202.47
204.15
203.77
206.80
207.17
207.15
207.64
207.11
205.83
203.62
203.91
203.22
202.00
204.19
203.51
202.88
199.85
195.85
195.90
194.37
196.62
198.77
200.13
204.01
205.74
209.27
207.74
204.96
203.90
203.21
205.03
205.92
204.54
203.98
203.91
203.86
201.31
203.09
203.44
202.87
197.90
195.25
193.90
195.52
195.83
196.76
197.75
215.09
247.21
250.44
249.13
250.20
249.21
250.95
248.07
247.61
233.46
202.57
202.32
201.62
201.45
201.94
202.33
203.79
199.59
196.27
195.10
194.35
195.67
197.29
195.56
198.00
197.25
197.07
199.04
198.46
199.89
199.24
200.11
200.76
200.56
200.07
200.20
200.50
200.25
201.46
204.03
202.37
201.03
199.47
204.96
225.39
229.85
224.05
222.90
202.05
203.08
202.42
210.18
218.98
222.15
218.51
212.32
212.79
206.56
204.81
201.75
203.20
202.88
204.29
204.79
204.48
203.78
203.33
200.98
199.54
197.98
199.81
201.57
202.61
204.37
204.89
202.12
201.57
203.09
201.16
202.63
201.52
200.74
204.00
203.92
203.16
204.61
203.88
204.07
202.54
199.82
197.51
195.32
195.30
198.01
198.23
199.37
200.36
200.77
200.18
201.28
200.29
199.91
199.64
201.89
200.80
200.87
201.69
202.62
203.81
204.20
202.48
201.98
201.80
197.95
194.26
193.53
196.21
198.17
200.19
199.75
199.62
198.83
204.79
201.71
199.93
198.50
195.14
195.90
196.25
195.56
197.98
198.69
199.04
199.65
199.16
199.00
198.72
197.20
195.86
193.52
192.03
195.35
197.34
198.93
198.36
197.08
197.22
196.51
196.07
195.78
194.72
196.78
195.74
196.87
196.79
194.94
195.70
196.27
196.93
197.76
198.29
193.26
191.31
192.32
192.03
194.58
195.79
195.56
194.68
194.48
194.43
196.13
197.53
196.73
196.49
197.91
196.48
194.67
197.66
196.13
198.06
198.77
198.33
197.81
197.21
194.53
191.90
191.55
191.93
194.25
197.50
195.51
197.44
198.75
200.01
201.00
199.88
197.52
196.91
197.84
198.50
198.76
197.62
199.22
201.82
200.67
200.92
199.85
198.99
196.96
196.68
213.16
225.77
225.66
223.11
227.89
230.76
236.25
234.83
234.45
236.34
232.45
234.84
234.18
235.16
229.58
237.06
230.54
232.84
235.12
232.23
232.40
230.51
230.46
228.36
226.47
225.54
223.95
203.86
201.06
202.49
203.20
205.32
204.29
200.97
200.90
200.15
200.45
199.20
198.36
199.03
200.41
200.71
203.07
204.08
204.73
202.05
198.87
195.81
194.02
193.43
194.67
196.33
195.51
198.92
198.90
202.81
202.07
199.68
201.15
200.35
201.86
201.42
200.27
200.35
200.40
200.63
202.48
202.16
202.09
200.75
198.44
195.93
195.35
195.11
195.79
196.38
198.07
199.58
200.18
204.11
203.12
202.07
201.27
200.56
203.36
202.20
202.61
202.43
202.77
200.96
199.00
199.35
198.15
197.90
197.01
193.63
194.74
193.22
194.92
204.59
208.28
212.54
211.68
210.41
211.77
202.36
197.20
197.18
199.47
201.22
200.62
201.27
201.79
202.22
199.88
198.20
197.90
196.91
196.01
190.97
189.44
189.40
189.64
190.10
194.44
195.53
195.18
195.49
197.06
199.35
200.60
198.93
199.71
201.34
200.82
198.49
198.08
198.09
196.92
196.86
196.42
197.07
194.21
193.16
193.69
192.49
192.97
197.72
198.32
198.16
199.15
198.19
203.86
205.88
199.30
198.47
202.08
202.22
200.57
198.60
200.27
200.72
197.58
200.08
202.42
201.77
199.66
198.53
198.54
212.37
207.73
216.68
230.99
252.41
243.37
251.06
243.83
232.84
234.88
210.61
207.09
206.31
207.61
208.59
208.24
207.39
208.15
210.11
209.91
207.58
205.90
204.97
203.85
202.17
201.44
202.87
205.12
205.68
204.98
206.06
203.37
201.54
202.73
200.68
200.17
200.03
198.23
198.62
199.67
201.64
201.93
203.63
203.07
202.08
200.26
197.28
196.76
194.01
195.09
199.44
198.54
200.26
199.44
201.08
198.84
199.20
198.95
199.67
200.87
198.74
199.83
200.31
201.01
201.90
199.55
201.14
202.30
201.72
196.51
194.93
195.68
196.26
198.58
197.42
196.12
198.31
199.45
199.40
198.67
199.31
199.84
198.18
197.06
196.99
197.38
197.09
197.74
198.57
199.46
198.83
199.01
197.23
195.28
194.31
195.65
197.17
196.36
197.41
158.86
201.09
200.34
200.77
248.46
257.34
259.01
261.19
221.22
203.79
198.55
198.50
197.92
199.22
198.28
199.17
198.27
197.89
196.30
193.83
194.79
193.81
193.80
193.80
194.91
196.84
198.52
199.47
199.11
201.22
200.49
199.76
199.85
201.74
200.15
199.58
197.55
197.35
199.36
201.06
200.19
199.78
196.37
196.90
195.77
196.18
197.46
197.80
200.44
202.27
202.96
201.74
201.80
203.56
201.87
200.90
199.61
199.68
199.12
198.15
200.87
199.00
199.73
200.10
201.46
202.15
200.33
199.21
197.94
197.63
197.49
198.67
198.49
200.04
199.43
199.30
199.92
197.35
199.51
197.09
197.28
197.36
197.05
199.34
199.08
199.35
200.08
200.12
201.00
201.01
200.24
199.21
198.63
197.19
198.95
198.23
201.08
199.57
202.23
199.38
199.41
198.00
198.01
196.58
197.17
196.73
196.03
198.15
197.75
198.85
200.85
199.71
201.37
201.34
196.94
194.86
194.44
194.33
197.07
197.79
198.10
198.20
198.06
198.88
199.68
200.88
200.16
199.35
198.59
197.79
196.25
196.26
195.17
194.64
197.27
196.67
198.59
198.56
198.40
194.52
193.76
193.44
195.35
195.52
193.13
195.29
194.51
193.39
195.49
197.30
194.96
195.69
196.30
196.23
194.66
194.33
195.00
196.83
198.06
197.69
196.63
197.11
195.07
194.31
194.55
199.76
201.44
203.10
203.44
193.56
194.12
197.88
200.73
200.01
198.85
198.59
200.44
200.61
200.62
200.41
200.21
200.63
201.42
201.81
200.51
198.57
197.19
195.06
203.73
193.60
196.01
195.89
196.51
201.73
196.07
193.98
197.38
199.26
199.67
200.14
200.03
199.35
201.84
205.11
202.68
201.71
201.88
201.75
201.07
200.21
197.92
195.91
196.13
196.49
196.53
196.40
197.62
201.86
196.79
197.33
196.69
197.98
195.61
196.67
197.00
197.19
196.54
197.83
198.38
199.48
198.97
199.06
198.78
198.54
33.06
0.00
0.00
0.00
0.00
0.00
0.00
0.00
0.00
0.00
0.00
0.00
0.00
0.00
0.00
0.00
0.00
0.00
0.00
0.00
0.00
0.00
0.00
0.00
0.00
0.00
0.00
0.00
0.00
0.00
0.00
0.00
0.00
0.00
0.00
0.00
0.00
0.00
0.00
0.00
0.00
0.00
0.00
0.00
0.00
0.00
0.00
0.00
0.00
0.00
0.00
0.00
0.00
0.00
0.00
0.00
0.00
0.00
0.00
0.00
0.00
0.00
0.00
0.00
0.00
0.00
0.00
0.00
0.00
0.00
0.00
0.00
0.00
0.00
0.00
0.00
105.55
198.49
199.02
197.42
198.33
196.13
196.42
196.35
196.68
196.34
195.82
195.38
196.04
194.74
194.46
194.69
195.13
194.26
194.50
193.66
191.39
189.87
189.73
197.17
201.03
200.60
203.65
206.17
208.30
209.70
203.75
197.12
197.79
197.75
198.52
196.26
194.04
193.94
194.09
195.99
196.78
196.77
198.34
198.45
195.15
194.60
195.32
194.17
194.37
195.07
195.50
194.63
195.10
196.09
195.62
198.08
196.67
197.11
198.02
196.84
197.78
198.32
197.31
196.96
198.07
198.62
198.14
197.89
203.06
197.85
194.90
194.37
193.30
193.25
194.40
194.06
196.82
195.68
196.42
197.04
194.04
191.10
193.36
193.83
195.13
195.95
195.84
196.32
196.52
195.74
195.79
196.03
194.63
193.06
192.57
192.29
193.84
196.12
197.75
199.31
204.40
208.07
210.10
220.80
251.39
250.19
260.35
250.05
242.31
244.53
227.93
208.97
203.23
200.99
201.59
201.46
198.54
195.91
196.00
196.51
197.40
199.29
200.92
199.40
200.76
201.19
200.07
199.14
195.99
197.05
197.27
196.86
197.48
198.18
197.71
198.86
198.86
198.13
197.22
195.85
193.94
193.69
193.59
193.28
193.20
194.06
194.37
195.02
195.45
195.12
196.86
196.20
195.16
196.15
194.88
194.18
194.74
192.84
194.20
195.04
196.58
197.43
196.65
195.70
192.09
193.59
193.58
195.15
197.47
195.26
195.21
197.20
195.54
195.01
196.02
194.55
195.26
197.37
195.69
195.55
194.86
194.67
196.34
198.46
198.80
198.88
198.46
198.03
195.83
194.11
194.36
193.36
193.63
194.66
194.34
193.78
195.35
196.57
196.93
194.87
196.64
194.28
195.20
196.02
197.30
197.39
197.43
200.04
199.31
199.28
199.35
198.37
196.08
193.50
194.61
193.81
193.71
192.59
192.09
197.11
206.71
197.09
196.06
194.85
194.62
194.53
193.89
196.12
196.48
198.27
199.16
199.70
199.93
200.16
199.88
199.04
196.30
192.23
192.73
193.72
193.20
195.05
194.25
195.30
195.55
199.00
205.00
207.83
209.25
210.15
204.88
206.06
207.34
203.11
199.74
200.22
200.23
198.62
198.13
198.12
196.56
195.17
195.19
197.38
200.28
201.51
203.24
204.79
205.95
206.66
206.90
210.03
203.67
202.63
201.53
198.61
200.07
199.75
197.78
198.03
198.92
199.93
200.05
199.55
197.64
196.18
194.97
193.95
193.08
193.44
193.00
194.16
193.30
193.42
195.21
193.35
193.12
194.00
195.14
195.65
195.01
196.31
197.57
199.02
200.39
199.99
199.42
198.00
195.70
192.71
194.60
194.61
194.84
194.13
194.98
195.68
194.39
194.00
193.41
194.94
193.04
192.96
192.20
193.61
193.59
193.69
194.26
195.91
197.10
196.50
196.08
193.96
194.27
193.20
193.71
194.30
196.84
197.50
197.27
196.77
196.05
195.39
195.01
195.78
194.85
194.72
196.11
195.72
195.26
194.98
195.07
194.74
196.35
196.80
194.98
194.73
191.44
189.70
190.39
190.41
192.64
193.04
194.54
195.85
194.46
193.60
191.28
192.85
191.30
191.13
192.48
193.23
194.62
193.70
194.99
195.66
195.24
194.97
195.38
192.82
190.37
187.65
188.97
191.19
194.30
193.16
193.45
193.50
192.00
192.26
193.43
194.15
192.64
191.64
190.65
191.28
191.72
192.53
194.88
193.86
193.49
193.95
192.07
191.57
191.05
188.25
187.44
187.92
189.36
191.53
193.32
195.01
194.56
192.06
192.29
192.38
190.89
189.22
190.60
190.45
190.93
193.23
193.42
191.90
191.76
192.82
191.85
191.36
189.33
189.97
187.86
188.13
189.32
191.39
193.23
193.49
194.56
194.08
193.11
191.96
190.90
188.85
190.24
190.71
190.09
191.86
192.57
195.34
195.07
195.15
193.39
193.60
190.88
191.64
190.90
189.72
190.48
191.37
193.23
193.47
193.22
193.42
193.43
191.25
189.26
187.25
188.68
188.47
189.26
190.97
191.48
189.97
192.19
192.18
191.72
189.46
186.97
186.49
185.06
186.88
189.18
191.34
190.76
191.63
192.64
192.22
191.22
189.54
188.13
186.15
186.46
186.29
185.85
187.44
188.70
189.51
189.44
189.21
190.42
188.79
185.87
182.89
185.11
186.80
186.82
188.72
189.54
191.31
192.36
192.41
191.17
192.03
190.90
188.76
188.05
188.56
189.23
191.16
191.47
191.11
191.45
190.99
191.99
191.29
189.19
186.30
186.08
187.07
188.95
192.38
191.99
192.17
192.50
192.99
193.42
193.48
191.02
189.29
190.43
189.53
190.03
190.89
188.14
186.59
188.33
188.78
187.87
188.05
186.22
185.43
185.20
186.37
188.74
190.93
191.30
191.76
191.64
192.59
192.64
192.91
190.77
190.68
190.05
190.16
189.97
191.00
191.93
192.70
190.54
189.98
189.83
188.50
187.70
185.88
185.14
186.49
189.24
191.38
191.04
192.79
194.64
193.07
197.20
194.90
193.63
190.28
191.12
191.98
191.45
191.63
191.46
192.70
191.31
191.27
191.78
191.13
190.05
188.93
188.07
187.64
188.55
191.31
192.98
195.49
194.09
194.70
194.55
193.76
193.26
192.61
194.80
193.02
192.80
191.94
192.49
193.99
193.80
194.11
193.34
194.49
191.94
189.40
188.95
190.14
190.33
192.64
193.07
194.31
195.04
193.72
193.80
194.31
193.73
193.27
194.02
194.91
193.67
193.69
194.89
194.71
196.40
195.33
195.18
193.17
191.29
190.39
187.86
188.02
188.71
189.74
189.05
189.43
188.88
188.92
189.76
192.42
192.60
192.28
193.35
192.24
191.74
191.16
190.02
190.78
192.69
191.90
192.92
192.76
191.49
190.92
191.19
189.37
189.10
190.37
191.72
192.17
192.30
192.47
192.97
193.15
192.62
192.11
192.54
192.49
191.31
192.96
191.83
193.73
193.48
193.12
194.18
194.46
192.82
191.31
191.88
191.35
191.05
191.27
192.06
194.48
194.37
194.06
194.82
194.93
192.40
190.52
190.40
191.17
189.80
189.79
190.70
189.94
190.83
191.05
190.66
190.48
189.03
189.06
189.16
188.91
190.71
191.14
190.85
191.67
191.28
190.57
191.29
190.57
189.63
188.56
189.55
190.23
190.05
191.51
192.16
191.12
192.40
193.27
192.24
192.06
189.32
187.98
186.92
185.35
186.86
185.76
185.07
186.09
186.62
188.98
191.19
190.48
187.57
186.17
186.94
187.92
187.81
190.24
191.68
191.40
191.61
191.58
191.09
191.64
189.25
186.75
186.92
186.96
187.23
189.41
190.78
191.63
192.98
193.06
193.01
191.75
189.70
188.43
188.74
188.43
187.81
188.93
191.04
189.56
189.72
188.25
187.85
188.08
186.37
185.98
186.51
186.93
188.61
192.94
193.99
195.87
195.78
196.29
194.75
194.34
191.11
189.09
189.17
190.48
189.89
190.86
190.39
189.87
191.13
190.62
188.88
189.22
187.88
187.64
187.21
186.45
188.03
189.18
189.74
191.53
193.22
192.98
192.17
192.87
190.55
190.40
191.13
191.53
189.79
190.82
193.25
192.56
192.01
191.95
191.60
191.67
188.59
187.72
186.00
187.27
188.17
190.57
190.85
192.68
195.55
197.00
196.91
196.01
192.30
188.94
189.63
191.42
191.21
192.08
192.79
