9.12
9.31
9.66
8.83
9.43
10.64
13.54
12.82
13.30
13.41
13.50
13.07
13.70
12.25
12.95
12.72
12.04
12.02
11.49
8.90
8.77
8.65
8.57
8.84
9.27
9.59
9.38
9.58
9.92
15.19
17.83
18.02
19.24
18.90
18.11
16.61
16.76
17.80
16.50
15.66
14.23
13.91
14.75
15.19
14.65
14.08
14.21
14.37
14.18
14.20
13.52
13.93
13.74
18.35
20.57
19.10
18.98
17.21
19.18
15.75
15.48
16.08
12.95
12.75
13.00
12.44
11.07
11.77
12.58
11.88
12.33
12.22
12.24
12.56
13.34
13.09
12.17
16.22
16.79
18.01
19.22
15.64
14.02
13.47
13.10
13.90
11.83
10.94
10.26
10.13
12.73
9.68
10.80
10.72
10.14
11.04
10.15
10.91
11.20
12.03
11.01
11.63
13.00
13.62
11.88
11.08
9.70
11.13
9.93
10.51
9.83
10.06
9.29
9.66
11.33
10.09
9.61
9.45
9.50
9.73
10.54
9.73
9.39
10.33
10.95
10.19
12.24
11.19
10.42
10.26
10.25
9.81
10.49
9.65
9.68
10.45
9.80
9.64
11.00
10.46
10.27
10.48
10.73
10.59
9.78
11.13
10.68
11.22
11.81
15.42
17.37
15.54
14.32
14.66
14.03
13.26
11.39
11.18
11.20
8.13
8.96
8.84
8.53
8.82
8.73
8.34
8.36
8.87
7.73
8.34
8.34
8.15
9.79
13.88
16.14
14.21
14.53
13.08
11.55
12.53
15.37
11.77
13.06
10.78
10.32
10.53
8.08
8.91
8.04
8.14
9.88
10.04
10.76
9.54
9.92
10.28
9.76
13.18
12.90
12.03
13.63
12.53
13.46
12.20
12.54
10.89
10.15
8.97
9.32
8.68
8.91
8.26
9.11
8.06
9.10
8.93
8.21
8.53
8.93
8.95
8.65
11.02
13.30
10.68
10.78
12.83
7.07
11.86
13.18
12.11
11.49
9.68
9.34
9.82
9.80
9.69
7.78
9.05
9.42
8.26
9.72
9.15
9.12
9.11
10.51
14.73
17.66
16.16
14.87
14.78
14.80
11.89
13.28
12.14
12.26
11.05
10.61
9.13
8.06
9.63
8.64
8.54
9.99
8.52
8.38
8.97
9.53
7.89
9.44
9.00
11.22
10.71
10.18
8.56
9.22
8.72
9.09
8.47
8.40
8.21
8.69
8.81
11.60
11.11
9.06
10.94
9.22
9.15
8.67
8.66
9.02
7.98
9.20
8.90
11.77
11.30
10.65
8.60
8.51
8.81
8.26
8.81
8.45
8.40
8.90
7.95
11.46
11.63
10.34
11.12
9.25
9.77
8.02
9.02
9.25
8.32
9.54
14.83
16.60
15.35
14.77
14.51
14.34
13.25
13.08
12.36
11.13
9.74
10.20
9.92
9.52
10.12
8.49
10.06
9.58
9.44
9.68
9.21
10.02
9.88
9.73
13.54
14.03
14.39
15.01
13.80
13.66
11.94
12.15
12.46
11.43
10.80
9.66
10.06
9.03
8.30
9.39
9.34
8.67
9.71
9.73
9.81
9.51
10.35
9.60
12.35
14.74
13.19
13.18
13.59
13.70
11.60
12.68
12.57
11.97
10.43
10.18
8.69
8.82
8.63
9.00
8.41
8.37
9.77
8.84
8.32
9.13
9.30
8.65
14.33
15.46
14.58
14.97
15.52
15.49
13.45
12.71
11.48
11.30
8.70
9.28
9.24
6.59
7.66
7.59
7.39
7.72
7.83
7.75
8.20
10.25
9.66
9.52
13.53
13.61
12.47
11.55
13.20
11.90
11.57
11.32
10.67
11.07
10.80
8.68
6.53
7.11
6.50
6.57
6.88
6.64
7.19
6.85
6.85
6.76
7.47
6.93
7.46
9.97
9.74
9.57
8.10
8.36
8.08
7.55
6.61
6.23
7.15
6.20
7.13
8.50
7.05
8.47
10.45
8.66
8.62
8.87
9.74
8.91
8.25
9.48
9.42
11.41
10.70
11.54
8.85
7.94
7.14
6.81
6.67
7.20
6.58
6.60
6.72
9.23
8.34
8.23
7.71
7.05
7.18
7.53
6.27
7.53
7.28
7.20
9.45
11.06
11.83
12.41
11.93
14.16
11.68
11.41
10.67
9.66
9.96
9.08
9.10
9.23
7.61
8.45
10.24
9.39
9.57
10.50
10.13
10.22
9.33
10.68
12.14
16.17
14.60
15.59
14.72
13.16
13.65
13.47
12.35
11.65
11.25
10.67
10.24
10.01
9.55
9.10
10.05
8.50
9.08
8.81
9.72
8.94
9.21
9.58
11.97
20.35
19.99
17.59
17.41
17.16
16.65
16.82
15.41
11.12
11.22
11.25
10.56
10.65
9.86
9.49
9.39
9.63
9.50
9.30
9.88
8.76
8.11
7.99
12.66
17.53
16.93
16.43
14.94
14.48
14.92
15.62
14.90
15.77
11.97
10.15
9.70
8.44
8.56
8.83
9.15
8.33
9.28
9.09
9.18
9.56
10.20
9.67
10.10
10.78
11.62
11.71
11.15
11.23
11.04
10.31
9.47
8.15
8.17
8.44
7.17
8.86
7.92
7.85
7.63
6.45
7.24
6.83
7.53
7.58
6.73
7.38
7.30
10.98
0.00
0.00
0.00
0.00
7.49
7.08
6.70
7.28
6.33
6.82
6.72
11.16
8.48
7.95
8.21
8.10
6.85
7.23
7.08
7.29
7.00
7.19
7.62
11.26
9.28
7.93
7.34
7.40
6.88
6.79
7.25
6.27
7.19
6.57
6.80
11.06
8.52
8.85
7.61
8.10
6.90
7.20
6.91
7.44
7.39
8.57
9.75
11.81
11.89
11.63
10.96
9.33
10.45
10.73
9.78
10.23
8.08
8.20
8.12
10.24
7.42
7.53
7.51
7.60
7.75
6.84
7.60
7.17
7.37
9.32
10.17
11.53
11.72
11.47
10.89
11.19
11.85
11.28
11.39
11.20
10.47
6.89
9.71
7.52
8.11
7.63
7.56
8.35
7.71
8.38
7.87
8.07
7.80
9.77
9.50
12.95
11.90
12.71
11.48
11.41
11.58
11.94
11.10
10.96
10.65
9.85
8.48
6.68
6.72
6.73
7.33
7.00
6.94
7.58
7.14
6.93
6.97
8.75
10.40
11.79
11.75
11.94
10.93
10.38
11.26
10.93
11.12
10.35
9.89
10.37
7.75
6.68
7.09
6.64
6.71
6.99
6.62
7.17
6.93
6.90
7.20
6.93
10.05
11.25
11.22
11.30
10.42
9.87
9.95
10.14
9.41
10.48
10.28
8.42
7.59
6.53
6.56
6.65
7.20
6.68
7.15
6.86
6.95
7.66
6.69
6.93
7.56
7.36
7.35
7.26
8.02
7.58
8.40
9.43
7.15
6.32
6.31
6.49
7.42
6.33
6.50
6.54
6.50
6.89
6.77
6.79
6.95
7.43
6.99
6.96
6.92
7.32
6.79
7.28
7.49
7.14
7.01
7.50
6.64
6.61
6.94
6.63
6.65
6.97
6.25
6.62
6.93
6.62
7.47
6.57
7.18
6.62
7.25
8.41
9.37
11.06
10.20
12.05
10.88
11.28
10.80
10.58
11.07
10.53
10.73
8.77
8.49
6.57
6.84
6.86
6.57
7.37
7.12
7.04
6.93
7.79
7.06
9.51
10.12
12.21
13.83
11.61
11.28
10.58
11.01
10.58
9.78
9.71
9.11
9.63
7.86
6.83
6.58
7.41
7.52
6.83
7.55
6.96
7.72
6.98
6.92
8.58
9.83
11.23
11.85
11.13
11.54
10.50
11.14
10.72
9.20
9.81
9.64
8.62
7.36
9.36
9.03
7.79
8.55
8.05
7.33
7.64
7.52
7.26
7.49
7.37
9.85
13.65
13.10
10.65
10.69
9.65
9.50
10.35
9.95
9.21
10.18
9.23
10.14
10.32
10.09
8.65
10.14
8.46
6.96
7.74
7.26
7.38
7.92
7.56
10.49
14.93
14.42
14.86
15.62
15.07
13.93
15.39
14.32
13.39
10.71
8.40
7.44
9.05
7.76
8.99
7.57
8.00
7.69
6.75
7.65
7.22
7.40
7.85
7.22
12.03
9.93
5.77
3.05
6.95
7.63
6.66
7.36
6.57
7.37
6.74
8.97
11.04
10.16
8.51
9.71
7.74
7.65
7.51
6.77
7.76
7.49
7.65
8.48
12.45
11.17
8.93
7.67
7.01
6.51
7.23
6.43
7.01
6.02
7.29
9.06
11.17
10.66
8.99
9.77
7.39
7.29
7.03
7.65
7.39
7.09
8.07
10.14
13.87
13.11
12.21
11.81
14.81
15.61
15.04
13.94
11.29
11.26
11.27
9.42
10.21
10.32
9.52
10.02
9.07
9.14
9.07
9.25
9.23
9.42
10.45
9.30
13.52
10.99
11.06
10.82
14.51
13.07
13.32
10.01
9.11
7.23
8.98
7.71
9.78
7.47
8.69
7.47
7.88
6.73
7.37
7.04
6.95
7.09
7.04
9.97
12.98
10.93
10.46
10.08
9.87
9.30
10.02
9.73
10.36
9.52
9.70
8.88
8.84
8.44
7.57
8.05
6.77
6.84
6.73
7.32
6.73
6.74
7.67
9.67
11.93
11.15
10.69
10.50
9.98
10.12
12.93
12.77
11.96
12.25
12.51
11.47
10.03
10.03
10.45
10.53
9.90
10.32
10.79
9.64
10.46
9.89
5.09
7.13
9.59
10.77
9.52
10.27
9.11
9.78
9.17
8.68
9.24
8.57
9.41
6.99
6.52
7.08
6.72
7.07
7.17
6.75
7.05
7.06
6.85
6.94
6.56
7.29
8.84
8.33
8.31
6.97
6.58
7.30
6.49
6.92
6.24
6.28
6.67
6.44
9.08
7.92
8.98
7.89
8.28
6.88
6.88
7.58
7.84
7.08
7.33
7.00
12.17
10.23
9.50
7.35
7.14
6.53
6.85
6.65
6.67
6.33
6.53
6.74
11.24
10.61
9.21
9.99
8.55
7.29
7.18
6.63
7.18
6.65
7.62
11.27
14.79
16.86
15.77
13.95
14.56
14.44
10.59
9.62
10.04
9.62
10.23
9.24
13.55
10.84
10.56
11.48
10.13
10.27
9.91
9.93
9.93
9.95
10.58
12.37
15.78
16.79
14.67
13.78
13.47
13.00
12.70
12.71
11.81
10.39
10.02
8.86
10.92
8.76
9.42
8.72
8.12
6.83
7.24
6.76
7.37
6.89
7.62
15.65
19.22
17.47
15.30
14.75
8.88
13.45
12.73
12.88
11.89
12.32
11.90
11.08
11.60
9.66
8.76
8.50
7.27
7.04
6.70
7.30
6.60
7.13
6.83
12.90
18.79
14.91
14.26
13.50
13.23
14.71
15.41
13.48
12.89
12.54
11.44
10.34
10.59
9.06
8.98
9.50
7.69
7.48
7.62
6.85
7.48
6.78
7.94
11.61
20.50
17.80
17.32
14.61
13.84
13.38
14.16
13.65
12.68
11.99
12.06
14.34
14.97
11.18
9.86
10.34
7.73
7.47
7.42
6.86
7.39
7.45
7.46
11.51
17.38
16.64
12.86
8.39
7.98
7.90
7.36
7.21
6.97
6.35
7.20
10.42
14.44
13.45
12.96
12.57
10.84
7.88
7.08
7.58
7.22
7.37
7.55
11.69
15.81
14.64
12.39
8.19
6.53
6.61
6.86
7.03
6.37
6.70
6.43
10.59
13.82
12.76
11.77
10.78
10.12
7.58
7.79
7.61
6.72
7.55
8.05
14.63
15.61
16.46
14.21
13.11
12.97
12.42
11.35
12.75
13.94
12.34
12.43
11.22
11.21
8.72
7.84
8.34
7.28
7.47
6.92
7.46
6.92
7.49
7.11
10.09
16.19
15.12
14.37
13.06
12.86
12.73
12.75
11.52
11.74
10.61
10.65
10.45
7.40
6.99
7.45
6.49
6.62
6.83
7.02
6.84
6.57
7.59
6.58
10.12
12.28
12.54
12.95
12.16
12.02
11.57
9.73
10.02
10.28
9.58
8.88
6.99
6.99
7.04
6.51
6.85
6.80
6.85
7.44
6.58
7.22
7.01
7.45
10.40
9.78
12.58
12.82
13.41
11.02
10.56
10.00
9.04
10.02
9.52
9.07
7.53
7.27
6.75
6.79
6.74
6.81
7.85
6.61
8.07
6.48
7.47
7.98
10.50
10.33
12.23
11.35
11.80
11.88
10.53
10.56
10.00
8.72
8.29
8.71
6.47
6.46
6.69
6.68
7.65
6.05
7.32
7.76
6.53
8.13
6.56
7.81
6.49
7.70
7.13
7.17
7.80
6.31
7.36
6.73
6.55
6.68
5.80
7.09
6.05
7.34
5.98
6.99
7.34
6.26
8.07
6.56
7.72
6.52
7.76
6.52
7.45
6.46
7.74
6.73
7.16
6.86
6.32
6.85
6.40
6.84
5.69
7.38
5.92
7.25
6.05
7.17
6.87
6.63
7.16
6.41
7.50
8.15
6.54
7.46
10.00
11.01
12.05
11.52
12.65
11.68
11.23
10.20
9.98
9.98
9.92
9.44
7.80
7.69
7.05
6.83
7.09
6.78
6.96
7.18
7.30
7.34
7.17
8.19
10.66
9.91
12.61
10.57
11.33
9.99
9.91
10.83
10.13
9.76
9.74
8.74
7.88
6.43
6.62
6.81
7.05
6.08
7.28
6.98
7.57
6.34
7.54
6.98
10.36
8.94
11.01
9.64
10.55
10.23
10.00
9.70
9.35
9.20
9.17
9.08
9.20
7.33
8.00
8.16
8.24
7.98
8.59
8.54
8.24
8.31
8.29
8.46
9.35
9.59
9.79
11.23
10.41
11.34
11.02
10.04
10.02
9.71
10.03
8.04
8.67
7.52
6.86
6.83
6.79
7.19
6.42
7.84
6.54
7.43
7.07
8.03
10.41
9.19
10.98
9.89
10.82
9.24
10.65
8.63
10.13
10.22
9.53
6.07
6.80
7.03
6.14
7.67
6.10
7.43
7.00
7.52
6.68
7.67
7.70
6.68
8.21
6.86
8.44
6.70
8.17
7.47
7.23
6.83
6.69
6.90
5.70
7.09
5.93
7.48
6.69
6.85
6.84
6.99
7.28
7.34
7.28
7.32
7.36
7.87
6.65
8.24
6.73
7.62
6.65
7.45
6.99
6.94
6.75
6.73
6.70
6.68
7.10
7.03
6.90
6.96
7.06
7.00
7.26
7.25
7.29
7.21
7.26
8.42
10.57
12.96
12.20
12.01
11.99
10.38
10.95
9.19
9.56
9.24
8.93
9.33
8.97
6.96
7.02
7.14
7.16
7.20
7.36
7.96
6.80
7.93
6.75
8.39
9.86
10.93
12.28
11.60
12.01
11.41
11.88
10.68
11.51
11.03
9.96
10.11
9.38
7.58
6.96
7.20
7.19
7.31
7.46
8.07
6.83
8.09
7.40
8.47
12.77
10.60
10.91
11.07
11.72
10.72
11.70
10.34
10.38
9.82
8.90
10.33
8.24
8.27
7.02
8.25
6.99
8.54
7.28
8.80
7.27
8.52
8.25
8.64
10.72
10.44
10.88
10.25
10.56
10.24
11.28
9.68
10.60
9.60
9.11
9.34
8.34
6.71
7.67
6.13
7.70
6.79
7.02
7.09
7.24
7.32
6.72
8.31
9.49
9.70
10.21
8.93
10.10
9.48
9.57
9.74
8.98
8.08
7.60
7.63
7.00
7.45
6.62
6.91
7.47
6.30
7.77
7.12
7.15
7.13
6.80
7.47
7.18
7.76
6.54
7.11
8.02
17.45
12.20
9.82
6.45
6.41
6.97
5.93
6.64
6.92
6.73
6.68
6.72
7.32
6.99
7.07
7.06
7.03
7.12
7.07
7.69
6.42
7.75
6.41
7.86
6.80
6.33
6.53
6.47
6.71
6.36
6.45
6.53
7.30
6.11
7.58
6.01
7.47
6.31
7.61
7.35
7.01
7.50
8.21
9.23
10.58
9.86
9.84
9.69
9.80
16.15
13.89
13.07
12.66
13.38
12.30
10.60
8.66
9.74
8.59
9.40
8.03
8.80
8.74
8.29
8.75
6.86
9.09
8.89
9.37
9.45
9.76
11.28
10.74
11.83
13.36
11.73
11.32
11.26
11.80
11.31
8.38
9.46
8.46
8.97
8.50
8.74
8.57
7.66
9.32
7.83
9.81
10.98
10.11
11.54
11.68
10.63
10.14
9.99
10.42
9.71
10.90
11.69
11.78
7.56
7.54
5.84
7.38
6.67
7.15
6.69
6.73
6.13
7.29
7.30
6.83
9.10
9.84
9.20
10.55
10.06
10.80
10.33
10.83
10.82
9.86
11.04
10.26
8.82
6.49
7.14
6.61
6.79
6.43
6.75
6.91
7.07
6.81
6.20
7.61
8.68
8.46
9.68
9.23
9.55
10.18
9.21
9.02
8.99
7.76
8.94
6.81
7.96
7.33
6.30
6.74
5.86
6.78
6.13
7.06
6.74
6.09
6.77
7.48
6.26
7.48
6.26
7.12
6.99
7.11
6.47
6.57
6.88
5.53
6.79
5.59
6.27
6.94
5.87
6.97
6.15
6.47
6.63
6.86
6.71
6.71
6.81
7.40
6.34
7.79
6.31
7.04
6.61
6.93
6.28
7.19
5.67
6.75
5.57
6.78
6.65
8.00
7.05
7.61
6.46
7.76
6.04
7.99
6.03
8.04
6.08
7.70
9.55
10.06
9.50
12.00
12.70
11.93
11.13
10.34
11.72
10.85
12.47
11.69
9.22
7.61
7.03
8.31
7.38
6.49
7.50
7.64
7.66
6.46
6.44
8.84
14.55
12.60
11.66
12.44
12.92
13.82
13.26
14.29
13.66
14.53
11.12
12.84
12.77
8.41
9.55
8.22
8.39
8.11
8.38
9.67
7.88
8.67
7.62
8.53
11.39
11.55
10.95
12.75
11.75
11.20
11.02
11.50
10.73
12.67
11.07
10.55
9.34
7.43
7.14
7.11
7.04
7.04
7.34
7.16
7.77
7.12
7.81
7.97
16.11
11.27
10.51
11.43
13.16
13.19
14.58
13.50
12.82
13.66
12.75
10.04
9.50
8.46
8.02
8.11
8.21
7.81
6.92
3.00
8.30
7.87
8.66
7.43
9.76
9.23
8.66
9.03
10.90
12.71
13.55
12.70
11.82
11.23
8.81
8.43
8.11
8.20
8.28
8.15
7.87
7.65
7.68
8.33
7.46
7.98
7.73
8.13
6.99
8.98
8.64
9.53
8.77
8.27
7.90
7.55
7.31
8.27
6.63
8.39
8.65
8.28
8.56
8.76
8.27
8.23
8.84
7.87
7.96
8.44
7.59
7.97
7.75
7.98
6.84
8.48
7.60
7.44
8.15
7.22
7.48
7.35
7.67
7.43
8.16
9.07
8.20
7.66
9.07
7.60
9.00
8.64
7.64
8.23
7.52
8.80
18.05
13.57
10.80
12.69
12.52
12.35
10.41
10.07
10.45
10.20
10.14
10.72
10.62
8.25
5.98
6.91
6.59
5.97
7.29
7.22
6.88
6.28
7.16
6.88
7.59
11.28
10.87
11.79
11.50
10.68
10.04
10.09
9.99
9.83
12.29
11.77
11.37
7.66
6.75
6.20
6.90
6.33
6.42
6.79
6.11
6.84
6.81
7.30
11.32
9.86
10.06
10.23
10.55
9.94
9.44
8.09
8.39
10.79
10.71
10.93
10.71
8.44
6.57
5.81
6.35
6.44
6.85
5.94
6.85
7.06
6.80
5.93
11.20
9.30
8.59
9.33
9.51
9.12
7.53
8.51
10.47
9.00
9.68
8.64
8.73
7.30
7.12
7.21
7.11
6.70
7.70
7.43
7.73
6.80
7.67
6.80
8.55
10.52
10.68
10.80
8.63
9.31
8.86
8.85
8.93
8.40
8.68
8.61
6.73
7.06
6.74
6.76
6.25
6.83
7.23
7.26
6.28
6.97
7.15
6.34
7.27
7.01
6.48
6.93
7.72
7.75
6.30
6.72
6.52
6.56
6.49
5.83
6.40
6.69
6.79
6.73
6.70
7.14
6.29
7.15
7.67
6.31
7.29
7.08
6.40
7.35
7.29
6.24
6.75
6.84
6.54
6.89
5.82
6.41
6.38
6.69
6.00
7.11
7.35
6.07
7.35
6.68
6.87
6.68
6.54
6.59
6.84
6.87
10.03
10.79
11.47
11.71
9.23
10.41
10.06
9.87
18.11
21.75
21.70
21.26
19.70
18.65
18.00
17.59
17.14
17.39
16.60
17.19
16.18
17.01
16.15
15.82
17.10
15.58
12.01
9.30
11.01
9.71
8.44
8.58
8.33
7.90
10.62
9.69
11.02
6.54
6.73
6.47
6.85
5.92
6.83
6.79
7.02
6.15
7.15
6.99
16.94
17.98
11.49
9.44
9.34
9.38
7.78
9.26
7.97
9.24
7.97
10.61
9.65
6.85
7.26
6.06
6.98
6.98
6.09
6.85
6.83
6.75
6.78
6.82
12.35
11.28
10.30
9.93
10.00
12.19
13.51
8.59
10.38
11.14
10.43
9.90
7.04
7.11
7.18
7.36
6.73
7.17
7.32
7.94
6.76
7.61
7.42
6.68
14.53
16.38
11.69
10.88
9.91
9.48
10.92
10.32
10.52
8.89
8.41
9.93
8.58
8.72
7.45
8.28
8.11
8.07
7.83
8.17
7.63
8.29
8.29
8.25
7.71
7.88
8.72
7.49
8.92
7.81
7.55
8.06
7.11
7.56
7.74
7.88
7.15
7.92
8.06
7.47
8.30
8.66
7.57
8.27
8.65
8.45
7.53
8.20
8.34
8.23
7.83
8.46
9.69
9.96
8.75
7.38
6.46
7.00
7.29
6.96
6.44
8.17
7.53
7.83
8.06
7.33
6.88
7.55
7.40
7.21
7.16
7.82
17.27
15.17
12.34
11.88
8.73
9.05
12.23
9.34
8.75
17.19
16.46
14.64
14.41
10.01
10.06
8.64
10.19
9.52
8.36
8.81
9.70
7.63
8.74
8.92
14.33
10.56
9.49
10.23
10.77
10.68
10.58
10.88
10.71
11.39
12.62
12.03
11.46
8.22
8.06
8.12
8.45
8.31
7.75
8.52
7.87
8.40
7.17
8.42
9.44
10.13
10.87
10.32
8.76
9.20
9.07
8.19
11.02
8.91
11.17
9.18
10.96
8.15
8.87
7.85
7.97
7.41
8.41
8.02
7.69
8.16
6.84
8.61
9.21
9.45
10.98
16.03
12.36
11.75
12.31
13.24
12.60
9.30
7.58
6.93
7.32
6.96
5.99
6.83
6.57
6.48
6.16
6.71
6.62
6.74
6.05
6.98
12.78
10.85
12.08
13.09
12.71
12.52
11.90
12.91
13.73
11.59
12.13
23.17
23.96
19.17
17.86
17.29
16.53
17.96
16.16
16.83
15.95
15.97
15.88
15.75
15.82
15.57
16.14
16.52
17.11
18.03
18.63
19.01
19.55
18.65
18.65
19.25
18.96
18.40
18.43
16.36
17.03
17.54
16.59
16.50
15.63
15.27
15.25
14.40
14.91
13.27
15.68
15.35
15.04
15.60
16.60
16.15
15.89
16.25
16.85
16.52
16.21
16.31
16.12
15.79
15.64
15.68
14.52
14.58
15.04
13.30
13.04
13.55
14.67
12.75
10.58
10.84
12.21
13.79
13.72
14.82
15.85
16.50
16.30
15.63
12.00
12.91
11.44
12.00
11.68
10.59
11.33
10.18
11.76
9.81
10.93
10.02
14.31
13.21
12.73
13.48
14.72
13.79
14.18
14.87
14.76
13.61
15.50
14.63
13.65
12.27
11.18
10.85
10.93
10.83
10.45
10.48
10.56
9.41
9.94
9.36
11.34
11.09
13.71
14.88
12.35
13.42
11.86
12.99
11.68
13.30
11.92
12.26
10.05
9.23
7.03
7.09
7.28
6.91
6.76
6.66
7.24
6.67
6.12
7.18
9.18
12.56
13.26
13.19
13.67
11.93
11.95
10.78
11.45
19.02
25.62
25.41
19.64
16.61
15.36
14.95
13.07
13.74
12.62
12.31
12.57
11.41
11.14
11.13
12.94
14.20
15.38
16.14
16.18
12.51
12.90
13.29
13.72
13.55
12.87
13.07
10.97
11.61
11.27
10.69
10.61
11.37
10.24
10.35
9.99
9.78
8.83
10.35
8.94
10.11
9.82
10.54
10.36
10.57
11.85
10.51
12.23
12.01
11.57
11.94
12.82
12.80
13.44
13.14
12.27
11.57
11.91
10.77
10.34
10.08
10.27
10.04
9.81
9.89
10.85
10.34
10.55
10.55
12.17
11.84
10.45
12.02
12.27
12.01
13.03
13.46
12.28
13.30
13.22
12.29
10.69
11.46
11.47
10.83
11.06
11.41
14.81
15.41
15.39
15.28
16.85
17.39
14.09
14.92
15.50
15.21
15.76
14.26
14.12
10.83
8.88
9.67
9.47
9.77
9.71
8.68
8.88
8.13
9.57
8.52
9.75
11.00
11.50
12.31
12.94
13.42
14.02
13.32
13.82
14.73
13.11
13.73
13.56
9.68
9.16
8.91
9.35
8.55
8.87
7.77
8.81
8.09
8.61
8.11
12.52
11.88
12.34
13.24
13.30
13.88
15.92
14.97
13.96
16.29
15.27
15.23
15.30
11.70
10.15
8.41
9.45
8.83
8.91
8.66
7.93
8.46
8.21
10.12
11.73
12.00
12.77
11.55
13.02
12.05
13.23
13.55
13.08
13.80
14.03
13.22
12.63
10.53
9.58
10.55
9.26
9.21
10.75
8.16
8.89
8.79
9.07
10.11
10.21
10.11
12.64
14.96
13.61
14.38
14.09
16.07
15.37
15.04
13.15
12.94
11.67
10.64
9.82
8.92
10.48
9.21
9.07
9.28
8.75
8.75
7.99
8.61
7.72
8.65
11.25
10.34
8.63
10.59
11.78
18.01
21.13
20.12
15.30
6.60
7.58
7.09
6.43
8.19
8.49
9.13
7.89
8.04
8.39
8.73
8.32
7.51
8.92
7.93
8.22
8.25
8.97
9.75
9.38
9.92
8.86
9.63
9.11
10.39
9.99
11.26
10.14
11.36
9.46
9.65
10.17
8.20
8.82
8.38
8.50
9.46
11.47
11.67
10.62
12.22
9.91
11.59
10.66
11.37
11.33
14.87
13.85
13.00
9.66
8.42
9.33
9.17
7.99
8.36
8.31
8.52
9.03
7.67
7.41
9.94
10.05
13.16
13.02
13.52
9.67
10.54
11.37
13.00
12.98
12.37
10.04
9.92
8.07
8.74
7.72
8.15
8.40
7.47
7.65
8.29
6.97
7.94
6.95
10.62
11.69
12.76
13.09
11.39
11.55
11.88
10.87
14.08
15.00
15.17
11.43
12.32
10.95
9.50
8.75
9.20
9.18
7.95
8.54
9.32
7.17
8.32
7.42
12.27
13.33
15.04
13.47
13.78
13.85
13.78
11.27
12.80
13.23
15.30
14.25
11.28
11.46
10.86
11.35
11.79
10.69
10.72
9.89
10.81
9.94
10.68
9.03
10.40
9.66
11.03
12.63
14.31
9.27
23.30
22.60
21.85
21.92
21.28
19.42
17.76
18.23
18.03
17.99
17.68
17.05
16.59
17.03
16.38
16.64
16.20
14.67
15.07
14.09
14.65
15.79
15.96
15.53
15.63
17.25
16.39
18.42
16.44
16.29
16.41
16.48
15.37
16.20
15.58
15.04
15.61
14.10
14.88
14.63
14.16
13.83
13.82
13.11
13.43
12.84
12.72
14.00
13.68
14.38
15.03
14.34
14.39
15.04
14.85
13.89
14.44
14.53
13.64
14.22
13.15
14.40
15.50
13.27
12.62
12.52
12.52
15.40
16.01
17.50
16.25
14.33
10.61
10.75
10.38
9.51
11.08
10.92
10.18
8.45
8.17
8.75
8.34
8.41
8.90
8.21
8.24
9.12
8.35
8.05
10.27
10.07
13.61
13.11
13.81
13.54
13.26
13.25
12.61
14.77
16.22
15.05
13.80
14.26
11.98
13.10
11.20
12.03
10.96
10.41
10.85
10.19
10.37
10.21
10.26
11.65
13.00
15.34
14.36
15.53
13.03
14.79
15.07
16.28
16.97
14.72
14.55
13.73
11.36
11.21
11.27
10.90
10.34
9.43
10.31
9.58
8.94
11.42
11.79
12.32
15.99
20.36
15.75
16.76
17.71
17.15
18.30
17.41
18.39
18.11
15.89
16.03
15.53
15.80
13.95
14.20
14.11
13.48
11.08
11.64
11.07
10.28
11.14
12.47
14.32
15.63
15.42
16.68
15.24
14.83
15.02
14.46
15.07
14.71
14.61
11.80
13.08
12.10
11.70
12.65
11.82
11.27
11.60
11.13
10.91
10.43
10.16
10.91
8.66
10.99
9.02
9.91
10.70
10.27
9.78
11.57
9.71
10.79
10.86
10.13
11.55
10.14
10.63
10.29
10.60
10.10
10.45
10.03
9.02
9.83
9.96
9.01
9.19
9.35
9.95
8.81
10.19
9.99
9.71
10.00
9.39
10.51
10.25
9.23
10.99
10.28
9.30
9.56
10.37
9.68
9.28
9.17
9.39
11.47
12.30
12.92
12.61
11.83
14.43
13.72
14.44
12.83
14.05
13.39
13.65
15.66
12.95
12.06
11.40
10.62
9.98
9.35
10.01
8.50
10.05
8.41
9.51
8.59
9.70
8.43
10.66
11.85
11.14
13.27
12.73
14.35
12.59
15.13
14.15
12.04
13.28
12.79
11.34
9.58
10.06
9.72
11.31
8.78
10.25
9.45
8.72
9.51
7.71
11.14
11.84
13.11
12.31
12.14
12.76
11.49
12.69
12.16
11.95
12.33
12.74
11.30
9.82
9.22
8.31
9.29
8.04
8.71
9.47
8.58
8.51
9.26
8.72
10.84
13.36
12.62
14.17
14.18
14.69
13.24
12.13
12.71
13.12
13.70
10.22
9.55
9.40
8.68
9.56
8.25
9.11
8.94
8.43
9.12
8.26
8.72
10.44
9.89
13.26
12.49
13.03
15.23
14.20
14.05
15.07
14.68
13.60
12.03
9.94
9.21
9.71
9.66
9.41
9.28
9.06
9.56
9.42
9.12
8.92
9.00
7.87
8.48
7.80
7.34
8.20
7.45
22.35
23.91
24.63
21.02
16.16
17.05
14.45
14.92
14.43
14.65
13.46
13.14
12.01
13.88
11.64
11.68
12.22
11.23
11.34
10.68
10.80
11.08
11.02
11.24
12.88
12.00
12.02
11.60
13.04
11.84
12.39
12.04
12.97
12.49
11.52
13.50
10.16
12.72
11.31
11.52
10.49
11.97
11.07
10.37
10.21
9.46
9.68
9.74
10.71
9.56
10.60
10.00
9.91
10.91
10.63
10.88
10.63
10.69
11.64
9.77
11.81
11.59
11.48
11.53
10.98
10.09
9.71
13.12
11.66
14.42
14.80
16.81
17.28
16.52
16.03
17.63
16.11
17.89
15.99
14.70
13.55
12.01
12.40
12.01
12.21
10.74
11.14
9.65
11.00
9.97
9.88
12.03
12.87
14.41
15.32
11.77
11.83
15.07
14.84
14.22
14.27
13.11
10.74
9.85
9.29
8.83
9.64
8.29
8.91
9.67
8.97
8.64
8.57
8.73
8.55
11.65
10.36
12.61
13.22
13.86
14.15
14.87
15.31
15.49
16.95
16.18
15.97
13.59
13.26
13.37
13.10
12.62
12.11
11.68
10.85
12.82
10.72
11.35
10.71
13.09
14.57
15.70
15.48
16.02
19.16
18.33
17.33
18.72
17.73
17.37
17.71
17.23
13.36
14.34
13.05
12.35
11.98
12.30
10.66
10.88
10.85
10.54
11.08
9.24
8.66
10.47
10.61
11.26
12.69
11.27
12.71
11.39
11.02
11.51
11.92
11.51
12.58
13.48
12.65
12.07
11.10
11.03
10.99
9.87
11.09
9.73
10.16
10.34
10.09
10.12
10.78
12.86
15.79
14.74
15.17
13.78
14.60
15.41
14.65
14.61
10.69
10.55
10.36
10.57
10.87
10.50
9.89
11.79
9.30
14.78
10.18
11.34
14.36
19.47
17.66
17.34
18.02
19.01
19.71
21.99
20.54
19.95
18.15
14.14
15.50
14.91
13.18
14.02
12.45
13.49
11.81
12.32
11.34
11.73
10.65
11.02
14.60
14.16
15.10
16.92
16.98
19.77
18.99
20.04
18.47
18.75
18.41
18.89
14.89
14.35
15.11
13.28
12.70
13.44
12.48
12.23
12.29
11.67
11.75
10.84
14.17
15.66
17.57
15.78
15.29
16.39
17.07
17.30
24.72
21.50
20.32
21.64
18.39
16.91
15.32
14.74
15.01
14.52
14.19
13.13
12.70
11.96
12.63
10.98
14.03
15.48
16.82
18.82
18.24
18.32
18.86
18.38
20.73
20.36
20.63
19.23
16.58
16.62
14.37
15.13
14.05
14.15
13.43
13.01
12.48
12.61
11.49
12.06
10.93
13.92
14.10
16.50
19.19
20.35
19.10
21.28
20.79
20.35
21.20
19.24
16.22
17.06
15.94
16.26
15.79
16.13
15.11
14.21
14.81
13.12
13.47
12.85
10.17
13.86
11.41
11.97
12.47
12.03
13.47
11.40
12.69
12.32
11.98
12.68
13.56
13.58
13.91
12.56
11.46
12.06
11.53
11.12
11.18
10.11
10.59
10.21
10.81
11.22
11.22
11.47
11.29
12.46
12.62
13.49
13.38
12.97
14.15
14.19
16.04
14.96
15.72
15.31
11.96
12.52
12.91
11.93
13.16
13.20
14.07
12.85
15.66
19.53
19.11
19.62
20.02
23.01
22.22
23.97
23.56
26.09
24.21
23.88
19.67
18.23
16.73
15.77
15.97
16.52
15.22
13.65
14.33
13.35
13.70
12.46
14.01
18.03
17.92
18.91
23.29
22.87
21.95
21.20
21.17
22.61
22.64
20.69
18.25
17.58
16.67
15.04
15.86
15.42
14.06
14.34
12.79
13.66
11.90
12.79
14.62
15.76
15.74
17.97
19.18
19.58
19.90
21.42
21.96
21.92
21.16
23.10
19.42
18.00
16.10
16.14
14.81
14.86
14.39
14.37
12.73
11.87
13.02
13.49
17.14
16.76
16.86
17.22
18.33
20.86
18.90
22.37
21.32
21.54
21.65
20.10
16.22
16.37
15.69
14.66
14.96
13.89
12.54
12.27
12.00
11.24
11.38
11.46
14.69
16.45
18.30
17.36
19.50
18.16
19.83
20.54
20.96
19.61
18.20
16.21
16.63
15.65
16.53
14.93
13.43
16.03
12.82
12.96
13.11
11.36
11.86
11.12
10.80
11.86
12.18
13.55
13.54
13.20
13.27
13.80
13.36
13.13
14.44
14.24
15.63
14.75
15.27
13.96
12.85
12.48
12.87
12.02
11.85
11.12
11.90
11.29
11.39
12.19
11.43
12.13
13.44
13.46
13.29
13.31
14.21
14.56
13.75
16.26
16.98
16.64
15.49
16.06
13.02
12.33
13.22
12.39
14.50
15.37
13.41
14.02
17.07
16.69
16.91
18.29
18.55
19.24
18.23
18.35
21.26
18.86
20.91
19.88
18.82
18.27
18.77
16.17
17.03
14.02
14.67
12.44
13.54
12.59
11.91
13.60
15.22
16.87
16.74
18.59
19.59
20.89
20.93
23.34
22.28
22.48
21.36
19.99
17.30
14.97
15.82
15.52
13.15
14.29
13.13
12.08
12.55
12.60
11.34
10.73
15.00
15.05
17.47
16.47
14.94
15.72
16.54
18.60
16.60
16.91
18.00
18.16
17.02
16.43
15.99
15.42
12.93
12.53
11.75
12.11
10.20
10.88
9.64
11.46
15.01
14.67
15.58
25.09
17.83
15.58
16.98
17.86
27.19
28.27
29.21
28.07
25.33
24.71
22.91
22.47
21.18
21.34
19.80
18.01
16.69
16.14
15.71
15.65
19.00
19.94
20.16
24.23
25.40
24.15
25.04
27.40
26.25
26.09
24.92
23.55
20.22
19.75
19.38
18.14
18.41
17.29
16.87
14.98
14.89
15.69
15.07
13.43
13.61
14.11
14.62
14.88
16.40
15.42
15.59
16.46
16.92
16.57
17.35
16.34
16.85
16.42
16.51
15.53
15.99
15.07
15.25
14.25
13.99
13.64
13.53
13.20
12.75
13.38
14.41
13.97
14.74
15.42
16.01
15.82
14.82
16.32
16.29
17.09
15.56
16.74
15.64
14.63
14.41
14.12
13.60
13.09
13.62
16.32
13.46
14.71
16.76
18.75
19.74
21.72
22.14
21.77
21.99
24.46
25.60
24.81
23.82
21.83
18.14
17.09
18.01
17.49
14.55
14.58
14.39
14.25
13.63
13.27
12.54
14.48
17.85
18.91
19.74
19.99
19.84
21.25
23.98
24.84
23.94
26.32
25.97
22.68
20.05
18.09
17.17
16.68
15.62
15.96
16.13
14.45
14.77
14.33
13.72
16.94
15.74
13.84
15.03
15.44
15.07
16.41
16.35
18.19
17.47
18.83
19.88
19.56
19.66
15.27
14.90
14.42
13.28
13.86
12.29
12.29
11.99
12.16
11.80
11.04
12.89
15.88
17.48
18.68
20.64
19.33
19.48
17.80
22.79
21.57
20.60
17.50
17.22
16.62
16.07
13.77
15.85
14.85
12.26
13.18
12.11
12.44
8.86
11.19
16.73
16.01
11.33
20.52
22.24
20.81
20.22
23.00
22.35
23.11
20.92
18.78
16.11
17.29
17.87
17.52
17.12
15.44
11.87
13.79
13.31
12.10
11.85
11.39
11.85
10.67
12.43
11.34
12.04
13.59
15.38
14.84
15.73
15.29
16.30
16.29
19.06
15.20
17.27
16.03
15.57
15.61
13.00
13.23
12.87
14.20
12.57
14.69
14.93
13.93
14.96
14.20
14.14
16.19
15.51
16.42
17.38
16.98
15.56
17.94
19.47
19.20
16.44
19.13
15.02
14.70
15.03
15.54
18.00
16.05
16.17
15.75
17.57
18.28
23.09
23.50
26.46
24.48
26.87
26.91
25.49
24.86
24.68
24.95
24.56
21.22
20.00
18.19
18.03
17.09
15.55
16.99
16.30
13.71
13.46
14.95
17.37
20.93
20.56
21.51
20.61
23.42
24.25
23.09
25.41
23.86
24.45
22.04
19.88
18.42
18.79
16.94
17.20
16.59
15.48
14.26
13.16
14.33
13.28
12.64
15.63
19.87
20.18
21.78
22.21
20.65
20.08
21.91
20.34
18.88
18.42
18.08
16.77
17.17
15.64
16.74
15.24
13.90
13.42
14.15
13.63
12.55
12.74
11.84
12.25
12.27
13.15
14.40
15.19
14.67
15.88
16.28
16.00
15.95
15.99
16.57
15.46
16.40
15.71
16.59
15.60
14.97
14.04
12.53
14.47
11.60
12.35
11.24
14.78
14.60
16.55
16.80
15.84
16.90
15.56
16.88
16.52
17.50
18.24
17.23
16.37
16.31
16.16
15.53
14.91
15.17
14.39
14.39
13.90
12.15
12.78
13.33
10.39
11.13
10.51
11.44
13.62
12.03
13.14
12.36
14.02
13.07
14.36
13.32
16.48
14.78
16.06
13.68
14.98
12.37
13.76
12.42
14.24
12.11
12.87
13.32
12.69
13.86
12.02
13.34
14.60
14.46
14.62
14.53
14.79
17.25
14.84
17.18
15.91
16.29
15.76
14.94
12.65
12.86
12.03
12.17
13.92
14.66
12.73
12.37
13.61
14.96
17.59
20.33
19.29
22.47
22.94
21.99
21.95
21.67
22.25
21.41
17.36
16.65
16.68
16.69
14.26
15.45
13.37
14.27
12.83
12.48
12.56
11.71
12.67
14.56
16.12
18.61
18.85
21.47
20.78
20.83
20.85
21.80
21.58
22.64
18.75
16.83
16.99
14.98
15.16
14.83
14.09
13.40
12.19
13.66
12.66
11.22
15.13
15.33
18.96
20.39
20.76
22.27
22.05
23.03
25.44
23.85
24.25
23.63
21.16
20.07
19.60
19.50
18.70
18.33
15.90
16.22
15.11
14.87
15.03
15.42
17.02
18.98
19.77
23.67
23.45
23.57
23.62
23.99
24.26
24.87
24.65
24.20
19.73
19.76
18.15
19.00
18.74
18.18
17.31
16.62
15.96
15.47
16.28
16.12
16.74
16.27
20.35
22.63
24.08
24.86
24.52
24.61
25.03
25.60
22.84
21.91
20.92
20.04
18.64
18.24
16.83
16.55
16.90
15.53
16.03
16.06
14.39
14.96
12.88
13.18
13.13
15.29
13.95
16.04
15.97
16.21
18.20
17.69
18.59
19.05
19.18
19.53
18.98
16.65
17.31
14.79
14.95
15.09
15.03
14.43
13.78
15.79
16.76
16.57
16.07
16.18
15.84
17.46
16.83
18.12
17.45
17.64
19.23
20.11
21.56
21.05
19.86
19.31
16.21
15.53
15.35
15.84
18.58
17.20
16.30
17.38
18.68
20.37
21.02
21.26
30.11
29.56
18.86
18.19
18.94
20.50
19.60
20.19
18.61
17.30
16.90
17.19
16.40
16.59
17.21
15.81
16.22
15.83
14.50
16.06
16.86
18.05
27.47
22.12
18.65
18.89
29.09
34.64
32.13
32.28
32.88
27.62
16.46
17.49
18.36
18.10
17.32
17.24
16.45
17.23
15.55
15.24
14.51
14.74
15.66
17.73
20.20
21.06
23.90
24.05
23.88
23.89
23.78
24.79
23.84
22.49
23.14
22.28
21.85
20.90
21.11
20.30
19.52
17.81
18.93
20.02
16.33
19.85
20.24
21.88
19.17
21.14
23.69
25.06
23.30
24.19
26.17
26.19
24.04
24.20
22.71
22.71
21.10
21.23
20.64
20.02
20.19
19.29
19.85
17.66
18.15
18.73
17.09
20.37
20.78
21.98
20.64
20.84
19.90
22.05
17.55
18.34
21.30
17.85
17.73
17.63
16.91
16.80
16.85
15.15
16.14
13.10
14.04
14.64
12.64
12.89
10.79
10.92
11.69
12.94
13.20
13.51
14.71
13.29
15.91
14.32
15.46
15.34
17.62
16.50
17.14
15.38
14.56
13.73
13.52
14.13
12.71
12.94
13.53
15.15
14.83
14.37
14.49
13.44
15.77
13.76
16.23
15.23
16.33
16.19
17.91
17.21
21.38
19.72
19.14
18.90
15.56
15.43
14.36
19.27
17.56
16.49
17.10
17.11
17.87
19.50
21.09
21.53
21.81
21.76
22.19
22.97
22.10
22.53
22.43
22.04
19.48
19.07
16.48
17.33
15.96
15.65
15.21
14.80
14.24
14.38
14.25
13.42
12.95
15.34
16.89
18.89
20.08
20.63
20.16
20.07
21.06
20.45
23.03
20.93
19.76
19.98
18.74
19.03
17.83
17.69
18.26
17.22
16.41
16.95
15.44
15.15
17.05
15.90
16.70
17.10
16.77
18.68
19.08
21.86
21.98
20.47
19.73
20.77
21.20
19.61
16.38
17.82
16.33
17.48
16.67
16.12
15.52
16.00
15.39
15.66
18.31
18.59
19.49
28.08
25.86
27.68
26.77
25.36
27.66
25.85
22.22
21.71
22.40
21.24
20.76
21.56
20.95
19.92
18.20
20.11
18.30
16.45
16.91
17.49
16.94
17.71
18.53
22.09
23.90
23.46
22.60
27.00
26.03
24.11
21.70
21.86
22.52
20.85
20.88
21.42
21.60
19.26
18.79
18.75
18.54
17.27
17.15
15.74
14.70
14.87
15.28
16.44
17.33
17.92
18.13
19.28
19.21
20.06
20.21
21.12
21.36
21.85
20.37
19.16
17.92
17.15
16.33
16.61
15.08
15.76
16.49
17.28
16.64
16.46
15.01
15.81
16.12
17.94
17.75
18.40
19.34
20.07
18.68
21.88
23.19
21.56
22.39
20.12
18.37
16.40
18.81
19.80
20.23
18.74
17.16
17.76
20.24
19.79
20.18
21.25
21.58
19.63
20.51
21.43
21.69
22.74
22.92
21.68
20.80
21.30
21.28
20.08
18.62
17.55
19.07
18.09
16.94
17.25
16.45
17.73
18.98
18.72
21.67
21.58
21.15
21.21
21.77
21.68
22.07
22.65
22.79
21.56
19.60
18.95
18.75
18.39
16.48
15.35
16.01
15.29
15.45
15.08
14.66
14.34
15.62
13.87
15.55
15.90
17.12
19.70
21.81
22.69
23.66
24.17
21.22
18.40
16.59
14.86
14.56
15.32
14.16
15.29
14.23
14.44
14.70
13.60
12.68
13.64
15.66
14.89
17.23
17.76
18.23
17.56
16.74
17.78
17.64
17.65
17.85
18.48
19.19
18.87
17.77
17.15
17.22
17.86
15.95
17.59
16.68
16.14
15.49
16.06
17.55
19.57
18.16
21.52
20.68
23.07
24.17
23.08
24.55
25.58
23.57
20.42
20.33
20.45
20.27
19.63
18.65
18.01
17.84
17.35
17.16
16.85
16.16
14.82
13.48
13.37
13.51
14.86
14.62
16.54
16.68
18.25
17.30
18.32
19.30
19.29
19.34
19.80
18.17
17.23
15.66
14.80
14.93
14.65
13.99
13.70
13.83
15.71
14.33
14.58
14.75
13.70
16.23
15.08
17.29
15.91
18.18
16.28
18.87
20.78
20.40
20.25
19.63
19.07
16.74
16.01
15.71
20.66
18.58
16.90
17.34
18.10
18.45
21.05
20.63
23.22
23.14
23.80
23.51
24.08
23.99
23.80
25.74
23.59
20.65
21.47
20.81
20.42
19.05
18.20
18.26
17.57
16.59
17.31
16.33
17.14
18.44
18.20
17.70
21.12
22.25
20.20
18.23
18.57
16.36
18.60
19.07
17.67
17.89
18.26
17.77
17.51
17.53
16.93
17.18
16.35
16.12
15.73
15.88
15.41
15.19
17.15
16.79
17.97
18.17
18.37
18.20
18.60
18.49
17.53
18.59
20.04
18.65
19.32
18.33
17.67
17.04
17.20
15.98
15.95
15.87
14.99
15.00
15.07
15.20
18.19
17.92
18.20
20.20
18.49
17.70
19.39
18.82
19.33
18.46
20.02
19.38
19.15
18.18
19.15
19.55
18.03
17.71
17.65
16.73
16.63
15.84
16.21
17.56
18.52
19.18
19.04
19.90
19.47
19.87
18.03
17.86
18.18
18.16
17.52
18.22
18.14
17.63
16.21
16.62
16.58
16.13
15.58
14.10
15.40
14.85
14.69
11.55
12.05
12.95
14.72
14.17
15.49
14.88
15.18
14.59
16.34
15.34
16.67
16.65
15.94
16.58
14.52
14.87
14.27
13.25
14.24
12.91
12.91
12.63
14.13
12.88
14.78
12.84
14.80
14.42
15.06
14.87
16.22
15.40
16.49
15.81
17.61
17.98
18.04
18.15
17.07
14.72
14.96
14.07
19.16
16.55
16.15
16.18
17.06
16.33
19.45
18.50
19.31
19.44
18.13
18.18
18.30
17.97
18.69
18.18
18.17
18.85
18.70
17.96
17.32
15.97
14.83
16.02
15.07
14.59
13.68
14.31
12.24
14.78
14.22
15.87
17.29
19.93
19.44
19.97
20.78
19.70
21.29
22.48
22.45
21.40
19.78
20.61
19.70
19.50
18.69
17.92
17.04
16.62
15.57
15.78
15.27
16.05
16.89
18.58
18.87
19.05
22.88
17.58
21.62
19.77
18.43
18.21
19.06
18.84
18.21
18.58
17.78
16.74
17.77
16.46
15.26
15.31
14.14
13.20
14.37
16.23
15.55
18.35
18.46
20.17
19.10
21.03
22.35
21.10
22.72
21.25
20.50
20.03
20.30
18.18
18.40
17.31
16.81
15.93
15.87
14.48
14.01
14.51
13.87
12.47
15.07
16.29
17.84
20.82
20.32
20.44
20.51
20.81
21.22
20.14
20.58
19.62
18.61
18.85
18.36
17.37
18.10
18.20
17.25
16.37
15.02
14.38
15.47
12.08
13.14
12.90
14.56
14.58
16.12
14.21
16.13
16.42
16.47
17.19
18.08
18.24
18.77
18.13
18.34
15.39
14.24
14.60
13.89
13.42
12.55
14.38
14.28
13.45
13.58
12.08
13.94
13.43
14.20
14.51
14.96
15.88
14.02
15.57
17.21
17.64
16.09
16.12
16.43
13.30
12.96
12.18
15.99
16.01
14.00
13.99
13.21
14.00
14.95
16.32
17.00
16.17
16.48
17.80
18.13
18.40
17.86
19.13
19.01
18.49
18.28
17.96
16.76
16.88
16.70
14.56
15.11
14.09
13.96
12.74
13.66
15.38
14.89
16.39
18.18
18.04
17.26
16.79
18.27
19.75
19.76
19.84
19.83
21.26
20.17
19.42
17.74
17.45
16.47
16.23
16.42
14.82
14.50
13.84
13.92
15.83
15.31
16.93
18.92
20.55
21.23
23.63
23.11
23.66
24.35
23.32
22.82
22.77
22.02
22.43
20.53
20.04
19.71
18.31
17.35
16.91
16.43
15.77
16.45
17.54
19.68
21.74
23.36
23.72
20.29
22.47
24.57
24.61
20.11
19.05
20.08
19.33
19.30
19.10
17.78
18.55
17.00
17.11
17.11
16.68
14.95
15.44
15.41
16.58
17.04
17.85
21.01
23.02
23.09
21.86
22.17
22.76
23.15
18.86
19.51
19.47
18.01
18.08
16.89
16.44
17.48
16.83
16.53
15.72
15.47
15.86
14.37
11.81
12.24
13.20
13.28
15.02
13.89
14.84
15.23
14.99
16.21
15.45
18.41
16.49
17.69
17.16
16.51
15.48
13.83
14.35
13.94
13.07
14.21
13.69
15.36
15.29
15.01
13.09
15.32
14.20
14.94
14.85
15.95
15.62
15.97
16.64
18.88
17.65
19.35
16.14
17.44
16.73
13.42
15.07
17.55
17.30
17.20
16.99
16.80
19.54
21.32
22.21
23.67
22.10
21.69
21.00
23.64
23.96
23.19
22.94
22.93
19.45
19.85
19.74
18.66
18.10
18.32
18.01
17.26
16.41
17.72
15.46
16.28
15.38
18.48
16.93
18.48
19.99
22.79
24.91
26.07
26.10
24.91
25.27
25.35
25.09
24.02
23.68
23.96
21.76
22.28
22.29
21.97
21.40
20.89
20.49
19.85
21.52
22.12
22.24
22.89
23.47
25.85
27.61
27.21
27.74
27.51
26.75
26.23
26.13
24.67
24.94
24.06
21.77
21.71
21.52
21.45
20.88
19.80
20.00
18.93
21.25
21.73
22.56
23.66
21.26
22.14
29.12
25.77
25.25
26.02
25.51
26.58
25.62
24.10
23.59
23.41
21.51
22.01
21.33
18.48
18.81
17.28
17.54
15.72
15.75
17.38
18.74
19.29
19.32
19.38
20.27
20.05
21.81
19.95
21.53
22.25
22.03
21.43
20.24
19.69
19.95
19.04
19.28
18.59
18.12
17.09
17.63
16.61
14.67
14.28
17.22
15.42
17.61
16.38
18.35
18.39
18.88
18.82
18.63
21.82
22.58
20.94
21.33
20.66
15.91
16.35
18.03
16.71
16.11
16.16
19.07
18.44
17.90
17.41
16.87
16.90
16.51
18.44
17.63
19.21
19.72
18.39
20.11
22.72
21.40
20.88
19.29
19.50
16.01
15.93
18.79
19.51
17.48
17.57
17.58
17.17
15.46
17.94
17.03
18.63
17.90
19.46
19.46
18.82
20.58
20.36
20.93
21.61
20.20
20.16
20.46
20.19
20.14
18.95
19.01
19.07
18.09
18.59
17.86
16.10
19.10
19.05
20.59
22.02
22.43
21.05
23.22
24.23
21.85
19.94
20.28
20.65
20.10
19.85
19.22
19.21
17.15
17.63
17.66
16.01
15.55
16.29
14.66
15.53
14.71
16.54
16.36
19.40
18.93
19.77
20.97
21.54
20.54
18.92
20.31
21.34
20.18
19.92
18.82
18.48
18.66
17.37
18.26
17.28
16.23
15.66
16.43
15.04
16.40
17.87
17.46
21.29
21.88
22.34
23.60
23.49
23.46
22.50
22.24
23.32
21.28
21.53
20.43
20.19
20.45
18.26
19.28
19.42
18.70
17.62
18.21
17.78
17.48
20.06
18.72
20.55
21.20
20.84
21.47
23.77
30.99
31.30
30.88
29.17
29.45
26.33
25.18
27.61
23.43
24.42
22.80
22.33
21.90
22.14
21.04
21.57
19.00
18.97
18.63
18.92
21.22
21.08
21.97
21.44
22.76
22.80
23.66
22.67
24.18
22.75
22.35
21.71
19.25
18.86
19.47
19.41
18.95
18.06
18.07
18.27
19.23
18.75
18.01
19.68
20.20
20.33
20.40
21.53
20.55
21.17
21.02
23.10
21.60
22.00
21.73
20.14
19.18
18.90
18.23
20.43
21.11
18.91
18.08
18.69
19.32
19.46
21.31
23.24
22.93
20.31
21.99
20.12
18.77
19.26
18.12
19.59
17.96
18.49
17.70
16.74
17.59
16.88
16.79
17.16
16.08
15.84
16.86
15.56
17.71
17.29
19.22
19.39
19.30
19.96
18.99
17.87
18.98
18.30
18.36
19.03
18.13
17.65
16.91
17.09
16.98
16.50
16.13
16.38
13.40
14.82
14.11
13.31
14.68
14.68
14.56
16.38
16.08
18.27
19.58
17.00
19.91
16.55
18.08
16.20
17.15
15.31
16.66
15.61
14.66
15.53
14.21
14.03
14.49
13.54
12.53
14.37
14.63
14.71
15.79
16.62
18.59
16.47
17.72
17.95
18.06
18.28
18.81
19.43
17.69
17.88
16.87
14.85
16.00
16.49
15.36
15.25
13.68
14.05
13.92
13.27
15.48
15.58
17.15
17.20
17.74
16.60
18.02
17.36
15.51
16.79
17.12
15.22
17.58
17.03
15.75
17.01
14.43
15.14
15.14
14.69
14.62
14.10
13.74
14.14
11.77
11.35
12.89
13.50
12.72
14.60
14.50
13.91
15.23
15.24
15.68
15.14
14.55
14.12
13.45
14.14
13.85
13.14
13.19
12.70
12.50
12.08
12.35
11.79
11.50
12.10
11.59
11.97
12.84
13.91
13.18
13.12
14.78
14.08
12.80
14.90
14.42
14.14
14.95
13.83
13.32
12.34
13.61
13.84
15.61
14.79
14.79
14.54
15.31
16.39
18.76
18.45
20.84
20.81
21.01
19.27
19.08
18.97
17.03
18.58
18.52
16.45
17.24
16.85
15.60
16.45
15.55
15.16
15.51
13.94
15.11
14.80
16.43
16.51
16.94
18.06
18.47
15.89
17.93
18.24
16.55
18.79
17.70
17.79
18.96
14.18
15.90
15.36
14.54
14.94
16.04
15.36
15.15
14.74
14.27
13.41
15.78
16.41
15.96
16.13
16.71
17.38
17.82
17.14
17.76
16.46
18.09
18.06
18.29
17.36
16.70
17.56
16.29
16.10
16.01
16.38
14.11
15.16
14.43
13.34
15.89
15.90
16.77
16.94
18.10
16.64
18.88
17.84
17.08
16.96
17.25
17.88
17.20
17.96
16.28
15.39
16.05
15.65
14.30
14.40
14.43
13.48
13.31
14.41
15.54
15.60
15.61
15.44
16.28
14.97
16.12
16.19
16.02
16.32
16.62
15.89
16.93
15.19
15.14
15.79
15.20
13.71
14.57
13.83
13.60
12.60
12.77
12.18
11.00
11.71
12.08
12.86
12.73
13.30
12.84
14.93
13.37
13.54
14.75
15.13
13.99
14.02
14.27
13.51
13.24
12.97
12.88
11.95
11.94
12.18
12.12
11.88
11.53
11.44
12.09
13.03
13.12
13.54
12.93
13.63
14.58
15.25
14.26
14.67
15.86
14.55
14.12
14.89
13.84
14.05
15.04
15.81
16.87
16.65
16.31
15.45
17.45
18.55
18.26
17.73
18.91
18.48
18.45
17.92
17.50
16.45
14.92
15.51
15.50
14.30
15.19
14.21
13.78
14.40
14.09
13.95
14.34
13.74
13.79
13.59
14.34
14.52
14.53
12.61
15.26
13.98
13.81
15.52
14.11
15.47
15.76
15.47
15.34
15.34
14.99
15.16
14.74
14.69
14.59
14.77
14.73
14.10
13.43
15.73
15.08
15.14
15.42
14.04
15.61
13.57
16.21
17.61
18.16
16.49
16.78
16.33
15.49
15.37
15.33
15.86
15.49
15.78
14.79
15.29
15.59
14.55
15.05
14.39
16.62
16.19
16.42
16.42
16.50
16.55
17.18
16.92
17.17
16.76
16.37
16.66
15.53
16.96
15.51
16.17
16.12
15.49
15.40
15.31
14.72
15.78
14.76
13.61
14.96
14.62
12.48
13.83
13.67
14.45
13.57
14.02
13.85
12.74
14.22
14.59
14.35
14.25
13.92
13.80
13.94
13.70
13.48
12.43
13.81
13.18
12.92
13.09
11.61
10.76
13.26
12.30
13.49
12.32
14.32
13.92
13.42
14.75
13.90
14.09
15.38
14.64
13.86
13.88
14.51
13.54
13.86
13.03
12.71
13.83
12.95
13.35
11.61
13.09
13.27
13.10
13.62
14.23
14.29
13.68
13.65
14.74
14.90
14.96
14.44
14.69
13.73
13.63
13.27
13.93
12.83
12.36
14.77
14.62
13.48
13.18
15.65
15.64
13.91
14.84
15.04
14.28
14.95
14.24
14.31
14.15
14.90
15.17
14.00
13.96
14.59
13.79
13.98
13.69
13.14
14.26
12.34
13.22
12.46
13.91
13.90
15.03
13.56
15.38
12.33
10.10
11.11
10.85
10.97
12.28
10.78
11.95
12.61
12.09
12.27
11.83
12.63
12.59
11.97
12.50
11.66
12.06
11.49
12.62
12.54
14.01
11.87
10.58
12.56
11.54
12.10
12.20
12.08
12.33
12.80
12.05
12.63
13.32
11.86
12.79
12.35
12.56
12.13
12.16
12.83
12.76
12.00
10.44
14.00
13.42
12.78
13.18
13.58
11.81
13.59
13.94
13.27
12.70
13.40
13.64
13.77
14.39
12.80
13.70
12.79
13.11
12.78
13.22
12.80
12.97
12.77
11.89
13.80
13.73
14.71
14.24
13.00
12.98
14.50
14.00
14.22
13.44
15.31
14.57
13.66
14.09
13.80
13.92
12.85
13.05
12.79
13.57
12.62
12.47
12.12
12.14
11.58
10.24
11.63
11.77
11.01
12.20
12.16
12.50
11.81
12.81
12.82
13.15
12.60
12.73
13.73
11.90
12.68
12.24
12.78
12.42
11.65
12.24
11.70
10.56
10.27
10.88
10.57
11.55
11.69
10.72
11.35
12.47
11.31
12.30
12.39
13.13
13.16
12.52
11.97
12.25
11.32
11.28
11.61
11.05
13.97
12.37
11.79
12.95
13.91
14.78
12.79
14.91
13.44
13.48
13.33
14.05
13.97
12.44
14.91
13.68
15.16
13.12
14.69
12.73
13.45
12.16
13.82
13.66
12.05
12.91
12.71
12.38
14.71
13.20
13.86
14.06
13.49
13.14
14.25
13.23
13.81
14.69
14.44
13.86
14.06
14.48
13.17
13.80
12.93
13.57
12.83
13.07
13.07
13.50
12.78
13.48
13.20
13.56
12.30
11.91
12.34
12.37
12.64
12.82
12.94
13.23
12.00
14.99
12.77
12.97
12.50
13.26
12.79
13.39
12.57
11.91
12.28
12.12
12.54
13.32
13.56
14.07
13.26
12.07
12.45
12.21
13.21
13.88
13.09
11.67
12.88
12.96
11.45
12.47
12.85
11.64
12.40
12.63
12.14
11.22
11.37
11.08
9.87
11.50
11.76
9.66
11.58
10.97
11.37
11.72
11.99
11.85
13.55
12.19
13.15
12.82
12.15
13.94
11.23
12.89
12.01
12.76
12.15
10.82
10.84
11.77
9.94
10.84
9.85
9.38
9.94
11.64
10.02
10.55
10.59
11.36
11.42
11.63
13.01
12.73
12.82
12.16
14.40
13.15
12.37
12.09
12.66
11.67
10.63
10.91
10.82
9.89
11.17
10.15
10.16
10.82
10.58
12.58
11.66
10.51
12.90
10.57
13.19
11.83
12.08
12.46
12.81
12.69
11.65
10.81
11.79
11.70
12.22
12.88
11.69
11.38
14.14
13.32
13.02
9.78
13.72
12.21
12.82
13.77
12.16
12.59
13.92
12.97
13.84
14.34
12.30
13.42
12.64
13.42
12.65
12.33
12.81
12.32
12.56
13.61
14.41
14.10
14.36
11.48
12.15
12.67
14.56
15.53
15.00
15.03
14.90
14.90
12.87
13.71
13.34
12.67
13.17
13.39
12.53
13.17
13.12
12.02
12.04
12.39
12.28
12.82
12.11
11.28
11.57
11.14
14.26
14.37
13.53
14.28
14.39
13.85
14.35
14.30
13.21
13.22
12.89
12.78
12.81
12.44
12.15
11.72
12.27
11.63
11.24
12.68
12.68
12.92
13.20
14.38
13.73
15.06
16.69
15.26
14.79
13.07
14.53
13.97
14.43
13.34
13.23
13.33
13.37
12.10
11.57
12.46
12.89
11.89
11.73
11.70
12.24
12.85
11.78
13.03
11.65
11.84
12.58
12.41
12.78
11.92
12.93
11.80
12.77
11.95
12.26
11.25
11.61
12.06
10.44
10.67
11.08
9.92
10.36
10.64
9.26
10.23
9.85
10.40
10.41
10.34
11.31
10.80
11.45
11.96
11.05
11.01
10.89
10.66
10.36
11.27
10.44
9.40
9.80
10.34
9.70
9.17
9.94
9.85
9.50
10.30
9.73
10.39
10.36
9.87
10.72
11.18
11.33
10.58
11.78
10.88
10.75
11.54
10.62
10.67
10.71
10.29
10.65
10.24
10.98
10.60
12.32
11.63
13.27
11.86
12.21
11.65
11.11
12.12
11.65
11.63
12.47
11.89
12.06
12.49
11.98
12.87
11.87
11.58
11.24
10.79
10.55
9.91
10.18
9.76
12.74
12.11
12.62
10.75
9.15
9.41
8.95
7.21
8.00
8.84
9.61
8.75
10.43
8.88
9.20
9.31
9.26
9.83
8.39
8.42
8.45
8.02
7.28
6.70
9.69
9.94
8.34
8.91
8.19
8.77
8.44
9.60
8.09
8.67
8.65
8.99
9.29
7.53
9.13
8.67
9.60
8.35
8.68
7.37
8.57
7.28
8.41
7.86
8.33
8.68
9.32
9.53
9.89
8.18
8.57
8.87
7.58
9.02
8.91
8.32
7.74
7.93
8.32
8.04
7.75
8.07
7.19
7.27
6.66
7.37
6.93
7.61
8.37
8.86
8.47
7.52
8.54
5.79
7.35
5.66
7.17
7.15
7.31
7.86
7.66
7.53
7.04
7.41
7.66
7.02
7.69
6.81
7.46
6.04
7.13
6.61
5.66
6.71
6.29
5.75
5.94
6.17
6.17
6.60
6.07
6.47
6.30
7.56
6.53
7.50
6.81
7.48
6.94
6.16
6.92
7.34
5.97
6.63
5.70
6.31
6.64
6.28
6.38
5.69
6.86
5.56
6.53
5.75
6.59
6.46
7.39
6.65
7.87
6.40
6.76
8.06
6.58
7.35
6.59
6.82
7.08
8.80
6.96
8.90
9.67
8.90
8.25
8.50
7.85
7.88
7.61
7.94
6.32
6.57
6.13
7.78
6.18
7.43
6.72
6.27
7.22
6.63
6.15
6.76
6.61
6.76
5.98
7.83
8.44
8.95
8.02
8.00
7.13
7.26
7.05
6.88
5.87
6.14
6.15
6.84
6.38
6.41
6.08
6.81
6.17
6.43
6.75
6.50
6.10
6.80
7.12
6.86
7.07
7.48
7.16
6.11
6.83
6.58
6.48
6.37
6.26
6.74
6.61
6.86
6.03
6.61
7.45
6.73
6.99
6.87
6.80
6.73
6.83
8.06
7.26
7.77
8.68
8.89
7.97
7.83
6.23
5.92
6.34
6.34
6.14
5.87
6.41
6.40
6.08
6.08
6.72
5.69
6.19
6.20
7.43
6.37
7.23
6.80
8.00
8.28
9.33
9.08
8.60
8.32
7.54
6.47
5.87
6.17
5.81
6.46
6.06
6.01
6.67
5.38
6.12
6.15
6.78
5.96
6.61
6.32
6.70
6.63
6.76
6.81
7.46
7.95
7.05
6.48
6.80
6.71
6.72
6.31
6.26
6.38
6.60
7.13
6.36
6.02
5.78
6.05
6.09
6.20
7.16
5.96
6.60
6.62
6.33
6.86
6.52
6.80
7.17
6.84
6.45
6.46
6.38
6.30
5.82
5.81
6.32
6.29
5.73
5.74
6.07
6.12
6.46
6.29
6.06
6.27
7.31
5.66
6.68
6.46
8.86
8.60
8.24
7.87
7.12
7.18
8.04
7.86
6.32
5.79
6.91
6.84
6.81
6.67
6.49
6.50
6.40
6.61
6.57
7.22
6.36
5.98
7.56
8.85
7.80
8.84
8.52
7.57
7.99
8.14
7.90
7.42
8.17
6.17
7.56
6.74
7.11
7.10
6.72
7.61
7.26
7.02
6.92
6.85
6.97
6.43
7.49
5.91
9.64
8.50
7.63
6.76
7.43
7.16
8.03
8.66
6.94
6.90
8.67
7.50
7.50
8.21
7.54
7.49
6.83
7.97
6.90
6.88
7.00
6.29
6.58
6.82
6.77
7.28
6.78
7.10
6.35
7.57
8.49
8.42
8.61
8.77
9.96
8.24
8.41
7.53
7.69
7.83
7.14
7.12
8.02
6.88
6.93
7.26
6.49
6.86
7.28
7.26
7.02
7.25
8.16
8.17
7.82
9.83
8.46
9.70
8.48
9.40
8.69
8.44
8.13
8.52
7.61
7.58
6.63
6.94
6.82
6.94
6.92
6.61
6.65
8.21
7.28
7.88
7.34
8.35
9.57
8.43
9.50
9.46
9.26
9.74
9.00
9.39
8.78
9.06
8.37
9.40
8.64
9.04
7.63
7.51
8.03
7.51
7.81
7.44
7.58
8.50
9.50
9.14
9.43
7.73
8.53
8.46
8.59
7.89
8.77
9.55
7.62
8.33
8.96
7.80
8.59
8.05
8.21
8.09
8.49
8.06
8.36
7.98
8.06
6.94
8.05
7.02
9.06
7.58
7.42
9.10
10.39
7.57
8.91
9.31
8.72
7.88
7.68
8.63
8.43
8.75
7.92
7.01
8.35
7.07
8.15
8.48
7.76
6.95
8.07
9.10
9.70
10.50
9.84
10.38
8.10
7.88
7.40
7.98
7.40
8.03
7.55
8.07
7.36
7.99
6.51
7.36
7.05
7.46
7.49
7.50
6.96
7.63
7.77
5.63
7.69
7.85
6.88
7.51
7.77
6.86
7.37
7.79
7.48
7.55
6.83
7.64
6.38
7.37
6.67
7.73
6.40
7.42
8.94
8.82
8.82
8.30
8.31
7.06
7.11
6.12
6.84
6.81
6.96
6.83
8.54
7.48
6.18
7.48
6.92
6.85
6.75
7.33
7.04
7.28
6.32
6.93
9.40
9.28
8.71
8.76
8.22
7.17
8.01
6.83
6.90
6.76
7.05
6.86
8.35
8.15
7.05
7.68
7.54
7.51
7.69
6.07
7.09
6.96
6.68
7.20
6.77
7.01
6.67
6.94
6.61
6.67
6.59
6.70
6.76
6.96
6.38
7.47
6.57
6.99
6.61
7.16
6.52
7.02
6.75
6.72
6.85
6.75
6.04
6.78
6.63
6.75
6.52
7.32
6.77
6.31
6.66
6.35
7.24
7.13
6.31
7.44
7.70
6.64
7.88
6.75
7.26
7.43
6.98
6.72
6.07
6.73
7.67
8.44
9.77
9.20
9.25
8.39
6.96
7.74
6.34
7.13
6.17
6.31
6.70
6.86
7.66
7.12
7.58
6.73
7.44
7.02
7.00
6.98
6.58
7.21
7.03
8.86
8.45
9.28
8.99
9.12
6.99
6.71
7.21
6.99
6.79
6.96
6.88
6.81
6.68
6.64
6.66
6.71
6.74
6.85
6.79
7.70
6.17
7.03
6.66
8.19
9.59
8.79
8.61
8.03
9.20
7.96
7.85
7.48
6.49
6.88
6.53
6.78
6.70
6.73
7.12
6.71
6.56
7.04
6.48
7.47
7.34
6.94
6.98
7.50
7.79
9.59
9.67
8.76
7.38
7.89
7.73
6.56
8.47
8.76
8.98
8.62
8.23
7.21
6.34
8.15
6.23
7.95
7.34
7.01
8.03
6.88
7.37
8.28
10.19
9.59
9.56
8.75
7.45
7.51
6.56
6.38
6.36
7.11
6.82
6.59
6.58
6.48
6.45
7.46
6.81
7.43
6.34
7.50
7.04
7.18
7.40
7.46
8.38
8.02
8.36
6.34
6.49
6.50
6.82
7.02
6.36
7.46
7.27
7.36
7.93
7.43
8.09
6.89
8.06
7.54
7.75
8.45
8.50
7.97
8.31
8.44
7.58
7.20
7.23
7.44
7.55
6.72
7.39
7.22
7.25
6.91
7.52
6.95
6.93
7.28
7.25
7.24
7.02
7.64
7.14
7.30
7.53
7.62
7.50
9.58
11.20
10.96
10.31
10.36
9.20
8.06
8.68
7.76
8.02
7.10
7.87
7.27
7.27
7.02
7.00
7.31
7.53
7.36
8.20
7.88
8.67
7.81
7.53
9.89
9.74
11.08
9.94
10.21
8.21
7.98
8.02
7.61
7.95
8.11
8.08
7.03
7.60
7.21
7.92
7.45
7.49
8.34
8.38
8.31
8.41
8.43
8.45
9.88
11.17
10.56
11.17
11.60
9.72
9.04
7.52
6.96
7.01
7.54
7.04
7.10
7.27
7.29
7.35
7.44
7.51
8.26
7.58
7.84
7.99
7.85
8.43
8.01
7.34
7.99
8.02
7.87
7.60
7.10
7.79
7.32
7.01
7.28
7.80
7.68
7.28
7.28
7.32
7.31
7.81
7.67
8.26
7.74
7.73
8.57
8.02
9.24
9.04
8.77
8.80
9.74
9.00
9.10
8.50
8.44
7.93
7.80
7.56
6.43
6.44
8.02
7.02
7.30
7.62
7.42
8.46
7.55
7.47
8.45
7.61
7.93
8.29
8.47
8.66
7.62
7.80
7.36
7.06
7.61
7.04
7.21
7.22
7.73
7.58
7.32
7.87
8.54
8.18
7.88
9.18
8.54
7.67
9.20
8.34
8.89
7.35
7.73
8.03
7.14
6.47
7.04
6.68
6.82
6.79
6.81
6.55
7.00
6.21
6.92
7.81
7.09
7.34
7.50
7.45
8.02
7.61
7.79
7.77
8.31
11.37
10.20
10.40
10.66
8.89
7.71
7.70
8.16
7.53
7.08
7.04
6.84
6.69
6.81
7.22
6.63
7.96
7.29
8.30
7.51
8.21
7.72
7.83
7.78
10.66
10.49
9.73
8.82
7.15
7.65
7.71
7.02
7.35
7.35
7.31
6.58
6.58
6.71
6.70
6.74
6.20
7.20
6.92
7.63
7.11
6.88
7.00
8.04
9.12
9.13
9.43
9.23
7.58
7.35
6.73
6.48
6.66
6.93
6.36
5.90
6.96
7.02
6.40
6.75
6.47
6.57
6.65
6.88
7.04
6.97
7.42
7.36
9.19
9.12
9.36
8.75
9.06
8.05
7.63
7.13
7.82
6.55
6.56
7.03
6.07
7.07
6.44
6.38
7.10
6.61
6.27
6.54
6.99
7.23
7.33
9.64
9.55
8.88
8.15
7.31
6.85
8.30
8.98
8.76
8.37
6.75
6.25
6.78
6.66
6.42
7.38
6.18
6.89
6.69
6.71
6.57
7.57
6.30
7.55
7.13
7.64
8.09
7.75
7.06
6.53
6.91
6.27
6.43
6.02
6.55
6.74
6.42
6.74
6.16
7.19
7.25
7.02
7.32
6.89
7.71
7.96
7.49
7.51
6.98
7.19
6.66
6.99
6.65
6.70
6.81
7.22
6.48
6.40
6.45
6.38
7.31
6.41
6.44
6.80
6.45
7.20
6.72
6.93
6.69
6.39
6.66
6.76
7.49
10.13
10.48
9.63
9.43
8.47
7.22
7.95
6.43
7.10
6.94
7.51
6.18
7.00
6.38
7.07
6.99
7.16
7.24
7.30
7.22
7.72
7.93
7.31
7.49
10.27
10.34
7.99
6.90
6.96
6.62
7.34
6.69
7.66
6.43
6.77
6.66
6.43
6.35
6.97
6.48
7.22
7.87
7.27
7.57
7.43
7.70
6.75
7.84
8.89
10.55
8.35
8.00
7.91
7.30
7.82
6.52
7.39
6.71
6.80
6.79
6.40
6.66
6.71
6.49
7.49
7.62
6.98
7.34
7.34
7.70
7.76
8.52
10.22
9.29
10.17
9.21
8.45
7.00
7.91
6.80
7.31
7.92
6.35
7.09
6.40
7.23
6.42
6.37
6.45
7.14
7.64
7.28
7.42
7.13
7.76
8.69
10.41
9.59
9.63
7.05
7.34
7.62
7.42
7.36
6.61
6.66
6.43
7.45
6.75
6.25
6.99
6.47
7.37
7.00
7.24
6.68
8.06
7.05
7.04
8.36
7.41
8.33
8.30
6.98
6.47
6.76
7.27
7.40
6.33
7.16
5.92
7.17
7.33
7.13
6.78
7.19
7.01
7.54
7.45
7.72
7.43
8.01
7.49
7.43
7.61
6.82
6.20
6.86
6.53
6.84
6.78
6.40
6.71
6.64
6.45
6.47
6.49
6.97
6.62
6.44
6.45
7.00
7.30
6.96
7.18
7.72
7.38
8.54
10.17
10.73
11.06
10.08
9.13
7.62
7.24
7.74
7.44
8.13
7.26
7.15
6.75
6.67
7.51
7.03
7.47
7.74
7.37
7.52
8.29
7.87
8.16
8.09
9.81
10.71
9.28
8.34
7.34
7.57
7.79
7.16
7.01
7.49
7.39
6.36
7.42
7.13
7.53
7.89
7.68
7.76
7.41
7.81
7.83
8.03
8.23
7.43
9.74
10.17
10.01
9.57
9.11
7.53
7.75
8.14
7.98
7.34
7.49
6.85
6.33
6.75
7.12
7.80
7.78
7.09
7.67
7.87
7.93
7.76
7.71
8.14
10.44
10.26
10.22
9.71
8.12
7.45
7.15
7.33
7.12
7.43
6.83
6.67
6.42
7.45
6.85
7.17
6.84
7.68
7.43
8.34
8.12
7.69
8.09
8.65
10.57
10.22
10.30
9.08
6.81
7.39
7.98
7.73
7.30
7.00
7.26
6.34
6.63
7.63
7.52
6.76
7.60
7.21
7.35
7.72
7.92
7.73
7.74
8.09
7.47
8.43
8.97
7.92
6.81
6.60
6.89
6.98
7.15
6.77
7.46
7.07
7.11
6.72
7.27
7.58
7.57
7.40
7.25
7.67
7.36
7.72
7.86
7.81
6.89
6.38
6.82
6.45
6.84
6.76
6.23
7.32
5.79
6.99
6.42
6.77
6.37
7.02
6.05
6.74
6.39
6.83
6.77
6.84
7.45
7.22
7.27
7.41
8.26
8.32
9.17
7.34
8.17
7.74
7.46
7.61
7.64
7.56
6.75
6.69
6.35
6.79
7.05
7.76
7.24
7.36
7.25
7.21
7.04
7.44
7.50
7.18
7.29
7.61
7.61
7.53
7.39
7.25
7.69
7.11
7.16
7.52
7.67
7.52
6.81
7.91
7.34
7.19
7.69
7.04
7.53
8.21
7.36
7.32
7.77
7.74
7.26
7.61
7.31
7.42
7.75
8.19
7.46
7.90
6.86
7.64
7.84
7.17
7.33
7.58
7.33
7.39
7.71
7.76
7.55
7.98
7.74
8.43
8.25
7.82
10.67
10.45
9.55
8.75
7.69
7.70
8.04
8.57
9.36
8.90
6.93
7.07
6.77
7.20
7.25
7.75
7.71
7.75
7.71
7.96
8.45
7.88
7.85
8.68
8.94
8.71
8.70
8.39
8.67
8.53
8.41
8.36
8.98
7.96
8.14
6.67
7.70
7.70
7.58
7.74
7.42
7.60
7.97
7.75
7.49
8.59
7.81
8.18
7.69
8.66
9.28
7.94
7.55
7.27
7.36
8.17
7.82
7.61
7.29
7.77
7.61
8.62
7.03
8.81
7.76
8.40
8.39
8.62
8.49
8.77
8.94
9.77
7.13
7.81
7.72
7.16
6.95
6.82
7.15
7.93
7.17
7.17
7.15
7.56
7.69
7.56
7.28
7.61
7.39
7.61
8.40
7.69
8.05
7.82
8.82
9.22
9.41
10.02
8.95
8.88
8.57
8.70
8.85
7.86
7.89
8.68
7.36
7.24
7.21
7.50
8.63
7.60
7.01
7.66
7.75
7.99
7.50
8.00
8.15
10.03
10.73
9.49
10.32
9.71
8.70
8.36
8.32
8.58
6.87
7.57
7.59
7.01
6.84
7.41
7.24
7.58
7.28
8.13
