24.15
25.98
25.75
25.82
24.92
23.16
25.84
26.60
26.21
23.83
20.51
21.63
23.18
23.50
19.94
18.76
22.60
24.39
24.98
21.25
21.80
24.16
24.74
24.84
22.74
22.99
25.56
26.09
25.48
23.37
22.80
25.72
25.27
24.64
21.38
20.38
22.89
21.89
22.13
19.98
26.09
42.52
27.97
23.68
21.36
21.90
25.09
24.95
25.22
23.59
24.54
25.75
26.86
24.47
23.05
25.24
26.83
24.24
22.88
32.61
33.80
32.65
31.91
24.85
40.17
44.51
31.46
28.64
26.74
30.68
29.20
29.70
28.03
30.16
31.22
31.53
29.48
27.96
30.24
32.08
30.02
27.09
27.34
26.59
28.96
27.85
24.52
27.82
32.16
29.90
22.89
23.58
25.43
29.89
26.86
27.88
29.35
28.28
29.34
26.60
25.74
28.50
29.70
27.05
24.78
25.95
23.58
25.03
36.19
32.64
35.21
31.77
23.64
27.85
26.54
27.61
23.10
26.51
27.21
27.20
26.09
24.59
29.32
30.57
28.95
26.14
27.35
29.64
28.43
25.14
24.85
26.39
26.13
32.06
33.28
32.79
30.97
34.92
26.62
26.84
28.74
32.26
30.50
27.49
28.86
30.53
31.97
31.21
26.42
28.71
30.12
26.77
22.16
24.73
29.58
23.45
20.70
20.24
20.82
21.46
20.24
18.70
18.17
18.64
24.28
24.89
23.01
28.66
30.36
24.78
24.76
28.15
30.06
28.29
22.76
23.46
22.87
22.06
31.82
25.15
23.31
21.15
18.67
13.41
13.94
17.16
17.56
15.45
15.26
17.79
19.13
22.78
21.98
25.75
29.90
27.60
27.48
23.65
29.37
22.18
19.90
17.77
16.18
20.69
20.43
20.86
15.87
22.57
24.46
16.99
13.00
13.94
16.57
21.18
22.51
22.43
24.72
26.22
27.62
23.60
22.60
25.20
21.81
18.79
17.21
18.46
10.09
19.16
17.57
19.69
20.31
25.35
30.83
14.99
16.20
17.36
19.24
18.93
20.40
21.02
22.58
22.61
22.97
22.90
21.14
24.66
22.41
22.88
19.47
21.09
23.64
19.87
17.43
16.17
16.13
17.65
17.31
15.56
18.05
21.39
22.38
23.39
24.67
27.19
25.56
23.42
21.84
20.51
22.62
24.37
24.97
21.60
20.01
21.24
21.63
40.01
32.14
30.13
18.52
20.12
18.03
16.34
17.50
21.04
20.13
17.64
18.33
21.42
23.19
20.26
18.42
22.34
21.84
22.03
20.25
19.66
23.30
22.49
19.21
16.58
19.84
15.75
28.92
26.68
16.57
16.31
20.30
19.27
17.39
17.50
18.76
20.56
20.86
17.16
17.34
20.02
20.25
18.87
16.51
17.85
19.12
19.29
19.74
16.77
19.45
19.90
26.83
31.49
18.31
18.62
18.33
16.33
13.63
14.80
17.80
18.36
18.21
16.58
17.13
18.83
18.69
15.60
14.89
18.67
18.41
17.29
14.15
21.48
24.73
20.22
20.92
23.47
16.71
21.05
33.15
24.44
17.64
17.88
20.71
20.31
19.52
18.11
18.21
22.09
21.13
18.44
17.70
19.65
20.84
18.34
15.64
15.27
18.98
22.10
22.64
16.62
18.50
18.15
17.53
15.88
14.34
14.68
16.15
17.37
15.55
14.67
17.97
18.67
17.38
15.32
16.10
18.13
17.49
14.36
14.93
20.88
27.81
20.49
17.34
14.91
24.46
17.16
18.52
18.19
15.76
17.63
17.12
17.21
15.52
14.29
16.88
17.93
13.95
15.34
16.54
17.53
16.08
14.84
14.28
17.95
16.97
13.85
9.86
15.65
19.74
16.10
13.61
12.62
14.82
15.64
13.98
14.05
14.01
18.54
18.61
16.13
16.82
19.11
19.60
19.27
16.04
13.90
16.17
13.83
12.90
10.51
13.77
16.81
10.82
11.95
14.09
16.54
15.58
14.48
14.46
17.29
18.51
17.74
16.57
18.16
20.87
21.19
18.31
18.38
18.65
18.66
13.66
13.38
13.63
29.07
32.07
29.04
15.20
14.47
16.13
17.72
16.96
13.39
14.02
16.03
17.96
18.07
15.48
16.07
18.35
19.29
18.68
16.38
17.30
19.19
16.33
13.41
12.38
15.60
15.00
14.48
14.57
14.50
19.52
18.31
16.82
16.78
18.06
19.92
20.24
18.63
20.26
19.43
21.77
21.32
19.42
18.88
20.86
21.44
23.64
26.61
31.43
20.55
19.51
33.29
30.82
25.77
36.00
42.09
33.41
17.54
19.84
20.83
22.41
20.90
20.51
24.08
24.71
21.96
21.84
23.87
24.28
22.55
18.51
19.66
25.42
29.33
37.20
34.74
15.98
20.34
24.58
18.79
21.84
17.77
19.52
20.34
18.21
17.80
20.07
20.87
21.05
18.44
19.53
21.39
21.71
18.45
17.61
24.28
24.97
19.47
18.67
16.78
16.86
17.04
16.91
14.10
14.65
17.57
18.31
20.06
17.10
18.38
20.83
20.92
20.41
17.16
20.79
22.31
20.65
17.84
20.12
22.58
31.89
20.10
21.42
35.99
37.21
19.02
17.13
15.16
16.34
18.01
18.38
16.63
15.83
19.13
20.50
21.50
18.15
18.44
21.17
20.19
20.16
15.59
15.35
17.03
15.91
15.13
13.19
14.81
15.35
15.27
16.53
14.05
17.13
17.06
16.75
15.28
17.55
18.17
18.25
15.41
16.33
18.67
18.76
18.13
16.34
19.40
17.15
17.44
13.94
14.53
17.03
18.63
17.43
17.13
18.29
19.01
17.87
15.99
13.11
15.50
16.62
17.13
15.79
16.23
17.62
19.25
19.13
17.06
15.47
16.29
18.65
21.84
19.06
17.93
21.27
23.36
37.99
19.25
21.95
47.05
26.30
18.77
15.54
15.96
19.08
17.81
15.21
14.13
14.97
17.53
17.49
15.05
12.97
17.27
23.14
25.06
19.83
18.56
22.02
18.59
7.11
38.42
36.20
37.36
30.11
20.84
15.05
15.33
17.69
18.32
14.95
13.75
14.69
15.16
15.57
12.29
11.91
15.46
19.98
18.92
17.91
20.62
19.01
39.60
34.85
22.75
22.47
18.53
18.29
16.45
13.56
12.35
15.45
15.58
12.93
12.34
14.77
15.67
14.71
13.09
13.01
13.21
15.16
20.61
16.12
19.02
28.86
31.37
21.47
22.58
30.93
38.02
25.44
16.47
12.50
13.48
16.20
15.93
13.24
13.01
15.26
16.05
14.63
13.07
13.11
14.64
16.12
23.63
18.73
12.80
20.02
28.24
24.03
14.46
17.73
18.30
14.10
12.32
13.77
17.26
17.02
13.36
12.82
14.87
15.58
15.90
12.78
12.63
14.70
14.56
13.34
10.37
14.10
14.62
15.33
12.78
14.19
16.06
18.84
18.52
16.29
14.97
16.24
16.70
15.90
13.24
12.10
14.66
15.48
14.29
12.42
12.73
15.10
15.01
13.94
15.11
17.36
18.47
20.05
18.12
16.22
17.02
21.40
21.29
18.34
16.65
17.49
19.03
18.95
15.90
16.02
17.39
18.99
18.21
15.52
16.19
18.27
18.28
16.29
16.55
16.59
23.88
30.69
38.64
36.20
29.29
18.54
16.89
15.33
14.31
14.16
16.90
17.48
16.56
13.61
13.86
16.38
16.97
15.26
13.47
13.31
15.85
15.50
24.67
28.96
26.08
36.59
37.26
30.29
15.83
29.96
36.02
35.25
24.78
14.63
13.98
15.85
16.92
17.88
15.27
15.97
17.57
21.27
21.04
17.63
15.54
20.87
20.27
25.96
33.15
44.51
40.90
39.31
21.40
31.44
33.14
31.15
20.41
19.79
21.22
22.99
21.54
19.59
21.78
22.89
23.05
22.17
20.67
22.21
21.15
20.71
18.45
14.11
21.29
21.44
34.72
42.36
31.46
32.09
32.01
33.15
23.38
23.32
24.66
26.40
28.48
25.54
27.30
27.17
29.75
28.10
29.05
25.22
24.86
29.63
41.50
48.56
35.48
45.12
44.73
25.15
15.94
18.89
18.94
18.90
15.83
17.96
19.99
21.74
21.85
21.76
21.62
23.02
22.73
24.30
20.88
21.19
22.82
20.24
20.27
16.46
20.33
26.56
20.43
19.73
18.71
19.36
20.31
24.49
23.73
23.57
21.89
25.32
26.85
26.59
26.79
23.93
31.96
29.48
29.96
27.56
25.78
23.88
21.36
21.06
16.71
16.68
15.23
17.60
15.87
16.38
18.06
21.97
21.87
20.04
20.94
23.85
25.20
25.36
22.41
21.19
22.74
24.89
27.12
22.36
22.87
23.58
20.18
22.54
23.45
38.86
39.24
35.74
29.96
42.41
42.27
44.75
37.04
26.74
25.55
23.71
26.75
27.43
31.10
26.62
27.44
29.87
30.57
28.52
23.66
24.42
25.08
21.28
20.22
38.59
37.31
32.25
27.61
42.31
40.98
42.41
33.04
22.01
19.69
19.94
21.77
22.83
21.29
20.45
20.39
23.35
23.96
21.81
18.57
20.05
23.95
42.10
41.48
39.76
38.83
39.76
23.09
26.97
27.67
32.29
19.23
17.24
17.12
13.91
15.11
17.10
17.21
14.56
14.39
14.71
17.38
17.42
15.37
15.87
20.35
22.91
22.95
40.09
27.28
18.98
27.37
41.96
39.82
40.56
24.93
18.96
18.15
15.73
15.33
17.26
18.62
9.38
11.31
16.50
19.42
19.70
19.20
29.02
25.42
28.15
41.69
30.98
39.50
29.56
21.46
22.93
21.70
16.96
15.77
17.96
18.84
18.13
14.83
15.61
18.66
19.71
20.99
17.49
17.78
18.87
18.99
17.39
11.82
13.38
19.13
18.90
19.42
17.50
15.84
19.28
19.23
20.58
17.28
19.09
21.32
22.81
23.21
20.28
21.14
23.98
24.53
24.76
22.04
22.20
26.87
31.03
20.94
17.23
16.68
18.46
18.18
17.31
16.65
22.49
18.98
20.49
17.94
19.27
22.50
22.76
22.67
20.61
19.32
21.77
22.73
23.04
20.41
19.40
21.45
28.43
29.33
31.62
31.68
40.41
44.29
44.37
43.80
45.43
49.50
48.59
39.95
30.15
28.52
28.89
28.98
23.41
27.73
27.57
28.23
29.44
30.21
30.47
28.93
32.75
38.39
22.06
29.91
38.35
40.35
45.27
23.51
23.71
47.30
39.17
36.47
33.50
30.28
32.08
35.41
34.04
35.05
29.38
30.39
32.14
32.85
30.77
20.19
13.92
29.67
28.87
33.41
38.44
46.63
34.44
41.99
46.99
44.84
47.26
36.34
24.74
27.27
27.68
26.00
24.56
25.79
27.90
27.34
25.93
25.35
26.37
27.68
27.25
30.48
28.79
30.56
47.97
45.63
39.04
31.82
43.47
51.62
48.19
47.12
39.20
36.96
36.74
32.85
32.11
29.73
29.64
27.39
29.30
29.08
28.50
30.15
33.91
45.25
39.15
36.79
30.89
34.35
38.05
33.62
34.87
29.51
25.41
29.71
30.63
30.93
27.19
27.82
29.78
31.12
30.34
28.68
28.22
31.22
31.21
27.68
30.41
25.81
26.02
23.90
21.62
18.62
22.65
25.33
26.63
24.08
23.25
27.15
27.58
28.17
25.55
27.47
30.33
29.54
29.65
26.76
28.01
30.05
28.67
26.76
23.09
24.92
23.39
26.59
22.77
20.35
21.15
21.56
21.04
18.98
20.87
24.47
25.22
24.99
23.65
25.11
28.15
28.34
27.22
25.85
27.97
29.88
24.18
19.90
18.15
23.11
22.01
24.21
42.87
40.57
32.60
31.19
35.47
32.63
31.27
27.31
21.10
24.08
19.81
19.45
23.47
23.50
23.13
21.22
23.48
24.71
22.82
27.33
18.59
29.70
29.35
32.97
33.26
37.93
39.56
27.12
24.04
33.10
36.40
26.15
21.26
18.49
19.07
18.49
18.87
17.94
15.74
16.95
19.91
19.88
17.78
17.93
19.92
24.36
27.91
24.73
37.70
38.46
24.38
26.59
40.56
42.26
40.60
17.23
16.62
17.85
23.25
21.52
20.35
19.36
21.10
20.66
20.39
19.33
17.83
20.22
18.28
21.13
19.93
19.79
23.03
27.72
22.24
23.95
25.74
20.75
20.45
18.89
20.83
23.77
20.91
17.06
16.14
18.38
20.00
20.48
16.72
16.85
18.02
25.08
30.89
22.24
19.48
33.98
25.40
32.63
28.71
17.29
18.83
17.58
15.56
14.40
15.87
18.52
18.56
16.40
15.74
18.37
18.13
17.23
15.32
17.16
17.25
17.49
13.10
13.77
16.83
19.26
16.14
15.31
17.71
19.86
20.39
20.59
17.10
17.65
20.64
21.52
18.97
18.08
18.25
20.12
20.64
17.94
17.80
19.94
19.73
19.84
18.06
14.43
17.73
20.30
19.06
18.81
17.61
19.73
20.35
15.72
13.91
15.70
18.44
18.23
16.41
15.98
16.57
19.86
18.80
17.49
16.78
19.93
19.48
20.11
15.02
14.84
16.67
19.80
17.43
15.77
17.13
18.82
19.15
17.34
16.21
17.46
20.94
20.37
18.58
18.80
19.50
21.72
21.44
18.41
18.58
19.83
19.65
18.69
15.81
14.02
15.00
18.99
19.96
19.98
20.08
21.44
20.13
15.79
15.15
16.46
19.20
19.13
16.33
16.47
20.63
19.57
19.02
16.97
16.51
19.52
20.60
16.31
13.93
15.76
19.39
25.02
25.63
34.10
39.59
45.39
27.71
23.40
18.52
17.27
18.54
17.33
15.04
17.13
19.13
20.45
17.06
15.53
17.66
18.53
18.45
16.21
18.90
27.59
21.92
16.88
17.94
16.54
20.67
19.67
19.52
17.65
30.02
27.60
23.65
19.02
22.84
22.89
23.75
22.66
20.15
19.71
21.12
21.79
20.11
18.26
20.53
24.79
25.04
18.22
19.06
22.14
24.12
23.91
22.01
19.90
22.88
21.56
21.50
19.83
20.05
22.95
22.06
21.54
19.67
20.80
21.66
20.77
18.55
18.05
21.59
20.43
19.63
20.05
18.05
23.73
21.82
21.86
21.48
21.96
22.20
21.37
19.85
19.94
21.76
23.08
20.95
19.63
20.78
23.95
22.16
20.76
17.47
21.16
20.96
18.12
19.54
18.52
24.09
24.16
19.66
18.27
22.61
21.79
20.45
18.16
17.98
20.95
21.13
19.14
18.90
17.99
21.86
20.93
17.68
17.31
18.81
18.26
23.23
22.34
28.53
35.21
46.59
50.87
47.05
41.78
23.86
36.75
44.38
26.98
20.26
20.73
23.96
22.70
22.63
19.51
21.18
22.70
22.41
22.22
22.27
22.11
24.02
23.98
33.61
19.77
22.91
23.96
21.47
19.57
28.66
37.05
43.45
36.38
22.62
20.95
21.78
25.04
23.03
21.64
21.76
22.26
23.44
24.32
22.01
21.33
22.43
20.27
23.42
31.11
38.63
37.76
37.49
37.79
40.64
29.74
37.22
18.82
20.31
20.84
17.75
18.17
20.65
20.92
21.96
19.81
20.89
24.15
23.03
20.33
21.04
22.74
27.78
25.82
25.11
23.38
28.98
22.05
24.51
19.32
17.06
21.22
20.67
19.44
19.00
20.38
24.15
22.23
20.22
19.22
22.34
22.28
20.71
18.19
17.38
19.35
25.94
39.78
39.57
24.92
35.19
36.24
19.65
16.60
16.82
19.54
20.40
18.51
17.39
17.80
21.04
21.15
17.56
18.38
19.84
21.22
18.64
15.08
13.48
16.00
23.37
22.35
23.73
21.30
24.94
23.34
21.63
21.58
22.78
24.17
24.58
19.79
16.39
18.93
20.39
19.33
17.29
16.93
19.99
20.11
16.63
14.13
16.32
21.43
26.01
40.03
45.22
51.63
56.55
50.27
36.04
23.72
24.21
23.64
20.12
17.14
17.05
18.11
22.14
19.98
17.26
17.32
19.89
19.56
17.03
15.73
17.17
22.18
34.14
53.55
50.50
42.86
49.39
39.84
32.48
45.31
42.95
35.34
18.33
17.73
16.01
15.90
18.53
20.33
16.46
15.32
16.90
17.52
16.59
14.24
18.31
24.65
41.21
50.54
42.68
58.61
71.23
59.53
50.98
44.80
26.53
15.93
16.30
17.77
16.28
14.72
14.28
17.10
17.73
16.38
15.16
16.23
19.00
19.26
20.77
29.67
39.91
44.39
56.53
59.42
45.69
28.27
34.33
45.64
40.94
27.57
19.10
20.15
18.89
17.50
15.02
14.89
17.32
17.42
16.07
14.98
14.57
20.29
24.39
28.40
26.62
25.49
27.00
38.24
26.75
37.70
21.04
21.60
19.84
16.32
15.68
17.90
19.19
18.51
16.27
16.48
19.17
18.83
17.85
15.28
15.19
17.17
18.57
19.02
19.60
19.10
23.50
27.22
26.71
21.10
18.51
17.69
17.65
20.41
19.49
17.40
15.45
17.17
18.53
17.83
15.17
15.87
17.79
17.59
17.72
19.42
18.90
23.12
21.70
24.09
16.14
18.60
29.96
33.20
18.26
15.32
14.88
17.85
18.09
15.04
14.77
16.34
17.77
17.68
14.86
15.52
17.32
17.74
17.28
16.88
16.80
18.43
20.66
21.32
22.70
31.78
41.28
40.61
38.52
34.32
33.44
36.07
37.13
36.38
34.67
34.20
37.30
37.62
34.29
34.34
35.69
36.52
37.18
19.09
15.82
17.72
30.93
35.43
41.83
58.26
49.19
38.98
32.14
36.30
25.00
17.45
19.59
19.19
16.61
14.55
16.18
17.64
17.02
14.22
14.50
15.57
16.27
13.67
13.24
16.90
26.22
37.34
42.20
40.06
43.36
53.40
48.47
49.87
41.16
31.39
24.92
22.08
18.59
17.82
20.45
19.40
17.70
16.54
17.11
20.17
19.53
18.59
18.39
23.47
33.32
52.83
56.55
56.97
50.57
51.23
41.18
33.63
39.15
26.53
19.92
19.04
18.38
16.24
16.89
19.72
19.20
16.79
15.71
16.52
16.26
17.66
17.67
22.79
35.63
38.42
36.77
38.66
31.17
34.66
43.91
42.08
35.91
22.90
19.34
15.75
9.51
17.68
17.17
18.01
19.58
19.17
16.45
15.25
16.64
18.21
24.08
32.45
29.29
29.05
32.76
38.44
36.44
29.44
22.34
20.30
20.86
19.71
18.76
16.05
16.32
18.64
18.82
17.97
15.89
16.80
18.60
18.22
16.77
14.97
16.65
18.91
26.46
26.92
30.25
32.96
34.16
42.05
24.90
21.00
19.68
19.49
18.71
15.96
15.19
17.43
18.31
18.43
15.85
15.72
18.11
17.82
18.12
16.45
17.71
24.50
28.14
31.85
41.62
42.74
47.70
30.52
29.90
25.40
24.51
26.74
22.63
19.90
18.72
18.74
21.20
19.80
17.22
16.28
18.26
18.22
18.65
18.52
20.16
27.58
33.83
40.23
45.65
57.28
53.72
50.29
29.76
38.49
35.86
26.84
20.63
20.49
16.61
15.43
17.39
18.80
19.24
15.33
15.12
16.62
16.07
17.03
18.89
23.82
41.46
49.40
52.82
51.60
47.98
54.76
53.64
47.28
38.21
42.47
22.55
20.09
16.23
16.20
18.48
18.70
17.29
15.37
17.30
16.77
17.09
14.86
17.61
27.18
39.51
45.85
67.23
72.53
51.09
41.17
49.02
41.66
38.16
22.99
17.08
18.38
18.67
15.47
15.68
17.64
18.90
17.78
14.97
15.21
16.19
17.65
17.83
19.66
29.68
40.24
55.45
55.71
55.36
45.18
43.40
44.16
42.25
21.79
16.36
17.32
18.34
18.39
16.79
14.99
17.61
19.44
17.60
15.54
12.07
17.78
24.84
29.58
39.03
54.94
55.77
48.47
46.25
35.88
32.87
24.92
22.90
23.95
22.69
21.56
18.51
19.08
21.69
21.68
19.70
17.58
18.23
20.54
20.71
16.86
19.45
26.05
32.31
31.79
31.57
34.01
32.71
31.88
29.91
25.51
21.81
21.69
22.50
21.27
18.30
18.20
19.03
19.89
19.56
17.06
16.98
19.47
19.61
19.52
20.76
44.56
53.29
57.72
49.88
44.70
45.96
44.02
38.66
32.90
26.83
24.65
27.87
25.18
23.08
19.06
22.07
21.37
19.98
17.39
15.72
18.29
19.60
20.92
24.89
43.66
52.17
48.58
52.94
51.34
49.98
58.40
61.58
60.37
42.89
27.96
31.68
23.83
22.46
22.53
23.78
20.67
17.49
16.23
16.95
18.21
18.28
18.98
22.75
40.70
60.02
75.60
85.43
86.90
79.61
82.70
77.10
75.38
65.43
49.28
43.98
37.29
29.55
22.38
20.53
21.34
20.27
16.86
17.33
18.97
19.52
21.82
23.33
30.78
36.03
61.49
60.96
53.29
45.80
35.34
31.61
40.32
38.39
21.22
20.43
19.31
17.00
17.03
17.76
18.79
18.78
14.85
15.36
18.00
15.11
16.96
15.44
25.39
31.84
46.24
58.03
55.25
44.15
37.61
45.74
45.06
41.35
26.14
22.01
22.76
20.23
18.72
21.27
22.47
22.55
19.02
19.37
19.92
21.02
22.33
23.11
43.16
46.30
44.32
47.24
43.79
52.63
34.57
32.01
26.34
21.58
20.03
23.17
22.44
20.00
18.63
21.40
22.39
21.95
18.82
19.09
20.92
19.83
20.22
17.66
35.73
48.71
51.74
53.05
46.55
43.85
43.54
30.12
27.27
24.81
22.90
20.68
21.75
18.24
19.75
21.38
21.59
21.39
18.19
20.27
20.31
19.81
20.74
18.93
28.05
47.67
52.66
51.83
55.03
50.69
38.76
31.53
29.20
26.61
26.56
23.75
22.03
19.30
20.89
23.18
22.67
20.40
18.20
20.36
20.66
20.81
19.68
28.87
37.90
58.87
68.02
70.49
62.40
50.03
54.90
54.62
43.76
40.40
29.12
26.48
24.03
19.54
18.13
18.70
19.25
18.58
15.57
15.14
17.21
18.37
16.29
22.37
35.81
48.61
60.46
59.59
49.67
41.87
35.68
40.95
39.51
33.31
25.51
19.82
18.72
19.28
16.74
16.72
19.12
19.64
19.45
15.60
15.31
18.69
26.50
22.71
24.52
28.33
42.62
63.74
54.53
54.17
46.37
47.23
46.33
42.74
26.07
19.23
21.04
21.55
20.64
18.84
15.77
16.27
18.15
17.93
16.44
13.75
13.18
20.76
44.13
48.01
50.71
67.70
74.01
59.63
55.95
57.89
52.60
49.79
46.14
37.97
32.28
27.52
24.29
22.61
18.91
16.66
16.70
19.17
17.85
17.54
21.50
44.83
52.60
64.03
73.55
69.23
77.83
67.30
60.70
61.04
52.56
49.33
47.24
41.52
32.76
26.37
26.27
25.80
26.98
24.62
20.40
20.58
23.76
22.49
24.52
37.05
50.88
64.22
69.32
67.17
71.72
59.40
48.04
47.43
49.62
43.98
40.00
55.32
57.48
38.99
27.31
21.61
23.87
23.84
23.25
21.19
21.65
24.72
30.78
40.25
42.78
46.62
51.81
62.13
59.76
53.92
36.17
37.29
36.47
33.70
29.28
25.10
24.15
23.15
19.92
17.69
19.29
19.93
20.75
18.98
14.97
26.01
27.49
35.85
35.46
42.42
53.66
55.79
64.63
57.91
45.70
48.17
53.51
49.65
34.13
23.53
20.21
21.24
20.55
18.12
15.46
16.27
18.67
18.45
18.39
18.59
24.28
40.53
52.77
57.22
62.11
70.06
68.29
61.65
40.33
37.51
39.34
51.01
49.05
35.34
23.85
23.93
24.30
24.63
22.45
20.17
21.33
22.13
22.52
21.18
20.12
32.71
42.55
59.05
56.67
45.44
44.61
53.12
62.48
75.15
58.45
50.59
37.85
33.89
33.45
30.18
24.19
21.04
22.68
20.06
18.56
17.47
16.27
19.75
26.73
57.85
63.94
67.87
64.86
53.65
57.18
53.43
53.23
48.06
45.35
39.51
38.98
42.95
31.47
29.77
26.89
22.01
19.41
23.07
19.74
17.36
16.62
18.90
32.02
51.71
56.68
61.56
60.45
63.37
72.30
67.18
61.77
59.14
54.66
43.02
44.90
41.58
39.32
32.52
30.93
30.77
28.62
25.60
24.12
23.00
25.08
27.33
35.96
41.64
53.21
60.10
55.47
52.27
54.63
50.83
47.39
45.25
44.00
37.29
37.01
35.19
33.62
30.52
27.13
26.68
25.30
25.50
24.15
21.41
21.78
26.04
30.40
34.45
39.55
46.36
59.05
60.12
50.84
53.77
43.99
55.01
60.49
45.21
38.25
34.44
34.96
33.26
31.27
27.66
23.43
26.60
25.91
22.78
19.47
27.53
35.27
39.50
37.39
40.92
33.52
39.59
38.93
45.98
42.58
32.69
29.56
25.62
27.84
23.07
26.77
24.59
21.27
17.70
17.92
17.99
15.39
13.75
13.67
16.24
21.22
22.74
29.35
28.56
36.69
41.23
40.04
39.34
32.06
33.11
30.61
25.32
20.27
21.68
25.10
24.19
21.05
19.19
17.96
19.57
18.82
16.14
13.90
16.09
22.29
34.47
41.98
46.99
43.87
41.67
41.38
43.84
42.83
36.92
32.46
26.42
22.43
20.80
20.15
16.45
17.39
18.69
19.08
16.25
15.50
16.72
20.56
19.31
17.95
18.69
22.66
27.04
28.34
25.65
25.21
30.13
32.45
31.70
25.63
26.80
23.49
24.74
21.56
17.79
19.21
18.83
17.77
16.78
14.84
13.64
16.85
18.39
17.14
26.32
29.44
42.11
48.85
52.96
51.56
43.83
43.86
39.45
39.05
32.58
28.35
27.54
27.59
25.43
23.21
21.28
23.69
23.60
20.15
20.38
21.61
24.05
25.35
30.36
32.68
42.23
46.58
46.14
44.20
41.80
43.14
37.93
35.79
30.50
27.16
28.23
28.40
25.11
21.66
24.87
24.41
22.35
21.53
20.83
22.21
26.96
24.06
30.72
40.37
48.14
51.13
49.34
50.67
50.51
50.20
42.76
37.49
33.38
33.28
34.03
31.80
27.50
27.40
28.88
28.08
23.13
21.54
22.49
24.46
24.10
22.69
29.50
28.26
43.95
39.41
33.60
36.50
39.03
30.14
27.88
25.90
21.85
23.98
22.80
20.03
18.10
17.56
18.89
18.76
15.41
15.94
15.80
17.27
17.26
15.25
15.86
18.54
23.42
24.17
31.50
27.60
24.11
24.34
24.56
23.95
18.61
17.44
19.15
18.32
17.80
15.32
15.22
19.52
18.69
16.77
17.72
19.45
17.60
17.73
24.25
30.47
30.47
35.19
42.43
39.00
35.80
30.13
31.90
28.78
21.54
20.03
23.01
20.92
18.38
19.93
20.55
17.60
16.47
19.78
19.00
15.32
15.98
20.11
27.21
30.19
33.19
36.26
43.99
40.60
38.95
35.30
37.39
33.14
27.54
22.72
25.90
23.34
20.74
19.62
22.19
21.94
19.20
17.73
17.75
19.57
19.17
10.97
22.98
30.31
32.55
30.71
34.95
39.37
32.80
28.48
31.84
28.92
26.34
22.48
19.91
23.25
22.58
19.50
18.04
18.97
20.88
20.31
17.87
16.69
17.80
19.97
28.09
28.76
31.76
40.28
44.03
44.78
40.60
39.97
39.46
37.50
32.32
25.93
24.94
22.45
23.50
23.01
18.42
19.54
18.61
20.98
19.89
17.57
17.12
22.61
26.40
27.76
30.78
33.40
38.26
38.60
36.09
31.66
28.11
28.99
26.45
20.96
19.98
20.00
22.79
21.47
21.40
20.77
17.67
16.94
17.88
19.27
30.61
24.50
29.98
34.06
39.81
45.02
45.86
44.51
45.12
47.73
49.20
37.79
31.69
30.08
27.82
26.83
25.75
21.07
23.53
22.92
22.36
20.78
17.87
18.25
24.88
28.38
34.61
38.50
43.43
56.77
59.79
53.03
51.65
50.87
52.52
46.43
39.87
33.96
38.40
39.92
32.06
31.46
30.55
30.20
28.90
22.95
22.02
23.57
27.13
37.21
36.52
43.69
46.13
51.46
51.74
53.57
50.38
47.94
45.49
49.27
43.24
33.11
33.90
30.47
28.89
28.40
23.15
22.14
23.21
24.92
24.10
19.49
22.64
28.45
24.88
36.96
38.35
40.31
49.57
51.69
48.87
38.20
39.17
34.69
35.08
32.24
28.38
25.85
25.73
23.93
20.48
18.98
17.64
20.03
18.84
16.23
16.43
19.08
26.52
29.52
31.58
32.59
34.16
37.53
33.54
28.56
30.02
24.94
24.35
24.85
19.84
19.14
21.08
21.21
19.37
17.62
16.90
19.51
19.27
17.27
16.14
18.52
28.67
32.97
33.58
35.01
38.25
41.73
37.52
32.42
31.90
26.76
29.49
27.98
23.00
20.38
22.36
23.35
21.30
19.22
18.42
20.97
20.52
19.45
17.73
19.64
24.29
28.19
27.82
27.97
28.24
32.78
28.58
27.60
25.32
24.57
24.65
25.21
20.39
19.39
20.75
22.61
20.41
17.84
17.04
18.54
18.96
17.74
15.47
15.95
22.72
26.92
29.03
28.12
31.42
32.82
37.83
25.77
28.23
19.32
21.96
21.03
17.20
17.38
18.66
19.71
18.93
16.88
16.85
19.44
18.77
17.20
15.36
15.31
21.21
28.37
28.38
28.75
30.71
35.74
30.62
27.08
24.50
22.37
23.04
22.20
19.83
18.52
20.08
21.31
19.98
16.92
16.69
19.50
18.87
17.56
15.16
16.83
21.94
24.98
29.28
27.32
26.69
28.42
27.53
25.50
25.01
22.86
25.38
22.64
18.50
17.27
19.75
20.05
18.02
16.96
17.91
19.50
19.00
15.07
14.30
15.79
16.09
19.88
23.06
26.13
27.81
29.43
24.94
23.41
21.90
24.87
21.05
18.30
18.45
20.17
20.79
18.01
17.32
17.15
19.86
19.72
15.91
14.62
15.14
17.40
21.99
25.65
28.42
37.97
38.97
41.78
36.11
36.23
33.69
30.71
24.26
22.40
20.47
22.29
21.53
17.83
17.56
17.87
19.54
19.80
16.08
15.29
17.27
21.50
26.76
32.30
31.51
40.77
41.30
42.51
39.37
34.44
36.00
36.91
27.65
26.61
23.70
24.82
28.04
20.33
19.10
19.86
20.97
19.62
16.67
16.24
19.63
24.48
26.96
30.25
30.64
36.31
35.03
35.27
32.47
31.65
32.63
32.41
28.03
24.43
25.11
27.54
24.67
21.77
21.11
21.92
23.15
21.85
18.77
18.30
20.94
21.34
24.18
24.23
27.44
29.63
35.04
31.95
29.00
24.89
29.07
25.69
21.55
18.51
19.58
21.28
20.10
18.23
17.14
19.64
19.83
18.26
16.22
16.28
19.40
20.97
22.56
28.28
29.89
34.10
35.72
36.20
33.56
40.44
31.21
29.21
25.30
21.03
21.64
22.06
21.16
18.74
18.24
19.25
20.13
18.52
16.71
15.90
18.62
22.27
27.61
32.15
33.89
43.89
44.37
47.32
41.01
37.41
41.24
39.72
34.06
31.88
27.02
28.68
25.82
21.93
21.50
21.77
23.47
21.74
18.61
19.31
24.43
29.53
35.18
37.92
41.04
50.01
49.82
50.25
44.14
48.93
49.26
45.09
41.02
37.38
38.06
35.79
33.88
28.43
28.90
26.99
28.99
25.03
22.85
22.76
29.60
34.71
34.96
37.59
44.18
48.71
53.60
49.44
49.20
45.17
43.07
44.88
39.27
35.41
36.26
31.96
32.45
26.58
25.39
26.79
24.33
23.67
25.21
27.44
32.70
33.71
38.83
39.93
46.39
53.14
51.53
48.46
49.13
43.43
45.05
44.65
39.54
37.37
36.89
37.61
33.37
29.72
29.24
27.77
27.81
27.33
25.36
24.94
29.88
36.36
38.91
41.72
44.75
48.29
50.05
51.50
45.09
42.08
45.00
42.57
38.44
36.37
34.06
35.58
33.20
29.45
28.59
25.25
27.53
27.68
21.51
23.86
29.40
37.29
41.51
42.05
46.38
48.79
56.14
58.58
51.03
50.12
51.07
42.86
41.73
36.07
36.08
37.72
33.43
31.45
26.98
25.89
27.33
25.23
22.85
23.43
26.81
34.79
38.91
43.66
47.00
50.06
54.66
54.45
56.66
49.13
47.80
45.00
42.05
36.68
35.61
40.58
34.23
30.87
28.20
29.60
30.17
27.69
24.35
23.74
29.15
35.93
37.64
42.11
45.81
55.19
56.90
57.18
52.53
48.33
48.18
46.09
41.07
40.27
38.66
39.26
38.20
30.81
30.73
29.48
30.25
29.35
25.02
25.80
31.93
37.65
42.53
45.61
52.30
55.78
65.04
59.91
56.13
57.39
56.21
49.95
44.91
42.94
41.95
42.72
38.80
35.44
33.38
32.80
32.97
29.18
27.13
28.44
35.34
39.12
42.90
48.72
51.56
57.44
62.73
58.47
57.35
56.94
57.49
58.07
44.57
40.44
40.98
41.13
35.95
30.12
28.76
30.48
29.46
26.83
23.20
25.29
30.62
37.63
37.96
43.34
47.46
51.02
56.12
52.64
50.85
47.13
45.19
45.62
40.36
39.12
36.54
35.35
31.90
29.88
30.06
29.95
31.55
27.26
24.49
26.82
31.90
36.88
39.19
44.79
53.06
55.28
58.59
56.63
53.67
54.41
52.95
48.36
44.91
40.11
42.69
40.44
37.23
32.20
31.51
33.89
32.16
29.67
28.23
29.76
35.67
43.37
46.76
49.97
57.13
62.92
64.22
62.47
57.06
58.31
56.30
55.38
47.39
43.83
46.72
47.22
40.69
40.01
38.53
38.63
38.65
34.94
31.66
34.07
37.32
43.72
49.35
55.07
57.77
61.71
62.80
63.98
58.13
57.48
59.94
57.05
47.65
44.98
43.33
41.73
41.44
38.74
35.18
36.03
32.73
32.54
28.38
30.52
34.97
38.67
44.12
48.67
56.38
61.47
65.50
69.27
63.69
58.43
56.12
52.09
44.83
39.90
41.27
41.34
39.23
37.89
30.78
33.97
33.07
31.44
28.79
32.93
32.94
39.61
46.26
49.44
52.32
53.18
58.60
57.84
56.85
58.02
57.46
49.29
45.14
44.41
43.42
42.31
36.18
32.72
31.97
31.50
30.01
25.34
25.13
30.52
38.79
43.81
47.60
52.77
61.11
61.68
68.05
65.42
61.59
59.09
55.21
49.81
46.16
44.94
45.91
41.96
35.80
34.04
34.72
35.43
31.31
29.76
30.77
31.98
36.56
39.79
45.93
51.37
54.48
57.21
57.89
60.05
58.93
57.05
50.49
47.21
46.75
42.65
45.32
39.98
38.44
39.64
40.50
35.54
32.41
30.73
33.23
33.93
35.64
38.35
43.49
51.72
56.95
56.63
58.69
59.62
59.52
58.60
51.23
49.92
46.25
45.47
46.17
41.43
39.00
40.31
40.85
39.07
31.91
32.20
31.73
35.25
35.06
42.09
49.97
55.85
62.54
59.47
60.81
62.95
61.12
57.68
54.33
50.05
54.87
65.62
60.44
42.54
35.13
37.70
37.03
36.70
32.48
32.36
32.05
33.58
38.52
36.70
47.14
51.64
56.50
55.17
54.55
56.20
56.33
54.31
50.88
48.91
40.59
43.71
41.42
35.32
34.24
36.21
36.01
33.03
31.37
29.06
31.54
31.89
31.10
35.90
46.94
50.09
53.78
52.90
56.43
58.98
53.93
54.89
46.54
44.14
41.66
43.20
38.28
35.13
36.34
37.34
36.49
33.45
31.69
30.85
31.58
31.04
31.45
33.91
42.89
47.24
50.56
48.57
48.12
50.37
49.26
50.06
46.41
44.46
45.68
44.38
40.14
36.09
32.96
34.61
33.65
29.64
25.99
29.73
26.67
29.79
32.57
36.18
44.10
46.75
65.36
56.89
50.92
53.91
50.52
48.81
47.16
46.70
45.96
44.88
40.74
38.42
36.25
36.51
33.41
30.40
29.02
33.24
28.71
32.21
31.09
35.22
42.92
44.26
45.55
47.31
51.56
52.34
49.26
45.85
41.38
44.07
43.77
40.85
35.69
33.55
36.40
36.58
34.70
30.37
28.21
28.30
30.37
27.10
28.39
36.75
40.19
44.18
44.15
44.43
49.21
50.09
47.84
43.92
42.57
45.97
40.80
36.17
33.13
32.12
33.26
32.77
27.60
27.26
25.96
26.39
24.53
26.00
27.99
35.68
41.89
44.01
46.96
50.38
51.08
52.59
47.04
45.35
45.38
44.83
44.08
36.04
34.42
33.70
35.11
32.72
28.14
28.01
27.97
26.91
26.88
25.58
30.06
47.63
48.47
49.17
53.09
52.13
58.70
62.43
59.72
54.62
52.50
52.76
51.04
45.85
41.41
40.20
42.95
38.72
36.51
34.45
35.73
37.01
29.91
33.38
37.96
46.36
57.18
55.51
54.79
59.09
60.24
61.76
56.32
51.95
52.92
52.30
51.33
45.61
43.24
44.50
42.95
39.88
34.56
34.94
38.78
33.67
33.69
36.15
42.00
48.34
53.46
53.90
55.31
59.67
60.36
62.48
53.38
51.58
52.05
52.66
48.80
45.66
40.73
42.98
41.46
38.43
36.08
36.09
9.73
0.00
0.00
0.00
0.00
0.00
0.00
0.00
0.00
0.00
0.00
16.73
51.23
46.56
49.70
50.77
44.57
40.69
41.34
37.12
37.75
34.91
32.16
31.68
30.72
27.56
28.77
28.66
33.85
38.39
43.28
47.53
49.44
53.84
56.32
56.06
52.62
49.37
49.55
47.47
44.70
42.21
41.58
40.01
38.60
35.67
34.70
35.91
34.92
32.45
31.19
29.31
33.88
39.89
45.48
46.39
45.26
53.14
63.65
44.29
53.70
49.16
49.23
50.13
43.53
44.19
41.97
42.26
40.98
35.71
34.67
32.57
32.32
32.15
28.06
30.25
34.70
40.48
47.86
48.70
49.59
55.72
57.96
58.01
55.22
50.40
49.13
51.37
47.93
43.40
40.77
37.79
37.56
36.13
31.39
30.52
31.19
30.55
27.40
26.82
32.31
37.29
44.16
45.44
48.76
55.83
63.36
48.28
43.53
43.22
45.18
44.56
44.52
36.35
36.13
34.28
34.89
31.30
27.96
26.86
29.19
24.56
24.36
23.70
28.59
33.52
39.85
41.58
42.28
45.84
48.91
47.80
48.14
43.53
43.31
44.06
42.86
37.38
31.72
32.14
31.20
29.02
23.84
25.34
24.30
23.25
22.40
19.97
24.68
34.51
36.79
40.73
41.14
43.86
47.99
48.44
44.38
41.61
42.74
43.02
41.34
36.38
32.55
33.45
32.19
29.74
26.73
23.91
25.82
23.72
21.96
22.15
24.46
31.82
38.68
40.52
40.39
45.85
49.42
45.75
43.96
41.83
43.59
43.51
38.08
33.40
32.26
33.68
31.63
29.18
28.27
29.37
28.45
23.90
23.85
25.17
28.17
34.67
38.70
39.54
42.68
48.40
47.89
46.71
42.95
42.52
44.93
41.42
38.12
35.86
37.11
35.67
30.79
31.25
31.38
30.22
28.78
26.90
27.09
27.03
30.36
35.60
37.30
43.67
45.99
48.22
46.59
47.34
48.95
45.56
43.12
41.75
40.24
36.96
32.13
30.19
27.24
27.69
27.30
21.99
20.17
21.24
21.99
22.91
25.52
24.32
39.57
42.14
42.74
44.67
45.60
47.17
45.37
40.54
41.25
43.24
39.24
34.61
30.35
28.87
29.60
27.12
25.37
22.69
20.64
20.44
22.77
18.15
24.09
29.47
37.37
42.98
41.52
43.48
45.53
48.02
45.37
41.07
38.00
41.90
37.52
34.14
30.43
28.78
31.96
30.80
28.43
24.12
24.34
25.06
25.18
22.47
25.06
33.80
40.29
42.62
40.63
48.16
55.89
50.98
47.70
47.73
52.01
47.33
43.79
41.81
38.57
40.97
35.78
33.04
32.42
32.05
33.83
29.79
29.67
29.36
27.91
33.09
40.77
37.62
39.20
52.02
53.97
53.69
49.83
54.21
53.91
47.83
42.87
41.75
42.89
40.72
35.84
34.45
35.92
36.49
33.46
30.10
29.60
31.69
38.23
38.79
40.98
45.03
47.80
50.69
51.88
50.18
50.04
48.88
47.07
45.52
40.69
43.82
42.72
38.52
39.23
38.41
36.90
36.57
33.31
32.26
33.54
33.61
35.02
38.66
44.67
47.69
48.23
47.69
51.04
54.96
51.53
47.42
46.03
46.62
45.95
42.88
40.29
38.98
40.72
40.67
35.71
35.12
34.88
34.18
34.54
33.56
35.67
42.48
44.95
46.33
48.92
49.95
55.99
57.78
53.95
51.42
46.86
46.65
44.90
40.24
37.29
39.36
38.48
37.72
32.99
30.67
33.66
33.97
30.60
29.32
34.30
41.73
45.34
47.18
47.76
50.10
56.40
55.76
50.80
52.75
55.03
52.42
47.66
40.85
40.94
42.11
41.80
39.69
34.04
33.04
34.65
33.94
30.06
28.76
33.40
38.44
43.50
45.56
49.60
61.24
60.55
56.65
50.34
49.94
54.12
49.12
45.92
43.52
43.83
44.59
40.36
37.20
37.77
37.32
33.80
32.97
29.99
32.65
34.91
39.00
44.23
42.42
47.38
46.85
44.61
47.16
48.23
47.37
45.32
41.58
40.84
42.18
39.49
37.24
31.51
34.61
36.33
31.52
29.70
28.08
29.95
30.57
29.65
38.42
47.14
46.25
49.43
48.32
55.08
49.22
45.89
48.81
50.63
48.64
43.27
40.55
44.85
40.52
41.28
34.74
33.07
35.43
34.87
32.18
28.84
30.13
38.53
40.00
39.88
37.95
45.88
53.54
50.58
53.33
52.13
53.85
49.80
45.80
40.70
41.01
36.84
34.70
34.71
34.14
30.95
29.01
28.11
30.53
27.76
26.71
29.78
39.41
41.76
43.21
45.51
52.59
57.39
52.48
49.84
47.03
47.80
45.46
42.20
39.69
41.32
37.42
35.44
33.24
33.60
34.59
35.27
31.60
30.45
33.09
34.85
39.33
41.69
46.79
48.38
49.60
49.95
50.30
50.37
52.26
47.55
47.38
45.82
46.42
45.04
41.64
39.14
40.74
43.14
37.41
36.66
32.69
34.14
32.92
36.99
36.09
42.70
43.75
46.40
42.10
42.23
42.82
41.12
43.78
42.19
42.27
41.00
39.40
34.29
31.42
29.15
30.88
31.55
28.51
26.04
28.43
29.94
27.60
27.70
28.47
37.35
42.26
42.75
44.25
48.84
52.33
50.51
50.17
44.14
42.12
43.14
42.51
39.97
38.07
36.78
38.92
37.97
33.50
31.48
30.92
32.13
29.12
29.22
31.39
39.36
41.18
43.88
49.43
50.60
52.22
50.19
47.18
43.12
41.98
40.66
41.44
41.24
34.71
35.92
34.96
35.52
33.28
31.21
32.06
32.57
32.98
33.54
38.40
40.87
45.67
49.54
51.42
47.56
50.28
50.89
49.23
46.72
45.41
43.36
43.51
45.14
42.33
41.36
41.70
37.53
41.34
32.50
31.14
32.31
34.07
39.18
34.24
40.75
47.54
50.41
56.45
63.10
58.35
53.29
51.37
50.70
46.48
44.71
45.75
43.62
41.62
39.16
37.30
40.92
36.88
33.70
31.50
35.39
38.48
37.38
40.90
44.29
51.12
54.35
55.25
53.20
53.21
50.84
51.79
50.73
48.41
49.59
44.98
44.95
40.37
38.53
41.29
39.21
35.27
32.81
33.83
34.07
34.67
34.45
36.11
45.06
46.93
51.88
52.36
57.72
58.32
55.59
56.07
49.76
49.83
47.90
46.14
42.39
40.70
41.46
41.84
41.27
35.56
34.51
37.05
35.18
33.63
31.90
34.10
43.03
46.02
45.15
52.21
48.40
52.89
51.02
48.65
47.08
47.27
45.81
44.55
40.55
37.59
37.50
38.54
36.57
36.55
32.99
33.58
34.85
32.67
32.87
37.51
44.98
53.72
53.57
55.96
56.95
62.33
59.07
52.16
36.85
37.82
38.63
37.24
33.46
30.46
29.23
30.83
28.84
27.12
27.70
26.49
27.88
27.95
24.08
26.38
32.19
35.44
39.34
40.45
41.89
46.86
48.62
41.23
45.61
42.14
43.95
37.17
33.04
29.79
31.52
33.90
30.56
26.96
27.16
30.61
28.28
27.68
31.56
32.05
40.43
43.94
40.35
45.29
46.70
47.32
46.06
45.15
41.36
43.32
41.88
41.41
36.99
34.26
35.05
35.17
34.12
32.43
31.75
30.50
31.31
32.24
32.56
37.61
44.02
48.21
47.47
51.59
56.18
59.09
56.18
50.23
46.86
47.27
45.60
43.76
42.33
40.19
40.81
38.44
36.51
33.10
31.89
35.00
36.27
31.38
32.19
38.87
47.17
48.14
50.62
50.94
54.32
55.28
55.19
50.49
47.50
47.08
46.71
44.25
36.45
36.35
36.15
35.40
32.61
29.69
30.54
32.24
29.67
28.47
32.49
35.28
42.58
46.84
47.92
46.86
52.00
53.84
53.98
49.55
45.38
48.12
43.78
43.23
39.88
38.97
38.93
38.59
35.22
32.21
32.68
33.90
33.88
32.26
32.83
40.41
46.60
51.10
51.88
51.85
56.45
59.11
54.20
51.19
47.74
47.23
44.93
43.58
38.73
37.34
38.57
37.15
31.88
32.08
31.01
34.14
34.22
30.11
30.39
32.74
35.39
41.91
37.11
45.06
45.72
49.74
43.68
42.29
41.69
42.02
38.50
37.74
33.68
33.83
36.01
35.42
33.08
30.82
31.72
30.95
31.85
31.08
31.30
35.15
43.06
48.05
44.48
45.82
52.58
55.67
52.78
49.22
45.55
46.51
41.08
39.36
39.67
40.65
35.84
35.86
31.96
33.52
34.40
31.54
30.01
29.96
34.85
41.14
42.96
44.16
47.64
56.44
55.15
50.88
52.58
54.02
50.63
49.35
42.60
41.04
42.20
42.78
40.89
36.86
37.18
37.07
35.82
36.23
31.92
32.10
38.19
36.76
37.87
36.24
41.55
43.82
43.55
42.26
40.55
41.08
42.42
40.99
33.20
31.39
35.77
33.99
32.20
30.06
29.23
29.79
31.00
27.20
26.87
26.86
33.72
38.57
41.19
49.03
50.78
45.43
45.00
46.92
48.15
48.53
44.28
40.05
37.26
37.73
36.59
33.09
32.07
32.48
33.31
31.89
28.19
28.63
30.91
29.40
31.12
33.17
40.05
42.47
46.85
47.62
46.30
51.29
51.42
49.43
45.96
45.73
42.77
41.46
36.67
34.32
34.38
37.23
34.03
31.02
29.41
29.43
31.74
29.70
30.56
32.21
40.24
44.17
42.84
36.77
42.03
48.32
44.26
40.06
36.16
36.99
32.95
32.58
27.93
26.96
29.67
29.73
26.85
25.17
24.60
26.57
25.28
21.74
24.58
27.71
33.81
39.69
43.09
48.26
46.29
50.75
46.61
46.95
46.14
48.20
40.61
35.07
29.24
29.38
30.02
28.44
26.19
25.89
25.52
25.79
25.25
22.86
24.04
29.48
33.51
39.81
43.49
46.37
45.00
51.42
45.82
43.84
43.34
43.66
39.93
32.34
28.52
29.63
29.47
28.45
25.29
24.44
26.25
26.20
24.82
21.24
24.44
30.84
36.32
40.72
44.48
46.44
52.28
51.57
45.33
45.03
45.97
47.07
39.05
36.40
31.83
34.17
30.89
26.52
26.64
27.28
27.14
26.73
23.62
22.03
27.27
30.63
36.48
39.67
42.13
46.65
51.52
47.62
44.04
44.88
45.92
42.52
37.20
36.39
34.83
33.78
34.38
29.35
27.90
28.46
27.91
27.12
25.42
23.32
28.59
30.90
39.19
53.12
55.14
58.36
58.20
56.44
50.43
48.36
49.38
46.61
42.16
39.26
38.69
35.58
33.80
29.72
28.66
30.40
29.63
27.10
25.16
25.26
29.78
30.11
34.30
39.83
42.82
46.56
45.34
43.92
42.78
42.98
43.74
39.46
33.61
31.92
31.07
30.33
27.65
26.63
29.13
26.42
23.72
22.97
22.10
24.84
27.03
28.18
33.60
41.85
51.46
54.97
52.66
53.70
56.64
54.41
49.44
42.91
39.17
37.76
37.59
35.30
32.88
32.59
34.29
32.73
31.30
27.35
25.64
27.77
32.53
35.42
41.92
47.90
56.39
56.26
54.39
56.46
55.04
53.26
50.72
49.87
42.59
40.86
39.43
36.48
34.98
35.59
35.47
33.91
32.58
27.98
30.48
29.43
31.66
35.67
44.12
52.26
56.64
59.68
66.67
69.86
71.11
66.49
56.65
50.50
44.11
41.17
41.60
40.01
36.82
35.29
35.59
37.66
34.86
30.86
32.01
34.28
36.68
35.46
44.00
44.00
49.78
52.29
52.28
54.24
54.39
56.41
52.84
48.75
45.58
44.60
41.86
38.64
38.42
42.65
42.39
35.63
33.51
34.47
34.68
34.57
36.57
40.60
48.49
52.71
46.88
50.69
52.71
55.74
48.14
48.34
46.07
44.82
43.08
38.90
38.49
40.84
40.36
39.25
34.74
35.16
37.74
35.94
32.28
32.02
34.40
39.41
40.68
42.80
44.38
48.15
50.59
53.66
52.39
47.01
49.65
47.69
41.95
43.89
40.82
43.60
41.18
38.72
35.83
39.96
38.88
35.77
34.11
39.15
37.50
42.84
41.67
47.47
48.05
54.30
54.20
49.80
50.52
48.22
48.33
45.38
40.56
42.87
42.10
40.20
39.14
36.44
41.89
39.63
36.61
35.92
37.58
39.90
42.39
44.55
47.61
54.97
56.30
60.73
63.22
65.23
59.78
61.03
50.92
46.73
42.68
44.98
42.57
40.50
40.38
41.13
43.18
39.00
36.85
36.77
37.87
39.29
41.81
49.86
53.80
61.26
62.25
66.43
62.25
62.71
66.96
69.79
67.60
63.86
57.20
52.37
52.10
51.84
48.42
46.68
47.81
46.90
43.63
41.16
38.12
43.47
56.64
62.77
57.86
65.36
73.82
75.00
74.77
68.87
74.52
62.17
55.04
55.40
54.01
51.00
43.98
41.09
38.26
36.55
39.09
36.16
34.33
32.16
34.21
35.06
42.28
41.31
51.11
55.24
66.91
62.48
63.20
64.58
63.46
62.60
65.32
63.63
54.09
51.15
46.83
43.38
42.06
41.64
41.34
36.75
35.70
36.06
36.27
35.56
36.42
41.82
49.41
53.91
57.11
61.95
66.16
69.32
67.30
64.03
62.34
58.85
54.71
49.44
44.03
45.71
45.42
42.09
41.16
36.77
37.60
37.83
37.44
34.54
36.92
55.90
62.96
63.91
62.78
58.70
55.94
58.75
52.81
52.95
54.37
52.37
45.66
45.75
43.98
45.16
42.47
37.39
37.56
39.89
38.86
36.86
35.79
35.97
40.40
46.01
54.65
50.11
54.76
56.69
56.89
62.04
60.53
55.09
51.80
45.34
45.23
45.61
42.85
40.36
35.56
38.92
36.75
37.09
32.95
33.40
34.37
34.91
35.01
39.54
47.75
50.85
51.10
53.62
58.04
63.12
63.42
56.83
55.87
55.57
54.21
51.10
47.57
44.50
42.50
45.84
43.43
37.68
36.30
38.79
35.74
35.33
38.20
46.24
52.22
53.76
57.47
58.70
57.79
61.57
65.38
66.81
64.96
65.02
61.74
57.57
48.24
50.64
50.05
45.90
43.76
43.41
43.79
41.74
39.40
49.69
54.23
62.81
65.40
68.03
68.69
80.26
81.84
77.96
73.45
70.64
59.56
53.19
50.69
48.89
51.92
47.81
48.04
43.59
43.34
42.92
44.02
39.42
38.20
41.13
51.40
61.72
68.60
88.73
82.66
82.78
84.19
82.47
77.67
78.50
79.28
76.19
64.25
60.19
56.33
55.67
52.56
47.96
49.41
50.70
47.54
42.17
40.62
43.07
44.98
50.85
54.15
65.04
74.31
84.81
97.45
97.80
95.69
78.78
70.71
62.44
60.34
59.93
58.68
52.62
51.72
50.31
50.79
51.08
48.73
45.46
48.21
46.43
46.33
48.73
61.91
63.44
64.91
64.79
69.33
71.63
72.75
69.27
61.58
59.52
58.32
53.67
48.84
48.46
47.36
46.36
46.08
40.13
39.42
42.55
39.80
38.93
38.29
48.90
57.04
57.28
56.93
70.50
77.41
82.94
72.79
65.94
77.46
62.61
57.11
52.75
48.92
47.36
47.86
42.13
37.20
37.40
38.11
37.43
33.30
33.61
37.93
44.40
66.04
60.24
67.70
70.80
77.72
78.03
71.41
69.87
58.71
85.38
78.17
60.69
48.26
46.27
46.47
44.05
41.88
39.58
37.83
41.28
40.63
37.46
41.16
50.73
63.74
62.14
61.79
65.13
74.64
82.56
67.18
66.91
85.91
67.46
65.03
51.59
45.92
48.90
48.23
39.87
37.08
34.54
36.49
36.50
34.37
33.58
43.55
73.93
72.20
65.45
64.93
70.82
85.37
76.90
72.42
65.81
63.82
58.03
49.52
42.52
38.30
34.94
34.09
36.30
32.02
30.36
31.42
32.49
29.54
28.55
33.23
40.00
52.25
65.78
76.07
70.60
65.69
65.20
63.78
67.71
79.75
68.59
56.12
48.67
43.11
40.90
40.27
38.26
35.80
33.32
32.49
31.78
31.97
30.92
29.75
45.89
61.34
77.51
94.37
95.22
94.92
96.20
87.69
83.20
67.15
58.57
53.43
48.53
45.35
44.66
42.27
36.26
36.06
37.40
38.55
37.33
36.72
36.40
36.29
43.92
53.47
78.62
79.54
94.00
105.31
102.71
95.89
85.85
84.34
61.68
46.48
43.83
40.88
41.37
35.51
33.33
33.73
33.95
32.49
29.18
28.80
33.13
37.24
66.70
75.13
81.88
84.20
73.74
60.32
57.17
57.22
57.26
51.95
47.92
49.95
46.82
45.06
40.52
36.29
36.69
37.01
34.18
29.32
30.11
30.89
31.53
43.32
72.92
68.17
93.16
90.21
73.64
73.08
69.28
82.54
75.36
93.02
83.61
81.07
53.29
37.07
33.10
31.77
31.26
27.68
26.64
24.55
27.78
26.71
25.09
30.41
35.97
42.64
78.78
81.57
67.17
63.57
60.81
62.80
67.00
89.07
74.63
72.74
55.27
44.97
41.29
41.06
37.01
33.43
31.48
33.26
32.57
30.55
28.90
40.47
74.42
60.47
69.71
69.20
70.41
73.72
74.71
63.13
51.96
44.48
43.17
42.27
37.07
34.11
34.23
34.06
31.77
28.69
28.64
28.80
29.61
25.46
24.31
31.00
42.51
62.40
58.80
61.19
62.07
64.87
58.94
61.02
73.09
68.59
69.63
67.63
48.17
36.59
38.04
36.64
30.03
26.55
25.64
25.61
27.16
21.86
22.09
29.72
38.59
66.46
79.46
69.01
67.94
66.57
66.35
62.95
55.99
50.06
48.00
40.73
33.37
30.09
30.94
29.87
26.27
23.03
23.06
24.88
24.01
20.76
20.01
36.77
51.59
62.47
67.38
76.50
63.65
73.30
59.06
65.70
56.25
69.83
44.31
36.19
31.92
32.45
28.90
27.71
28.77
27.65
26.76
24.04
22.69
24.46
27.17
45.92
55.34
69.69
76.38
57.25
51.48
54.47
58.60
55.48
50.29
45.71
43.80
43.59
38.21
37.37
32.94
35.57
38.42
36.40
32.26
29.15
28.79
30.50
30.30
49.02
62.70
59.54
55.58
68.55
56.95
54.35
49.80
50.91
53.52
54.36
51.17
44.00
30.54
25.20
23.99
25.71
25.50
23.70
22.00
20.19
23.27
22.33
19.20
21.40
26.35
36.36
40.31
68.72
60.43
53.68
49.06
65.71
76.45
78.92
56.04
37.90
35.41
31.86
28.37
26.67
24.30
25.96
27.06
24.32
23.57
23.67
27.40
51.71
64.07
63.33
46.76
60.53
82.80
74.53
60.19
54.28
46.35
43.12
41.13
35.66
34.05
36.60
32.28
29.29
28.01
25.52
27.53
28.69
24.13
24.16
27.09
28.11
33.28
35.77
40.71
72.12
75.39
76.02
52.31
49.87
48.71
45.94
42.88
36.55
33.25
28.49
24.55
22.64
28.07
25.26
22.59
22.06
23.93
24.40
23.08
22.02
26.44
58.72
65.54
64.92
69.28
70.86
59.59
57.09
47.36
40.39
35.64
32.64
30.24
28.58
25.92
29.17
26.09
24.47
24.43
26.16
24.49
24.41
21.84
23.81
30.50
43.90
59.29
45.42
51.37
58.79
52.34
68.34
48.53
42.46
40.99
42.61
36.54
32.89
28.67
29.89
28.24
26.36
23.93
26.15
26.55
22.65
21.92
24.95
29.93
34.23
38.36
46.63
51.65
49.98
50.21
45.35
48.20
43.17
38.45
37.62
35.98
32.62
29.33
21.92
23.72
23.67
21.41
19.66
21.66
21.05
24.21
35.54
51.11
47.24
73.29
69.37
59.77
62.96
68.64
63.13
74.56
71.17
62.88
55.99
35.66
28.86
27.33
28.17
25.82
21.92
21.55
23.52
20.34
18.92
19.41
21.98
23.94
28.25
37.69
44.52
44.64
49.61
48.79
56.63
74.56
71.08
53.05
39.10
29.57
32.62
28.20
25.52
23.99
20.55
23.95
23.37
18.54
19.08
24.16
41.66
47.67
49.96
66.12
79.68
66.30
63.40
59.23
51.43
46.46
47.39
52.01
33.01
34.47
33.02
27.19
23.87
22.87
23.87
23.00
20.10
19.40
20.64
21.25
24.05
23.44
39.45
50.72
80.63
79.42
71.92
69.50
81.42
90.85
93.26
72.18
50.88
41.71
42.51
34.47
30.40
26.80
28.30
26.20
24.54
20.75
21.41
24.53
25.59
27.57
38.25
56.63
77.30
79.29
71.83
68.75
73.83
67.70
48.41
39.88
36.66
36.05
33.49
29.93
28.41
30.12
27.97
28.55
23.77
24.28
27.15
24.37
22.24
24.01
36.14
51.94
71.72
76.86
82.86
85.61
82.40
51.79
45.59
39.74
35.23
33.53
28.34
25.67
27.10
24.57
24.64
23.38
23.16
24.30
23.32
21.92
25.43
41.24
36.46
41.25
46.61
47.63
56.62
51.78
49.36
45.18
42.10
37.92
32.17
30.28
26.76
30.19
26.81
23.28
22.60
24.51
25.14
21.80
20.74
24.00
47.03
53.59
56.15
77.99
72.37
85.78
90.99
84.83
71.41
82.95
84.87
70.44
67.43
42.19
29.95
26.23
22.71
23.03
23.68
23.74
19.69
20.13
20.94
21.15
20.62
25.98
36.92
51.00
74.53
78.40
58.48
64.91
62.29
80.77
78.26
50.73
53.71
42.29
31.13
25.44
28.27
27.13
21.68
20.67
18.91
22.10
21.83
24.25
43.24
52.37
56.51
66.67
80.67
68.63
75.88
83.15
79.45
55.97
44.05
33.74
30.29
30.64
29.18
27.21
23.55
24.63
25.21
22.23
20.09
19.52
21.67
22.08
21.32
21.30
35.41
59.00
65.78
61.13
52.07
46.69
48.36
59.67
69.93
54.45
26.79
28.49
21.31
19.32
18.82
21.82
21.19
17.89
17.80
19.09
19.97
18.59
16.28
16.83
21.56
24.90
38.36
55.38
53.82
46.12
43.75
32.27
27.47
29.07
29.77
26.89
23.73
27.15
25.38
21.86
19.33
18.50
20.76
21.67
19.30
17.42
18.81
22.53
33.74
53.46
54.18
64.56
64.97
65.42
49.00
56.34
59.42
57.09
49.71
27.45
23.45
23.85
21.72
20.38
19.79
22.78
21.61
19.05
19.00
21.58
32.23
22.61
22.97
35.19
56.61
61.48
51.85
33.21
36.23
32.96
31.78
27.30
28.65
32.03
26.58
22.23
21.82
24.13
22.93
20.10
19.00
20.29
21.49
18.81
18.30
19.90
25.04
29.76
28.93
28.14
58.40
63.22
42.80
30.83
30.38
30.81
30.03
26.17
25.14
24.73
24.61
23.22
20.68
20.29
22.51
22.69
19.70
18.43
20.55
30.43
54.33
57.33
51.73
68.20
61.61
40.21
36.32
33.23
34.81
35.00
28.59
27.22
26.09
27.49
26.11
20.77
20.39
22.89
21.56
19.40
18.45
20.51
26.79
28.99
46.85
50.38
41.87
49.61
49.94
51.43
49.83
48.01
44.89
35.82
30.32
27.41
27.10
25.96
21.70
23.54
27.19
24.85
22.52
20.50
22.58
23.14
24.03
24.94
34.97
50.13
48.84
54.58
47.17
46.88
56.68
52.47
74.91
68.15
61.00
39.12
38.35
28.57
24.46
28.23
25.01
22.48
21.38
20.88
21.75
21.99
18.76
28.87
38.56
40.17
45.29
51.02
71.88
56.82
57.11
54.76
49.43
42.66
32.84
30.39
29.98
25.68
23.16
26.22
23.40
20.79
19.80
21.52
22.54
21.50
19.15
29.47
36.04
45.80
63.72
66.02
74.25
76.07
69.67
52.05
35.86
28.85
28.28
26.85
24.94
25.06
27.44
25.42
21.66
20.59
23.15
23.65
21.33
20.51
21.24
23.60
21.77
24.56
30.63
39.32
43.92
40.31
40.82
40.14
38.70
51.75
25.53
25.69
26.62
27.42
23.74
22.48
24.74
23.77
20.71
19.11
19.92
21.93
21.71
24.95
26.69
33.51
40.37
44.75
45.14
48.88
54.88
54.68
41.67
47.77
47.10
30.67
25.32
22.09
20.47
21.62
21.04
20.53
17.86
17.30
20.45
20.86
20.41
20.43
27.09
55.89
48.64
54.41
71.28
53.26
51.32
46.94
40.96
42.52
50.75
53.68
41.34
25.54
24.51
24.92
23.05
21.21
21.30
22.86
22.62
25.70
24.07
24.23
44.38
63.08
57.26
75.31
73.14
63.14
59.21
47.06
41.92
37.49
39.91
31.00
25.82
25.32
25.82
26.01
23.38
22.20
19.71
21.30
19.28
17.72
20.86
40.32
46.36
54.98
61.70
73.55
55.83
49.74
40.43
46.54
45.00
51.22
35.11
35.18
25.47
23.01
21.70
21.84
23.36
25.44
21.99
22.04
24.08
24.05
36.55
39.58
43.47
45.86
43.69
46.42
63.97
69.71
68.05
60.75
34.30
31.31
28.57
25.78
23.27
21.12
22.01
20.57
19.01
20.53
21.40
20.16
18.02
19.50
20.06
28.67
37.35
43.31
38.83
41.86
58.37
60.28
62.23
44.74
28.56
25.53
27.38
25.24
22.55
21.96
25.66
24.33
22.66
23.30
24.33
23.38
21.72
19.39
21.18
26.64
40.69
43.06
55.03
67.65
52.97
47.97
51.86
52.33
35.03
30.40
30.00
29.64
28.93
23.10
24.74
24.04
22.62
19.56
17.72
20.28
20.26
18.86
23.15
34.76
38.35
38.66
41.20
26.32
26.75
33.34
38.92
26.62
30.51
30.41
27.28
18.52
15.55
14.05
17.28
17.04
14.94
13.77
16.01
15.26
12.98
11.89
18.28
34.72
33.94
34.11
33.04
29.90
26.55
18.76
19.28
22.66
29.97
25.47
15.63
17.75
14.94
14.47
12.78
12.95
15.21
14.97
12.05
11.43
13.96
14.94
17.82
25.10
30.57
27.65
16.46
16.75
18.92
36.12
39.53
26.98
22.41
18.51
16.40
14.00
12.70
13.65
16.10
16.40
12.87
13.42
15.87
15.63
14.13
12.86
16.45
17.78
35.29
34.82
29.95
22.19
32.77
16.55
20.21
35.89
41.07
38.76
33.49
32.77
19.42
16.58
14.14
12.71
14.88
16.02
14.40
12.36
13.55
14.96
16.53
32.13
31.04
35.61
38.04
36.82
32.57
23.99
32.90
43.62
38.45
20.58
18.19
17.96
14.79
15.89
19.16
16.41
14.37
13.06
15.56
15.93
14.00
12.87
12.87
12.47
24.81
32.91
17.86
19.73
21.42
19.37
19.61
22.48
25.45
23.98
20.87
18.42
19.61
19.48
15.58
17.01
18.64
18.64
16.51
15.33
16.19
17.40
16.29
14.70
12.92
19.73
21.45
17.21
24.83
28.68
46.60
34.54
23.44
25.83
26.53
20.00
16.61
16.42
18.81
18.61
16.34
15.54
16.89
18.16
17.00
14.57
16.90
36.11
34.67
27.64
33.17
34.46
33.44
32.41
25.82
39.59
41.35
37.05
38.96
20.96
16.00
17.57
17.47
14.64
14.99
17.27
17.49
14.51
14.07
17.45
25.08
25.51
23.85
39.83
44.42
34.34
26.71
37.51
40.55
33.14
29.06
25.24
32.99
24.01
30.00
24.84
19.20
19.38
19.17
16.97
15.79
15.33
17.86
21.39
32.67
36.05
40.67
50.38
48.85
44.10
38.83
34.41
34.38
36.99
24.48
24.28
24.16
20.17
17.67
15.87
17.50
18.50
17.18
13.97
13.94
16.04
16.04
15.60
14.52
16.03
20.39
28.66
37.94
35.53
30.87
26.64
28.65
31.08
36.83
44.20
24.65
21.34
15.89
18.04
18.85
17.18
14.92
13.74
16.77
16.59
14.17
14.05
14.89
21.61
35.32
34.05
37.84
41.92
40.22
44.55
43.32
37.75
27.90
26.14
25.32
23.68
20.03
18.23
20.11
19.26
17.09
14.92
16.32
17.14
17.20
14.09
13.94
15.98
21.36
24.00
36.54
38.91
45.30
41.10
36.21
25.60
29.15
25.30
35.67
22.83
17.12
17.71
18.08
18.50
15.69
14.35
15.63
16.27
14.25
13.16
13.22
16.59
38.07
21.00
19.55
23.42
30.43
29.93
36.43
34.75
27.96
27.81
26.84
17.98
18.58
26.08
26.56
16.40
14.55
16.91
17.74
14.49
11.97
13.61
14.78
15.55
11.99
16.47
21.80
26.75
26.34
25.40
24.79
25.55
23.00
19.69
16.63
16.55
17.31
16.27
13.67
14.49
16.79
17.28
14.21
12.31
13.37
20.19
28.80
21.91
33.90
38.67
43.05
44.87
33.95
26.43
31.33
38.23
43.36
39.45
19.70
21.11
17.31
15.64
14.73
15.76
17.77
16.70
12.29
12.94
15.21
16.98
29.80
32.97
32.03
35.88
45.89
36.35
39.33
39.95
36.37
25.78
23.63
21.81
17.27
17.16
15.69
19.63
17.82
15.10
13.57
14.05
15.55
15.01
11.93
12.49
15.66
15.16
15.25
28.87
38.12
40.32
26.74
32.76
29.17
32.82
42.71
48.81
41.49
26.38
18.94
18.44
16.79
15.44
15.64
16.60
15.06
12.46
11.74
13.37
13.78
13.17
14.28
25.63
47.15
53.69
50.60
40.80
39.11
46.05
26.83
20.26
14.79
13.12
14.65
15.90
15.47
12.86
12.89
15.43
16.07
13.74
13.02
12.84
15.25
15.33
21.55
23.46
40.40
42.01
41.66
37.04
37.86
32.52
20.02
19.34
15.91
17.07
16.80
15.74
13.85
13.63
17.53
17.10
14.50
14.23
14.97
15.37
13.35
11.53
10.96
24.48
39.37
30.60
23.65
20.58
25.79
34.67
35.82
23.35
16.52
16.91
16.47
13.41
12.79
16.86
15.88
13.17
12.52
13.37
15.16
17.69
32.97
32.47
35.36
46.00
50.64
39.34
51.36
45.47
36.31
27.59
25.09
36.49
36.40
23.60
17.12
15.09
15.17
17.63
17.85
17.16
14.51
15.16
17.77
19.58
33.98
22.32
38.03
41.71
32.85
25.60
30.93
30.91
27.04
38.42
45.83
40.62
35.84
21.42
19.08
16.04
19.29
16.54
17.37
13.84
12.44
12.46
14.34
16.72
35.26
35.50
35.00
44.53
43.66
52.85
43.86
53.82
48.57
30.78
20.62
36.05
37.75
21.25
19.10
15.94
15.83
16.95
19.54
18.52
15.89
15.84
18.50
21.21
38.22
36.98
35.88
43.09
42.90
37.12
27.75
29.37
28.64
29.55
25.02
21.44
22.31
22.08
18.00
15.36
15.64
17.51
17.67
14.12
14.70
16.84
16.80
15.86
13.60
14.36
20.22
22.10
26.51
32.44
30.47
28.22
28.57
27.99
25.24
22.01
17.88
20.36
21.55
19.57
16.36
15.20
16.83
18.01
18.27
14.98
14.85
18.01
17.40
15.64
13.24
19.55
20.53
26.47
26.27
26.13
26.15
24.95
22.08
18.63
15.16
17.69
17.95
17.00
14.84
15.60
17.50
18.18
14.39
14.48
16.85
17.59
15.10
12.65
14.16
19.31
18.59
19.04
22.68
24.40
24.89
22.68
19.41
20.16
21.82
21.84
19.32
16.90
18.07
18.15
15.63
15.14
16.72
17.91
16.97
15.93
33.14
41.42
41.88
46.16
48.66
51.51
46.15
40.95
25.67
39.20
42.12
42.36
40.46
21.23
16.57
17.81
14.83
11.99
12.16
14.59
14.97
12.71
12.57
14.80
16.16
15.40
19.30
40.79
41.81
39.73
29.72
23.67
25.37
47.23
51.19
44.82
23.99
21.65
35.70
28.40
31.96
24.73
17.22
17.71
14.90
14.44
14.99
18.72
46.54
44.68
39.61
47.97
42.77
37.07
24.95
24.21
25.94
26.26
23.79
21.82
22.23
26.26
22.07
19.75
19.56
19.15
19.64
18.85
16.89
16.64
15.19
18.76
21.12
16.40
11.21
13.85
15.37
21.41
23.82
19.07
22.93
26.98
23.00
20.89
22.76
24.58
24.36
23.36
21.36
21.62
24.05
25.38
19.62
20.39
23.47
24.04
19.25
17.29
17.01
22.45
19.11
15.41
18.38
20.28
24.18
23.68
22.19
16.91
20.82
19.88
18.64
16.94
18.88
20.55
20.25
19.16
17.86
21.68
22.44
23.25
18.33
17.35
27.06
24.86
42.40
45.30
45.03
45.72
46.84
47.65
45.53
33.02
22.84
21.11
23.92
24.83
29.80
25.78
23.75
22.01
28.13
24.92
26.67
24.52
22.01
22.47
24.89
29.86
38.51
39.10
43.89
42.97
41.34
40.39
36.83
24.13
21.19
19.36
20.09
26.11
23.64
21.94
20.81
20.60
23.06
22.43
20.24
24.28
48.19
45.37
41.00
40.72
41.47
23.34
44.14
41.62
41.91
37.30
40.56
39.67
37.29
37.51
31.75
17.61
17.54
16.07
17.41
19.26
18.11
17.58
13.84
15.51
16.20
15.40
26.83
42.41
34.90
37.84
40.79
36.80
30.87
20.92
36.15
37.64
36.42
37.16
30.25
20.91
19.75
17.32
22.82
18.99
16.03
15.35
17.28
18.91
17.16
16.65
13.40
34.31
38.17
39.43
25.08
28.11
34.18
20.74
18.55
18.57
14.30
16.08
17.59
18.90
18.33
16.26
18.83
19.26
13.43
12.38
13.92
15.54
14.57
11.49
15.07
20.56
23.72
25.28
27.38
26.70
23.99
24.95
22.30
19.78
16.39
17.78
17.82
16.93
13.30
12.39
14.73
15.47
13.67
12.17
12.25
14.41
14.37
15.62
18.86
20.31
22.67
22.92
25.32
26.58
24.82
21.20
22.25
21.03
21.10
15.27
12.46
12.97
15.37
15.19
13.92
12.66
13.50
15.29
15.26
13.33
11.82
12.25
14.63
14.31
10.89
15.19
19.08
20.41
19.27
16.08
13.87
15.72
16.43
16.27
13.51
12.34
14.63
15.75
14.36
12.13
13.18
15.51
15.17
13.59
12.03
12.25
15.64
15.89
13.23
12.73
14.52
16.74
18.44
16.48
14.23
16.67
17.31
17.06
13.95
12.99
15.65
15.55
15.02
13.08
13.09
15.72
15.29
13.72
12.41
14.89
22.93
19.59
18.38
21.22
27.14
28.22
22.77
19.86
20.25
13.90
18.03
15.66
13.91
12.52
14.87
17.21
16.27
14.61
14.33
15.50
16.93
16.28
15.71
13.39
15.67
18.45
16.59
16.92
18.20
18.61
20.16
18.91
14.78
15.07
16.11
17.65
16.99
14.22
14.05
21.34
19.29
19.62
17.52
17.90
17.82
20.89
17.32
14.52
13.34
18.43
18.43
22.10
23.42
24.01
22.31
23.42
21.42
16.67
14.65
13.91
15.06
15.15
11.84
12.09
14.73
15.24
15.59
14.04
12.27
16.45
15.33
14.38
10.22
13.26
19.96
21.86
19.95
17.76
16.28
16.15
15.00
13.57
12.26
12.88
15.08
14.73
12.73
12.28
14.32
15.02
17.00
14.63
12.26
16.42
16.72
13.30
15.06
15.55
17.87
20.15
21.79
19.70
16.74
17.10
17.73
16.96
13.97
12.51
13.68
15.12
14.98
12.60
12.89
14.72
17.21
15.59
13.49
14.38
15.65
14.26
13.07
9.76
11.40
16.94
18.95
13.70
13.81
15.31
17.25
16.60
15.11
12.25
14.34
15.00
15.11
12.38
12.39
15.27
15.59
15.18
14.52
13.44
16.71
14.52
12.35
14.69
12.87
17.07
15.48
14.94
14.71
15.39
15.28
14.92
12.35
11.87
15.73
15.52
16.33
13.87
14.62
16.35
18.03
16.89
13.88
16.61
17.84
17.62
13.43
25.00
13.51
21.81
20.42
15.59
14.28
18.20
23.93
19.20
17.29
16.72
30.83
33.48
19.02
17.77
18.00
20.23
20.66
19.17
18.28
19.11
20.19
17.94
17.28
21.40
13.54
18.36
28.54
28.96
21.57
25.94
31.62
24.04
24.70
18.68
19.39
20.28
20.97
20.84
18.30
18.68
21.39
20.68
20.24
17.62
15.46
16.78
14.82
13.89
16.92
26.50
31.84
25.50
20.06
19.99
25.23
18.71
17.44
17.61
17.64
18.73
20.69
19.61
15.81
19.95
22.72
23.12
19.51
19.68
21.98
19.45
17.59
13.53
12.78
14.33
17.65
17.57
12.93
15.37
19.65
20.46
19.16
16.35
16.07
20.90
19.52
17.61
18.67
20.21
20.86
22.97
19.64
20.23
21.28
21.73
15.23
25.25
33.94
20.81
20.27
14.89
16.02
16.72
17.80
17.88
15.49
14.60
17.76
20.82
19.50
15.67
19.02
20.30
18.70
20.14
18.07
17.87
18.43
22.44
15.31
12.28
15.28
20.21
21.41
19.45
15.99
15.77
16.41
17.40
16.73
14.87
15.09
17.91
17.97
15.48
15.60
16.29
18.21
17.79
14.66
16.39
17.80
16.18
14.50
11.49
21.00
18.75
18.78
15.06
25.73
19.27
18.71
17.50
16.14
15.63
16.52
18.50
17.02
15.31
16.57
17.89
19.23
14.16
15.83
17.65
18.30
18.00
14.63
13.43
15.87
16.05
13.39
13.49
15.00
17.16
16.25
13.74
14.05
16.65
18.11
17.56
16.35
16.46
18.54
18.98
16.60
14.36
16.05
18.30
18.49
14.68
15.13
16.72
19.04
19.65
15.30
14.21
16.84
18.87
16.71
14.70
16.39
18.74
20.08
17.15
16.11
19.00
19.61
20.82
17.10
17.01
20.46
19.70
19.49
16.62
17.67
18.96
17.80
14.36
14.41
16.50
16.61
18.01
16.33
16.55
21.27
19.79
20.41
19.22
19.79
22.91
24.85
23.14
19.41
20.53
23.21
22.10
22.00
17.38
16.48
17.75
18.17
15.13
14.78
15.08
17.97
19.66
17.00
17.06
21.07
21.99
22.75
21.28
18.86
21.69
23.36
22.69
19.83
19.49
23.03
21.49
23.14
18.25
21.01
22.21
22.74
22.06
18.25
19.48
21.83
21.44
23.65
18.91
21.60
23.96
21.89
25.27
20.92
22.96
23.92
24.56
23.52
21.13
24.78
24.29
26.28
23.37
20.45
17.68
24.20
24.02
16.80
20.16
22.26
24.62
22.86
23.79
21.01
26.75
26.96
25.62
24.48
24.44
27.83
28.17
30.11
26.23
26.24
30.63
29.32
25.65
24.87
20.88
-100.54
-127.11
-105.82
-83.45
-17.85
18.00
24.00
20.20
22.13
23.36
24.82
25.03
22.77
22.60
27.17
25.94
26.43
24.92
22.50
27.00
13.10
0.90
-27.35
-41.28
-9.13
-8.15
-11.08
-18.09
2.99
19.23
21.92
18.53
17.03
19.51
22.05
20.35
19.06
19.21
20.92
20.61
22.06
19.00
17.37
21.73
15.87
0.74
-16.56
-1.04
16.83
19.63
17.33
15.05
13.90
18.66
19.77
18.29
16.79
19.39
22.60
26.59
