2181.43
2165.30
2171.94
2165.04
2156.25
2162.44
2165.98
2169.55
2151.39
2131.29
2134.58
2116.36
2128.78
2118.79
2133.11
2120.95
2141.37
2164.23
2165.35
2167.08
2149.43
2159.24
2167.22
2167.52
2163.73
2173.28
2176.87
2166.20
2164.06
2175.94
2173.25
2191.90
2182.79
2155.56
2113.30
2094.18
2124.29
2122.37
2138.40
2147.37
2144.11
2179.53
2172.81
2173.42
2173.44
2157.20
2170.65
2157.23
2169.03
2167.85
2166.11
2166.07
2160.40
2159.49
2185.32
2198.81
2166.64
2138.03
2144.74
2140.80
2135.29
2135.66
2139.79
2138.53
2183.47
2181.89
2176.92
2171.85
2176.72
2172.64
2164.36
2172.45
2169.22
2175.27
2172.20
2170.58
2166.61
2171.95
2172.46
2190.60
2178.91
2138.15
2145.40
2139.89
2137.57
2137.62
2139.51
2149.42
2172.90
2186.84
2180.43
2181.14
2175.94
2166.40
2167.16
2164.56
2145.26
2155.49
2163.11
2152.43
2151.89
2150.00
2154.04
2148.72
2133.58
2078.29
2045.58
2045.56
2029.92
2063.91
2107.46
2139.78
2159.77
2188.97
2187.62
2179.23
2180.52
2171.03
2182.31
2238.18
2232.50
2237.20
2236.61
2236.38
2226.45
2218.93
2216.74
2232.51
2225.82
2183.93
2142.11
2110.91
2191.33
2117.99
2180.56
2161.03
2156.21
2203.44
2201.01
2202.46
2198.14
2198.57
2203.66
2212.11
2194.21
2203.22
2185.26
2186.92
2186.70
2186.96
2217.22
2214.86
2200.16
2141.53
2086.28
2069.15
2048.41
2046.30
2052.20
2080.16
2131.85
2190.57
2187.64
2207.05
2229.08
2213.99
2227.50
2218.94
2219.25
2202.40
2208.97
2177.66
2162.34
2190.87
2193.61
2195.62
2178.06
2095.54
2035.68
2020.95
2014.46
2014.44
1984.44
2014.79
2072.49
2152.56
2193.23
2172.05
2160.03
2160.57
2158.94
2156.09
2159.03
2153.80
2155.03
2139.17
2134.98
2151.34
2157.73
2181.68
2162.25
2089.48
2115.24
2090.48
2077.04
2030.50
2023.63
2058.75
2129.34
2207.24
2198.00
2225.82
2223.39
2202.30
2201.97
2170.62
2166.24
2192.92
2141.74
2180.35
2185.63
2163.63
2190.76
2201.02
2164.05
2186.12
1184.63
2155.00
2166.33
2127.41
2116.33
2113.57
2140.72
2187.67
2179.22
2172.81
2162.02
2166.69
2158.27
2152.68
2146.96
2152.89
2140.64
2143.91
2137.13
2141.79
2159.80
2172.96
2149.98
2059.77
2030.82
2009.60
1995.90
2006.41
1999.42
2045.26
2112.17
2155.16
2151.84
2160.10
2146.46
2146.25
2133.11
2136.58
2138.68
2140.05
2130.09
2141.49
2135.71
2141.68
2130.02
2145.28
2065.99
1978.53
1950.99
1908.72
1907.61
1929.76
1939.96
1989.31
2093.94
2121.57
2116.35
2111.48
2117.10
2145.89
2185.03
2187.75
2175.25
2176.74
2167.78
2182.05
2171.41
2174.39
2163.99
2147.49
2144.68
2082.56
2004.72
2036.54
2025.61
1976.46
2021.15
2037.63
2083.23
2131.25
2147.58
2165.32
2157.47
2159.62
2156.40
2161.69
2155.37
2158.21
2155.97
2156.46
2141.53
2150.51
2153.81
2170.55
2159.41
2144.89
2050.49
2011.19
1995.84
2004.41
2116.60
2130.72
2153.28
2186.24
2192.32
2185.07
2175.78
2170.01
2170.00
2172.72
2188.85
2185.62
2185.23
2167.05
2173.42
2182.84
2179.90
2187.92
2148.34
2129.68
2100.80
2099.09
2047.01
2076.56
2100.21
2129.82
2159.87
2208.07
2209.00
2200.43
2209.01
2218.47
2212.41
2212.81
2191.85
2190.71
2184.98
2187.12
2171.44
2175.92
2179.42
2195.50
2175.28
2103.02
2065.94
2053.41
2062.85
2033.63
2032.00
2061.55
2122.15
2194.52
2188.05
2184.20
2183.98
2172.67
2175.75
2176.37
2162.66
2160.02
2156.74
2156.14
2142.42
2147.81
2156.00
2168.77
2122.92
2021.48
2039.61
2008.67
2014.02
2034.12
2039.19
2105.42
2158.65
2189.56
2193.94
2195.42
2200.45
2189.08
2188.44
2179.68
2174.09
2173.80
2174.46
2167.30
2157.64
2164.80
2170.51
2177.41
2140.52
2086.92
2042.92
2038.83
2015.35
2019.66
2014.94
2058.97
2125.13
2207.48
2196.83
2194.99
2171.73
2186.46
2137.42
2077.94
2091.30
2099.92
2088.57
2093.84
2093.78
2090.24
2081.57
2083.32
2036.86
1955.98
1890.50
1881.10
1849.73
1882.43
1896.73
1930.13
1993.34
2082.43
2100.57
2106.59
2097.84
2101.11
2094.31
2101.14
2095.42
2089.99
2074.09
2080.99
2085.59
2079.12
2073.13
2066.14
2029.44
1961.34
1897.07
1897.09
1906.26
1928.30
1943.21
1989.62
2036.25
2090.17
2092.05
2096.53
2091.50
2086.35
2082.45
2071.79
2067.61
2079.89
2081.03
2072.07
2072.15
2060.56
2077.07
2089.48
2081.38
2040.58
1960.52
1933.80
1912.98
1909.63
1947.65
1968.07
2034.34
2093.06
2099.51
2103.47
2103.25
2104.43
2100.85
2101.87
2083.68
2099.12
2092.51
2095.55
2086.12
2079.12
2094.93
2114.28
2102.42
1998.70
1956.27
1930.86
1913.20
1923.11
1932.55
1971.31
2030.16
2118.43
2126.88
2120.54
2119.98
2108.21
2115.77
2114.53
2123.49
2130.51
2133.90
2131.95
2121.86
2119.32
2120.47
2127.37
2087.84
2025.35
1987.55
1958.98
1925.56
1926.82
1940.03
1977.24
2028.34
2114.38
2129.06
2121.55
2112.99
2110.78
2111.42
2109.06
2108.41
2104.99
2099.61
2103.51
2096.99
2099.61
2112.85
2118.60
2086.96
2000.85
1971.22
1943.79
1943.63
1944.40
1966.26
2011.87
2057.33
2131.55
2138.96
2135.60
2125.66
2123.66
2128.23
2129.99
2123.22
2129.95
2127.09
2115.75
2124.75
2124.16
2118.44
2125.38
2086.30
2008.32
1976.15
1958.94
1945.79
1959.25
1982.51
2020.27
2084.27
2127.84
2143.51
2141.72
2133.24
2127.23
2130.09
2116.26
2113.93
2107.56
2105.39
2110.15
2115.81
2106.63
2113.31
2120.81
2072.91
1987.74
1962.58
1929.78
1911.95
1936.06
1958.39
1990.99
2046.48
2125.01
2152.37
2137.67
2130.43
2137.11
2115.15
2127.00
2115.46
2108.70
2113.02
2110.08
2098.44
2099.73
2096.11
2099.98
2053.69
1995.82
1974.84
1928.91
1927.15
1982.32
2002.44
1992.27
2041.97
2120.30
2146.31
2127.21
2129.03
2124.05
2112.30
2112.62
2115.39
2101.84
2093.06
2084.41
2093.41
2084.85
2103.22
2110.31
2051.69
1966.46
1954.10
1971.06
1956.03
1958.59
1996.32
2059.18
2092.71
2143.37
2146.89
2144.48
2137.17
2125.91
2119.59
2111.40
2134.57
2117.72
2093.61
2080.48
2070.68
2082.24
2136.10
2094.66
2083.50
2000.94
2003.64
2034.72
2039.21
2079.49
2082.58
2042.30
518.81
2142.99
2149.49
2122.97
2119.46
2120.43
2119.43
2124.49
2108.77
2110.15
2109.49
2106.46
2092.48
2085.66
2100.46
2111.74
2111.33
2078.63
2009.37
2022.70
1964.59
1955.43
2004.92
2065.99
2116.01
2147.95
2154.13
2124.04
2112.02
2118.19
2126.87
2122.10
2115.39
2110.65
2099.47
2105.17
2111.15
2099.84
2117.37
2117.53
2090.28
2011.61
1997.31
2005.89
1972.23
1969.85
2012.46
2087.44
2090.65
2127.20
2138.74
2117.74
2103.82
2108.66
2112.89
2114.09
2110.05
2119.05
2114.84
2113.42
2118.48
2165.23
2147.19
2151.82
2116.18
2033.50
2054.61
2034.81
2040.70
2069.41
2106.58
2091.39
2154.48
2206.20
2221.82
2206.62
2212.22
2204.75
2186.17
2197.30
2177.74
2171.41
2172.23
2167.02
2168.96
2175.44
2175.64
2178.91
2174.49
2143.96
2144.48
2106.11
2082.53
2064.55
2109.85
2078.76
2117.91
2176.01
2211.42
2221.08
2202.79
2187.85
2199.61
2211.84
2200.03
2210.54
2205.70
2202.66
2212.99
2202.74
2206.16
2220.77
2190.49
2183.18
2160.80
2135.41
2105.74
2090.11
2153.48
2136.20
2175.03
2201.20
2202.06
2221.55
2207.26
2197.70
2205.68
2214.53
2203.35
2212.28
2205.99
2202.30
2204.91
2201.05
2218.49
2225.06
2203.54
2165.72
2130.29
2177.89
2149.52
2098.22
2098.78
2071.09
2066.38
2146.12
2181.01
2178.13
2177.09
2171.84
2163.73
2165.08
2146.77
2159.85
2142.73
2146.95
2143.69
2144.68
2163.65
2174.76
2163.24
2127.24
2094.26
2000.01
2060.32
2056.03
2065.93
2023.97
2097.68
2145.71
2166.61
2159.86
2153.20
2159.10
2161.64
2162.46
2154.95
2164.34
2152.49
2144.39
2146.36
2072.58
2077.04
2089.52
2048.72
1984.02
1915.67
1897.02
1941.68
2031.85
2051.74
2065.14
2064.36
2074.66
2095.89
2098.78
2079.77
2065.85
2091.22
2081.07
2076.89
2091.19
2098.82
2104.29
2080.62
2105.18
2109.93
2102.91
2093.94
2057.64
2070.26
2057.58
2053.01
2051.05
2065.15
2066.88
2069.17
2084.66
2092.27
2090.46
2089.39
2091.76
2083.62
2081.56
2077.14
2076.09
2073.23
2065.48
2059.32
2056.51
2073.03
2093.84
2075.81
2060.46
2069.78
2070.50
2063.52
2055.59
2050.70
2096.75
2087.55
2102.32
2105.82
2095.40
2100.40
2085.59
2085.72
2080.30
2073.83
2073.51
2068.91
2077.85
2060.44
2058.43
2060.78
2055.91
2045.10
2031.71
2022.12
2029.54
2032.11
2048.90
2056.85
2068.32
2072.70
2080.34
2083.20
2082.13
2075.57
2068.85
2066.92
2069.80
2062.56
2062.35
2064.86
2064.72
2068.06
2065.86
2060.00
2062.27
2036.93
2009.28
2008.11
2006.63
2020.49
2035.53
2023.15
2036.82
2045.32
2078.14
2088.41
2087.82
2088.25
2087.20
2074.49
2076.67
2069.28
2073.28
2071.91
2073.00
2068.95
2066.38
2083.24
2093.29
2050.48
2046.66
2023.34
2007.13
2043.32
2041.32
2034.65
2047.43
1972.34
2045.00
2083.04
2079.75
2072.49
2073.65
2073.73
2072.51
2061.68
2059.02
2058.30
2062.27
2054.13
2063.28
2078.18
2088.52
2043.55
1961.06
1915.37
1906.08
1896.03
1906.00
1937.85
1983.65
2044.64
2091.46
2116.03
2105.72
2096.43
2095.01
2089.20
2096.84
2093.97
2100.06
2095.76
2091.03
2081.95
2074.69
2086.30
2092.49
2084.80
2062.05
2017.34
1954.30
2007.88
2057.07
2039.48
2090.13
2072.14
2102.45
2108.50
2102.56
2108.70
2107.53
2107.72
2106.64
2107.51
2114.20
2101.88
2129.26
2146.87
2152.17
2144.76
2136.67
2075.91
2114.14
2045.67
2144.00
2150.63
2120.32
2129.84
2148.91
2175.38
2185.71
2200.53
2203.32
2203.45
2204.78
2207.84
2200.82
2202.54
2205.05
2205.06
2203.49
1109.44
1097.28
2205.10
2212.62
2168.04
2129.71
2069.62
2025.42
2056.24
2102.25
2078.93
2065.36
2139.32
2163.96
2163.33
2139.53
2133.40
2134.49
2115.47
2133.85
2124.89
2145.80
2146.39
2141.65
2113.78
2107.58
2073.55
2072.07
2025.96
1933.48
1882.84
1899.95
1964.36
1863.56
1887.39
1912.69
1986.95
2033.23
2084.70
2088.12
2090.14
2080.36
2071.51
2078.19
2068.90
2067.61
2061.94
2057.93
2061.74
2058.09
2069.01
2062.12
2003.65
1936.29
1877.48
1893.01
1908.23
1886.77
1915.19
1878.67
1941.66
2032.88
2075.96
2074.87
2076.51
2062.87
2059.32
2057.86
2062.80
2065.36
2058.63
2063.14
2063.92
2123.90
2105.75
2099.69
2060.90
2047.66
2051.52
2035.26
1965.70
1960.61
1881.28
1919.62
2013.37
2043.21
2076.57
2080.59
2069.38
2062.38
2067.67
2066.04
2059.58
2055.16
2053.14
2053.83
2047.02
2059.64
2080.69
2073.83
2026.15
1951.73
1897.41
1874.06
1855.09
1855.55
1943.33
1974.36
1997.05
2034.28
2085.01
2076.47
2074.55
2063.91
2071.91
2068.73
2056.88
2060.03
2052.81
2051.66
2050.23
2050.00
2073.98
2083.51
2005.60
1937.72
1199.40
1857.34
1852.51
1850.91
1854.86
1893.39
1951.89
2029.61
2069.55
2069.10
2074.07
2076.82
2075.88
2077.30
2076.30
2072.11
2078.10
2074.70
2068.31
2071.44
2082.30
2094.38
2114.34
2128.77
2058.43
2066.49
2020.58
2069.24
2119.64
2136.21
2124.57
2132.06
2121.96
2125.07
2087.74
2096.07
2089.85
2101.71
2089.46
2075.38
2065.20
2072.26
2058.92
2081.25
2108.70
2110.38
2097.32
2090.35
2078.15
2019.82
1920.97
1963.17
1960.78
1986.06
2083.33
2113.23
2102.24
2113.27
2125.24
2102.11
2111.77
2113.89
2069.48
2067.98
2064.02
2062.99
2068.43
2066.93
2090.13
2002.30
1850.47
1764.42
1858.18
1833.94
1825.59
1818.70
1838.60
1882.79
1938.25
2013.78
2071.51
2066.66
2074.92
2076.99
2065.76
2073.53
2065.42
2078.91
2068.51
2066.73
2066.55
2062.66
2064.57
2069.10
1995.88
1921.21
1876.24
1851.20
1865.00
1862.98
1877.91
1927.33
1955.04
2050.06
2083.99
2085.37
2078.55
2075.09
2075.75
2073.27
2071.10
2079.80
2068.77
2061.03
2064.47
2067.05
2089.69
2127.47
2004.89
1977.98
1965.26
1933.21
1914.15
1952.58
1917.29
1965.25
1986.07
2083.35
2118.17
2089.71
2103.63
2118.09
2076.10
2077.74
2068.13
2067.47
2070.16
2078.24
2064.19
2057.54
2069.89
2079.80
2002.44
1952.00
1910.14
1883.26
1881.86
1956.09
2042.01
2049.33
2074.71
2102.76
2111.44
2107.32
2090.47
2093.41
2102.97
2124.72
2086.11
2091.15
2092.79
2089.99
2132.65
2132.36
2129.07
2149.42
2115.61
2229.74
2113.40
2006.53
1968.82
1929.43
1919.31
1952.00
2022.89
2086.86
2124.35
2126.51
2156.25
2104.88
2149.01
2151.14
2124.71
2127.63
2144.04
2141.90
2139.17
2131.68
2115.99
2099.28
2045.99
2006.62
1956.87
1920.86
1952.45
1933.56
1948.67
1954.17
2012.34
2084.07
2131.94
2135.44
2158.77
2161.32
2155.66
2151.26
2151.03
2147.29
2149.83
2146.32
2139.56
2136.49
2142.68
2144.80
2116.93
2099.34
2042.18
1982.36
1976.80
1997.75
2032.31
2082.22
2095.64
2156.30
2187.92
2191.87
2183.61
2169.70
2168.39
2160.04
2161.45
2159.61
2163.44
2156.14
2159.46
2156.99
2147.11
2131.42
2100.55
2065.20
1972.14
2064.27
2105.51
2095.56
1963.23
1989.57
2053.13
2125.37
2168.20
2162.07
2156.13
2155.98
2145.57
2152.08
2153.67
2157.44
2152.57
2149.06
2145.89
2136.87
2141.45
2123.16
2056.02
1988.60
1953.42
1941.18
1928.75
1936.96
1949.73
1985.24
2057.35
2112.97
2155.19
2151.54
2142.62
2145.89
2149.25
2143.94
2155.12
2151.22
2149.83
2149.35
2144.31
2135.72
2141.81
2139.81
2091.39
2043.56
1982.58
1958.73
1939.00
1970.63
1994.83
1996.20
2041.24
2080.75
2116.56
2113.64
2103.36
2102.15
2099.70
2105.09
2126.13
2132.93
2123.34
2112.76
2135.03
2107.82
2146.21
2106.72
2046.48
1991.59
1971.67
1934.22
1917.31
1935.18
1959.65
1997.40
2058.95
2097.22
2147.36
2143.60
2122.31
2112.38
2109.48
2115.13
2105.65
2102.36
2121.54
2147.33
2118.68
2093.11
2136.74
2158.74
2126.80
2011.84
2020.15
1930.14
2006.32
1977.83
1989.42
2018.92
2063.86
2120.24
2154.38
2159.91
2150.14
2138.93
2125.82
2124.42
2105.78
2102.98
2105.93
2101.32
2096.39
2094.38
2101.83
2102.51
2076.49
2032.25
2020.28
2015.52
1986.44
1970.59
2009.95
2044.06
2086.69
2123.38
2164.86
2177.72
2174.61
2143.39
2150.21
2187.48
2183.09
2186.26
2181.31
2186.48
2180.72
2165.01
2169.41
2163.80
2150.85
2136.32
2078.91
2039.73
1968.07
1962.27
1895.48
1910.90
1969.56
2038.53
2091.41
2098.55
2096.92
2102.36
2097.07
2086.33
2075.65
2075.79
2071.95
2070.56
2065.75
2070.71
2070.73
2046.38
1975.35
1920.45
1868.66
1840.78
1844.14
1872.10
1930.83
1953.91
2025.19
2066.70
2085.11
2090.61
2086.59
2081.24
2083.12
2084.35
2077.68
2073.50
2075.23
2077.22
2077.28
2080.46
2069.38
2042.82
1965.67
1908.04
1857.15
1845.79
1846.20
1858.13
1889.67
1926.45
1978.67
2059.75
2092.49
2094.72
2095.22
2092.31
2091.58
2093.59
2089.85
2087.48
2089.52
2079.82
2070.95
2082.15
2092.11
2080.51
2043.98
1953.96
1917.99
1953.98
2057.87
2093.83
2095.83
2115.75
2169.19
2162.98
2166.48
2160.42
2157.26
2159.03
2168.46
2178.44
2180.20
2182.27
2176.79
2174.65
2168.71
2165.64
2178.10
2158.82
2146.39
2115.23
2107.99
2099.82
2098.43
2130.77
1977.55
2007.92
2090.78
2071.35
2129.52
2126.78
2120.71
2118.63
2116.67
2118.18
2114.01
2115.49
2115.31
2118.44
2116.18
2107.40
2127.60
2136.70
2104.30
1963.61
1914.63
1918.66
1920.80
1839.40
1862.87
1892.95
1938.43
2012.17
2065.79
2067.29
2069.16
2067.43
2061.52
2067.42
2055.35
1883.28
2043.88
2042.48
2044.66
2048.27
2059.38
2048.96
1970.48
1904.25
1871.90
1856.24
1825.88
1825.40
1853.67
1887.85
1950.29
2023.23
2075.95
2071.52
2061.12
2050.63
2052.12
2053.63
2054.09
2053.56
2060.50
2058.11
2056.64
2058.91
2064.28
2041.40
1975.23
1927.63
1888.69
1864.10
1862.60
1887.49
1955.59
2090.11
2118.11
2113.76
2107.55
2097.67
2093.19
2073.97
2077.74
2080.11
2064.86
2076.17
2080.90
2077.08
2077.59
2072.54
2072.82
2069.26
2064.39
2080.55
2089.14
2101.96
2108.28
2112.33
2140.07
2131.72
2116.06
2117.73
2109.35
2115.92
2148.55
2130.55
2125.99
2120.57
2109.56
2112.43
2102.36
2095.33
2105.86
2112.54
2110.74
2093.18
2077.44
2084.23
2094.34
2111.97
2111.78
2120.05
2127.49
2129.68
2137.55
2137.41
2127.51
2121.26
2118.88
2155.68
2156.20
2152.91
2138.65
2145.60
2127.03
2128.97
2122.87
2119.37
2124.09
2136.13
2154.40
2197.28
2241.52
2224.18
2227.61
2242.09
2215.32
2224.82
2204.28
2207.61
2202.72
2197.58
2180.05
2168.71
2174.32
2176.40
2195.77
2185.35
2167.48
2137.04
2139.71
2183.07
2183.51
2191.45
2203.14
2197.06
2210.33
2216.13
2223.84
2247.64
2216.63
2237.24
2218.19
2214.83
2209.59
2197.24
2195.14
2189.17
2178.96
2195.89
2202.14
2202.25
2199.66
2189.64
2197.58
2187.94
2209.14
2212.19
2221.10
2223.18
2223.30
2224.99
2229.31
2215.02
2251.70
2260.67
2299.20
2284.88
2274.61
2270.34
2261.56
2257.65
2242.54
2228.38
2216.28
2198.30
2277.98
2272.52
2251.49
2245.99
2241.01
2233.05
2214.91
2197.63
2188.34
2184.26
2171.62
2173.21
2174.72
2178.24
2161.51
2168.60
2153.81
2155.60
2149.20
2137.47
2137.42
2136.10
2142.19
2140.25
2140.67
2133.45
2132.98
2129.10
2127.82
2118.06
2126.67
2145.64
2164.23
2176.85
2182.79
2198.98
2184.51
2179.27
2163.93
2156.11
2147.47
2142.47
2133.45
2144.03
2141.09
2133.04
2132.99
2114.95
2115.43
2106.72
2116.24
2108.11
2097.98
2101.28
2109.26
2122.61
2130.51
2143.26
2155.28
2162.42
2159.49
2161.34
2156.05
2162.30
2170.47
2167.08
2171.67
2145.99
2131.20
2130.26
2120.13
2135.68
2121.03
2142.76
2150.50
2162.98
2137.83
2118.90
2110.97
2131.80
2145.35
2155.39
2170.93
2174.58
2173.92
2170.97
2178.07
2174.17
2162.96
2172.78
2169.01
2153.32
2144.97
2138.09
2120.58
2129.50
2124.80
2123.99
2122.65
2119.69
2130.90
2137.99
2154.13
2179.23
2187.05
2218.26
2249.61
2277.91
2272.00
2283.47
2246.60
2239.03
2232.36
2225.93
2216.91
2199.31
2203.23
2195.12
2188.57
2171.32
2172.09
2167.33
2137.70
2137.61
2149.56
2147.32
2166.62
2193.76
2216.26
2234.77
2254.72
2252.60
2240.88
2248.94
2238.30
2248.05
2247.72
2239.88
2221.54
2209.55
2205.53
2196.22
2170.05
2172.39
2204.14
2200.54
2215.33
2220.09
2216.35
2226.85
2246.59
2256.24
2233.47
2212.80
2243.79
2239.02
2240.91
2240.69
2233.45
2222.08
2216.41
2218.82
2218.50
2202.64
2202.55
2191.97
2187.01
2216.78
2199.60
2211.82
2195.71
2204.37
2204.98
2177.46
2191.64
2208.56
2215.78
2224.14
2244.08
2266.63
2249.19
2264.97
2258.86
2232.40
2217.19
2216.21
2204.36
2206.29
2206.63
1629.72
1103.94
2173.15
2159.47
2153.20
2141.88
2132.77
2142.67
2149.00
2158.22
2191.84
2210.05
2211.94
2230.49
2225.35
2231.59
2215.26
2213.71
2195.91
2200.95
2196.13
2189.56
2166.86
2156.56
2138.63
2131.15
2121.38
2136.70
2124.29
2140.42
2123.34
2121.34
2106.34
2130.90
2158.03
2153.38
2175.61
2194.21
2189.31
2195.71
2177.88
2190.35
2181.07
2178.44
2179.22
2181.87
2166.79
2158.45
2155.51
2147.51
2148.40
2135.28
2131.33
2126.09
2114.84
2125.51
2112.96
2103.06
2128.03
2134.91
2155.53
2166.82
2182.10
2176.92
2175.46
2177.71
2183.28
2159.16
2161.45
2167.41
2172.44
2170.18
2164.21
2155.28
2145.51
2134.35
2124.29
2132.04
2135.49
2136.42
2148.44
2155.39
2176.68
2197.88
2214.36
2218.51
2263.04
2258.86
2254.53
2270.28
2227.46
2218.46
2206.47
2207.82
2193.54
2213.68
2198.50
2174.58
2167.59
2154.03
2145.16
2137.80
2141.18
2146.61
2155.70
2187.82
2192.10
2193.78
2209.88
2237.64
2241.78
2221.01
2239.53
2246.47
2241.93
2219.01
2203.04
2201.76
2191.24
2185.83
2171.05
2168.34
2163.54
2167.68
2149.70
2146.68
2138.16
2143.76
2163.56
2166.61
2184.74
2194.27
2203.74
2230.01
2210.42
2197.11
2190.57
2197.40
2198.10
2186.91
2189.85
2182.28
2180.12
2189.09
2176.60
2162.07
2158.00
2142.45
2136.99
2145.42
2132.55
2139.86
2141.34
2142.22
2190.56
2237.15
2220.82
2213.82
2221.43
2232.12
2223.68
2221.57
2226.71
2211.44
2202.52
2194.70
2187.80
2168.38
2167.78
2170.43
2164.80
2144.03
2136.47
2136.77
2128.53
2130.47
2128.62
2150.89
2164.73
2184.20
2192.62
2188.70
2223.18
2201.66
2206.64
2204.70
2203.57
2208.80
2207.81
2199.14
2240.24
2228.77
2221.33
2217.33
2212.68
2237.47
2228.50
2225.34
2228.85
2214.10
2207.28
2208.02
2202.35
2193.42
2203.02
2218.95
2227.85
2219.51
2228.20
2235.11
2241.84
2239.18
2218.81
2232.32
2222.47
2231.96
2227.58
2213.52
2223.59
2215.66
2203.23
2208.86
2202.80
2188.13
2187.26
2196.19
2194.54
2196.70
2221.79
2229.36
2242.49
2221.16
2210.08
2222.24
2208.31
2210.78
2211.86
2201.94
2206.11
2188.08
2187.46
2168.09
2158.05
2156.95
2138.51
2143.13
2141.30
2147.31
2199.92
2208.62
2175.34
2187.60
2245.01
2253.48
2262.62
2256.53
2264.84
2269.82
2280.77
2269.58
2257.04
2239.20
2228.41
2223.34
2197.12
2195.22
2184.89
2176.60
2162.56
2158.52
2151.61
2163.48
2180.10
2196.83
2207.25
2233.42
2257.93
2260.63
2292.09
2296.70
2301.00
2288.88
2267.21
2262.77
2252.07
2242.76
2230.02
2228.55
2216.76
2197.46
2180.21
2167.67
2155.56
2155.92
2147.98
2171.18
2166.11
2161.89
2161.47
2184.83
2190.99
2188.18
2188.32
2200.11
2195.22
2200.26
2186.69
2172.97
2177.50
2182.88
2160.44
2161.81
2165.64
2161.67
2175.34
2152.91
2150.23
2149.08
2139.31
2132.56
2145.10
2144.16
2154.51
2154.49
2167.85
1197.09
2169.61
2180.04
2168.16
2174.91
2172.32
2160.57
2168.39
2153.81
2159.09
2154.12
2157.58
2152.07
2164.61
2151.89
2134.62
2152.93
2142.33
2147.10
2152.06
2153.11
2147.53
2158.95
2157.26
2142.36
2162.11
2183.38
2173.99
2166.77
2158.97
2156.33
2148.62
2134.86
2135.16
2133.73
2139.76
2145.76
2141.50
2161.26
2159.73
2158.86
2174.60
2165.12
2126.08
2090.07
2098.40
2118.98
2112.82
2128.98
2141.80
2143.50
2139.75
2147.35
2140.02
2150.80
2158.32
2160.45
2164.38
2153.11
2144.03
2142.37
2130.31
2133.54
2139.49
2126.77
2128.10
2114.44
2099.90
2100.15
2121.51
2134.04
2126.69
2153.24
2167.82
2172.49
2174.43
2186.19
2191.61
2189.18
2187.97
2177.29
2168.09
2153.86
2165.29
2155.56
2152.39
2157.40
2153.56
2153.39
2146.86
2127.47
2121.99
2137.88
2148.00
2161.00
2192.61
2203.29
2228.44
2252.54
2255.95
2247.11
2250.81
2230.13
2237.71
2221.59
2210.68
2199.27
2175.81
2173.04
2177.47
2181.33
2156.76
2153.20
2130.10
2150.10
2150.01
2127.97
2159.31
2158.13
2164.88
2182.60
2210.97
2209.82
2198.17
2182.11
2254.88
2247.13
2217.15
2211.38
2196.30
2198.30
2203.61
2216.00
2216.65
2209.18
2208.48
2198.51
2209.70
2208.71
2195.26
2215.63
2199.31
2214.15
2224.23
2247.01
2238.47
2245.52
2232.70
2221.14
2221.98
2212.78
2213.78
2220.19
2195.81
2197.32
2201.93
2198.33
2194.22
2188.52
2179.61
2180.36
2185.92
2185.89
2182.07
2175.51
2185.61
2193.31
2194.82
2225.34
2196.65
2206.07
2191.18
2189.25
2207.45
2202.73
2203.45
2197.12
2184.01
2187.00
2215.06
2176.49
2204.13
2208.86
2203.73
2176.72
2179.28
2187.19
2185.52
2193.54
2169.75
2192.71
2197.72
2210.40
2242.27
2251.15
2234.77
2248.59
2266.77
2260.04
2256.63
2248.75
2219.30
2221.34
2202.35
2183.49
2188.28
2177.51
2178.51
2153.86
2154.09
602.93
1480.42
1760.02
1818.28
1235.87
1662.00
1810.63
1918.84
1909.56
1904.02
1890.67
1891.93
1886.78
1887.52
1884.76
1869.73
1857.36
1847.91
1848.14
1842.40
1848.87
1843.70
1827.26
1865.11
1858.68
1878.13
1868.62
1872.86
1847.36
1863.37
1871.77
1876.60
1888.64
1887.11
1884.28
1872.99
1859.71
1869.18
1855.80
1850.85
1846.21
1846.44
1836.94
1830.80
1829.42
1820.63
1813.25
1810.54
1855.74
1950.55
1981.00
2017.80
2021.92
2039.21
2060.02
2069.41
2081.27
2064.30
2062.92
2064.10
2061.24
2069.62
2062.68
2059.86
2052.71
2046.05
2038.67
2027.84
2024.76
2022.31
2024.79
2027.63
2023.59
2016.52
2028.47
2045.00
2064.70
2078.46
2081.17
2114.53
2116.18
2103.64
2096.89
2069.93
2103.20
2120.86
2129.97
2113.51
2108.55
2109.33
2102.01
2089.84
2083.65
2086.42
2091.67
2087.81
2088.48
2089.01
2102.00
2104.83
2119.38
2141.61
2145.61
2146.36
2163.53
2138.41
2096.26
2107.32
2105.97
2107.40
2094.73
2077.97
2074.05
2059.43
2045.51
2048.28
2060.10
2075.78
2077.91
2077.64
2062.76
2081.02
2050.05
2052.86
2050.92
2062.82
2101.69
2125.48
2119.88
2129.52
2136.87
2134.45
2126.74
2122.93
2108.74
2102.63
2088.06
2103.70
2126.11
2118.32
2107.81
2101.99
2095.83
2086.51
2091.01
2098.01
2102.97
2105.31
2110.62
2124.93
2145.98
2156.80
2197.19
2185.71
2140.63
2135.09
2136.24
2142.20
2128.60
2114.32
2105.83
2107.71
2094.77
2085.70
2066.63
2049.95
2034.24
1964.93
421.30
1601.18
2013.32
885.63
831.63
2230.35
2123.06
2111.06
2113.07
2108.76
2098.68
2104.22
2109.31
2113.25
2101.53
2098.24
2101.10
2093.80
2071.84
2071.72
2069.23
2055.78
2046.77
2040.22
2033.13
2022.49
2027.50
2039.08
2051.18
2086.02
2099.22
2101.08
2112.03
2109.49
2107.74
2110.39
2108.63
2114.78
2106.40
2101.86
2106.46
2102.99
2114.81
2100.17
2095.88
2093.15
2085.86
2082.62
2070.98
2060.43
2050.51
2075.30
2098.74
2116.38
2102.88
2103.99
2156.69
2142.06
2108.25
2097.50
2075.72
2087.07
2079.51
2117.42
2095.53
2101.44
2105.84
2109.22
2110.97
2105.43
2104.07
2102.18
2094.41
2101.52
2094.22
2096.42
2102.91
2146.78
2172.31
2178.67
2158.93
2150.14
2156.33
2158.54
2163.68
2167.47
2148.55
2133.91
2113.07
2113.99
2106.22
2107.17
2104.57
2103.86
2099.04
2085.14
2094.34
2090.34
2088.55
2135.57
2163.45
2170.28
2148.41
2142.59
2148.94
2090.72
2084.17
2075.20
2077.52
2083.74
2061.28
2061.25
2055.89
2052.12
2038.80
2027.24
2025.27
2024.47
2032.27
2036.32
2038.28
2023.34
2035.26
2059.51
2093.78
2115.36
2112.20
2119.39
2123.17
2113.80
2110.13
2106.63
2094.57
2100.23
2089.91
2076.22
2042.26
2070.46
2058.36
2060.77
2044.03
2041.66
2044.34
2047.34
2078.50
2029.23
2037.42
2069.57
2091.80
2113.70
2126.84
2129.49
2134.79
2119.97
2120.41
2108.08
2111.26
2118.95
2116.78
2107.42
2104.72
2076.38
2062.90
2053.51
2048.49
2044.40
2038.75
2036.21
2034.42
2026.61
2020.74
2032.19
2051.79
2070.11
2085.49
2092.50
2100.66
2096.70
2103.22
2105.21
2117.31
2117.49
2106.97
2092.33
2092.85
2079.36
2070.61
2071.41
2065.91
2056.58
2050.17
2043.17
2028.43
2030.86
2033.12
2045.87
2060.19
2085.95
2119.46
2135.89
2130.47
2129.63
2116.99
2115.93
2114.88
2122.36
2110.22
2092.92
2095.33
2088.39
2075.58
2065.39
2044.13
2040.11
2043.37
2037.82
2039.31
2064.30
2092.65
2085.21
2102.11
2095.92
2101.69
2112.69
2112.21
2103.35
2115.27
2101.49
2146.94
2158.16
2084.08
2082.77
2076.49
2086.67
2061.84
2051.96
2049.18
2095.01
2086.94
2087.86
2090.68
2137.44
2142.59
2200.59
2164.03
2188.16
2175.63
2153.34
2133.52
2143.18
2136.92
2110.84
2110.61
2074.06
2091.50
2090.86
2108.44
2110.17
2100.68
2096.54
2094.17
2094.11
2085.11
2083.92
2095.23
2086.53
2111.41
2108.09
2133.45
2128.27
2148.57
2158.13
2169.61
2184.52
2179.85
2154.41
2137.77
2140.62
2140.51
2135.34
2133.47
2135.76
2129.17
2125.24
2117.42
2114.28
2120.56
2109.49
2109.35
2097.14
2097.80
2094.91
2126.57
2139.94
2173.11
2190.59
2189.75
2169.57
2144.24
2123.78
2111.00
2117.21
2120.72
2106.60
2190.76
2150.11
2146.69
2150.88
2142.55
2142.12
2133.48
2131.61
2134.57
2134.86
2131.00
1214.51
2148.00
2154.06
2139.53
2125.76
2109.72
2111.58
2140.09
2137.39
2100.96
2152.69
2167.43
2157.02
2157.04
2150.36
2135.15
2122.28
2118.36
2116.30
2107.98
2103.74
2086.39
2092.57
2091.71
2094.98
2103.46
2121.18
2134.12
2144.19
2132.14
2133.16
2133.67
2132.81
2150.26
2161.25
2157.18
2159.64
2150.38
2157.18
2157.33
2150.23
2144.25
2146.28
2146.80
2149.00
2139.43
2136.52
2134.67
2144.54
2141.52
2142.41
2139.57
2153.29
2163.83
2177.68
2156.01
2154.53
2147.84
2161.88
2155.86
2152.25
2150.23
2150.72
2151.14
2151.87
2149.92
2139.57
2129.23
2127.72
2131.31
2151.87
2149.40
2186.30
2195.51
2209.45
2219.76
2215.27
2222.93
2235.52
2225.02
2215.35
2219.12
2218.13
2198.80
2196.44
2194.72
2196.77
2181.66
2187.50
2180.63
2174.95
2160.29
2158.46
2169.22
2167.93
2180.08
2208.44
2227.47
2239.63
2254.09
2249.97
2243.31
2249.52
2240.20
2229.56
2197.24
2173.92
2206.31
2212.84
2211.93
2200.77
2180.36
2176.76
2177.41
2172.07
2164.52
2152.24
2163.03
2178.74
2175.07
2213.37
2241.49
2233.92
2237.78
2257.77
2276.30
2216.69
2201.55
2205.96
2261.04
2217.76
2179.42
2161.97
2155.41
2147.12
2110.30
2106.37
2099.12
2101.55
2098.87
2102.82
2109.95
2162.61
2188.11
2176.36
2172.03
2191.04
2193.54
2200.11
2194.53
2185.67
2177.05
2177.49
2165.05
2196.85
2188.46
2226.03
2220.88
2198.35
2193.28
2155.36
2081.48
2084.12
2067.77
2066.28
2064.77
2079.62
2075.50
2082.06
2088.27
2100.36
2116.00
2128.69
2120.54
2116.58
2124.39
2128.20
2119.23
2129.39
2103.22
2100.64
2102.58
2108.60
2105.03
2111.00
2105.76
2105.20
2073.50
2083.75
2075.05
2059.39
2056.78
2075.79
2086.43
2113.33
2109.25
2119.47
2121.45
2130.84
2114.90
2129.55
2134.53
2130.97
2142.20
2134.52
2130.13
2124.68
2111.80
2116.96
2104.17
2099.93
2089.34
2084.80
2090.87
2087.92
2090.09
2081.16
2093.78
2110.51
2112.78
2110.34
2119.24
2113.83
2110.82
2119.21
2104.89
2119.23
2167.77
2151.98
2146.04
2157.74
2152.28
2126.17
2078.59
2090.28
2080.70
2074.83
2071.65
2075.30
2087.05
2075.81
2075.19
2094.93
2089.52
2119.66
2110.83
2124.99
2111.73
2105.07
2086.85
2099.62
2093.01
2095.09
2095.48
2091.15
2076.67
2080.08
2071.27
2106.10
2110.93
2098.23
2062.24
2070.36
2127.66
2161.45
2165.19
2181.39
2154.97
2133.18
2131.13
2135.39
2139.79
2106.49
2093.87
2099.84
2110.02
2103.34
2110.98
2108.36
2101.23
2088.60
2081.74
2069.22
2061.64
2058.77
2065.29
2085.77
2107.23
2106.02
2122.43
2139.36
2124.76
2088.96
2107.93
2102.30
2088.55
2083.83
2090.83
2094.34
2084.47
2069.63
2067.24
2107.83
2091.85
2078.53
2104.21
2127.63
2126.38
2120.65
2120.61
2101.35
2109.36
2106.29
2107.65
2096.03
2084.63
2097.63
2111.83
2101.69
2089.87
2082.32
2094.01
2101.72
2098.31
2077.96
2067.41
2069.61
2071.39
2072.55
2068.73
2078.87
2069.34
2070.31
2063.20
2064.08
2069.23
2079.67
2075.07
2099.39
2101.29
2132.84
2136.51
2124.18
2105.99
2099.81
2106.94
2117.89
2124.82
2116.54
2105.10
2098.33
2096.09
2102.64
2095.71
2073.58
2067.32
2063.64
2042.04
2040.69
2040.02
2052.87
2068.71
2092.19
2123.90
2110.79
2113.66
2111.16
2114.58
2121.68
2113.52
2118.26
2121.65
2122.74
2104.03
2106.99
2091.51
2085.92
2076.68
2087.41
2071.71
2062.55
2052.73
2063.99
2059.87
2069.69
2064.11
2074.15
2106.26
2137.94
2120.80
2086.53
2067.32
2073.65
2139.77
2166.69
2154.66
2127.12
2131.98
2131.11
2122.49
2111.34
2113.28
2129.11
2126.76
2128.42
2113.81
2107.38
2115.47
2075.55
2090.74
2066.39
2062.09
2065.34
2076.22
2067.33
2067.66
2069.92
2070.87
2105.99
2103.26
2093.15
2076.19
2076.00
2074.94
2077.81
2068.98
2072.85
2052.05
2062.77
2045.98
2061.58
2050.78
2060.64
2081.72
2109.95
2117.61
2106.06
2111.13
2113.11
2107.12
2107.65
2098.56
2102.40
2087.91
2100.68
2094.23
2090.24
2068.40
2064.18
2057.20
2058.01
2046.14
2046.13
2053.16
2082.44
2086.26
2089.84
2103.25
2126.48
2151.19
2155.77
2155.94
2161.89
2195.84
2210.14
2195.35
2198.44
2195.75
2179.91
2183.88
2187.26
2223.16
2229.49
2209.82
2197.93
2196.08
2192.90
2174.99
2171.30
2193.68
2192.26
2211.01
2251.12
2257.63
2257.07
2271.15
2260.19
2235.65
2242.04
2228.55
2243.12
2225.29
2214.45
2206.48
2196.95
2179.38
2191.03
2174.62
2209.88
2193.29
2170.52
2147.72
2201.39
2236.97
2276.92
2272.30
2272.70
2264.22
2272.86
2266.50
2271.74
2263.83
2248.62
2246.32
2244.86
2226.93
2218.80
2215.62
2206.70
2190.41
2183.79
2184.87
2177.98
2174.51
2181.59
2190.07
2230.47
2184.12
2172.99
2176.39
2199.72
2200.22
2217.03
2240.44
2217.09
2226.46
2237.11
2229.76
2240.72
2290.06
2272.55
2291.33
2272.80
2264.11
2257.78
2259.11
2248.54
2241.45
2247.39
2225.65
2233.99
2241.11
2247.11
2267.95
2279.24
2281.62
2282.91
2268.56
2265.44
2239.30
2212.25
2212.37
2270.76
2240.76
2268.55
2266.63
2261.79
2260.09
2255.70
2226.88
2218.42
2230.86
2228.45
2212.08
2241.79
2271.27
2279.93
2315.36
2340.92
2349.95
2345.18
2332.56
2341.35
2320.07
2305.04
2289.99
2310.06
2305.40
2266.38
2202.22
2207.73
2187.20
2198.05
2190.67
2215.29
2249.83
2221.96
2205.60
2223.56
2231.31
2249.86
2243.10
2277.83
2299.37
2317.20
2328.09
2321.51
2268.96
2270.92
2260.77
2283.93
2246.93
2240.56
2264.41
2267.66
2268.41
2245.33
2258.71
2251.25
2253.74
2245.26
2233.92
2254.36
2264.55
2300.73
2330.27
2357.86
2373.10
2380.04
2372.59
2348.15
2303.11
2272.07
2266.10
2279.26
2266.49
2265.29
2258.80
2275.44
2270.93
2257.69
2258.68
2254.67
2242.32
2247.18
2249.02
2255.16
2226.91
2252.62
2316.88
2348.13
2376.35
2381.84
2348.10
2380.82
2376.76
2357.65
2393.18
2400.74
2394.59
2377.32
2377.84
2360.67
2332.19
2346.72
2328.97
2316.25
2301.75
2289.49
2284.71
2293.59
2284.61
2338.57
2355.24
2372.97
2386.17
2401.76
2384.99
2368.72
2355.58
2359.96
2361.87
2344.59
2313.68
2298.93
2306.16
2294.84
2277.73
2275.75
2266.12
2249.99
2241.65
2241.74
2255.01
2263.72
2238.13
2242.71
2254.21
2274.22
2256.19
2261.28
2247.12
2256.63
2255.01
2251.64
2246.74
2266.89
2277.43
2263.85
2283.87
2272.68
2287.21
2249.82
2227.52
2207.80
2210.24
2228.05
2250.95
2264.56
2244.26
2235.75
2237.19
2276.51
2282.40
2289.51
2292.53
2297.23
2295.08
2299.76
2288.67
2293.99
2280.47
2289.86
2280.69
2293.54
2283.01
2280.96
2246.17
2282.45
2255.74
2235.86
2213.94
2240.62
2269.57
2303.57
2304.16
2340.52
2419.29
2444.56
2470.83
2459.52
2439.15
2439.60
2436.68
2414.70
2393.22
2405.46
2398.42
2405.05
2383.59
2382.93
2365.13
2351.68
2351.73
2353.89
2358.60
2378.71
2388.89
2378.31
2395.90
2427.45
2435.71
2437.64
2405.01
2357.67
2360.84
2377.56
2369.75
2370.59
2368.01
2343.50
2293.82
2288.57
2272.85
2260.88
2275.84
2301.23
2291.89
2280.21
2257.28
2298.74
2299.40
2258.62
2262.12
2286.58
2300.67
2336.48
2309.87
2319.00
2296.55
2288.36
2274.45
2261.14
2245.42
2229.29
2213.89
2215.42
2190.60
2188.34
2205.59
2165.99
2152.37
2151.10
2175.48
2205.99
2217.05
2221.44
2303.36
2299.26
2336.08
2374.13
2360.82
2370.81
2375.52
2365.91
2340.67
2312.79
2308.84
2245.35
2202.78
2192.58
2163.04
2168.56
2152.03
2160.64
2117.50
2118.22
2108.91
2151.46
2156.84
2175.13
2221.41
2218.80
2238.32
2248.23
2256.61
2257.32
2259.09
2245.88
2232.43
2243.68
2239.15
2235.44
2221.99
2203.74
2183.86
2167.95
2152.50
2154.22
2181.47
2223.66
2194.46
2204.40
2196.59
2181.26
2196.40
2204.61
2243.73
2224.80
2223.83
2224.54
2226.76
2227.58
2239.71
2255.13
2263.13
2267.13
2272.47
2244.61
2274.15
2253.81
2214.31
2219.06
2216.12
2209.38
2217.27
2215.71
2233.05
2232.32
2234.31
2239.13
2282.30
2243.09
2249.67
2255.60
2255.68
2252.33
2255.12
2263.00
2239.45
2230.56
2218.24
2211.26
2199.04
2188.02
2170.61
2176.00
2158.17
2158.61
2203.73
2248.92
2257.88
2290.98
2271.57
2256.48
2272.21
2274.35
2275.44
2281.53
2277.21
2252.96
2281.14
2274.31
2328.99
2235.57
2237.10
2210.70
2196.43
2197.52
2222.05
2176.35
2161.42
2158.12
2227.19
2251.32
2206.00
2213.84
2208.78
2244.53
2253.76
2277.90
2276.39
2296.72
2288.88
2277.46
2247.46
2256.69
2243.68
2220.19
2202.23
2206.09
2191.65
2179.61
2161.78
2159.37
2153.65
2129.64
2132.84
2167.79
2181.41
2204.67
2207.05
2201.09
2217.00
2225.96
2259.28
2238.84
2236.30
2234.04
2224.36
2241.44
2198.62
2216.76
2163.70
2192.62
2174.34
2185.12
2154.83
2129.18
2133.59
2091.99
2112.53
2111.26
2165.57
2173.13
2184.03
2196.77
2188.50
2246.74
2225.80
2244.89
2227.95
2239.50
2222.85
2247.77
2253.09
2205.02
2221.99
2165.81
2195.75
2159.39
2164.43
2148.78
2134.24
2129.82
2109.55
2137.90
2139.28
2163.84
2180.37
2183.63
2240.22
2213.30
2257.69
2223.08
2260.43
2228.71
2233.19
2235.90
2216.10
2205.86
2187.95
2225.35
2187.86
2199.66
2188.57
2179.83
2184.05
2167.64
2141.43
2188.58
2188.70
2196.92
2211.64
2197.20
2216.57
2232.03
2225.26
2226.03
2219.57
2192.52
2178.87
2184.63
2158.39
2155.22
2149.46
2141.95
2155.21
2177.24
2168.51
2166.09
2174.33
2175.07
2120.23
2168.84
2172.66
2158.63
2176.88
2143.54
2196.77
2270.98
2250.30
2268.41
2253.16
2221.36
2223.12
2224.53
2219.39
2220.79
2215.75
2184.89
2183.44
2168.24
2168.66
2216.58
2177.37
2106.81
2124.25
2154.76
2173.41
2188.45
2199.24
2236.44
2260.24
2289.85
2278.05
2278.30
2273.34
2257.02
2250.10
2265.89
2267.18
2244.08
2234.24
2222.17
2188.52
2197.62
2185.93
2167.92
2161.85
2163.15
2159.61
2177.35
2191.45
2239.12
2249.34
2247.47
2274.81
2287.95
2315.87
2321.31
2309.41
2283.84
2273.51
2264.16
2262.93
2241.22
2225.62
2227.61
2197.30
2195.53
2171.36
2159.93
2158.82
2183.70
2207.52
2237.39
2264.61
2292.14
2282.74
2288.27
2298.87
2312.91
2321.53
2331.30
2329.75
2327.74
2295.67
2330.39
2300.45
2279.00
2252.73
2253.38
2188.04
2187.40
2196.60
2224.85
2232.61
2234.91
2211.93
2218.88
2204.89
2211.16
2223.78
2266.18
2254.65
2279.03
2279.47
2298.64
2304.69
2286.75
2276.09
2274.75
2272.13
2242.54
1895.89
2221.59
2211.93
2210.77
2181.90
2191.56
2136.59
2186.45
2218.44
2245.16
1728.17
2260.63
2295.90
2308.24
2341.53
2330.41
2346.57
2354.16
2348.36
2323.20
2304.97
2296.08
2299.99
2277.97
2279.68
2265.00
2251.30
2239.59
2230.34
2228.07
2206.36
2221.88
2247.96
2270.00
2252.28
2242.31
2259.15
2282.22
2311.22
2327.25
2328.02
2333.64
2336.11
2352.06
2397.53
2390.84
2368.29
2349.74
2353.07
2362.32
2349.45
2336.68
2335.66
2311.87
2312.41
2299.32
2268.57
2267.51
2280.27
2301.04
2298.45
2318.18
2320.71
2300.69
2349.01
2389.57
2376.53
2361.15
2368.60
2383.95
2376.39
2375.25
2357.94
2356.60
2345.64
2342.95
2342.52
2324.90
2307.24
2303.24
2314.58
2334.00
2343.69
2343.55
2377.26
2374.78
2388.74
2389.91
2388.97
2379.47
2378.78
2352.24
2337.37
2357.58
2348.92
2333.61
2321.98
2302.18
2236.05
2234.24
2275.44
2258.62
2243.57
2247.60
2253.01
2292.79
2344.07
2329.80
2341.32
2347.09
2353.13
2386.73
2381.78
2368.53
2352.79
2340.89
2333.34
2358.39
2333.16
2324.09
2299.20
2241.28
2221.08
2209.29
2209.27
2261.30
2244.03
2231.07
2255.03
2273.41
2319.87
2344.57
2333.60
2350.91
2344.58
2346.82
2343.89
2293.59
2289.26
2280.34
2257.85
2264.24
2251.85
2247.84
2226.90
2195.36
2185.91
2197.38
2168.82
2162.61
2137.77
2138.44
2126.68
2149.02
2184.25
2193.88
2201.47
2216.59
2246.71
2255.50
2247.97
2257.70
2268.42
2263.99
2258.79
2267.39
2255.22
2270.02
2234.88
2228.92
2199.80
2190.28
2167.45
2176.56
2166.72
2175.99
2164.93
2213.78
2243.59
2225.73
2220.82
2215.01
2216.56
2221.91
2238.27
2254.33
2258.73
2247.44
2253.75
2260.02
2254.07
2238.48
2221.30
2241.83
2235.96
2271.11
2191.74
2203.74
2214.19
2262.90
2269.07
2223.78
2192.49
2196.29
2200.29
2211.02
2223.42
2227.21
2251.41
2285.00
2298.45
2318.11
2300.91
2316.38
2290.09
2293.71
2319.92
2345.02
2349.90
2327.64
2324.42
2317.71
2264.25
2272.55
2269.03
2251.91
2308.08
2338.22
2329.94
2338.43
2337.16
2275.33
2247.43
2246.33
2258.97
2261.68
2243.88
2230.19
2210.81
2194.65
2192.34
2181.71
2167.71
2159.30
2144.57
2152.80
2131.07
2116.86
2124.50
2126.78
2151.17
2174.71
2212.52
2221.24
2233.34
2258.67
2279.11
2258.05
2253.56
2261.30
2237.17
2233.17
2218.88
2214.30
2202.61
2194.38
2183.94
2162.47
2163.37
2159.68
2135.67
2134.82
2136.78
2145.61
2175.16
2193.60
2214.36
2235.82
2278.53
2272.88
2275.92
2276.38
2282.34
2278.38
2272.75
2262.38
2238.51
2231.67
2213.41
2254.55
2222.62
2219.57
2231.58
2215.30
2191.27
2180.74
2227.26
2247.30
2284.97
2316.38
2323.73
2340.33
2356.10
2343.05
2358.10
2364.31
2380.95
2373.85
2345.85
2367.38
2347.89
2313.23
2335.58
2324.48
2311.68
2302.11
2290.79
2266.14
2250.37
2257.22
2270.88
2285.41
2352.61
2371.68
2391.74
2411.36
2443.70
2441.40
2429.43
2439.54
2426.88
2409.77
2474.09
2414.56
2402.61
2381.59
2381.91
2373.07
2355.27
2354.32
2353.05
2339.82
2338.97
2344.82
2345.02
2347.48
2374.07
2380.78
2407.39
2429.36
2441.53
2450.01
2453.12
2461.17
2452.64
2439.35
2442.14
2437.54
2434.44
2425.16
2425.68
2412.30
2409.65
2393.54
2385.50
2388.90
2381.95
2385.18
2373.74
2361.47
2365.74
2378.41
2405.14
2410.57
2414.28
2428.58
2460.68
2457.41
2434.03
2420.71
2411.26
2430.56
2426.12
2417.06
2439.38
2430.42
2417.47
2430.72
2424.05
2419.89
2412.74
2405.09
2423.67
2431.04
2433.35
2461.87
2465.67
2483.03
2477.35
2473.26
2469.39
2463.12
2469.53
2463.47
2474.24
2476.80
2448.72
2442.87
2441.82
2447.15
2436.72
2426.11
2440.96
2431.78
2439.74
2429.06
2445.84
2467.37
2480.02
2487.22
2498.62
2505.57
2648.23
2799.74
2779.83
2759.58
2734.77
2746.53
2732.11
2742.88
2729.76
2711.89
2708.08
2699.86
2681.53
2687.32
2665.09
2662.33
2650.91
2652.21
2649.27
2640.62
2640.21
2646.82
2678.27
2684.49
2699.15
2701.08
2716.07
2691.00
2691.61
2682.16
2696.81
2697.48
2702.80
2711.23
2705.34
2705.99
2721.30
2716.74
2695.88
2693.72
2680.76
2671.90
2663.94
2682.09
2714.20
2749.56
2808.55
2815.28
2781.86
2782.43
2800.45
2811.78
2807.95
2805.66
2766.10
2742.56
2737.89
2728.48
2709.99
2698.13
2689.55
2687.60
2681.47
2671.66
2660.55
2652.26
2655.18
2638.84
1321.74
2657.04
2681.33
2663.78
2656.42
2686.66
2691.74
2682.80
2680.73
2649.00
2639.91
2645.74
2639.56
2640.66
2614.64
2597.93
2611.50
2615.45
2614.58
2623.28
2618.76
2627.45
2629.82
2670.94
2683.96
2676.22
2684.49
2686.20
2667.47
2668.01
2655.66
2664.19
2658.72
2644.60
2635.84
2613.03
2619.56
2608.49
2604.21
2578.74
2530.82
2540.09
2515.09
2516.76
2539.43
2556.50
2549.43
2563.88
2551.33
2573.50
2578.93
2605.22
2615.98
2609.81
2613.84
2611.80
2621.62
2621.83
2610.80
2620.87
2607.90
2617.94
2597.81
2625.34
2617.63
2644.04
2611.86
2642.57
2659.56
2659.49
2601.88
2643.79
2657.11
2673.69
2668.27
2683.25
2675.94
2697.72
2719.00
2729.55
2697.99
2684.23
2688.41
2703.59
2687.57
2741.14
2759.51
2760.18
2734.46
2745.96
2733.26
2723.93
2733.20
2708.76
2708.01
2734.73
2765.98
2786.28
2833.89
2851.62
2836.73
2821.19
2802.63
2792.37
2773.81
2766.28
2759.29
2743.61
2739.31
2752.15
2732.32
2729.70
2724.02
2733.15
2710.94
2711.20
2711.60
2714.60
2726.20
2747.33
2747.54
2752.52
2740.97
2738.44
2768.21
2776.10
2780.63
2771.32
2774.16
2747.17
2736.27
2736.34
2725.65
2714.87
2727.44
2761.00
2767.57
2739.47
2750.93
2757.58
2761.35
2781.55
2828.24
2785.82
2816.19
2775.09
2784.89
2764.06
2779.44
2802.34
2812.14
2828.49
2832.25
2790.53
2741.49
2730.83
2712.33
2726.10
2718.28
2688.82
2707.49
2714.48
2740.08
2742.78
2773.55
2766.06
2775.92
2792.39
2807.46
2819.83
2822.40
2795.03
2824.93
2841.06
2821.08
2854.83
2819.91
2812.48
2792.72
2784.89
2772.76
2776.54
2769.55
2759.95
2762.11
2740.45
2750.49
2775.21
2773.07
2762.73
2751.16
2772.80
2781.36
2782.22
2788.44
2792.64
2826.94
2841.02
2817.18
2822.41
2822.22
2805.80
2781.03
2771.04
2747.19
2745.71
2743.03
2746.29
2731.20
2717.42
2730.51
2715.03
2709.30
2718.12
2691.89
2684.93
2725.72
2742.97
2750.36
2761.17
2757.99
2765.68
2759.01
2734.67
2711.86
2708.84
2690.49
2693.64
2700.92
2692.36
2683.71
2676.70
2664.25
2659.02
2670.67
2659.77
2661.02
2675.28
2658.43
2677.85
2693.60
2708.58
2722.76
2735.57
2718.19
2763.31
2794.30
2789.07
2735.12
2699.54
2675.90
2690.78
2678.66
2680.05
2714.02
2710.79
2678.13
2723.83
2725.97
2698.70
2699.26
2684.77
2675.11
2712.46
2712.40
2737.08
2750.84
2766.34
2787.63
2796.52
2809.35
2783.55
2753.20
2741.39
2736.39
2734.17
2738.31
2703.08
2696.51
2719.48
2758.80
2757.95
2749.03
2723.34
2715.42
2735.20
2738.44
2732.86
2758.89
2784.42
2773.31
2801.11
2815.76
2819.79
2812.15
2843.42
2827.05
2832.87
2834.38
2807.01
2814.93
2783.75
2787.17
2778.55
2814.53
2810.18
2809.76
2799.91
2783.09
2794.75
2800.81
2815.08
2831.98
2867.14
2885.56
2854.85
2848.59
2820.99
2831.31
2811.26
2820.30
2826.84
2807.61
2831.22
2881.00
2844.93
2829.80
2823.67
2815.32
2818.91
2849.05
2824.70
2845.01
2841.12
2850.12
2865.49
2860.40
2855.41
2855.94
2857.83
2851.27
2810.26
2824.03
2812.11
2808.36
2787.64
2773.87
2781.10
2774.80
2783.22
2795.97
2801.42
2822.36
2808.21
2813.27
2824.52
2824.45
2814.85
2809.20
2808.11
2823.88
2832.38
2848.66
2831.22
2842.63
2830.49
2833.79
2825.89
2819.07
2801.49
2768.84
2778.07
2786.40
2781.32
2792.40
2762.10
2762.12
2759.66
2751.16
2736.28
2735.13
2755.82
2769.30
2783.88
2791.61
2784.44
2797.38
2794.68
2787.82
2773.95
2776.14
2775.06
2779.38
2783.47
2769.36
2763.62
2783.01
2786.90
2819.45
2804.18
2776.19
2769.51
2740.24
2737.47
2738.05
2734.59
2722.47
2741.41
2770.16
2767.14
2761.26
2771.41
2774.55
2772.66
2786.28
2762.08
2770.94
2764.20
2751.36
2768.38
2776.00
2760.68
2759.70
2789.78
2794.78
2761.04
2766.20
2770.58
2746.95
2740.89
2753.81
2760.88
2791.19
2786.74
2818.07
2827.61
2830.91
2838.78
2831.43
2829.61
2797.63
2827.85
2793.06
2775.35
2770.18
2804.84
2796.05
2772.21
2770.51
2778.35
2772.46
2765.82
2766.75
2751.91
2797.83
2790.64
2815.59
2799.70
2821.27
2842.35
2835.52
2831.27
2846.33
2813.72
2786.88
2789.47
2760.30
2784.76
2767.59
2773.42
2797.87
2817.26
2806.82
2794.01
2790.58
2793.16
2787.10
2794.64
2800.90
2821.80
2828.37
2849.26
2830.27
2846.54
2852.95
2880.45
2865.13
2858.35
2775.80
2847.46
2814.34
2791.93
2783.12
2762.09
2759.33
2763.24
2742.82
2730.90
2712.07
2717.07
2719.30
2733.72
2732.84
2754.61
2763.00
2767.38
2773.37
2785.07
2794.12
2796.01
2805.86
2768.53
2776.98
2758.18
2758.34
2757.53
2760.07
2780.99
2764.27
2754.57
2737.10
2747.32
2743.22
2742.70
2735.46
2683.72
2698.12
2748.26
2751.03
2783.06
2778.19
2773.78
2790.12
2778.81
2781.20
2792.96
2767.68
2756.27
2743.77
2746.16
2755.86
2745.66
2752.54
2758.86
2744.19
2718.55
2703.97
2725.39
2716.64
2725.85
2707.44
2719.83
2729.97
2740.22
2744.99
2746.88
2742.30
2765.35
2774.25
2790.59
2782.39
2801.52
2783.05
2770.51
2765.65
2753.67
2759.03
2767.27
2709.60
2687.47
2713.95
2753.14
2738.01
2718.36
2707.94
2705.95
2707.04
2716.76
2727.18
2748.30
2769.64
2774.82
2773.11
2761.05
2749.35
2747.76
2747.89
2765.35
2759.53
2736.39
2744.31
2683.16
2681.79
2625.27
2631.05
2636.14
2648.92
2623.31
2656.01
2664.81
2642.14
2660.60
2635.70
2648.84
2653.46
2664.07
2678.13
2667.77
2664.30
2661.53
2650.55
2651.79
2652.83
2651.64
2631.98
2638.05
2621.61
2610.26
2592.82
2598.23
2596.87
2584.87
2573.38
2570.03
2588.53
2611.46
2634.86
2666.36
2703.65
2706.43
2689.30
2654.75
2681.91
2696.87
2681.00
2684.88
2668.05
2668.68
2664.17
2665.05
2624.84
2624.43
2609.35
2625.57
2610.55
2598.90
2587.24
2605.70
2635.94
2643.40
2665.64
2673.30
2708.47
2710.69
2667.11
2664.68
2655.95
2636.71
2605.70
2635.55
2638.67
2599.04
2596.69
2600.14
2614.62
2613.99
2606.18
2570.89
2558.67
2576.30
2575.19
2596.89
2617.34
2648.69
2677.03
2705.95
2702.86
2687.95
2677.50
2650.40
2646.41
2640.33
2606.60
2588.17
2582.05
2570.16
2559.93
2551.70
2563.74
2584.43
2565.44
2540.88
2535.25
2518.81
2530.02
2571.09
2600.13
2626.04
2645.58
2651.29
2663.81
2685.59
2701.06
2701.26
2704.19
2720.44
2763.96
2768.20
2760.46
2722.27
2710.19
2710.22
2699.87
2689.82
2665.73
2669.30
2675.13
2678.51
2684.96
2683.02
2700.85
2706.74
2706.63
2691.78
2692.16
2702.39
2695.06
2698.11
2710.88
2713.46
2702.44
2698.97
2686.62
2663.49
2625.90
2598.56
2603.07
2612.87
2599.28
2581.20
2580.65
2589.33
2583.72
2576.31
2578.16
2573.61
2594.43
2598.26
2598.17
2606.06
2617.92
2624.57
2598.40
2633.60
2628.50
2629.40
2615.38
2605.45
2609.59
2610.90
2579.31
2594.17
2587.42
2569.66
2536.95
2528.37
2538.12
2548.72
2581.45
2619.93
2645.25
2647.89
2661.24
2668.27
2670.40
2689.60
2647.61
2602.98
2596.02
2593.89
2583.48
2590.03
2605.25
2601.43
2596.04
2585.32
2583.30
2570.48
2557.99
2552.02
2550.26
2584.21
2607.24
2619.58
2651.47
2666.98
2638.38
2639.43
2652.09
2690.65
2714.82
2695.02
2688.88
2669.42
2651.41
2628.53
2624.21
2602.49
2596.01
2599.01
2563.34
2603.48
2587.37
2591.53
2581.31
2587.25
2614.90
2644.34
2663.28
2728.19
2736.97
2715.76
2704.32
2677.86
2666.49
2652.82
2630.26
2608.58
2588.65
2573.58
2582.65
2556.12
2572.46
2580.05
2575.13
2532.48
2531.95
2552.06
2563.18
2590.61
2632.23
2717.66
2760.95
2681.64
2773.25
2797.74
2793.37
2763.00
2750.09
2734.16
2726.51
2750.06
2732.46
2684.35
2670.59
2738.70
2733.45
2747.05
2728.92
2711.07
2706.29
2710.00
2720.11
2716.63
2729.32
2742.11
2759.49
2764.76
2765.92
2755.74
2752.32
2745.23
2733.86
2728.12
2724.68
2726.49
2729.01
2702.06
2690.45
2727.81
2800.79
2757.49
2725.64
2666.93
2674.84
2677.80
2673.68
2676.31
2696.78
2758.46
2794.13
2810.02
2820.26
2827.03
2836.51
2841.99
2826.39
2817.27
2798.40
2776.85
2772.96
2769.30
2752.82
2744.87
2776.02
2784.62
2786.38
2788.36
2785.08
2784.74
2777.21
2764.43
2769.66
2776.15
2790.25
2807.37
2801.79
2798.42
2804.48
2793.77
2754.87
2751.88
2751.36
2771.56
2768.46
2774.92
2767.63
2773.11
2765.07
2748.18
2740.72
2741.77
2763.93
2740.93
2768.12
2793.07
2810.34
2830.43
2853.77
2852.20
2844.99
2834.22
2823.22
2824.29
2818.64
2791.56
2755.67
2751.63
2742.66
2745.07
2745.66
2748.41
2731.05
2726.15
2720.82
2719.87
2714.50
2709.57
2719.39
2749.91
2783.57
2804.56
2815.02
2826.70
2849.26
2851.54
2850.63
2850.18
2834.97
2829.71
2794.36
2775.68
2774.34
2755.49
2749.23
2727.59
2735.08
2767.41
2755.17
2736.26
2725.86
2721.85
2734.99
2743.85
2752.00
2780.65
2820.88
2832.80
2847.59
2838.09
2809.14
2815.26
2816.44
2817.55
2811.15
2815.91
2757.59
2828.71
2828.97
2850.81
2846.02
2825.29
2822.32
2806.31
2749.87
2736.53
2729.86
2739.08
2752.40
2774.46
2767.90
2768.27
2778.10
2787.68
2794.74
2798.86
2784.40
2763.24
2757.29
2773.63
2767.57
2759.35
2750.52
2740.75
2724.27
2722.28
2714.90
2718.95
2725.74
2709.17
2699.94
2706.30
2765.99
2787.92
2800.08
2807.65
2809.76
2800.34
2795.08
2780.37
2755.43
2745.36
2727.87
2727.27
2717.97
2717.65
2701.86
2702.36
2698.92
2694.36
2675.72
2665.19
2700.80
2715.49
2724.67
2732.35
2735.86
2734.85
2740.74
2749.91
2748.56
2736.23
2732.88
2729.98
2726.44
2717.24
2703.91
2709.15
2701.77
2710.29
2727.90
2713.49
2717.56
2700.36
2728.62
2728.82
2723.01
2722.07
2724.97
2723.53
2718.78
2736.10
2739.56
2753.35
2760.28
2760.33
2761.74
2771.55
2761.39
2741.53
2690.31
2693.97
2688.95
2705.92
2734.88
2749.54
2744.70
2738.65
2720.49
2722.95
2715.01
2718.43
2720.66
2713.56
2712.03
2712.38
2721.28
2730.56
2732.75
2742.75
2735.76
2715.24
2712.55
2716.01
2721.59
2709.06
2707.78
2711.07
2710.73
2703.97
2705.49
2718.53
2724.16
2708.32
2723.37
2713.43
2711.74
2715.38
2746.54
2769.13
2768.36
2806.95
2795.77
2777.73
2775.21
2764.57
2747.05
2727.04
2732.68
2726.05
2701.54
2700.72
2699.82
2705.15
2692.87
2685.48
2689.56
2704.40
2700.24
2714.48
2738.79
2768.60
2787.35
2803.74
2812.37
2806.35
2805.87
2819.64
2778.01
2763.18
2756.46
2759.64
2745.34
2739.16
2723.01
2722.87
2741.59
2730.06
2749.08
2748.93
2747.31
2758.82
2755.25
2756.88
2758.09
2763.98
2769.90
2798.39
2828.01
2792.35
2655.70
2793.30
2729.15
2736.13
2724.93
2707.42
2694.78
2738.06
2740.29
2735.11
2719.50
2706.81
2719.63
2725.32
2719.69
2717.03
2694.02
2693.66
2716.53
2735.53
2737.31
2759.08
2771.82
2789.86
2824.08
2827.99
2817.12
2768.51
2747.88
2750.64
2755.78
2756.07
2756.25
2740.55
2724.76
2715.90
2717.21
2727.52
2717.13
2710.99
2687.01
2689.03
2695.26
2694.87
2759.00
2762.74
2758.45
2756.25
2762.84
2769.70
2758.33
2749.23
2738.31
2725.14
2696.10
2678.68
2672.47
2666.09
2659.26
2681.96
2698.19
2706.23
2681.91
2687.64
2695.63
2696.56
2699.81
2709.37
2705.00
2721.89
2718.98
2737.72
2771.23
2766.46
2761.77
2771.01
2737.66
2714.74
2695.79
2708.40
2711.56
2712.15
2687.11
2667.92
2664.01
2664.96
2645.84
2636.05
2627.18
2632.62
2638.36
2381.09
2424.14
2452.69
2503.33
2553.65
2515.36
2483.46
2470.24
2458.09
2456.17
2456.81
2434.93
2424.70
2427.74
2427.67
2440.10
2512.08
2524.83
2518.60
2509.49
2522.40
2519.52
2504.80
2512.09
2528.64
2553.95
2616.41
2605.17
2588.96
2568.86
2567.32
2550.06
2531.13
2507.25
2494.38
2472.32
2460.55
2495.04
2491.20
2527.28
2561.58
2507.51
2496.74
2484.11
2477.38
2515.61
2437.89
2431.32
2412.35
2454.45
2508.57
2547.84
2519.86
2530.64
2529.65
2519.54
2512.49
2508.45
2492.85
2482.48
2462.73
2445.75
2442.54
2442.62
2438.24
2424.15
2429.22
2398.26
2393.03
2379.46
2366.24
2371.40
2384.40
2397.49
2401.04
2435.65
2447.42
2443.05
2440.21
2438.64
2437.10
2418.80
2378.02
2380.22
2399.07
2390.39
2370.56
2378.30
2369.98
2362.49
2361.32
2315.93
2315.08
2289.28
2275.92
2132.09
2188.28
2274.22
2316.23
2334.08
2343.65
2350.98
2388.34
2397.56
2392.78
2411.72
2427.53
2454.83
2416.04
2415.03
2406.44
2424.21
2409.74
2388.15
2389.14
2372.87
2404.15
2433.36
2428.03
2421.64
2426.58
2431.45
2447.89
2453.00
2471.64
2460.22
2464.31
2487.78
2486.40
2499.66
2455.74
2426.07
2452.68
2441.36
2460.47
2437.26
2431.51
2419.59
2420.72
2412.24
2412.31
2398.97
2401.74
2406.90
2407.66
2424.22
2428.50
2439.61
2457.95
2482.15
2484.05
2474.07
2457.44
2448.38
2457.95
2467.59
2454.62
2461.05
2470.02
2463.43
2453.42
2434.97
2436.62
2425.90
2429.13
2395.59
2410.87
2448.11
2466.96
2480.71
2505.20
2512.15
2547.63
2531.63
2582.47
2546.53
2543.73
2535.03
2509.92
2495.50
2427.60
2426.22
2434.25
2410.30
2411.52
2429.62
2406.42
2394.62
2401.03
2409.17
2400.76
2404.48
2383.22
2388.03
2392.45
2423.77
2445.65
2492.81
2502.12
2474.53
2448.82
2455.01
2456.37
2442.26
2424.58
2420.58
2422.41
2422.15
2423.03
2415.01
2409.38
2416.53
2392.72
2363.98
2355.22
2354.70
2380.37
2360.90
2411.13
2430.04
2429.16
2452.11
2505.64
2475.38
2457.96
2465.34
2455.95
2445.60
2441.71
2417.44
2398.05
2402.12
2389.05
2365.16
2347.14
2344.89
2349.78
2341.71
2347.19
2342.80
2365.01
2392.09
2402.62
2436.16
2446.35
2449.48
2455.64
2435.60
2423.42
2442.41
2444.19
2422.44
2394.65
2339.84
2330.80
2354.04
2346.37
2297.52
2265.81
2248.06
2236.26
2223.73
2293.57
2303.99
2316.50
2328.39
2336.53
2356.58
2348.83
2332.40
2332.57
2336.18
2328.15
2324.50
2333.36
2317.36
2301.84
2294.64
2284.86
2279.42
2262.59
2244.23
2227.64
2218.09
2264.07
2244.42
2251.59
2244.84
2260.10
2288.93
2298.61
2315.15
2329.97
2295.18
2303.01
2303.24
2306.02
2296.46
2305.26
2302.54
2282.86
2283.45
2277.96
2267.25
2266.55
2236.57
2229.06
2231.29
2226.72
2218.52
2230.68
2240.31
2200.65
2223.16
2250.10
2276.49
2290.92
2304.41
2326.38
2397.07
2401.57
2397.26
2397.84
2392.95
2386.07
2374.64
2369.68
2366.02
2468.04
2545.62
2530.65
2505.48
2485.97
2520.55
2551.99
2546.38
2571.63
2592.43
2501.13
2508.07
2472.38
2512.96
2522.83
2506.11
2421.10
2403.23
2421.64
2430.02
2411.93
2374.97
2365.33
2384.40
2386.84
2399.22
2401.95
2394.65
2374.43
2364.70
2369.57
2378.43
2392.05
2390.92
2371.46
2320.63
2261.45
2241.27
2238.54
2247.43
2257.74
2326.49
2365.80
2393.92
2397.41
2382.86
2401.03
2382.10
2385.05
2365.39
2373.43
2375.38
2368.18
2363.68
2364.72
2376.48
2377.43
2343.37
2344.16
2345.26
2351.19
2359.70
2342.11
2309.81
2316.92
2401.55
2443.40
2462.43
2449.24
2427.76
2419.52
2430.18
2440.34
2435.90
2426.01
2433.41
2431.14
2435.16
2421.86
2429.34
2370.47
2372.42
2379.35
2366.40
2331.41
2312.31
2314.36
2352.50
2407.82
2479.86
2497.79
2470.01
2455.98
2469.52
2479.06
2470.27
2471.54
2444.53
2446.20
2448.80
2440.60
2429.99
2429.09
2446.03
2437.41
2370.92
2370.66
2338.26
2365.12
2342.64
2304.07
2348.83
2317.11
2354.87
2407.68
2431.64
2410.34
2417.27
2408.64
2407.90
2414.45
2401.54
2401.72
2375.49
2385.68
2371.14
2362.93
2360.79
2322.05
2285.51
2267.61
2243.19
2243.23
2252.35
2250.32
2254.85
2289.77
2330.85
2391.88
2398.23
2400.98
2408.40
2389.57
2357.95
2357.30
2354.92
2373.32
2369.73
2352.38
2329.93
2334.86
2357.31
2311.97
2268.60
2240.30
2231.01
2214.55
2213.18
2214.90
2252.32
2356.39
2324.52
2349.51
2375.76
2345.82
2320.17
2317.67
2319.45
2314.47
2295.07
2307.95
2299.33
2297.62
2291.93
2286.07
2290.30
2275.93
1846.27
2211.93
2185.72
2211.18
2213.23
2223.63
2220.35
2237.87
2252.78
2301.13
2315.02
2320.22
2301.89
2279.11
2248.14
2233.14
2218.02
2243.76
2237.65
2216.73
2204.24
2181.69
2232.80
2196.34
2166.87
2122.55
2114.52
2103.77
2099.59
2101.44
2126.83
2152.26
2199.20
2241.00
2246.49
2248.43
2238.31
2221.84
2215.44
2213.12
2215.57
2256.10
2243.23
2240.63
2246.66
2241.21
2223.00
2231.55
2180.48
2170.55
2156.69
2187.01
2191.84
2180.82
2206.77
2211.00
2236.02
2245.36
2250.04
2250.44
2272.23
2266.54
2288.06
2257.96
2257.81
2241.86
2250.73
2232.93
2230.48
2224.75
2232.49
2230.80
2198.72
2205.74
2174.28
2190.52
2199.31
2229.32
2239.73
2249.45
2283.24
2330.89
2349.45
2351.31
2365.61
2359.36
2355.72
2356.74
2345.68
2342.36
2321.19
2318.53
2309.51
2319.71
2309.06
2280.39
2259.72
2233.52
2226.78
2227.01
2235.01
2230.18
2251.62
2279.11
2323.33
2357.02
2381.93
2358.65
2326.60
2315.61
2307.94
2316.63
2309.08
2300.33
2301.13
2287.51
2281.88
2275.81
2269.54
2254.46
2193.37
2164.20
2164.74
2173.23
2153.26
2174.75
2181.06
2207.48
2250.88
2303.43
2316.54
2311.23
2289.72
2290.18
2279.29
2274.84
2266.69
2271.10
2255.21
2245.01
2243.80
2239.05
2221.94
2191.99
2157.09
2139.96
2120.14
2144.04
2142.88
2089.62
2123.21
2152.69
2182.46
2229.99
2242.05
2246.45
2238.20
2229.01
2225.18
2205.14
2201.72
2196.68
2219.77
2227.25
2200.78
2183.98
2217.36
2190.92
2165.29
2133.61
2118.52
2148.38
2136.35
2138.06
2186.81
2192.57
2275.76
2323.08
2338.26
2288.24
2260.70
2248.99
2239.36
2235.78
2225.19
2272.08
2240.34
2257.48
2243.14
2250.25
2251.76
2238.73
2194.37
2191.77
2181.24
2181.90
2206.25
2165.94
2155.12
2185.21
2244.89
2276.25
2279.18
2264.31
2244.82
2252.34
2276.74
2248.16
2252.91
2247.47
2235.27
2234.08
2191.32
2166.70
2171.84
2172.83
2145.14
2143.01
2176.20
2145.97
2157.26
2141.49
2172.16
2214.60
2262.22
2332.43
2298.18
2271.48
2267.80
2302.76
2264.47
2232.27
2220.09
2198.30
2194.98
2185.03
2177.73
2162.26
2183.43
2167.89
2116.19
2123.38
2186.78
2184.01
2177.02
2119.38
2131.42
2151.14
2191.57
2232.84
2254.43
2239.96
2228.30
2228.24
2210.13
2219.23
2200.03
2192.26
2193.72
2181.08
2177.43
2175.76
2178.38
2147.65
2107.93
2073.93
2036.05
2046.40
2061.76
2090.05
2119.11
2141.85
2187.57
2236.02
2265.88
2265.87
2245.28
2237.03
2242.28
2231.07
2230.72
2221.14
2217.38
2211.69
2210.64
2210.28
2204.76
2175.78
2117.63
2093.94
2082.81
2090.24
2089.83
2119.49
2148.05
2147.38
2193.37
2240.17
2256.29
2247.06
2255.18
2232.92
2235.70
2218.26
2227.18
2235.52
2240.90
2253.07
2222.90
2189.36
2176.96
2150.00
2094.86
2072.50
2076.70
2081.93
2092.84
2101.77
2120.18
2149.78
2189.28
2229.75
2252.82
2246.28
2251.56
2228.61
2238.55
2256.32
2247.35
2243.20
2244.54
2220.17
2183.09
2179.17
2196.83
2193.48
2181.29
1781.27
2211.13
2250.63
2281.03
2255.99
2245.10
2273.69
2311.71
2342.49
2361.64
2353.00
2344.24
2336.74
2315.07
2323.27
2306.46
2309.01
2288.75
2289.43
2281.95
2274.20
2278.17
2258.27
2216.56
2202.95
2198.44
2199.33
2182.30
2186.07
2161.72
2173.51
2219.97
2253.46
2280.96
2289.20
2273.84
2277.01
2290.47
2279.68
2248.26
2253.46
2213.25
2202.63
2202.64
2235.70
2257.31
2222.58
2133.48
2128.20
2060.08
2058.89
2074.22
2172.15
2240.07
2246.65
2237.02
2230.02
2225.27
2214.03
2199.38
2183.12
2176.07
2175.86
2166.86
2177.16
2170.90
2172.04
2157.86
2154.05
2184.55
2211.51
2235.78
2262.40
2298.72
2310.28
2301.70
2302.20
2315.45
2316.98
2306.59
2297.73
2284.25
2273.80
2265.77
2249.31
2218.85
2204.01
2173.59
2185.53
2208.18
2194.37
2208.01
2196.01
2199.23
2196.52
2215.27
2225.66
2225.49
2213.69
2193.36
2192.05
2189.65
2170.02
2151.40
2155.26
2162.89
2150.03
2140.16
2133.27
2139.98
2129.98
2115.26
2111.96
2102.44
2103.40
2127.11
2118.92
2076.55
2065.32
2071.15
2099.42
1925.08
2099.42
2189.74
2156.87
2148.63
2156.42
2150.12
2148.50
2149.96
2142.57
2136.04
2126.57
2107.92
2102.86
2096.84
2094.52
2090.03
2085.11
2089.13
2087.97
2086.10
2080.38
2084.91
2098.57
2117.69
2128.66
2147.64
2159.48
2146.82
2142.88
2139.76
2143.09
2156.97
2147.25
2141.71
2129.65
2126.74
2120.77
2111.95
2115.41
2095.54
2099.70
2101.74
2092.68
2112.14
2107.07
2116.14
2137.46
2161.33
2163.66
2177.92
2184.92
2172.83
2170.42
2154.78
2153.93
2147.84
2146.87
2141.62
2127.50
2109.89
2096.67
2096.32
2093.22
2084.68
2085.12
2081.66
2069.48
2078.03
2085.58
2084.40
2124.01
2159.43
2201.87
2208.05
2217.36
2213.90
2199.01
2197.19
2193.82
2166.69
2170.13
2145.31
2138.45
2135.98
2125.60
2120.38
2114.28
2099.22
2099.07
2086.28
2085.76
2089.46
2088.35
2099.31
2153.65
2161.40
2190.33
2191.04
2196.99
2193.77
2184.26
2182.14
2184.10
2171.68
2170.10
2158.62
2161.29
2138.54
2132.28
2116.08
2115.70
2111.04
2103.50
2094.14
2096.65
2097.94
2128.09
2142.93
2171.67
2184.93
2174.91
2160.37
2162.48
2192.50
2202.08
2191.61
2167.01
2155.30
2159.86
2158.98
2141.13
2135.83
2138.08
2135.39
2130.49
2126.73
2127.73
2118.54
2118.60
2126.64
2116.43
2125.77
2136.32
2157.55
2147.13
2146.32
2156.34
2149.19
2153.52
2156.12
2179.58
2183.43
2168.13
2152.08
2130.57
2129.16
2117.75
2116.74
2104.74
2114.51
2114.59
2107.37
2107.30
2084.09
2087.33
2073.25
2081.67
2110.30
2129.00
2127.76
2137.47
2134.64
2139.22
2133.89
2159.55
2158.56
2152.32
2138.45
2128.70
2117.51
2111.87
2099.60
2096.69
2094.77
2096.14
2092.70
2094.15
2097.68
2093.64
2067.21
2085.49
2112.49
2140.07
2155.05
2161.50
2149.94
2146.61
2154.88
2174.28
2172.56
2168.84
2146.55
2142.65
2144.40
2140.34
2132.14
2163.40
2123.07
2110.53
2109.67
2100.74
2109.91
2111.01
2108.82
2102.41
2113.25
2116.34
2120.68
2143.74
2126.78
2123.76
2106.00
2111.12
2107.86
2114.92
2106.62
2096.13
2097.72
2103.63
2086.07
2092.63
2088.73
2084.13
2080.72
2073.08
2078.59
2081.11
2074.27
2080.46
2091.89
2111.98
2122.49
2125.77
2139.27
2144.46
2143.67
2136.68
2131.36
2130.63
2124.10
2126.36
2128.19
2118.80
2119.23
2112.45
2120.72
2117.38
2112.53
2117.71
2121.61
2121.61
2112.18
2103.28
2098.80
2103.71
2106.32
2110.81
2110.73
2097.95
2109.93
2124.45
2132.49
2120.44
2109.69
2104.20
2114.09
2113.39
2102.49
2112.60
2108.87
2114.68
2106.59
2104.95
2104.42
2117.62
2096.20
2099.03
2119.05
2125.26
2123.86
2135.29
2126.50
2131.43
2140.47
2158.20
2152.71
2140.91
2131.46
2113.61
2125.20
2124.29
2099.74
2114.17
2112.95
2099.14
2096.58
2092.57
2102.91
2112.50
2103.33
2093.59
2114.78
2134.69
2141.22
2157.40
2140.52
2147.80
2163.35
2161.27
2151.08
2145.09
2132.59
2123.54
2103.44
2113.47
2102.84
2113.30
2107.78
2110.03
2100.23
2100.41
2090.38
2085.40
2066.73
2076.44
2098.82
2118.14
2144.85
2157.61
2165.67
2152.65
2160.82
2177.86
2167.97
2170.09
2160.68
2149.98
2137.88
2142.57
2133.51
2122.15
2111.11
2114.21
2110.07
2112.63
2103.36
2098.88
2100.57
2115.31
2122.27
2122.49
2133.11
2144.77
2140.85
2139.98
2145.36
2160.44
2159.09
2146.71
2146.40
2135.25
2130.17
2108.24
2104.20
2101.18
2101.30
2098.86
2090.07
2097.59
2105.94
2108.89
2088.77
2101.08
2132.98
2148.84
2168.66
2183.26
2188.38
2182.88
2186.01
2194.04
2185.73
2165.18
2156.23
2152.38
2156.81
2178.76
2149.56
2155.38
2142.24
2148.11
2117.80
2118.81
2134.34
2132.38
2118.53
2154.96
2194.08
2210.06
2201.59
2211.24
2208.30
2199.44
2192.97
2204.68
2194.83
2185.59
2181.78
2178.72
2178.52
2172.02
2161.39
2154.16
2164.96
2151.30
2163.85
2199.24
2181.01
2199.37
2228.55
2214.40
2211.39
2221.23
2220.28
2233.44
2260.72
2252.53
2248.28
2256.15
2251.63
2246.53
2238.98
2222.59
2213.13
2211.99
2203.94
2197.25
2199.27
2197.88
2188.66
2198.71
2209.79
2200.16
2195.38
2209.16
2221.86
2240.13
2257.02
2264.74
2272.04
2260.08
2254.72
2266.55
2265.24
2255.14
2243.20
2239.49
2224.42
2220.59
2210.60
2200.32
2194.43
2200.68
2210.72
2211.56
2232.82
2227.59
2234.64
2262.37
2278.62
2280.99
2266.34
2269.47
2257.60
2243.93
2218.23
2265.99
2259.05
2258.98
2219.95
2208.94
2192.11
2186.06
2164.26
2146.47
2143.25
2127.45
2126.66
2124.41
2129.34
2115.01
2113.60
2115.21
2135.41
2214.41
2219.91
2223.88
2237.99
2234.56
2233.01
2243.22
2234.42
2228.22
2229.36
2217.56
2212.18
2215.43
2207.28
2200.30
2185.18
2190.72
2186.55
2179.13
2180.21
2176.42
2145.18
2179.70
2200.18
2215.19
2230.76
2238.12
2244.17
2231.66
2232.28
2255.05
2256.55
2251.70
2237.92
2226.53
2230.63
2221.93
2207.91
2207.57
2196.03
2194.32
2195.65
2182.04
2191.90
2190.99
2192.94
2201.43
2225.49
2231.25
2235.10
2241.62
2237.11
2238.45
2239.91
2254.22
2213.30
2181.09
2174.25
2161.26
2157.08
2156.52
2188.35
2170.13
2198.23
2202.09
2202.45
2198.93
2213.35
2181.37
2178.30
2177.16
2202.83
2206.56
2179.18
2195.47
2194.18
2178.09
2167.82
2178.30
2161.01
2156.74
2144.62
2146.02
2138.74
2130.27
2120.85
2120.24
2121.76
2110.70
2117.17
2104.21
2125.94
2119.14
2123.61
2118.99
2143.65
1728.16
2158.07
2165.03
2164.95
2164.55
2152.81
2160.27
2146.93
2150.94
2143.76
2156.84
2158.53
2179.82
2153.22
2140.39
2108.67
2110.38
2105.22
2109.10
2120.56
2125.68
2064.12
2018.38
2021.87
2034.46
2037.46
2046.83
2048.69
2080.30
2143.73
2191.21
2184.47
2172.26
2162.19
2161.86
2186.15
2179.92
2163.12
2159.60
2156.16
2156.23
2156.58
2154.33
2134.46
2140.96
2117.05
2113.38
2042.85
2067.60
2040.84
2072.15
2112.08
2131.35
2154.87
2201.49
2189.14
2175.51
2160.24
2153.88
2150.39
2143.96
2144.69
2141.31
2130.37
2131.57
2127.16
2124.50
2119.99
2104.36
2097.27
2083.03
2056.02
2009.68
1999.89
2076.58
2048.66
2131.97
2149.99
2167.22
2155.63
2155.18
2139.84
2143.04
2134.42
2147.45
2140.23
2145.35
2131.69
2127.21
2121.21
2120.79
2117.45
2105.63
2046.84
1995.18
1978.40
1991.90
2002.04
2011.79
2038.40
2067.85
2166.24
2180.07
2180.68
2174.19
2169.98
2164.99
2161.78
2148.10
2134.91
2132.07
2117.61
2124.63
2115.05
2126.03
2139.88
2144.56
2128.39
2127.52
2151.66
2167.53
2194.04
2192.28
2189.93
2182.26
2200.19
2190.16
2181.88
2174.67
2168.59
2158.92
2151.38
2166.00
2137.15
2137.84
2131.14
2132.32
2142.89
2137.69
2149.43
2133.18
2093.64
2102.97
2124.37
2139.28
2167.33
2170.12
2248.88
2240.55
2219.14
2226.40
2228.96
2227.61
2230.02
2229.44
2241.31
2237.82
2231.25
2231.09
2226.47
2237.02
2231.32
2226.87
2227.74
2229.12
2323.84
2316.87
2319.53
2310.58
2322.56
2313.93
2310.78
2307.31
2312.46
2309.68
2291.16
2273.22
2268.65
2264.28
2266.18
2270.31
2262.63
2265.82
2268.41
2260.68
2267.79
2264.59
2263.11
2266.98
2260.99
2264.47
2262.66
2279.27
2269.76
2239.63
2241.51
2240.87
2251.58
2244.53
2248.38
2235.55
2244.05
2254.30
2249.67
2247.77
2239.57
2250.76
2248.16
2240.89
2232.82
2224.70
2239.09
2251.21
2243.16
2248.84
2260.95
2262.96
2257.38
2253.79
2231.62
2217.17
2232.50
2264.14
2262.76
2266.66
2255.19
2245.79
2249.69
2254.26
2250.63
2245.40
2253.62
2236.27
2231.41
2236.30
2222.11
2198.62
2185.01
2145.02
2126.27
2151.13
2169.16
2181.01
2171.83
2173.50
2179.69
2206.10
2210.95
2238.73
2228.64
2227.33
2234.26
2244.14
2225.65
2214.61
2191.82
2185.01
2187.01
2183.45
2188.08
2171.74
2169.44
2148.72
2158.64
2165.68
2174.19
2159.09
2176.84
2176.20
2185.60
2205.07
2252.22
2220.80
2225.77
2235.36
2246.89
2251.37
2244.00
2243.70
2245.32
2248.21
2231.00
2233.64
2249.65
2247.07
2242.69
2242.02
2256.76
2263.57
2272.18
2270.57
2271.13
2273.36
2271.34
2285.61
2245.17
2248.70
2216.24
2204.90
2189.56
2194.56
2179.56
2187.92
2186.53
2173.91
2180.27
2171.54
2183.66
2183.76
2189.64
2172.09
2193.50
2194.94
2192.89
2182.85
2175.16
2169.27
2176.56
2184.65
2183.31
2172.57
2169.34
2163.87
2168.34
2166.66
2160.81
2155.57
2144.05
2148.42
2152.07
2151.65
2161.78
2166.28
2168.55
2161.41
2165.41
2164.04
2175.21
2181.61
2253.15
2274.20
2283.90
2287.68
2273.51
2258.23
2250.84
2254.88
2249.35
2251.19
2260.76
2266.48
2266.02
2268.73
2266.17
2249.76
2256.30
2245.48
2242.32
2233.50
2245.82
2263.40
2271.03
2270.11
2263.17
2272.30
2258.70
2266.44
2275.77
2279.69
2276.16
2270.28
2266.91
2262.56
2259.22
2274.60
2272.12
2270.86
2260.70
2253.01
2240.61
2245.05
2240.28
2232.56
2242.06
2240.04
2242.07
2231.68
2201.50
2171.76
2166.10
2176.71
2177.38
2174.24
2173.10
2165.86
2169.59
2170.24
2170.82
2174.61
2161.58
2206.16
2204.01
2209.55
2198.81
2200.16
2191.84
2186.63
2176.94
2144.33
2146.82
2147.12
2161.01
2156.78
2172.23
2187.86
2186.52
2181.28
2180.76
2172.20
2176.03
2180.03
2171.89
2177.40
2172.99
2180.46
2175.75
2177.27
2156.04
2167.21
2162.16
2156.38
2167.45
2178.24
2172.21
2174.94
2190.67
2191.11
2191.28
2193.26
2191.34
2183.82
2191.09
2181.82
2183.79
2175.32
2179.86
2184.23
2183.68
2179.24
2170.31
2173.44
2177.68
2188.35
2202.26
2195.55
2171.70
2188.31
2212.70
2216.28
2220.83
2219.66
2230.53
2226.08
2242.87
2227.97
2225.45
2225.15
2242.02
2234.04
2225.00
2226.28
2221.41
2242.15
2243.57
2225.93
2243.74
2259.33
2268.53
2271.47
2295.70
2286.35
2300.40
2282.42
2267.31
2260.97
2272.74
2277.89
2263.49
2276.74
2294.00
2298.45
2285.39
2295.80
2291.20
2296.05
2291.98
2287.59
2295.64
2291.42
2299.06
2304.88
2307.22
2305.07
2319.48
2335.21
2336.13
2329.07
2327.07
2329.67
2325.18
2325.70
2323.37
2321.50
2303.53
2300.82
2307.82
2311.13
2307.21
2304.11
2297.83
2301.75
2300.54
2306.58
2320.06
2314.81
2309.34
2318.22
2357.78
2363.83
2342.69
2339.16
2334.36
2318.47
2308.36
2303.34
2306.92
2307.82
2297.72
2295.32
2280.42
2298.64
2287.95
2287.19
2288.93
2273.71
2275.82
2278.91
2288.73
2298.95
2295.71
2291.64
2304.63
2313.85
2313.15
2322.59
2324.11
2325.01
2321.75
2325.49
2324.10
2313.63
2313.17
2294.08
2289.18
2290.52
2281.31
2277.75
2275.32
2270.49
2274.81
2269.66
2264.99
2277.82
2249.19
2252.61
2276.74
2283.19
2290.94
2288.58
2286.66
2299.84
2298.22
2297.78
2313.65
2312.12
2315.81
2314.96
2320.43
2300.51
2303.25
2307.15
2304.31
2305.46
2311.11
2305.84
2302.77
2300.88
2305.46
2300.01
2292.25
2294.99
2293.53
2299.99
2306.19
2303.33
2323.54
2322.29
2320.95
2325.13
2318.64
2305.58
2313.96
2323.05
2313.73
2308.64
2309.57
2321.39
2315.95
2320.04
2315.40
2320.54
2334.08
2333.88
2333.28
2332.03
2321.74
2318.58
2307.27
2303.28
2274.60
2285.24
2285.44
2278.10
2275.27
2269.19
2269.58
2266.44
2264.90
2264.27
2251.64
2240.59
2245.14
2245.44
2260.26
2270.11
2273.28
2271.65
2284.87
2305.11
2299.35
2285.92
2262.23
2257.62
2244.03
2234.89
2206.50
2205.58
2217.06
2241.41
2249.01
2242.16
2238.35
2239.73
2240.18
2236.77
2233.70
2228.75
2209.81
2229.93
2225.81
2249.66
2237.59
2234.79
2227.94
2242.09
2227.31
2216.86
2208.55
2232.59
2250.76
2230.06
2235.01
2211.95
2208.75
2216.37
2206.29
2206.81
2203.95
2202.72
2199.50
2200.78
2206.70
2207.27
2204.33
2082.67
2080.61
2096.60
2092.57
2109.61
2101.17
2084.24
2090.87
2094.84
2096.59
2087.38
2088.79
2072.13
2076.43
2072.81
2066.10
2059.41
2047.56
2037.20
2037.04
2035.19
2050.50
2061.29
2011.99
1953.98
1905.56
1908.42
1881.85
1851.03
1817.72
1797.04
1804.26
1799.06
1784.91
1778.34
1781.97
1783.12
1775.10
1774.17
1763.94
1755.71
1747.43
1751.00
1748.29
1741.00
1734.49
1686.17
1704.98
1721.63
1737.25
1731.92
1741.81
1758.26
1768.92
1768.42
1775.58
1788.81
1778.49
1772.41
1771.16
1770.96
1766.13
1776.64
1762.85
1754.01
1753.03
1748.11
1749.17
1739.68
1735.23
1732.24
1723.98
1705.38
1712.68
1720.54
1631.98
1640.19
1654.92
1648.80
1654.50
1664.41
1665.67
1675.07
1667.26
1669.09
1666.57
1679.99
1664.81
1657.81
1652.23
1658.26
1647.93
1620.65
1247.04
331.05
0.00
0.00
0.00
0.00
0.00
0.00
0.00
0.00
0.00
0.00
96.00
669.92
1038.60
1405.34
1666.19
1662.84
1653.93
1667.18
1664.51
1661.45
1660.28
1655.12
1669.65
1693.52
1703.16
1690.94
1686.44
1690.71
1702.69
1673.17
1689.43
1683.96
1679.73
1689.60
1677.28
1682.04
1664.25
1665.81
1670.41
1675.36
1663.88
1662.04
1666.53
1654.87
1666.09
1656.88
1650.61
1654.57
1655.19
1657.55
1662.81
1671.39
1679.07
1705.31
1700.74
1700.62
1704.48
1703.45
1692.92
1696.80
1687.98
1671.92
1673.23
1676.98
1669.02
1661.77
1662.30
1664.57
1658.41
1649.81
1670.33
1691.50
1694.78
1680.57
1690.49
1700.20
1702.78
1705.74
1728.75
1706.45
1714.00
1715.12
1710.49
1715.99
1703.78
1694.50
1694.17
1696.93
1688.69
1686.91
1683.33
1688.65
1687.95
1669.38
1681.61
1685.07
1681.52
1662.79
1671.74
1694.99
1706.99
1706.34
1712.81
1710.03
1714.67
1712.17
1696.51
1705.92
1692.76
1679.76
1687.19
1691.38
1674.57
1662.42
1666.46
1662.04
1663.74
1614.01
732.58
0.00
0.00
0.00
1386.40
1663.71
1661.16
1669.74
1657.92
1674.97
1683.53
1681.28
1666.13
1672.02
1681.38
1663.77
1656.18
1666.93
1644.32
1645.49
1647.81
1666.33
1652.65
1660.34
1643.41
1632.01
1646.14
1656.74
1661.45
1697.93
1706.81
1719.70
1726.22
1722.34
1725.65
1717.92
1709.55
1705.22
1699.89
1700.42
1699.26
1700.74
1696.11
1689.65
1676.53
1674.16
1683.40
1680.34
1698.30
1753.80
1823.37
1853.95
1876.65
1864.93
1865.79
1866.73
1882.57
1896.28
1894.05
1898.63
1895.47
1889.74
1885.63
1938.13
1963.53
1957.45
1968.91
1972.49
1969.07
1972.58
1963.88
1952.82
1972.40
1974.38
1967.23
1967.47
1957.56
1970.78
1962.18
1965.85
1955.92
1953.59
1950.32
1972.05
1977.28
1975.47
1967.99
1963.70
1965.11
1961.84
1944.39
1950.67
1941.43
1942.11
1953.04
1944.67
1944.39
1956.80
1950.94
1948.25
1947.33
1942.32
1947.12
1952.26
1955.13
1936.62
1930.04
1936.09
1940.89
1940.35
1930.01
1926.03
1925.45
1938.61
1928.51
1923.98
1917.56
1894.61
1903.72
1909.30
1927.25
1937.17
1937.78
1919.55
2013.81
2050.05
2057.05
2064.27
2062.92
2059.10
2059.64
2048.70
2042.06
2051.38
2042.08
2039.80
2040.22
2028.71
2035.14
2037.64
2022.61
2027.83
2032.04
2028.55
2026.65
2037.07
2016.85
2021.94
2019.91
2019.90
2017.72
2042.52
2045.15
2041.49
2046.36
2041.62
2045.25
2035.53
2038.92
2033.67
2040.74
2037.34
2034.82
2037.29
2020.33
2025.94
2028.36
2034.54
2037.17
2024.84
2010.75
2016.19
2014.80
1957.60
1967.01
1960.79
1969.58
1971.40
1966.12
1979.16
1978.41
1970.43
1967.59
1961.13
1981.57
1993.26
1981.36
1977.49
1966.86
1962.14
1965.58
1970.21
1957.55
1954.14
1951.80
1961.02
1973.46
1963.34
1980.42
1987.50
1983.75
1976.01
1973.34
1977.09
1972.51
1964.20
1974.46
1959.00
1979.57
1976.32
1952.51
1977.58
1980.89
1983.40
1975.83
1975.06
1998.59
1987.82
1966.61
1968.83
1987.67
1993.35
1989.47
2000.87
1995.73
1991.11
1989.80
1990.17
1983.04
1991.66
1983.66
1979.91
1989.88
1990.58
1987.49
1978.37
1971.84
1986.10
1980.56
1987.63
1985.97
1993.45
1984.33
1986.59
1988.39
1995.30
1992.88
1990.30
1992.35
1983.76
1983.45
1996.09
1990.00
1985.12
1977.57
1975.71
1981.38
1983.73
