14.52
14.64
14.84
14.63
14.73
14.67
14.61
14.50
14.65
14.29
14.64
14.62
14.60
14.08
14.15
14.49
14.46
14.32
14.46
14.67
14.44
14.20
14.65
14.67
14.60
14.78
14.71
14.67
14.51
14.24
14.74
15.13
15.97
17.07
14.89
16.20
16.08
16.66
14.80
15.94
16.54
15.23
14.84
14.62
14.81
14.64
14.51
14.22
14.37
14.60
14.55
14.31
14.31
13.82
14.45
14.55
14.80
14.65
14.68
15.19
14.97
15.39
14.84
14.74
17.58
14.38
15.24
15.18
14.64
14.04
14.19
14.29
14.24
14.93
14.07
14.18
14.09
13.62
14.05
14.36
15.64
15.15
14.57
15.96
14.48
15.21
15.20
15.23
16.04
15.69
14.63
14.48
15.81
14.20
14.27
14.01
13.44
13.81
13.47
13.82
13.81
13.86
13.74
14.04
14.02
13.95
14.18
13.99
14.04
13.97
13.82
14.05
13.77
14.01
15.03
13.58
13.97
13.93
13.57
14.04
14.22
14.05
14.10
13.41
14.13
13.97
13.60
13.96
14.09
14.05
14.05
13.42
14.28
14.21
14.32
14.90
14.31
14.47
14.22
14.61
14.13
14.13
14.29
13.67
13.70
14.15
14.08
14.09
14.08
13.88
14.16
14.95
16.42
17.75
16.78
17.51
15.76
17.16
16.36
15.53
15.33
14.87
16.45
15.43
12.66
14.42
14.74
15.30
16.22
18.53
18.69
18.11
17.13
15.98
15.43
15.23
18.41
14.93
17.34
17.84
15.62
15.80
15.78
18.18
15.92
16.26
16.78
15.11
13.86
14.48
14.36
15.93
16.74
16.02
15.89
15.88
14.68
14.13
14.29
14.97
14.94
17.21
15.71
15.13
15.44
17.78
15.82
16.63
15.95
17.98
16.64
16.79
16.20
16.40
16.19
16.09
16.21
15.56
15.16
15.04
14.83
13.67
13.50
14.90
15.92
16.48
8.37
15.78
15.89
16.15
16.58
15.59
19.43
15.70
17.15
16.75
14.11
14.43
15.03
15.64
16.41
17.09
17.06
15.68
14.86
15.05
14.18
14.24
16.65
15.42
14.74
14.71
14.82
14.25
15.49
16.42
17.18
16.57
16.16
14.12
14.58
20.33
19.00
15.71
17.48
17.44
16.49
15.60
15.28
15.30
14.72
14.29
14.45
14.16
13.61
14.46
14.24
14.10
14.40
14.03
14.66
14.02
14.58
13.75
13.86
14.41
14.15
13.98
14.10
14.19
13.83
13.50
14.26
13.84
13.86
13.61
14.38
14.66
15.74
13.83
13.98
14.80
14.15
13.89
14.49
13.90
13.85
13.99
14.09
13.95
13.39
13.78
13.57
14.52
13.95
13.59
13.70
13.63
13.84
13.96
15.60
16.88
16.35
16.00
14.68
19.45
19.90
18.74
18.87
20.63
17.35
16.94
15.31
15.15
16.04
16.98
15.89
15.88
16.28
15.16
13.55
13.70
14.15
14.00
14.97
19.10
19.00
19.12
15.32
18.30
15.86
14.91
15.09
16.07
15.00
16.64
14.99
14.49
14.09
14.54
13.82
14.04
15.31
14.66
14.01
13.36
13.82
13.83
16.38
17.10
16.58
16.96
15.51
18.08
14.86
17.18
15.79
19.86
16.13
15.66
14.89
14.49
13.94
14.23
14.31
14.10
15.53
15.02
14.99
14.68
15.11
15.24
17.74
24.79
26.28
16.54
17.65
15.64
15.08
15.57
17.15
19.39
15.31
15.81
16.48
15.88
15.24
16.39
15.65
15.20
16.20
15.38
14.42
13.80
13.54
14.24
15.81
15.27
15.20
16.93
14.99
17.77
16.62
21.34
16.84
17.49
14.85
15.19
14.19
14.40
13.92
14.25
14.26
14.16
13.95
14.05
14.07
14.04
13.69
13.86
14.23
14.30
14.09
14.37
13.98
14.02
13.98
13.88
14.60
14.16
13.83
15.18
14.04
15.36
15.50
15.45
14.86
14.40
14.02
14.13
14.37
14.13
14.23
15.51
16.79
14.57
16.54
17.00
15.70
15.94
14.22
14.30
14.24
14.15
13.86
15.42
15.27
15.77
15.29
15.28
15.32
14.93
16.05
15.79
15.52
15.53
15.16
16.50
16.09
14.69
14.38
14.57
14.62
14.23
14.37
13.38
14.42
14.41
14.40
14.39
14.43
14.61
14.18
13.40
14.35
14.34
14.36
13.94
14.08
14.10
14.31
14.22
16.38
17.16
15.89
15.31
16.24
16.51
16.06
18.34
18.00
18.57
16.56
14.98
15.49
15.02
15.20
15.22
15.13
15.21
16.75
16.18
16.94
15.97
15.46
16.32
16.28
17.81
17.01
15.96
14.86
16.53
15.22
16.87
16.32
17.83
16.72
16.34
14.96
14.72
14.39
14.33
14.42
15.20
15.97
14.95
15.37
14.85
15.38
15.87
15.37
15.72
14.07
13.96
18.53
19.72
19.46
16.90
13.16
13.92
16.02
13.80
12.62
12.83
12.07
13.87
14.41
15.84
15.93
14.91
14.27
13.33
13.33
13.46
13.68
14.83
13.53
13.15
14.48
13.63
13.04
14.64
14.79
14.42
14.01
13.32
12.18
12.66
11.90
11.90
12.05
12.06
11.87
11.85
12.10
11.82
11.83
12.07
12.06
12.04
12.46
12.47
12.00
12.08
12.58
11.83
11.79
11.80
11.83
11.89
11.91
12.72
12.50
12.07
11.99
12.03
12.02
11.70
12.05
12.02
11.99
11.86
11.87
15.04
12.09
12.18
12.06
11.69
11.86
12.29
11.79
11.89
11.91
12.63
11.97
13.02
13.08
12.08
11.94
11.73
12.10
11.77
11.76
11.90
12.13
12.75
13.34
13.69
13.66
12.70
14.45
14.54
13.95
14.35
15.40
16.70
16.39
14.42
12.72
13.75
13.70
13.44
13.37
13.18
13.00
12.59
11.91
12.66
12.09
12.68
13.58
13.77
13.08
12.67
18.59
19.53
20.20
20.90
3.06
13.42
14.12
14.26
12.52
12.22
13.06
12.86
12.38
13.85
14.41
13.81
13.69
13.29
12.91
12.57
13.04
15.72
13.62
13.26
13.21
14.40
15.09
12.58
15.20
14.98
14.27
11.92
11.62
12.40
11.81
12.48
11.64
12.09
13.41
12.81
12.29
13.11
12.96
13.61
15.08
14.31
14.88
14.36
14.69
14.47
14.11
13.74
15.19
12.68
13.56
11.89
12.11
11.90
13.03
11.94
12.06
12.51
12.78
12.74
12.25
11.93
12.05
12.74
12.75
15.54
13.37
13.86
13.41
14.55
16.03
17.40
16.78
15.14
14.34
12.98
12.00
11.55
11.93
12.00
11.66
12.55
12.70
12.53
12.62
12.13
12.53
12.88
12.72
12.40
13.06
12.34
11.97
12.17
11.93
12.67
12.69
12.24
12.34
11.93
12.19
12.07
12.24
12.97
11.88
11.58
12.01
12.03
11.76
11.73
11.63
12.13
11.85
16.98
11.81
12.62
11.67
11.89
12.10
12.81
11.93
11.75
12.13
12.59
12.01
12.02
12.06
12.42
12.37
13.34
12.85
12.73
12.94
12.45
12.17
12.49
13.99
13.30
13.57
13.52
12.57
16.89
12.88
17.32
18.73
16.47
14.66
13.98
12.51
12.29
12.32
12.33
12.63
12.36
12.34
12.24
12.06
11.88
11.59
13.00
13.23
14.81
15.03
12.86
14.18
14.85
12.62
14.63
14.22
14.02
14.08
14.80
12.95
13.99
11.95
12.05
12.17
12.23
13.35
13.35
13.10
13.54
12.98
14.18
15.10
16.71
17.24
13.67
15.14
14.66
14.79
14.63
15.67
15.90
13.79
13.21
14.34
12.44
12.11
11.59
12.81
12.79
13.25
12.86
12.75
12.24
12.14
13.11
14.91
13.89
14.07
14.73
15.39
14.31
14.51
14.14
13.97
15.94
14.86
13.19
11.63
12.30
13.89
13.26
12.94
13.07
14.54
12.59
12.37
12.51
12.32
13.01
14.58
14.71
14.77
14.79
14.41
12.91
13.99
12.94
13.40
14.11
12.98
13.06
12.27
12.47
12.39
13.06
12.31
12.05
12.04
12.18
12.12
12.09
12.18
12.07
12.31
12.16
12.11
12.30
12.33
12.27
12.83
12.16
13.03
12.17
12.22
12.41
12.87
12.51
12.24
12.46
12.46
12.26
12.18
12.13
12.39
12.02
12.41
12.33
12.07
12.22
12.24
12.29
12.37
12.08
12.00
12.76
12.40
12.88
13.06
12.87
12.66
12.31
11.91
12.04
12.21
12.31
12.04
12.33
12.10
11.90
12.15
12.95
14.34
15.21
13.14
12.77
13.43
14.81
13.45
13.70
13.44
13.44
14.57
14.50
13.06
12.57
12.50
12.45
12.45
12.45
12.61
12.50
12.44
12.39
12.44
13.16
13.54
15.48
14.58
14.27
13.38
13.65
14.63
14.83
15.87
14.58
14.61
13.23
13.00
12.28
12.41
13.00
13.10
13.19
13.24
13.26
13.17
13.17
12.74
12.63
13.73
16.18
13.29
14.89
17.28
21.33
19.68
17.66
15.76
15.31
14.43
13.06
12.53
12.15
12.84
13.90
13.82
12.85
15.08
14.72
13.67
12.48
12.50
12.54
14.06
12.53
13.76
13.35
12.45
12.82
14.26
12.55
13.82
13.72
13.88
12.89
12.62
12.11
14.70
12.15
12.26
12.25
12.01
11.90
5.91
5.93
11.92
11.89
13.91
13.11
12.83
14.17
15.61
13.29
14.08
13.23
13.18
15.47
13.70
13.33
13.29
12.39
12.00
13.76
12.20
12.04
11.64
12.12
12.13
11.57
11.74
12.09
12.17
12.35
12.28
12.45
13.96
12.56
13.48
12.42
12.40
12.94
12.17
12.38
12.92
12.47
13.54
12.36
13.53
12.99
13.02
12.94
13.18
13.27
12.68
12.71
12.42
13.52
12.22
12.48
12.53
12.57
12.93
12.68
13.02
12.27
14.48
12.56
12.08
12.49
12.42
12.31
12.42
12.24
13.24
12.25
12.43
12.47
12.42
12.49
13.33
15.31
16.32
13.28
12.92
16.02
13.67
14.45
15.15
15.58
13.36
14.75
13.45
12.84
13.40
12.50
12.62
12.10
12.44
12.03
12.32
12.88
12.42
12.66
13.96
17.92
15.47
14.42
15.65
15.78
16.11
15.88
15.78
14.36
13.65
14.13
14.79
13.49
12.53
13.24
12.54
12.54
13.01
12.31
12.29
12.11
12.15
12.85
13.62
16.47
10.76
14.79
14.52
14.54
14.98
12.31
16.24
17.18
15.29
13.67
12.46
12.33
12.71
12.26
12.46
12.36
12.55
12.19
12.00
12.08
12.16
12.32
13.89
15.21
13.39
12.99
13.88
14.08
13.18
14.96
15.09
15.19
14.15
14.53
13.89
13.37
13.35
13.00
12.83
12.63
12.67
12.48
13.00
12.90
13.06
13.33
11.96
7.41
6.77
7.20
6.70
8.69
8.31
8.09
8.43
8.11
9.33
13.64
13.55
12.35
12.47
12.30
12.32
12.25
12.01
12.26
12.10
12.05
11.98
8.59
11.11
10.67
6.38
5.69
6.07
7.77
5.82
5.28
6.51
6.32
8.74
12.66
13.28
12.01
12.40
12.13
12.28
12.12
12.27
11.84
12.00
11.88
12.01
9.03
5.34
5.46
5.37
5.50
5.24
5.22
5.13
4.93
6.12
5.01
7.48
11.89
11.65
12.47
12.43
12.00
11.86
12.18
11.84
11.59
11.63
11.82
11.80
8.41
5.88
7.99
5.86
7.25
7.94
11.02
10.74
11.78
11.70
8.58
7.22
14.26
12.56
11.69
11.88
11.95
12.17
11.95
11.78
11.41
11.68
11.81
12.68
8.00
5.59
7.89
9.71
5.77
9.23
8.21
7.03
9.04
8.44
6.79
8.73
13.92
12.37
12.68
11.22
11.64
11.45
11.79
12.84
12.24
12.22
12.81
11.82
10.25
7.05
7.86
7.41
7.33
6.69
8.89
8.48
7.21
9.88
8.03
9.03
12.68
11.80
11.79
12.15
11.67
11.46
11.61
11.80
12.15
11.34
12.09
12.17
8.07
6.41
8.40
9.37
7.41
6.97
6.95
6.69
8.10
7.95
8.41
8.75
12.52
12.72
12.66
13.49
12.23
11.71
11.73
11.93
11.43
11.72
11.57
11.77
10.65
4.79
5.90
4.66
5.21
5.76
9.48
7.56
6.22
7.15
6.15
8.39
12.38
11.74
12.29
12.21
11.94
12.00
12.06
12.07
12.04
11.93
11.94
11.92
9.04
4.78
4.83
4.78
4.82
4.73
4.88
4.82
4.79
5.10
4.79
6.34
11.83
12.40
12.16
12.11
12.27
12.15
12.09
12.10
11.98
11.88
12.08
12.12
6.92
4.75
10.69
8.58
4.85
4.72
4.75
4.79
4.77
4.62
5.17
6.07
12.58
11.84
12.03
12.00
11.82
12.09
12.00
12.05
12.21
12.17
11.67
12.05
8.52
5.54
6.76
6.85
5.50
5.38
5.37
4.79
5.19
6.80
5.72
5.89
12.45
13.93
12.83
12.02
12.10
11.82
11.88
12.50
11.89
12.08
11.52
12.12
7.96
6.13
5.71
6.60
5.55
5.98
5.80
4.78
4.70
5.80
5.00
7.89
12.03
12.10
11.50
11.81
11.63
11.93
11.95
11.70
11.87
11.91
11.45
11.70
7.16
4.94
5.38
4.85
4.80
5.41
5.74
5.93
5.73
6.17
8.12
7.28
12.35
12.09
11.93
11.84
12.05
12.10
11.44
11.72
11.69
11.84
11.92
11.78
9.58
5.03
6.61
4.82
5.39
5.13
4.89
5.91
6.13
6.50
5.91
6.37
12.54
13.13
12.49
12.37
12.72
12.17
12.12
11.94
11.84
11.80
11.63
11.89
12.34
5.40
5.00
4.94
4.91
5.26
5.03
5.87
4.94
4.98
4.91
5.62
12.26
12.33
12.20
12.25
12.52
12.23
11.99
12.26
12.27
12.12
12.13
11.92
6.97
11.39
9.21
5.41
5.05
4.98
4.99
4.79
4.91
4.81
4.74
7.01
12.22
12.20
11.98
11.91
12.38
12.38
12.36
12.22
12.42
12.28
13.13
11.87
8.45
10.12
5.48
5.05
4.89
4.93
4.86
4.79
4.81
5.04
5.09
7.63
12.45
12.29
12.37
11.96
12.11
12.18
12.04
12.07
12.06
12.00
12.07
12.16
7.09
5.73
6.17
5.21
6.46
6.33
6.73
6.75
6.67
7.16
7.77
9.88
15.92
13.92
13.49
12.43
12.13
12.14
12.22
12.04
12.02
12.20
12.17
12.14
13.63
7.18
6.43
8.92
6.57
7.52
7.14
6.48
7.90
7.33
7.67
8.63
13.89
13.12
12.68
12.79
12.80
12.84
12.83
12.63
12.64
12.37
12.55
12.34
12.69
5.62
7.37
9.06
7.01
6.40
8.95
7.24
7.47
6.65
7.82
9.66
14.11
13.00
12.48
12.05
12.39
12.53
12.03
12.23
12.13
12.17
12.39
12.42
5.65
11.22
13.67
10.81
9.15
7.52
7.35
5.46
6.42
6.80
8.15
8.14
14.29
13.81
12.51
14.46
12.65
12.56
12.53
12.30
12.17
12.15
12.18
11.88
5.39
5.20
6.67
8.82
9.60
9.83
10.42
9.93
9.81
9.68
8.85
8.16
12.79
13.43
12.61
12.16
12.04
12.07
11.99
11.77
11.91
12.13
11.95
11.86
5.29
4.89
4.84
4.87
4.81
4.90
4.92
4.81
4.71
4.85
5.23
4.80
12.55
12.81
12.41
12.88
13.11
13.45
12.95
13.06
12.69
13.17
13.09
12.53
6.58
11.28
9.06
4.83
4.91
4.95
4.88
4.81
4.75
5.28
5.78
5.80
11.39
12.26
12.21
12.29
12.11
12.32
12.52
13.20
12.77
12.60
12.52
11.96
5.34
9.21
13.51
13.43
7.24
6.54
9.22
8.45
6.64
9.05
6.57
6.25
12.39
12.16
13.34
12.78
11.95
12.49
12.43
12.91
12.15
11.45
12.80
11.96
6.05
6.15
6.78
5.68
6.40
5.95
8.73
6.74
7.98
6.20
6.46
7.13
12.85
13.94
12.70
12.93
12.25
12.12
12.50
12.52
12.14
12.00
12.16
12.21
6.05
6.15
6.27
6.21
7.41
6.96
9.64
8.18
8.69
8.21
7.53
7.87
12.75
12.79
12.86
12.09
12.13
12.52
12.51
12.18
12.34
12.60
12.22
12.27
5.28
6.91
7.51
8.82
9.01
7.11
8.22
7.11
8.17
10.72
6.34
6.76
13.58
13.47
12.69
14.15
16.02
14.73
14.39
13.94
13.80
13.34
13.28
12.18
5.96
7.45
6.25
5.35
5.95
5.86
6.24
5.65
7.98
7.22
6.93
6.43
12.07
12.54
13.08
12.50
12.52
12.37
12.44
14.58
13.37
12.46
13.09
13.35
6.21
5.36
5.46
5.16
5.27
5.90
5.57
5.16
5.11
5.02
6.03
5.90
12.77
12.75
13.03
12.34
13.47
13.38
13.54
13.10
13.32
13.35
12.97
12.72
5.33
12.84
16.49
8.49
5.34
5.09
6.19
5.37
4.96
4.98
4.68
5.48
11.59
12.16
12.12
12.17
12.09
12.35
12.39
13.03
13.29
13.30
13.22
11.93
5.99
6.57
6.54
7.17
6.28
7.74
6.15
6.32
6.32
9.32
7.12
7.55
12.04
14.66
12.42
12.79
13.27
13.42
13.22
13.44
13.19
12.62
12.30
11.63
5.33
6.12
10.57
9.71
7.34
9.07
8.60
8.32
7.47
8.98
8.47
8.39
12.52
12.80
13.90
12.47
12.32
12.63
12.27
12.16
12.16
12.14
12.71
12.39
5.87
6.32
7.31
6.20
6.20
6.75
8.23
7.57
6.38
7.52
8.26
9.72
14.13
12.86
12.20
12.12
12.21
12.53
12.23
12.57
12.23
12.26
11.87
11.12
5.28
5.62
5.82
8.42
7.76
7.67
8.04
8.12
9.39
8.21
6.39
6.97
13.04
14.85
14.20
13.58
10.72
6.88
13.09
14.64
13.82
12.97
12.40
10.09
5.78
5.09
6.07
6.22
5.85
7.35
9.37
5.13
8.36
6.08
5.92
6.04
11.44
13.46
12.42
12.14
12.26
12.33
12.84
12.74
12.92
12.84
12.51
11.65
5.19
5.01
5.03
5.11
6.70
5.20
5.77
4.93
5.38
4.85
4.84
5.16
11.55
12.37
12.31
12.38
13.01
12.30
12.31
12.26
12.11
12.11
11.61
10.40
4.91
4.88
4.81
4.77
4.99
5.39
5.01
5.49
5.40
5.86
4.84
4.89
11.04
12.16
12.24
11.90
12.23
12.14
12.29
12.33
11.93
12.15
12.06
11.34
5.18
6.50
8.05
8.28
6.59
5.95
7.20
6.48
7.81
8.11
6.87
7.63
12.22
13.87
13.32
12.52
12.23
12.41
12.65
12.64
12.31
12.36
12.21
10.84
4.93
5.54
8.05
7.22
6.81
6.53
8.18
6.35
7.52
8.84
6.89
7.78
12.29
14.00
12.95
13.86
12.34
12.44
12.27
12.50
12.15
11.95
12.08
9.15
5.19
6.03
7.39
5.97
7.33
5.59
8.51
8.37
6.06
8.87
8.66
8.86
13.59
13.34
12.27
12.07
12.34
12.54
12.39
12.78
12.28
12.22
12.73
10.74
5.45
5.41
6.16
5.93
6.17
9.12
12.72
14.24
13.04
11.82
7.90
7.09
11.91
14.03
13.20
15.34
12.52
12.54
13.48
14.06
12.15
12.24
12.40
9.68
6.22
7.58
6.19
5.12
6.05
7.15
7.34
6.50
5.65
7.31
7.13
5.88
11.43
12.33
12.34
12.88
11.73
12.07
12.21
12.30
11.99
12.13
12.08
9.91
4.56
4.85
4.91
4.88
5.48
5.05
5.48
4.93
4.84
4.72
5.10
4.88
10.70
12.21
12.26
12.33
12.14
12.31
12.34
12.35
11.98
12.14
11.94
9.26
4.59
5.05
10.86
8.59
4.83
4.89
5.44
5.36
6.00
4.89
5.11
5.00
11.40
12.70
12.20
12.06
12.16
12.22
12.20
12.01
11.87
12.08
12.00
8.38
4.94
5.75
6.26
6.64
5.56
6.20
7.05
7.60
7.14
7.76
6.90
8.22
13.16
13.23
12.35
12.90
13.69
12.67
12.74
11.96
12.00
12.11
12.02
9.06
5.17
5.20
6.79
8.25
7.96
7.20
7.08
7.23
8.19
8.75
8.04
8.16
10.34
13.16
13.07
12.74
12.58
12.41
12.37
13.72
12.62
12.59
12.30
8.79
4.88
6.08
7.43
8.31
6.18
7.20
8.95
7.74
5.88
7.97
7.08
7.66
11.99
13.94
12.44
12.93
13.17
12.50
13.29
14.42
12.36
12.06
12.32
9.47
5.18
6.64
7.53
8.25
7.43
3.69
7.85
6.61
6.83
6.29
8.49
7.82
14.26
12.47
12.19
12.51
12.35
12.81
12.24
12.70
12.73
12.18
11.91
12.46
5.43
5.53
6.75
5.85
5.59
5.76
7.26
6.59
7.31
6.11
5.86
7.15
10.48
13.53
12.28
12.34
12.58
12.46
12.39
12.83
12.45
12.38
12.33
8.10
4.72
4.97
5.43
4.77
5.79
6.06
6.08
5.90
6.97
7.81
6.79
5.57
9.73
12.46
12.70
12.59
12.77
12.86
12.41
12.22
12.37
12.04
12.19
7.63
4.82
4.84
4.89
4.93
4.77
4.97
4.91
4.96
11.28
10.92
11.82
11.52
11.92
12.47
12.84
12.34
12.87
12.12
12.38
12.49
12.15
12.20
12.12
7.83
4.92
6.09
8.79
7.62
7.41
7.76
8.16
7.38
6.96
8.21
7.81
7.39
12.05
13.13
13.03
12.26
12.36
12.57
12.43
12.26
11.93
12.15
12.12
7.83
6.16
6.51
7.52
7.53
7.36
6.51
7.65
8.18
7.51
6.76
6.76
11.07
13.86
14.07
13.04
12.86
12.17
12.75
13.15
12.42
12.58
12.59
12.21
7.89
5.70
6.70
7.57
6.15
7.83
6.67
7.25
9.44
6.68
8.04
8.94
6.93
12.18
12.90
12.87
12.21
12.23
12.50
12.26
12.20
12.26
12.16
11.59
7.40
4.90
6.09
6.48
9.13
6.63
8.20
6.50
9.01
6.84
9.23
7.21
6.64
13.50
17.48
16.17
15.28
15.13
13.86
13.62
13.66
13.54
13.67
13.40
7.60
5.70
5.82
7.05
7.25
5.89
6.52
6.71
6.04
5.85
6.52
6.14
5.41
10.06
12.47
12.41
13.27
12.71
12.36
12.87
12.89
11.97
12.16
12.12
7.10
7.93
11.15
6.78
4.95
5.00
5.07
5.60
4.99
5.77
6.64
6.15
6.24
9.53
12.44
12.50
12.42
12.85
12.46
12.44
12.30
12.27
12.15
11.91
6.87
4.58
4.81
5.30
4.74
4.82
4.86
10.53
11.39
10.44
6.90
5.03
4.75
14.48
20.89
21.31
12.81
12.36
12.12
12.84
12.51
12.24
12.64
12.09
6.94
5.29
7.14
5.06
6.13
6.66
7.59
8.46
6.78
7.11
6.41
8.44
7.69
9.63
13.64
13.12
13.11
12.22
12.49
12.44
12.31
12.25
12.56
12.82
8.27
5.32
6.61
7.33
9.87
8.80
9.36
7.37
7.33
7.41
7.81
8.55
7.32
10.69
12.66
13.02
13.65
12.33
12.02
12.44
12.99
12.01
11.96
12.09
6.55
5.07
5.48
7.70
8.83
6.18
7.61
10.10
7.12
7.80
8.10
8.09
8.44
10.82
11.73
13.86
12.82
13.08
12.54
12.24
13.02
12.20
12.12
12.05
6.20
4.98
6.69
6.72
6.42
9.03
8.15
8.68
9.69
8.36
9.68
6.57
7.91
9.83
14.75
13.80
13.74
12.89
15.28
14.45
12.31
12.10
11.83
12.16
6.20
5.01
5.07
5.32
5.66
6.10
6.04
6.62
6.25
6.80
6.31
6.55
6.80
10.19
12.23
12.97
13.47
12.36
12.22
12.45
12.40
12.24
11.54
12.05
6.10
4.93
4.91
5.11
5.82
6.12
5.68
5.17
5.68
5.16
5.94
5.28
5.29
8.06
12.63
12.84
13.03
12.23
12.11
11.95
12.32
12.54
12.19
12.25
6.46
4.73
4.89
4.87
5.04
5.03
9.09
10.87
9.15
6.07
6.20
5.73
5.26
9.93
12.35
12.28
12.83
12.26
12.30
12.26
12.47
12.26
12.33
12.08
9.62
5.26
6.38
5.65
6.20
6.91
6.87
8.18
7.36
8.23
7.76
6.03
6.37
10.48
13.47
12.82
13.39
12.78
12.82
12.97
12.35
12.17
11.94
11.99
5.96
6.06
5.58
5.99
6.54
6.66
6.31
5.97
9.34
8.40
8.85
5.92
6.53
8.53
12.13
11.92
13.92
14.58
14.41
13.12
13.81
13.55
13.73
14.02
7.54
6.40
7.91
8.30
7.47
7.22
8.45
9.92
7.79
8.25
8.26
8.69
7.56
11.66
13.38
13.48
13.18
14.10
13.53
13.50
12.97
13.12
13.60
12.68
6.28
6.30
6.10
6.50
7.77
6.49
6.57
8.31
8.03
8.58
9.55
9.33
6.80
11.42
13.98
13.47
13.35
13.74
15.33
13.00
12.82
13.05
12.93
12.63
6.23
5.72
6.96
7.97
7.58
8.58
9.12
8.35
8.78
6.81
8.34
8.75
7.76
9.57
13.54
13.30
13.23
12.78
13.42
13.30
13.77
13.13
13.23
12.96
5.95
5.66
5.86
12.95
11.42
5.95
6.46
6.39
6.67
6.44
6.74
6.97
6.50
9.28
14.23
13.59
13.60
13.63
13.89
13.49
13.41
13.02
13.19
13.17
6.11
5.73
6.27
5.97
6.11
6.04
6.25
6.43
6.46
7.50
6.75
6.60
6.59
10.86
14.01
13.43
13.45
13.53
12.85
13.43
13.22
12.94
13.18
13.10
7.87
6.06
5.88
7.35
7.05
6.18
6.79
7.00
7.15
6.60
7.25
7.00
8.38
8.99
14.08
13.61
14.90
13.61
12.99
13.28
13.21
13.09
12.76
13.47
6.28
6.34
5.78
6.61
6.73
6.66
7.90
7.24
7.76
7.51
6.86
7.64
7.02
9.79
14.79
12.95
13.38
13.27
12.59
12.50
13.15
13.04
12.99
12.83
8.56
6.21
5.72
7.87
7.13
6.91
9.07
6.69
6.60
6.59
5.90
8.26
6.49
10.44
15.29
13.66
14.10
14.61
14.27
13.88
12.76
13.04
12.92
12.28
5.14
5.53
5.75
7.33
6.36
6.44
7.11
5.82
7.66
7.77
6.36
7.59
6.55
8.98
13.20
13.19
16.53
13.47
12.98
12.66
12.70
13.11
13.61
13.50
6.65
6.13
6.82
3.36
6.70
6.47
6.85
8.24
6.53
6.30
6.59
7.63
7.29
8.88
12.86
13.73
12.91
12.45
13.14
13.06
12.92
12.50
12.97
12.92
6.37
5.59
5.46
5.61
5.71
6.74
5.67
5.83
6.18
5.98
6.29
5.79
6.89
9.98
13.03
15.38
12.87
13.11
12.66
13.14
13.23
12.74
12.57
12.71
5.46
5.34
5.56
5.57
6.11
5.72
6.18
5.65
5.69
5.90
5.66
5.48
6.17
8.10
12.69
12.59
13.20
12.74
12.15
13.53
13.12
12.83
12.36
12.51
5.47
5.61
6.49
9.11
6.83
6.89
6.16
6.05
7.66
6.85
6.29
7.63
6.53
8.30
13.57
13.38
13.27
13.22
13.14
12.89
13.14
12.94
12.97
12.55
5.83
6.38
7.25
7.07
6.75
6.22
6.36
6.44
7.81
7.22
8.46
10.43
7.58
9.43
14.34
13.88
13.65
13.61
13.50
13.43
13.51
13.63
13.33
12.68
5.95
6.78
8.03
7.64
6.80
7.62
7.00
7.41
8.19
8.17
9.17
9.49
7.80
10.15
13.94
14.27
13.95
14.59
14.06
13.75
13.84
13.72
12.99
13.62
7.76
6.40
8.63
15.13
12.50
7.39
7.53
7.08
7.05
9.74
8.66
10.70
8.11
9.67
14.19
14.63
14.39
13.96
14.02
13.41
14.16
13.40
13.12
12.90
6.14
6.23
6.50
6.68
7.01
6.55
6.74
7.18
7.28
7.06
8.01
7.23
5.91
7.72
13.17
12.76
13.03
12.87
12.98
12.78
12.68
12.98
12.81
11.81
5.31
5.32
5.42
5.60
5.40
5.65
5.72
6.37
5.87
5.77
5.91
5.73
5.84
8.58
12.94
13.05
12.60
13.09
13.05
12.92
12.95
13.12
13.13
12.72
9.08
6.11
5.64
7.46
11.77
7.69
10.57
11.92
11.36
11.89
11.80
12.30
7.15
12.18
13.45
14.20
13.05
13.13
13.25
13.08
12.83
12.88
13.31
12.71
6.33
5.37
6.57
6.19
5.51
5.82
6.23
6.41
6.85
5.54
7.08
6.58
5.87
7.90
12.28
12.68
12.81
12.25
12.93
12.79
12.92
12.78
12.27
11.67
5.81
5.95
10.31
12.26
11.77
12.12
12.08
8.40
7.32
6.73
6.57
9.92
5.98
6.90
12.55
12.65
12.91
12.71
12.51
12.90
13.31
13.44
12.74
12.65
7.40
5.68
7.31
7.18
6.36
8.01
6.62
6.06
6.45
6.66
8.14
7.35
7.35
10.99
13.52
12.32
13.05
12.96
12.79
12.63
12.95
13.62
13.58
13.03
5.69
7.99
12.67
13.88
12.25
11.74
8.97
6.81
6.67
6.84
6.91
7.07
6.32
8.12
12.75
12.64
13.19
12.98
12.91
12.75
12.70
12.73
12.65
11.39
5.45
5.21
9.88
12.46
12.20
13.07
13.40
12.38
11.84
12.33
9.13
6.96
5.84
6.48
12.35
12.56
12.59
12.42
12.61
12.47
12.36
12.14
12.52
11.09
5.48
5.65
5.68
5.63
5.79
5.56
6.20
6.00
6.00
7.08
5.85
6.21
6.15
6.89
13.27
13.03
13.00
13.02
12.98
12.93
12.73
12.59
12.91
11.32
5.75
5.62
5.80
5.94
5.98
5.84
6.04
5.97
6.08
5.73
6.01
6.00
6.00
7.65
12.50
12.93
12.56
12.61
12.88
12.85
13.44
12.53
12.90
11.63
5.67
5.57
5.66
5.70
5.66
5.53
5.67
5.76
5.86
5.73
5.74
5.70
6.34
6.58
12.46
13.86
12.72
12.59
12.86
12.66
12.70
12.30
12.35
11.18
5.60
6.09
7.25
5.93
6.96
7.01
12.21
13.96
10.97
8.12
8.10
8.03
7.01
8.05
13.59
13.43
13.60
13.10
12.76
12.97
12.44
12.83
12.93
11.42
5.76
6.10
6.82
6.67
6.07
6.64
7.34
6.51
7.28
7.36
7.03
7.57
7.86
8.40
13.27
14.19
13.25
13.04
12.44
12.75
12.75
12.47
12.44
11.51
5.83
8.28
13.30
13.72
12.60
13.26
7.70
8.23
7.08
7.41
7.99
10.16
7.78
7.62
13.16
13.52
13.69
13.35
13.37
13.09
12.94
13.15
13.09
12.37
6.34
6.79
11.07
14.20
14.30
14.29
12.73
7.78
8.16
8.13
8.99
7.68
7.04
8.27
13.68
13.32
13.71
13.52
13.19
13.66
13.51
13.04
13.26
11.76
6.15
6.00
6.31
6.43
6.36
6.76
6.68
6.83
7.36
7.11
6.73
6.85
6.96
7.63
14.42
14.08
14.56
14.06
13.75
14.14
14.18
14.11
13.69
12.30
6.20
6.26
6.32
6.84
6.34
7.24
6.83
6.85
6.77
6.77
6.97
6.87
6.85
7.28
14.17
14.12
13.98
14.28
13.84
14.19
14.42
14.08
13.54
12.62
6.30
6.53
11.44
15.50
13.06
13.80
15.08
14.81
15.39
11.17
9.77
9.93
9.29
8.27
14.73
14.70
14.64
14.67
14.18
16.21
15.31
15.28
14.74
13.35
6.33
7.08
8.65
8.35
7.38
8.58
8.22
7.80
7.93
9.73
8.69
10.05
8.54
9.03
16.17
16.53
15.84
15.27
15.35
15.43
15.53
15.57
15.48
13.43
6.55
6.62
10.82
15.70
16.32
14.87
14.78
14.41
12.84
9.15
10.06
10.03
9.47
8.97
16.41
16.16
15.95
15.97
16.12
15.24
15.97
15.95
15.22
13.80
6.98
9.37
14.46
15.52
14.81
14.77
13.47
9.96
9.02
8.19
8.88
10.27
8.18
8.71
16.95
16.84
17.03
16.28
15.81
16.56
16.97
16.02
16.01
14.87
7.17
7.99
7.69
7.38
8.63
8.20
8.68
8.52
9.26
9.93
10.19
10.53
8.66
8.41
16.72
16.70
16.55
16.38
15.94
16.20
15.95
15.95
15.10
13.17
6.52
6.58
6.85
6.88
7.04
7.81
7.35
7.48
7.45
7.63
7.49
7.63
7.58
7.88
16.11
16.72
16.78
16.50
16.04
15.68
15.74
15.79
15.09
12.64
6.52
6.70
6.92
6.70
13.08
13.44
8.77
8.08
7.84
7.91
7.79
8.06
8.42
8.33
17.04
16.78
17.35
16.70
15.94
16.52
16.14
16.07
15.96
15.12
7.40
7.40
9.60
12.38
15.29
15.56
14.78
9.36
9.82
10.27
10.31
10.53
9.79
8.81
17.00
16.98
16.90
16.49
16.77
16.59
16.68
16.48
16.99
14.57
8.01
7.85
12.91
16.69
15.97
14.82
15.25
15.43
15.49
9.34
9.68
12.25
8.86
9.84
16.95
17.02
17.08
16.30
16.59
16.09
16.61
16.54
16.65
14.69
8.03
8.59
11.89
10.23
9.07
9.12
10.39
9.13
10.45
10.01
9.97
11.10
8.97
9.44
17.21
16.83
17.17
17.06
17.01
16.77
16.43
16.40
16.28
14.46
8.02
8.06
9.40
9.46
9.06
9.10
11.65
10.11
10.26
10.72
11.57
11.42
9.33
9.43
16.73
16.52
16.62
15.67
16.19
16.19
16.29
15.71
16.13
13.92
7.36
8.19
14.66
20.45
16.74
20.00
17.10
14.24
14.88
15.25
14.66
10.54
8.69
8.77
15.96
16.67
16.58
16.39
16.08
16.38
16.29
16.05
16.26
14.19
7.00
6.94
7.49
7.48
7.56
7.42
7.65
7.83
7.88
7.84
7.86
7.85
8.43
7.52
16.28
16.46
16.45
15.86
16.28
16.28
16.24
16.33
16.21
13.92
6.95
6.87
7.21
7.35
7.47
7.62
7.78
7.85
7.72
7.84
7.91
7.88
8.82
9.07
17.11
17.76
17.17
16.34
16.54
16.47
16.60
16.77
16.68
15.81
7.70
8.98
9.33
9.48
9.66
8.96
9.28
9.23
9.05
9.74
10.27
9.58
8.43
9.19
17.55
17.05
16.79
15.63
16.01
15.95
16.13
15.83
16.35
13.98
7.22
7.72
8.45
7.91
8.39
8.95
11.05
15.00
15.23
14.74
15.53
11.23
9.57
9.34
16.35
16.95
16.78
15.94
16.24
16.20
16.28
16.50
16.07
13.78
6.89
6.65
7.76
8.77
8.16
9.28
11.76
8.64
8.31
8.63
8.60
9.79
9.77
8.32
16.16
16.75
16.64
16.11
15.65
16.18
16.34
16.13
15.87
13.09
6.80
8.14
15.42
15.22
14.67
14.30
15.20
14.42
17.73
15.57
8.72
10.99
9.49
10.03
17.38
18.42
16.79
16.18
16.06
16.22
16.52
16.08
15.88
13.40
6.80
7.57
8.77
7.35
8.39
8.82
8.38
11.27
8.36
9.39
9.38
9.35
8.57
9.31
16.23
17.03
16.69
16.75
16.25
16.28
16.23
16.29
16.00
13.70
6.71
7.11
6.79
8.01
13.18
8.04
7.32
7.56
7.49
7.43
7.66
7.65
7.45
7.34
14.84
16.18
15.97
15.66
14.92
15.94
15.80
16.14
15.48
13.50
6.55
6.62
6.72
6.91
7.20
6.96
6.82
7.09
7.25
7.39
7.29
7.81
7.21
7.55
15.35
16.28
16.26
16.10
15.53
15.37
15.60
15.44
15.04
13.85
6.47
6.56
7.83
8.60
8.55
8.36
8.34
7.92
8.87
7.88
9.12
9.00
8.03
8.52
15.69
15.88
16.34
16.36
15.82
15.77
16.37
15.75
15.14
13.11
6.75
7.61
8.49
8.36
9.05
8.50
8.55
9.62
8.71
9.08
9.54
9.69
8.39
8.60
17.16
16.22
16.43
16.31
16.21
15.82
16.25
16.04
15.98
14.20
7.06
7.37
8.63
10.02
8.46
8.73
9.45
8.94
8.96
9.34
9.27
10.03
9.51
8.04
15.35
16.83
16.81
16.35
16.46
16.56
16.32
16.38
16.44
14.63
7.86
12.31
14.58
14.50
15.93
15.78
10.66
9.80
10.39
9.64
9.69
10.13
9.18
9.43
16.75
18.83
17.46
16.83
17.16
17.01
16.87
17.35
4.97
0.00
0.00
0.00
0.00
0.00
0.00
0.00
0.00
0.00
0.00
2.68
9.35
9.23
9.28
10.88
17.29
17.52
17.43
17.44
17.38
14.62
17.14
16.91
16.96
16.86
9.14
8.19
8.38
8.40
8.73
8.89
8.97
9.15
8.99
8.60
8.99
9.31
9.16
9.27
17.53
17.58
19.10
17.50
17.31
16.37
17.14
17.16
17.13
15.82
8.30
8.41
8.63
8.69
8.71
8.81
9.02
9.06
9.16
9.03
9.48
10.27
9.21
9.04
16.91
17.13
17.58
17.39
17.65
16.39
17.51
17.07
16.15
15.38
8.49
9.29
17.44
19.25
16.93
15.38
12.89
10.67
10.13
10.05
10.11
10.70
11.03
9.38
16.66
18.73
17.66
17.52
17.73
16.41
17.18
17.02
17.96
16.97
9.26
8.90
8.83
8.67
10.42
9.18
10.48
9.48
11.46
10.09
10.85
10.93
10.25
10.11
16.77
18.10
18.74
17.56
17.54
17.05
16.91
17.06
16.98
15.72
8.82
8.73
8.59
8.61
12.01
14.97
10.94
13.69
17.41
16.18
12.72
10.25
9.51
10.04
17.51
17.96
17.54
18.40
17.19
17.17
17.15
17.06
16.77
15.16
7.82
8.05
8.20
8.05
8.43
8.52
8.63
8.53
8.43
8.69
8.72
8.73
8.63
9.99
16.49
18.57
17.40
17.21
17.16
16.69
16.95
16.82
16.94
15.51
8.13
10.79
15.47
14.31
15.71
14.77
14.77
17.41
15.82
14.51
10.29
9.01
8.87
8.37
16.42
16.82
17.37
17.18
16.59
17.31
17.22
17.07
16.73
16.58
7.98
8.10
8.28
8.64
8.52
8.56
8.64
8.80
8.76
9.93
8.77
9.30
8.67
8.77
16.44
17.32
17.31
17.38
17.27
17.24
16.90
17.09
17.07
16.63
8.57
8.33
8.32
8.47
8.59
8.70
8.69
8.88
8.85
8.87
8.87
8.86
8.81
8.81
17.18
16.78
17.27
17.14
17.13
17.02
16.32
16.96
16.82
17.12
8.60
8.10
11.08
12.61
16.12
12.35
11.14
9.01
10.27
12.26
10.25
9.89
9.34
8.90
16.44
17.39
17.23
16.26
17.22
17.09
16.99
16.94
17.15
16.47
8.84
10.20
8.43
8.96
9.26
12.23
14.08
10.39
9.10
10.85
9.20
11.09
10.00
8.86
16.67
17.49
17.18
17.07
17.12
17.37
16.85
16.93
16.60
16.26
7.95
8.92
12.95
15.00
17.72
22.96
14.86
16.20
14.73
9.92
9.32
11.12
10.27
9.85
17.57
17.95
17.57
17.49
17.35
17.24
17.49
17.40
17.10
17.65
9.92
8.75
8.60
11.74
9.96
9.58
9.91
9.62
11.47
11.07
11.18
10.81
10.40
11.80
17.98
17.88
21.39
17.76
16.94
17.52
17.22
17.33
16.89
16.87
10.73
8.61
10.05
12.26
13.43
10.83
9.17
10.06
10.69
10.85
10.27
9.51
9.98
13.03
19.89
18.19
18.05
17.90
17.72
17.56
17.53
17.36
16.57
17.41
8.83
8.59
8.66
8.90
8.96
9.07
9.12
9.13
9.48
9.45
9.38
10.28
10.71
10.79
18.93
18.68
18.75
19.03
22.65
18.76
18.24
18.27
18.52
18.50
11.85
8.68
8.40
8.85
8.89
9.07
8.79
9.43
9.53
10.73
9.58
9.67
9.63
10.47
17.48
17.62
17.72
17.62
17.60
16.85
17.41
17.39
17.43
17.20
8.58
8.85
9.79
10.94
14.25
15.49
12.78
10.04
10.73
10.32
10.74
12.22
9.85
9.66
17.45
17.21
17.65
17.72
17.71
17.55
18.09
17.45
17.39
16.17
9.07
8.89
8.95
11.08
9.92
12.81
15.86
12.62
12.47
12.02
11.23
11.34
10.02
12.33
19.27
18.16
17.98
17.87
16.99
16.98
17.56
17.42
17.38
16.66
9.83
12.38
15.85
17.72
16.13
16.07
12.86
9.96
10.41
10.64
11.86
8.60
10.12
9.33
16.83
17.65
17.76
18.78
18.76
18.60
17.98
17.07
17.02
16.71
9.02
8.93
10.21
16.05
18.73
15.31
13.32
13.64
13.53
13.15
13.72
14.10
10.02
9.32
17.21
17.96
17.49
19.78
17.30
17.49
17.93
17.35
16.48
17.27
10.06
9.53
15.98
16.60
16.17
14.60
10.48
11.14
10.31
10.64
10.98
11.76
13.03
11.14
17.51
17.64
17.53
17.43
17.40
17.04
17.34
17.31
17.25
16.67
8.65
8.32
8.51
8.53
8.78
8.85
9.00
9.14
9.18
9.19
9.16
8.92
9.31
9.18
17.44
17.82
17.46
17.37
17.10
16.92
17.46
17.43
17.28
16.94
8.60
10.38
15.11
10.63
9.27
8.86
9.01
9.08
9.38
9.29
9.37
9.38
9.38
9.67
17.83
17.88
17.79
19.44
18.41
17.28
17.53
17.02
16.71
16.99
11.59
9.41
10.13
10.77
11.37
9.56
10.28
9.37
10.91
12.15
11.36
11.87
9.34
11.08
17.78
17.63
17.44
17.29
17.26
16.75
17.12
17.16
17.02
16.79
10.85
8.83
9.44
8.87
8.99
9.73
10.26
12.46
11.88
10.32
11.96
10.92
9.68
9.97
17.82
17.66
17.65
17.24
17.62
17.23
17.14
17.38
17.18
16.19
14.76
12.62
15.99
15.62
15.72
15.65
16.29
17.01
16.38
15.46
10.76
11.57
9.63
9.32
17.69
17.55
17.48
17.27
17.25
17.23
17.09
17.34
17.17
17.15
9.93
8.77
10.49
10.17
12.46
19.40
17.26
15.72
15.29
14.59
14.58
14.78
11.05
9.86
17.78
17.61
17.27
21.66
17.69
17.57
17.44
17.27
17.73
17.41
11.07
8.89
9.64
10.79
15.22
16.71
11.13
10.67
10.19
9.54
11.14
11.31
9.55
9.39
17.76
18.02
17.79
17.39
17.62
17.58
18.08
17.46
17.43
17.45
11.75
14.89
14.03
8.85
9.10
8.97
9.46
9.70
9.51
9.61
9.57
9.96
9.99
10.14
18.10
18.38
18.09
18.24
18.22
18.34
18.13
18.03
17.84
17.87
11.53
9.17
9.83
9.47
9.18
9.62
9.70
9.86
9.98
10.06
10.04
10.45
9.60
10.19
18.46
18.15
18.04
17.81
18.10
18.02
17.45
17.98
17.72
17.89
10.63
10.11
10.10
12.35
13.39
13.30
12.49
11.78
10.27
11.36
11.94
11.71
10.63
11.76
18.76
19.05
18.17
18.17
17.89
17.79
17.49
17.19
17.43
17.35
11.45
10.12
12.83
19.04
18.59
16.27
17.44
16.04
14.55
10.67
11.00
12.34
8.99
14.97
17.82
17.66
18.42
17.86
17.27
17.22
16.82
16.69
16.85
16.94
12.03
8.37
9.73
9.59
9.50
9.66
9.54
9.50
10.21
8.98
9.97
11.51
12.14
9.14
15.51
15.72
15.67
15.63
15.25
15.52
15.64
15.25
14.96
15.70
9.68
8.41
10.71
11.04
12.78
18.90
15.77
13.09
14.45
14.42
16.44
12.54
9.73
10.28
16.39
16.32
16.07
16.56
16.32
16.29
16.10
15.91
15.52
15.48
11.10
8.70
11.72
16.09
15.85
15.67
16.19
16.42
17.75
14.55
10.49
10.24
9.55
10.53
16.46
16.37
16.70
16.98
16.17
16.18
16.48
16.21
15.39
16.20
11.71
8.90
8.99
9.08
9.42
9.69
10.18
9.81
9.83
10.11
9.53
9.92
9.71
11.05
16.68
16.44
16.30
16.39
16.10
16.36
15.90
15.98
15.46
15.97
11.38
8.65
8.65
9.00
9.07
9.18
9.32
9.69
9.64
9.64
9.25
9.68
9.53
10.14
16.44
16.80
16.73
16.55
16.38
16.55
16.40
15.75
16.16
16.27
10.47
9.23
11.36
10.10
10.97
11.61
10.94
11.58
11.54
12.31
11.10
11.49
10.90
11.78
16.53
16.54
16.02
16.01
16.43
15.87
15.89
15.39
16.06
16.05
15.31
9.08
10.10
9.95
10.96
13.54
15.88
11.41
10.77
10.78
10.42
10.58
10.40
13.11
17.79
17.75
18.15
17.45
17.71
17.53
16.82
17.21
17.32
16.87
12.52
9.26
12.26
16.46
16.96
15.59
17.17
17.87
20.35
11.93
11.80
10.91
10.04
13.07
17.66
17.77
17.94
17.81
17.59
17.31
17.14
17.01
17.14
17.31
10.86
8.85
9.16
11.14
12.17
13.91
12.37
15.68
13.36
14.41
14.89
15.24
14.09
11.11
17.98
18.03
18.00
17.59
17.44
17.80
17.62
17.63
17.32
17.07
12.73
9.82
9.99
9.06
9.03
10.24
10.64
9.97
9.64
9.73
12.14
10.95
10.86
12.59
18.44
18.89
19.34
18.66
18.15
18.41
18.23
17.76
17.63
17.21
12.60
8.74
8.59
9.03
9.16
9.11
10.06
9.21
9.23
9.19
9.45
9.04
8.94
11.47
17.19
17.26
17.72
17.57
17.52
17.37
17.26
17.09
17.07
16.90
11.11
8.29
8.45
8.59
8.56
8.64
8.73
8.99
9.15
9.28
9.09
9.04
8.96
11.60
17.88
17.23
17.59
17.63
17.31
17.44
17.37
17.39
17.16
17.30
10.82
8.75
12.94
17.61
19.38
19.42
12.20
10.15
9.95
11.25
11.52
11.42
11.21
11.94
18.01
18.03
18.16
17.67
17.45
17.34
17.90
17.16
17.15
16.93
10.27
9.09
14.18
17.45
16.26
16.26
15.98
16.08
13.08
11.48
11.31
11.78
10.15
12.59
18.14
17.88
17.18
17.52
17.73
17.43
17.28
17.22
17.78
17.67
11.33
10.23
9.58
10.33
9.87
10.94
14.41
19.54
14.57
14.13
15.18
12.37
10.39
13.28
19.04
18.48
17.82
17.98
17.84
17.70
17.23
17.35
17.29
17.19
10.49
11.63
16.38
15.89
16.83
17.77
17.71
14.31
11.52
12.43
11.97
12.36
10.76
13.05
18.48
18.08
17.69
18.84
18.43
17.62
17.24
17.43
17.27
16.99
10.86
8.90
9.80
9.75
10.00
9.48
11.03
10.58
10.95
10.57
12.14
11.61
10.69
12.40
18.02
18.45
18.18
18.16
17.51
17.25
18.11
17.38
17.00
17.00
11.46
8.55
8.78
9.92
9.00
9.11
11.72
9.60
10.15
10.75
10.19
10.76
16.75
13.47
17.57
18.92
19.39
19.27
17.79
17.70
17.84
17.35
16.94
17.37
12.71
8.55
8.76
8.48
9.14
8.90
9.35
9.27
9.82
9.86
9.32
10.75
10.34
13.66
17.72
17.81
17.50
18.38
18.32
18.31
18.83
17.80
17.51
17.30
11.69
9.28
9.49
10.79
10.15
11.22
10.05
10.86
11.89
13.37
11.92
13.25
12.16
12.95
17.25
17.79
17.56
18.61
19.30
18.44
18.27
18.26
17.48
17.46
12.78
11.98
16.85
17.05
16.61
18.52
18.28
14.20
14.56
15.71
16.23
12.51
12.45
14.52
19.47
19.16
19.01
19.97
19.71
19.68
19.22
18.59
18.58
18.04
13.58
9.66
12.28
11.37
11.07
11.50
12.16
11.52
12.08
12.50
12.39
12.04
14.04
15.07
18.95
19.09
19.34
17.80
19.15
19.37
20.04
20.35
19.66
19.30
14.62
11.98
21.81
18.62
20.65
23.32
24.87
17.60
11.98
12.57
14.27
13.62
12.95
16.60
20.10
19.22
19.52
19.37
18.75
18.48
19.82
19.46
20.01
19.65
13.96
11.21
13.03
16.58
17.94
14.81
11.15
10.13
10.61
12.09
13.08
11.78
10.38
14.32
18.91
19.76
18.78
18.86
18.11
19.02
19.10
18.88
18.86
18.17
12.83
8.97
8.89
9.32
9.44
9.48
10.47
9.57
9.46
9.30
10.84
9.70
9.63
13.95
18.16
17.80
18.37
18.77
19.04
19.35
19.33
18.55
18.47
17.99
12.91
9.06
9.00
9.20
9.61
8.84
9.75
9.90
10.17
9.85
9.78
9.58
10.74
14.16
18.19
18.78
18.06
18.24
17.71
17.92
17.91
17.61
17.92
17.78
13.77
9.93
11.32
11.99
10.98
9.72
11.79
12.62
12.01
10.89
11.90
12.52
11.19
16.79
21.46
25.02
18.75
17.73
18.19
18.69
18.64
18.28
17.61
17.88
13.19
12.56
18.56
17.73
18.47
22.93
25.19
17.73
10.89
13.46
12.28
13.99
12.87
17.44
20.00
19.08
18.89
17.51
18.55
18.16
18.72
17.76
17.68
17.59
13.57
8.87
10.44
13.83
18.60
21.23
22.27
18.94
17.60
13.29
14.50
12.91
17.07
18.35
20.24
18.10
18.29
17.55
16.49
17.85
17.45
17.21
16.78
17.14
12.93
10.23
20.07
22.81
21.85
23.31
24.18
20.44
15.04
14.13
15.55
13.01
14.25
16.84
19.07
19.09
18.54
17.90
17.66
17.32
17.61
18.17
17.21
16.83
13.48
9.30
11.41
17.25
18.51
20.25
17.66
11.65
13.44
13.70
11.49
11.98
10.81
16.16
18.74
18.42
18.23
18.12
18.21
18.04
17.81
17.69
17.12
17.36
13.11
8.87
8.98
8.83
9.89
9.26
9.57
9.77
9.55
10.11
11.05
9.74
10.03
15.60
18.78
18.30
18.19
18.18
18.09
17.69
16.93
17.64
17.36
16.96
14.05
8.96
9.08
9.16
9.23
9.21
9.87
9.66
10.84
9.85
10.16
9.42
8.92
17.66
18.66
18.59
17.40
17.76
17.80
17.61
17.60
17.77
17.39
17.28
13.19
8.50
8.79
8.73
8.97
9.14
9.40
9.57
9.50
9.83
9.89
9.78
9.69
16.05
18.40
18.56
17.38
18.05
17.98
18.21
17.65
17.66
18.08
17.63
13.68
9.99
10.41
12.34
14.42
11.51
13.16
14.17
10.98
14.24
14.91
13.71
12.73
18.63
20.28
19.44
17.72
18.14
19.13
17.90
17.97
16.99
17.52
17.31
13.78
10.36
17.97
21.50
22.95
19.33
19.25
16.93
12.76
12.16
15.38
12.60
12.24
18.75
20.00
20.65
19.25
19.09
19.19
19.21
18.98
19.26
18.58
18.63
14.69
9.81
10.88
15.48
20.18
22.61
18.75
13.44
12.19
13.04
14.02
14.21
11.91
19.21
19.61
19.76
19.62
19.63
19.95
20.19
20.48
19.55
18.82
18.91
15.99
10.24
13.46
16.71
17.80
17.66
17.82
11.76
12.26
12.08
13.23
12.75
12.77
17.79
18.81
18.74
18.64
19.06
18.92
19.50
20.27
19.58
19.25
18.95
17.11
10.59
10.33
10.32
11.44
10.52
11.81
11.39
10.10
9.96
9.95
10.54
11.02
17.33
18.40
18.62
18.77
18.00
17.27
17.30
17.27
17.14
17.21
17.52
13.84
8.76
8.51
9.97
15.13
13.26
10.06
9.40
9.66
9.68
9.73
9.36
10.26
19.36
19.64
19.87
19.52
19.93
19.68
19.10
19.20
18.31
18.83
18.37
14.40
9.04
11.66
14.65
10.97
11.38
11.16
11.61
11.42
12.01
14.60
11.74
12.69
19.64
19.51
19.02
20.43
19.13
19.41
18.42
19.54
18.13
17.49
18.04
16.58
11.51
16.19
16.95
17.40
17.45
18.56
13.62
12.73
13.58
13.58
13.05
13.29
19.14
19.03
18.34
18.18
17.69
16.89
17.79
17.39
18.11
16.80
17.10
15.12
9.49
10.38
10.38
16.00
11.80
14.92
15.01
17.34
15.54
14.51
16.10
13.65
18.54
18.79
18.62
19.44
19.48
18.71
19.79
20.02
19.67
19.44
17.97
15.79
10.18
12.51
9.94
11.32
12.78
14.07
12.52
12.43
13.26
12.31
12.60
12.85
17.28
18.65
17.92
15.90
15.80
15.92
15.21
14.72
15.32
15.07
13.59
10.79
5.71
7.92
14.06
12.94
14.86
15.17
9.89
9.15
8.33
7.91
7.25
5.87
13.87
14.20
14.46
15.35
14.64
14.86
15.90
15.70
15.93
15.86
15.57
13.66
6.05
7.62
6.15
6.47
7.13
8.44
6.43
5.72
5.69
6.50
5.81
6.48
14.15
14.58
13.99
14.01
13.69
14.12
13.95
14.16
14.03
13.91
13.95
12.00
5.47
5.50
5.61
5.61
5.53
5.70
5.71
5.70
5.62
6.13
5.72
6.02
14.25
14.18
14.54
14.02
14.65
14.91
14.82
14.92
14.40
15.36
14.69
11.97
7.33
11.73
21.39
20.85
18.73
14.58
10.52
9.24
9.39
9.78
9.41
9.81
15.57
16.14
15.05
16.56
13.95
14.11
14.13
14.35
13.58
13.80
14.49
11.89
6.38
6.96
7.73
10.98
14.98
11.80
8.54
7.67
8.87
9.26
8.28
7.86
16.08
15.44
15.11
15.54
15.72
16.38
16.03
16.48
16.99
15.06
15.32
11.90
7.41
7.06
8.94
13.00
7.98
7.55
8.84
9.54
9.95
9.58
9.60
8.71
18.45
15.31
15.71
16.68
16.02
15.67
15.49
16.34
16.21
16.13
15.12
11.58
6.05
7.68
9.70
9.63
11.75
7.31
9.17
16.30
15.74
10.88
8.66
10.23
17.09
14.89
14.56
14.15
15.34
15.37
15.63
15.82
14.56
14.91
13.49
11.45
5.71
6.49
17.82
15.35
14.23
7.70
8.49
9.12
8.06
7.09
9.90
11.84
17.83
16.13
17.01
17.53
16.42
16.36
15.79
15.31
14.44
14.43
14.08
11.19
5.39
7.35
12.13
12.84
13.14
7.36
6.94
6.83
6.92
5.84
5.70
6.53
14.31
14.69
14.75
14.73
16.60
16.22
15.91
15.48
14.22
14.54
13.57
11.01
5.91
5.41
5.41
5.97
5.56
5.58
5.57
5.39
6.09
5.64
5.68
6.91
14.67
14.24
14.05
13.81
16.60
15.75
16.30
16.56
15.40
14.94
14.83
13.78
9.35
8.06
13.15
15.04
12.20
10.09
7.34
9.48
9.46
10.58
8.08
16.93
17.05
16.28
14.69
14.54
13.76
14.63
14.16
14.34
14.90
13.92
14.12
14.15
9.14
7.11
15.26
14.73
13.90
14.83
12.39
8.56
9.10
9.31
5.96
9.57
16.13
15.43
15.46
15.55
15.52
15.65
15.91
15.28
15.21
14.35
13.88
14.17
6.95
5.61
7.55
7.78
7.60
9.10
7.76
9.03
8.52
9.16
11.45
11.24
17.69
16.83
15.43
15.47
15.59
15.23
16.76
18.14
17.12
17.64
17.73
17.06
9.02
10.54
14.76
17.32
17.97
17.61
18.04
13.22
12.70
11.99
9.72
15.68
18.84
17.55
16.88
17.33
16.73
16.32
15.98
17.07
17.43
16.96
16.16
15.14
7.97
11.87
16.17
17.14
17.36
15.40
11.91
9.51
10.21
12.21
11.12
11.90
18.41
17.50
18.07
18.68
19.17
19.21
18.75
18.92
18.58
17.90
16.95
14.96
8.17
8.61
8.78
12.80
16.20
12.40
10.67
9.61
9.03
9.37
9.10
10.64
17.75
17.26
16.67
18.47
18.25
19.02
18.39
17.86
17.48
17.43
16.75
14.49
8.07
8.00
7.85
8.42
8.57
8.57
8.68
8.55
9.11
8.90
9.12
11.57
17.26
17.06
16.87
18.85
18.62
19.30
19.32
18.50
18.78
17.95
17.30
13.20
6.45
4.84
5.85
10.30
6.81
6.53
8.40
8.81
13.80
11.79
7.59
10.76
15.27
14.72
13.98
13.61
14.41
14.67
14.56
14.63
14.49
15.05
14.66
13.52
6.43
8.06
7.47
9.10
14.71
12.49
8.71
9.31
7.44
9.69
7.50
10.02
16.15
14.71
14.23
14.65
13.87
14.92
15.33
16.12
15.77
15.65
13.94
12.71
5.82
6.28
7.83
8.28
8.91
12.52
13.85
9.61
8.59
7.43
10.18
10.19
14.71
15.95
14.43
14.35
16.70
16.27
16.58
16.80
16.20
16.03
15.03
12.72
7.74
13.42
17.07
17.89
14.16
9.89
6.91
9.06
11.41
10.40
8.73
11.01
14.61
16.41
13.90
14.37
16.07
14.70
15.79
15.18
14.64
14.38
14.70
12.47
5.36
9.15
14.71
14.79
13.45
11.78
8.75
7.56
8.13
7.03
7.12
10.66
14.04
14.55
13.92
13.98
14.37
14.59
16.02
15.99
16.07
15.78
15.78
14.11
5.75
6.40
6.03
5.99
5.76
6.28
6.28
5.57
5.53
5.50
5.36
8.86
15.13
14.36
14.88
15.43
14.94
14.73
14.11
13.72
13.97
13.92
13.74
12.52
5.17
5.16
5.06
5.78
5.57
6.09
5.71
5.47
5.48
5.48
5.39
9.56
15.39
14.71
14.80
15.31
14.60
14.72
14.20
16.43
16.28
15.73
14.64
13.38
6.17
8.34
14.92
12.46
7.44
7.58
8.74
8.30
7.10
10.26
6.98
11.29
20.68
14.22
12.90
14.08
14.78
15.09
15.77
16.39
15.46
14.96
14.08
13.87
6.19
7.50
7.09
9.84
13.16
17.77
9.38
8.91
10.45
8.79
8.35
10.80
14.72
16.85
14.47
13.73
14.02
15.47
15.71
16.04
15.93
15.86
15.01
14.81
5.81
11.20
17.13
16.28
17.55
18.49
14.28
12.75
13.52
9.32
7.29
12.74
15.11
15.36
13.83
15.88
15.07
16.87
14.32
14.62
14.48
13.94
13.99
13.54
6.93
15.25
17.45
9.31
7.25
8.37
8.61
7.19
8.23
9.38
9.47
11.75
16.66
17.14
15.40
14.87
16.47
15.74
18.19
16.93
16.07
16.17
15.15
14.95
7.75
7.99
8.29
8.08
7.90
7.44
7.24
6.89
7.29
7.09
6.36
11.52
14.40
14.66
13.85
13.96
13.54
14.63
15.53
15.69
16.64
15.71
14.64
13.63
5.21
5.28
5.31
5.77
5.70
5.91
5.89
5.33
5.70
6.17
5.38
10.31
13.73
14.06
13.88
13.69
13.88
13.84
13.73
13.47
13.66
13.59
13.59
13.77
5.06
5.17
5.46
5.21
7.28
5.24
5.25
5.28
5.32
5.24
5.32
10.34
13.53
13.80
13.71
14.65
14.63
14.91
14.78
14.58
13.72
13.74
13.71
13.27
6.12
7.38
11.02
11.90
12.00
9.32
12.20
6.64
6.43
6.97
7.06
11.44
13.66
13.60
13.92
13.75
13.49
13.27
14.40
14.36
13.90
13.98
14.32
13.76
5.93
6.29
6.38
6.20
6.17
5.67
6.62
7.87
7.88
6.76
8.53
12.35
14.74
13.70
14.19
13.84
13.67
13.38
16.72
18.81
19.43
18.91
17.63
18.03
8.75
9.24
15.51
14.18
14.08
18.89
19.63
17.85
16.60
9.80
14.30
16.50
17.39
14.33
14.33
14.39
15.44
14.94
15.45
15.92
15.95
15.54
15.20
14.81
6.84
16.72
20.77
18.80
13.81
10.41
10.39
9.31
12.10
13.57
13.86
12.46
15.56
14.98
15.33
14.46
14.40
15.07
14.87
16.28
16.85
16.98
18.10
17.99
9.21
9.14
14.66
14.16
17.48
12.63
7.85
8.09
8.08
15.53
7.56
12.26
15.69
14.76
14.07
13.52
14.98
14.98
15.39
15.12
14.90
14.69
14.33
13.74
6.00
5.50
5.56
6.54
5.74
7.49
6.48
5.81
5.54
5.52
5.38
11.27
14.63
14.09
14.05
14.75
14.15
14.55
15.01
15.07
15.00
15.02
14.66
14.12
6.29
5.52
6.06
5.42
6.01
9.12
11.96
12.53
12.52
9.65
5.42
12.49
14.78
14.53
13.85
14.77
14.17
14.94
15.28
15.36
15.89
15.87
15.21
14.91
7.35
8.17
7.74
9.26
10.27
6.79
9.08
9.79
10.23
8.41
9.17
14.01
16.38
14.86
14.07
14.04
13.88
14.91
14.91
14.84
14.32
14.85
14.49
14.37
6.65
8.67
11.21
9.34
12.98
14.08
12.63
8.36
12.44
10.81
12.24
15.08
15.42
15.88
14.85
14.05
13.94
13.72
14.57
15.82
15.86
15.93
15.87
16.03
8.34
14.37
19.69
20.07
14.99
13.47
15.16
12.69
8.23
12.95
15.22
20.46
16.74
14.28
13.88
14.08
15.07
14.55
14.96
15.02
14.76
14.80
14.29
16.00
7.84
6.77
8.02
11.39
10.28
7.85
9.88
8.56
9.55
9.28
7.00
15.93
16.36
14.43
14.00
15.05
17.42
16.85
15.14
15.92
15.93
15.90
16.10
15.37
9.32
16.43
19.66
15.30
8.82
7.41
7.90
7.28
7.63
8.59
8.73
14.16
14.77
14.25
13.95
13.45
13.66
13.75
14.52
15.93
15.87
15.78
15.90
15.79
8.20
6.47
6.34
7.34
6.13
10.89
12.30
12.22
6.98
5.41
5.41
13.19
13.61
14.13
14.05
14.75
13.87
14.31
14.04
13.80
13.38
13.70
13.67
13.74
6.94
5.29
5.34
5.82
5.45
5.42
5.95
5.98
5.80
5.29
6.28
13.65
14.79
13.95
13.88
13.98
14.95
14.95
14.62
15.42
14.53
14.82
15.30
14.56
8.73
7.16
8.20
6.47
7.00
7.43
6.19
6.66
9.78
14.41
12.44
19.12
15.59
14.75
14.34
14.56
14.93
14.94
14.44
13.90
14.02
13.38
13.88
13.96
7.27
7.50
7.03
11.99
13.76
8.75
7.89
10.23
11.27
6.66
12.48
16.80
17.80
17.46
17.31
17.18
15.73
15.44
15.57
14.91
14.92
14.69
14.70
14.78
7.70
14.12
14.47
16.76
16.42
14.60
15.91
10.20
13.31
14.37
13.37
20.40
15.74
15.45
14.03
14.49
13.59
14.40
13.92
14.03
13.51
13.68
13.64
14.03
7.39
8.29
14.96
10.14
10.01
13.89
14.82
17.93
9.78
8.64
7.89
15.13
15.34
14.79
15.11
14.17
15.02
15.10
16.01
16.66
16.33
16.89
16.02
15.10
8.24
8.60
14.33
14.68
14.49
13.95
6.81
8.37
7.55
7.19
5.47
14.51
15.37
14.60
15.20
16.73
14.91
14.83
14.38
15.88
16.93
16.74
16.15
16.12
10.18
6.57
6.18
6.32
6.91
7.00
5.49
5.44
5.88
5.80
5.93
14.51
14.05
14.50
13.88
14.73
14.44
15.12
15.75
16.09
15.97
15.99
15.50
14.95
8.44
5.65
5.61
5.25
5.51
5.43
5.97
5.38
6.41
5.37
5.97
13.91
14.47
14.57
14.58
13.97
13.93
13.85
14.37
16.01
15.61
16.04
15.76
15.34
9.77
7.42
9.62
7.96
7.14
9.15
7.47
8.53
6.42
7.79
8.18
16.35
15.97
16.01
14.95
14.87
13.90
14.19
14.33
15.62
15.79
16.31
16.04
16.15
10.05
8.65
10.67
9.24
7.17
8.12
11.89
15.07
13.08
12.68
8.47
16.24
16.35
14.44
14.84
14.80
13.64
14.19
15.84
16.50
16.52
16.60
16.39
16.25
10.78
11.59
14.70
14.07
13.42
12.63
9.37
11.39
6.21
7.57
9.19
14.19
14.62
14.90
14.85
15.24
14.20
13.43
13.82
13.93
14.60
13.73
14.58
15.12
11.29
9.91
14.08
12.74
14.91
16.70
13.77
13.65
12.47
15.37
10.72
17.18
17.40
17.84
16.86
16.69
16.70
16.20
16.09
15.29
15.53
14.43
14.25
14.57
10.44
7.95
12.18
14.25
17.47
14.69
11.64
8.18
7.39
6.35
7.84
14.07
14.63
14.80
15.21
15.47
15.93
14.80
14.77
15.89
15.95
15.46
15.12
14.71
9.35
5.85
6.05
6.96
5.94
7.68
6.40
6.78
5.35
5.83
7.36
14.78
14.50
13.97
14.00
13.98
15.01
14.92
14.90
14.95
14.78
14.55
13.99
13.65
9.20
5.43
5.42
5.64
5.47
5.35
5.18
5.17
5.16
6.31
7.06
13.96
13.62
13.81
13.90
13.05
13.70
13.72
13.72
14.96
14.51
14.12
14.50
13.94
9.63
5.33
5.63
5.39
5.38
5.79
5.45
5.65
6.53
5.43
7.14
14.05
15.45
14.03
14.36
14.68
15.19
15.03
15.21
15.93
15.95
16.47
15.99
16.34
11.34
6.99
8.79
10.77
9.09
11.77
8.21
6.95
8.72
8.75
9.22
16.16
15.07
15.12
14.56
15.46
14.47
13.56
14.78
13.41
13.19
13.48
13.54
13.66
10.17
14.29
19.89
19.43
13.16
14.53
9.61
11.56
10.99
8.78
9.32
15.14
16.83
17.30
15.66
15.38
15.31
14.31
14.37
14.74
14.52
15.38
14.47
14.39
11.01
8.80
10.35
8.48
7.95
6.16
8.31
8.32
7.30
7.35
9.93
14.65
16.52
21.12
20.37
18.91
13.56
13.58
13.30
13.51
14.90
14.41
14.29
14.41
12.30
7.56
6.43
7.78
9.05
10.33
9.75
5.98
7.04
7.66
9.84
14.13
14.43
15.11
15.68
14.73
14.18
14.15
14.56
14.33
14.34
14.44
14.50
14.52
11.09
6.69
5.82
5.58
6.63
7.99
6.78
5.89
6.57
5.43
6.83
13.77
13.86
14.74
14.19
14.46
13.71
14.10
13.56
14.39
14.16
14.26
15.73
14.14
10.14
5.19
5.19
5.35
5.81
5.25
5.78
5.28
5.37
6.30
6.96
14.01
15.41
13.51
13.81
14.41
14.14
14.21
14.36
14.62
14.50
14.97
14.48
14.23
10.34
8.06
14.31
13.62
10.55
8.01
8.73
11.04
12.29
9.06
11.06
15.01
15.10
15.35
15.09
14.33
14.12
14.68
13.67
13.52
13.50
13.93
13.29
13.25
11.98
8.81
12.38
7.42
6.91
8.49
14.78
15.15
10.63
16.28
16.48
15.63
14.14
14.08
14.64
13.75
13.47
13.72
14.65
14.40
13.68
13.72
14.42
13.58
14.03
19.30
13.05
12.95
12.59
13.02
13.01
11.18
10.27
8.34
16.57
17.88
15.63
16.48
15.48
14.24
14.06
13.92
14.66
14.76
15.30
14.20
14.28
14.10
14.14
7.10
11.46
16.94
11.14
10.16
7.15
7.22
8.66
8.73
13.81
15.09
17.26
15.21
15.30
14.25
14.41
16.94
20.32
20.67
20.34
16.60
14.22
14.32
13.15
14.05
21.74
20.40
19.53
14.43
6.91
6.59
7.78
8.26
8.33
15.52
14.40
13.97
14.35
14.54
14.31
14.48
13.79
14.04
13.77
14.10
13.07
13.92
10.36
5.91
5.41
5.97
5.47
6.66
6.78
6.80
6.18
7.32
7.98
13.83
15.41
13.99
14.22
15.14
14.04
14.55
14.20
14.01
13.85
13.76
13.73
13.30
12.81
5.14
5.80
5.21
5.24
5.79
5.26
5.25
6.23
5.38
9.54
17.67
15.24
14.22
14.14
14.04
14.11
14.58
14.50
14.74
15.07
14.79
15.19
15.07
15.58
8.24
15.08
14.84
14.03
9.16
12.00
7.55
7.94
9.98
10.37
16.16
16.60
14.44
15.10
14.19
14.19
14.04
14.51
14.98
14.95
15.15
15.01
14.77
12.68
11.07
14.62
16.46
7.45
6.87
10.61
6.39
8.34
7.23
9.38
16.22
16.49
15.48
14.45
14.30
14.24
14.04
13.99
14.37
13.94
14.02
13.79
13.78
14.54
10.98
14.28
12.19
13.04
11.56
10.11
10.87
6.94
7.28
15.97
14.13
14.53
14.04
13.89
14.50
14.34
13.89
13.91
13.72
13.32
13.53
13.48
13.63
13.48
8.48
5.24
5.13
5.26
5.67
5.52
5.70
5.17
5.27
9.96
13.72
13.88
13.94
13.77
13.99
13.97
13.49
14.01
13.90
13.37
13.91
13.94
14.15
14.34
12.61
5.51
5.75
5.55
5.45
5.52
6.18
5.64
5.43
7.62
14.04
14.23
13.97
13.95
14.24
14.25
14.05
13.80
13.73
13.97
13.76
14.01
13.99
11.42
5.50
5.41
5.50
6.12
5.44
5.39
5.40
5.43
6.13
7.81
13.21
15.53
15.70
13.72
13.91
14.42
15.54
14.02
14.53
13.96
13.96
13.94
13.76
11.25
5.70
6.10
5.36
5.49
5.36
5.82
5.28
5.60
5.31
8.10
14.52
13.57
13.80
14.09
14.24
13.81
13.96
13.84
15.29
14.88
14.75
14.70
14.91
16.00
13.45
13.78
13.53
14.51
11.76
15.95
10.73
10.71
9.32
11.43
14.88
14.50
15.04
19.67
20.98
16.17
14.65
15.22
15.07
15.31
14.32
14.07
14.45
13.92
13.68
13.01
13.21
12.92
7.63
6.27
6.95
8.72
9.04
21.06
22.68
21.49
15.12
15.07
14.05
13.92
14.76
13.88
13.94
13.72
13.70
13.30
13.71
14.75
17.25
14.89
11.32
9.31
10.39
8.55
7.84
7.44
13.16
19.70
19.98
15.30
13.83
14.14
13.75
13.68
13.64
13.52
16.70
16.13
15.70
16.01
15.40
14.50
15.06
18.57
14.60
14.51
14.08
9.16
6.52
9.87
14.95
10.41
15.35
15.94
14.64
14.39
13.55
13.53
13.43
13.97
13.36
13.55
13.60
13.45
14.00
13.69
8.50
18.59
19.13
12.61
10.42
5.89
6.70
7.38
10.97
10.78
13.69
13.78
14.38
13.72
13.93
13.63
13.59
14.99
13.98
14.51
14.42
13.76
13.25
13.84
5.74
5.22
5.68
6.48
12.11
11.63
7.34
7.10
6.04
11.61
14.25
13.59
13.60
13.72
14.82
13.81
13.89
13.90
13.60
13.15
13.44
13.44
12.98
13.24
8.15
5.13
6.25
5.28
5.29
5.62
5.19
5.18
5.73
11.14
13.73
14.12
13.39
13.88
14.34
13.25
14.28
13.68
13.65
13.36
13.25
13.22
13.48
14.02
9.20
6.89
11.18
15.29
12.13
10.09
6.78
7.28
7.67
10.76
14.25
13.31
14.06
14.52
14.48
14.36
13.87
13.86
14.40
13.51
13.83
13.75
13.98
12.85
9.80
16.67
18.50
18.91
10.34
8.11
12.64
13.20
11.07
12.26
17.07
14.45
15.30
14.73
15.04
14.65
14.89
14.73
14.41
14.06
13.80
14.11
13.82
13.93
8.33
11.10
12.16
10.09
9.67
7.78
6.92
5.86
7.06
8.86
15.38
14.71
13.82
13.79
14.15
14.03
13.93
13.64
13.86
13.90
13.76
14.02
13.43
13.66
13.08
13.40
12.55
14.07
10.25
7.12
6.58
8.21
8.16
9.39
14.67
14.00
14.52
14.73
14.76
15.13
14.44
14.11
13.81
13.91
13.80
14.15
13.68
12.93
5.72
9.41
11.47
12.41
9.17
6.08
6.05
6.27
8.11
7.62
13.71
14.47
13.93
15.10
14.47
16.03
13.88
15.76
13.79
13.43
13.56
13.63
13.70
11.81
5.21
7.52
5.84
6.29
5.32
5.38
5.33
5.35
5.32
8.13
13.45
13.61
13.46
13.76
13.77
13.81
13.39
13.78
13.82
13.31
13.45
13.34
13.64
13.44
5.24
10.54
11.62
11.72
8.49
5.39
6.00
5.85
6.00
8.01
13.84
13.93
13.92
13.38
13.84
13.67
13.66
13.96
13.90
13.87
14.03
13.88
14.13
14.59
7.44
7.37
7.03
5.79
7.97
5.50
9.90
13.53
10.97
8.77
15.54
14.27
14.70
13.80
13.88
14.26
14.14
14.41
13.52
14.05
14.01
13.97
14.22
14.30
13.67
16.00
17.84
19.07
12.85
7.66
7.74
5.90
6.13
8.39
14.51
13.28
14.28
13.78
13.92
13.98
13.93
13.90
13.56
14.41
13.81
13.61
13.77
14.04
8.88
8.02
6.40
8.19
14.26
11.97
11.52
10.37
9.61
13.28
15.88
13.11
13.98
13.63
13.41
13.65
13.58
13.73
13.66
13.07
14.15
13.42
13.89
14.55
5.75
12.41
13.01
10.22
13.28
10.10
9.50
9.03
7.96
8.66
14.24
13.87
13.40
13.53
13.52
13.85
13.85
13.05
13.55
13.80
14.06
13.58
13.83
13.90
5.78
6.81
14.17
12.54
11.73
12.41
11.27
5.41
5.89
7.56
13.62
13.71
13.92
13.57
13.56
14.40
13.84
14.55
13.53
13.67
13.69
13.34
13.20
13.71
7.12
10.33
5.27
5.25
5.18
5.12
5.02
5.76
5.11
7.98
13.18
13.66
13.70
13.73
13.65
13.65
13.71
13.58
13.34
13.57
13.62
13.50
13.06
13.43
7.22
5.13
4.90
5.14
5.10
5.09
5.67
5.11
5.08
10.69
13.60
13.62
13.33
13.52
12.95
13.20
13.57
13.68
13.43
13.55
13.50
13.45
13.58
13.66
10.14
5.47
5.22
5.21
5.30
5.84
5.89
5.42
5.27
18.17
17.25
13.52
13.64
13.48
13.07
13.34
13.64
13.54
13.63
13.66
13.44
13.53
13.50
13.22
13.69
8.91
5.20
5.74
7.95
5.31
5.23
5.18
5.18
9.20
13.61
13.59
13.58
13.53
13.35
13.57
13.64
13.58
13.63
13.64
13.64
13.06
13.70
13.75
12.66
5.43
5.80
5.09
5.00
5.03
5.02
5.07
4.85
6.92
13.32
13.65
13.37
13.52
13.32
13.82
13.69
13.42
13.54
13.50
13.73
13.53
13.63
14.54
6.55
9.49
11.60
7.78
5.26
5.51
5.25
5.35
5.84
13.42
14.21
13.76
13.95
13.84
13.87
13.75
13.62
13.63
13.93
13.71
13.82
13.69
13.86
13.70
11.43
11.70
10.11
6.93
5.73
5.65
5.94
6.53
6.14
10.24
13.96
13.72
14.67
13.69
13.88
14.00
13.68
13.37
13.87
13.91
13.79
13.77
13.83
13.58
5.87
5.63
5.73
5.87
5.62
5.43
5.50
5.64
5.53
6.80
13.82
18.48
14.65
14.02
13.93
13.71
14.09
13.86
14.09
13.86
13.89
13.60
13.89
13.75
5.61
5.52
5.55
5.30
5.99
6.16
5.86
6.08
5.54
6.69
13.87
14.01
13.64
13.84
13.85
13.85
13.71
13.66
13.91
13.84
15.18
13.39
13.87
14.64
12.78
11.82
5.45
5.42
6.03
6.91
11.50
11.94
7.23
10.57
14.03
13.80
13.81
15.99
13.86
13.80
13.51
13.29
14.32
13.64
13.83
13.66
13.86
14.35
10.48
12.52
12.00
12.71
12.32
14.81
7.84
5.52
5.26
6.46
15.44
19.74
15.18
13.21
13.34
13.87
