34.86
34.94
35.03
35.11
35.12
35.08
35.11
34.33
34.93
35.08
20.72
15.00
14.75
30.67
27.81
21.15
34.85
34.62
34.71
34.69
34.88
35.65
35.53
35.45
35.38
35.62
35.60
35.75
35.58
35.35
37.46
37.42
38.51
36.85
37.96
31.39
18.61
29.55
37.17
19.19
23.37
35.28
35.49
34.98
35.07
35.07
35.21
35.41
35.15
35.05
35.21
35.31
35.28
35.44
37.00
38.04
37.74
38.75
36.95
37.13
36.89
36.89
36.81
19.16
33.60
37.12
36.96
36.74
35.70
35.43
35.38
35.56
35.03
35.20
34.38
35.14
34.79
34.86
36.79
37.38
37.54
37.85
37.15
37.11
36.91
38.30
37.06
19.10
32.20
35.23
35.80
36.29
35.44
35.27
35.56
35.95
35.95
35.85
35.84
35.32
34.20
34.93
34.80
35.09
34.63
34.58
20.54
14.17
13.89
13.49
13.69
20.79
33.95
33.73
33.27
33.90
33.84
34.05
34.08
33.98
34.25
34.14
33.65
34.21
34.21
34.45
34.33
34.24
33.17
34.47
26.20
14.41
28.07
20.55
30.07
24.90
33.18
34.33
34.18
34.17
34.33
34.48
34.36
34.61
34.47
34.82
34.69
34.37
34.65
34.80
36.53
36.39
36.60
37.11
37.10
37.83
37.09
36.57
36.86
19.09
32.06
35.13
35.15
34.89
34.52
34.52
33.67
35.53
35.28
35.09
34.43
34.52
34.40
34.65
36.06
37.79
35.74
35.68
35.01
35.78
36.16
37.55
36.29
17.41
30.94
34.72
33.04
32.77
33.75
33.24
34.24
35.15
34.52
34.17
34.04
33.95
34.14
34.17
35.21
35.78
35.00
29.28
14.70
14.97
15.68
16.08
28.26
16.26
31.84
36.71
35.23
35.18
35.03
34.65
34.74
34.35
34.15
33.98
34.02
33.91
33.90
34.01
35.59
35.09
35.07
34.73
18.64
14.46
16.78
15.35
14.51
14.08
23.06
34.94
33.86
34.10
33.84
33.90
35.03
35.71
35.17
35.02
34.92
34.30
34.31
34.32
35.52
36.03
35.97
35.02
35.67
35.31
35.20
35.39
32.52
16.10
30.13
34.44
34.59
34.12
34.19
33.84
34.34
35.24
35.60
36.28
34.71
34.88
34.58
34.32
35.32
34.81
34.86
34.75
34.58
34.34
27.87
13.89
13.52
13.62
31.35
33.42
33.53
33.04
33.57
34.41
34.46
34.45
34.28
34.11
34.15
34.10
34.10
34.01
33.93
34.18
34.33
33.71
33.73
21.38
14.24
14.13
13.81
13.88
20.22
33.83
33.57
33.75
33.70
33.39
32.38
34.03
34.00
34.26
34.28
34.05
34.01
34.14
34.56
34.66
34.32
34.61
25.99
34.92
36.03
30.49
15.93
15.76
27.77
34.52
33.80
34.01
33.99
33.82
34.36
35.01
35.09
34.60
34.39
34.29
33.88
34.33
35.51
35.17
35.78
35.66
18.11
16.08
15.86
16.50
34.98
28.18
35.28
35.15
34.92
34.31
34.41
34.29
34.75
35.30
35.08
35.11
35.01
35.83
35.63
34.89
35.98
34.81
35.10
35.93
35.27
34.34
34.45
34.88
29.21
14.73
33.81
34.56
34.38
33.89
33.48
33.81
34.41
35.77
34.05
34.03
34.22
34.44
35.01
34.19
35.86
36.47
35.58
34.95
35.66
32.68
14.83
15.76
15.42
14.78
19.17
34.71
34.58
34.60
34.09
34.66
34.20
33.81
33.97
33.98
33.96
33.90
33.75
33.83
35.84
34.55
35.08
34.58
33.91
34.20
30.80
16.98
16.01
15.62
31.46
34.00
33.54
33.37
33.45
33.48
33.95
33.16
33.71
33.92
33.89
33.52
34.02
34.18
33.51
34.26
34.17
34.29
34.37
28.72
24.78
33.87
26.61
13.16
30.10
33.26
33.36
33.67
33.66
33.90
33.13
33.91
33.94
34.00
34.28
34.30
34.04
34.16
34.00
34.42
34.46
33.96
34.14
33.89
13.53
13.72
13.44
13.27
16.26
33.31
33.21
33.39
33.57
33.56
33.06
33.78
34.02
33.80
33.87
33.42
34.15
34.19
34.15
34.08
34.40
34.05
34.14
33.44
34.21
28.65
15.93
14.08
30.55
33.72
34.23
34.05
34.22
34.23
34.35
34.62
33.94
34.55
34.50
34.47
33.74
34.48
34.19
36.18
35.07
35.81
35.52
37.66
35.61
36.18
27.63
15.67
31.45
34.73
33.11
33.49
34.09
33.98
34.98
35.04
34.30
34.72
34.42
34.35
34.30
34.28
35.07
36.03
35.23
35.21
35.35
36.62
37.92
37.63
27.05
14.01
31.49
34.48
34.28
34.45
35.13
34.65
35.32
35.91
36.00
35.30
34.78
34.56
34.17
34.53
35.84
35.80
35.96
35.74
35.48
37.17
36.50
36.50
27.46
15.05
31.46
34.05
33.97
36.42
37.32
35.85
34.23
35.80
35.18
34.88
35.44
35.12
35.16
35.00
36.34
37.08
36.00
35.39
34.46
34.68
34.19
35.68
24.75
14.59
24.56
33.90
33.81
33.23
33.72
33.76
34.76
35.29
34.89
35.25
34.78
34.48
34.24
33.55
34.21
34.26
34.38
33.71
34.35
34.17
34.07
34.03
24.40
13.63
33.05
33.71
33.66
33.76
33.88
33.94
34.15
11.19
0.00
26.71
34.13
33.66
34.32
34.06
34.35
34.23
34.28
33.77
16.13
24.09
31.26
14.03
13.53
13.39
32.18
33.42
33.54
33.55
33.51
33.79
33.91
34.08
34.11
34.40
32.97
34.39
34.37
34.62
34.37
35.97
35.92
34.97
34.26
35.58
36.95
36.39
24.22
14.30
20.59
34.93
35.00
34.90
33.68
33.92
34.98
35.52
35.44
35.48
34.71
35.38
34.99
34.92
35.35
35.33
35.77
35.75
17.86
14.07
15.27
16.36
14.92
14.98
32.34
34.22
33.42
33.60
33.81
34.01
34.47
35.35
35.46
34.78
34.35
35.17
32.46
34.50
34.92
36.08
36.15
31.53
19.84
14.74
17.72
15.81
14.40
13.52
14.37
33.45
33.38
33.39
33.39
33.32
34.24
35.02
34.52
33.27
34.02
34.02
34.04
34.68
35.00
35.39
36.41
36.35
27.44
16.17
16.11
17.26
14.95
14.53
19.07
33.27
33.68
33.68
33.79
33.88
34.36
34.17
34.45
34.87
34.77
34.24
33.54
34.38
36.32
35.75
35.09
34.94
36.82
34.15
34.25
32.95
15.10
14.67
30.79
33.50
33.53
33.40
33.43
33.56
34.13
35.27
34.55
33.56
34.11
33.97
34.23
34.17
35.04
35.14
34.45
34.48
28.82
13.91
13.47
13.92
16.82
13.76
30.69
33.51
33.06
33.49
33.50
33.54
33.68
33.04
33.61
33.63
33.69
33.57
33.62
33.92
33.96
33.90
34.06
31.20
34.23
34.30
28.74
18.39
27.31
20.76
34.19
34.11
34.06
33.87
33.96
34.01
34.20
33.67
34.26
33.56
34.22
34.05
34.07
35.06
35.96
35.30
35.37
35.08
16.18
20.82
16.44
17.73
16.15
14.91
19.04
34.45
34.26
34.06
33.98
33.63
34.25
34.92
35.13
35.70
35.41
35.65
34.91
35.12
35.42
35.54
35.55
35.16
34.97
15.53
16.94
17.07
15.91
15.09
22.70
35.05
35.19
35.43
35.40
35.03
35.83
35.76
36.58
36.80
35.55
34.99
35.19
35.31
35.66
35.99
36.07
35.67
35.90
35.29
35.74
36.08
20.11
16.18
33.23
35.80
35.38
34.98
34.91
34.94
34.40
34.41
34.77
35.89
35.74
35.83
35.35
34.60
35.75
36.55
36.14
35.63
36.56
35.75
35.84
36.08
20.63
15.50
32.52
34.85
34.49
38.03
37.17
37.02
35.70
34.79
33.48
35.81
35.69
35.26
33.88
34.94
36.07
36.45
36.16
35.84
35.60
35.16
36.47
36.55
19.10
14.19
31.11
33.89
34.15
34.00
34.09
34.20
35.30
35.95
37.38
37.34
37.03
36.02
33.76
35.03
35.52
34.41
35.28
30.12
15.30
14.69
14.59
14.49
14.41
14.30
23.76
34.34
34.30
34.40
35.14
35.67
35.26
34.81
34.83
34.84
34.76
35.00
34.88
34.23
34.90
34.25
34.40
34.41
34.84
34.88
20.00
14.68
14.56
14.26
31.35
33.89
33.85
35.88
35.22
34.54
34.39
34.41
34.70
34.17
34.73
34.04
34.64
34.74
34.73
34.74
34.20
36.28
35.51
36.48
37.54
37.92
18.20
14.61
30.72
33.76
33.53
33.48
33.40
33.51
34.67
35.00
35.33
35.12
34.75
34.68
34.51
33.91
35.31
35.47
34.32
34.80
35.74
36.70
35.49
35.75
16.94
14.40
23.02
34.45
33.57
33.25
33.24
33.31
34.01
34.52
32.78
34.01
33.36
33.65
33.56
33.36
33.94
33.32
33.98
34.23
20.83
14.81
15.75
14.83
14.50
14.34
13.92
33.71
34.12
32.95
34.11
34.31
34.73
34.64
34.55
34.04
33.64
33.16
33.12
33.12
33.53
32.55
33.31
30.28
34.15
33.79
35.91
29.21
34.99
34.76
34.05
33.54
11.28
12.22
32.72
32.67
34.25
34.43
34.36
34.30
34.12
33.71
16.75
16.77
33.25
33.05
33.45
34.34
24.05
12.95
13.88
15.03
14.58
14.38
22.33
33.14
33.03
33.11
33.07
32.53
32.48
32.52
33.11
33.22
33.30
33.30
33.47
33.36
33.39
32.80
33.42
33.53
33.59
24.19
13.46
13.73
13.57
13.38
29.40
32.81
33.32
33.34
33.52
33.49
32.95
33.41
33.50
33.48
33.65
33.74
33.61
33.79
33.30
34.53
35.59
35.62
35.35
22.67
15.33
13.85
13.74
13.82
24.14
33.77
33.71
33.63
33.42
33.56
33.70
33.80
33.27
33.17
33.64
33.59
33.64
34.40
34.27
34.36
34.88
35.89
25.01
30.04
17.14
31.98
20.60
18.87
35.39
34.13
34.42
34.51
34.60
34.15
34.26
28.92
34.02
34.10
34.10
34.08
33.62
35.55
37.04
36.24
35.99
38.14
35.83
35.72
36.27
19.88
16.64
16.42
33.31
34.44
34.38
34.49
33.65
34.16
34.15
34.32
34.81
35.05
34.30
34.18
34.01
35.72
36.69
35.41
35.37
35.49
21.87
36.82
37.10
34.19
16.21
15.57
32.71
33.96
33.87
33.96
34.75
34.82
34.88
34.73
33.81
33.94
33.85
33.80
34.04
34.38
36.30
37.35
36.25
35.94
27.03
16.80
15.37
24.52
35.11
34.21
33.94
33.94
34.25
34.83
34.79
34.73
34.93
34.62
35.50
35.77
35.58
35.61
34.40
34.55
35.44
36.08
36.20
36.14
36.85
18.84
15.53
33.00
22.06
27.15
31.66
34.21
34.24
34.22
34.04
34.21
33.93
32.88
34.98
36.74
35.95
35.97
35.55
35.73
33.79
32.30
29.37
34.63
34.28
34.26
34.16
27.69
13.99
13.83
30.81
33.18
33.73
33.08
33.81
33.22
34.08
34.17
33.69
34.37
34.30
34.14
34.10
33.97
34.21
34.11
32.54
33.43
28.02
13.93
13.92
13.68
13.68
13.56
23.20
33.40
33.38
33.33
33.46
31.63
32.76
32.79
32.89
33.49
33.54
33.58
32.74
33.87
35.48
31.49
30.18
34.36
15.95
13.85
14.09
14.47
15.19
14.18
28.14
32.85
33.33
33.00
32.61
33.27
33.45
34.33
35.19
35.27
35.76
34.89
34.14
34.57
35.32
31.19
27.74
34.61
34.40
34.54
15.12
15.12
15.28
14.21
14.17
33.01
32.30
32.89
32.41
33.09
33.10
33.95
33.61
32.89
33.46
34.11
34.08
34.84
34.86
34.31
29.08
27.54
14.41
14.26
13.29
14.80
14.19
14.32
17.71
33.75
33.54
33.52
32.50
33.15
33.78
34.65
34.22
33.12
33.66
33.64
24.71
14.81
34.05
30.04
25.32
33.25
33.65
22.05
15.22
13.75
13.35
14.04
28.75
36.90
36.73
33.78
33.35
31.88
33.24
33.81
34.39
33.46
33.44
33.01
32.52
34.17
33.45
33.89
34.03
18.77
12.38
12.90
13.76
14.09
14.26
13.89
16.65
33.37
32.90
32.19
32.72
31.36
32.55
33.78
33.77
33.71
33.34
33.13
32.78
32.87
34.14
33.91
34.12
18.74
14.08
13.74
13.41
13.39
12.29
12.23
14.79
31.91
32.34
32.52
32.47
31.97
32.56
32.66
32.63
32.20
32.72
32.33
32.48
32.91
32.50
27.04
22.71
32.93
24.96
13.13
13.06
12.37
12.91
12.84
14.11
32.59
31.97
31.40
32.50
32.50
31.93
32.53
32.60
32.72
32.71
32.75
32.79
34.24
32.43
31.17
27.79
33.73
18.72
12.74
13.93
14.58
13.08
13.35
13.25
27.57
32.42
32.43
31.90
32.70
32.62
32.74
32.88
33.22
33.56
34.16
34.13
35.34
35.30
29.12
24.16
34.50
16.97
13.00
13.90
14.73
15.08
14.24
15.73
33.33
32.73
32.66
32.44
32.63
33.69
34.13
34.81
34.31
34.14
33.46
32.88
33.46
34.03
27.59
25.75
21.64
13.75
13.56
14.60
14.23
14.53
13.99
15.24
32.50
32.30
32.15
28.93
32.55
32.79
33.39
33.51
32.71
32.94
33.08
31.49
33.92
33.71
33.93
33.42
18.41
14.35
14.60
14.10
14.87
15.27
15.04
14.47
26.12
32.75
32.37
32.38
32.44
31.45
32.40
32.66
32.68
33.75
32.78
32.58
33.03
34.31
34.43
35.11
35.00
18.59
19.03
15.80
14.34
12.98
13.05
16.73
32.98
32.95
32.97
32.42
32.89
33.17
32.97
32.33
33.03
33.69
34.18
34.43
34.23
33.94
27.86
19.82
16.71
13.54
13.42
13.33
13.02
13.21
13.15
13.13
27.49
32.87
32.21
32.76
32.28
31.70
33.06
33.34
32.79
33.47
33.43
33.41
33.47
33.02
26.21
18.34
13.49
13.27
13.10
13.33
13.19
12.68
12.76
13.00
25.20
31.66
32.79
32.83
32.77
32.77
32.33
32.87
32.89
32.74
32.85
32.81
33.11
34.08
27.65
15.88
14.99
14.03
13.78
14.16
24.93
34.76
35.16
35.09
34.97
34.50
34.31
34.69
34.41
33.85
32.90
33.61
33.29
33.43
33.30
33.28
33.44
33.50
33.94
34.64
34.31
28.77
15.45
29.50
20.37
16.71
18.03
23.41
32.54
33.34
33.34
33.50
33.45
33.48
33.21
33.65
33.55
33.53
33.41
33.44
33.54
33.84
32.82
28.91
14.18
14.53
13.60
13.67
14.89
14.40
13.84
13.86
20.22
31.06
24.32
33.25
33.23
32.23
33.36
33.47
31.73
33.29
33.26
33.39
33.70
34.79
27.34
14.31
13.93
14.19
13.61
13.90
14.16
16.16
15.39
14.95
14.01
35.42
36.49
36.29
35.86
32.17
32.77
33.32
32.33
33.34
33.66
33.36
33.32
33.84
26.51
13.85
13.94
11.74
10.92
14.62
15.10
14.31
14.47
14.59
23.14
33.76
33.40
33.10
33.08
32.65
30.67
33.11
32.90
32.80
32.91
32.28
32.74
34.05
29.22
13.72
13.37
13.39
13.05
12.99
12.76
12.91
12.80
12.82
12.77
31.09
32.34
32.41
32.65
32.11
32.55
32.68
32.79
32.86
32.82
32.75
32.39
32.90
28.62
13.21
13.11
13.09
13.02
13.00
12.97
12.81
12.41
12.59
12.57
30.49
31.77
32.32
32.40
32.56
32.64
32.65
32.60
32.61
32.71
32.62
32.62
33.60
30.75
14.42
14.44
13.98
13.98
13.90
15.14
15.01
14.86
14.11
13.95
31.62
33.08
32.74
32.84
32.04
33.09
33.51
33.28
33.23
32.67
33.24
33.02
33.48
31.05
15.37
14.06
14.67
13.78
13.20
14.57
16.16
15.43
14.38
13.63
31.87
32.69
32.30
31.74
32.36
31.86
32.48
32.64
32.54
32.55
32.59
32.70
33.29
32.57
15.65
13.01
12.97
13.73
13.18
14.28
15.04
14.78
13.82
25.46
32.34
32.31
32.33
32.40
32.42
32.70
32.81
32.02
32.83
33.42
33.62
33.03
33.20
32.14
16.47
16.95
14.42
13.37
13.07
14.87
15.25
14.70
16.56
32.29
33.70
33.66
33.13
33.82
34.08
12.98
0.00
0.00
30.83
33.13
32.66
33.20
33.27
29.57
13.62
13.09
13.42
13.25
14.30
14.64
15.13
14.80
14.27
14.30
31.70
32.90
32.52
32.51
32.50
32.43
33.71
33.38
33.17
32.22
32.95
32.84
34.09
33.63
14.02
13.64
13.57
13.00
12.61
12.70
12.58
12.55
12.51
16.68
32.34
30.06
30.66
31.77
32.38
32.02
32.66
32.63
32.68
32.66
32.35
32.88
31.93
28.90
13.28
13.06
12.73
12.75
12.76
12.64
12.39
12.53
12.52
12.25
30.12
31.65
31.71
31.22
32.41
32.16
32.22
32.28
32.83
32.23
31.61
33.58
32.97
29.13
13.88
13.74
13.84
13.60
12.82
14.67
13.86
13.70
13.03
12.91
31.71
32.11
31.74
32.32
32.43
31.27
32.80
32.75
33.23
32.63
32.67
32.49
33.50
30.34
14.43
13.80
13.23
13.23
14.13
14.93
14.67
14.51
13.16
28.55
32.24
32.13
32.07
32.19
32.26
32.34
32.39
32.44
32.37
32.82
32.41
32.38
33.34
32.56
13.06
13.25
13.31
13.57
13.64
13.89
14.07
13.35
29.62
32.31
32.30
32.20
32.23
32.28
32.27
32.38
32.50
32.68
32.78
32.70
31.53
32.62
33.11
28.75
12.98
13.04
13.26
14.03
13.31
13.25
13.17
13.74
14.67
14.55
32.70
33.77
33.12
32.98
32.23
24.58
16.20
32.44
32.43
32.37
32.37
32.53
33.32
28.32
13.44
13.40
12.90
13.33
13.30
13.94
14.25
14.80
14.18
14.24
32.36
32.22
32.71
32.33
31.30
31.34
32.54
32.39
32.61
32.60
32.73
33.51
33.59
29.19
13.45
13.29
13.29
12.85
12.39
12.82
12.82
12.32
12.59
12.73
30.01
31.68
32.24
32.26
31.78
31.86
31.88
32.52
32.45
32.46
32.00
32.66
32.67
28.28
13.16
12.97
12.82
12.86
12.85
12.74
12.71
12.57
12.55
12.31
30.63
32.16
31.66
32.22
32.37
32.50
32.64
32.64
32.61
32.42
32.47
32.54
32.73
33.27
14.62
13.66
13.72
13.37
13.52
14.24
14.49
15.31
14.80
14.10
31.09
33.08
32.97
32.40
32.43
32.46
32.65
32.24
32.66
32.70
32.64
32.62
34.10
30.32
14.53
14.34
14.28
14.35
14.17
14.68
14.40
14.24
13.88
23.63
32.76
33.23
33.22
33.24
33.68
34.25
32.92
32.51
32.40
32.29
32.47
32.35
32.64
29.20
13.95
14.11
13.18
13.05
13.22
14.33
14.11
14.48
14.27
16.13
33.07
32.88
32.40
33.17
33.59
33.75
33.22
33.26
32.94
32.64
32.69
32.70
33.37
32.98
25.22
13.67
14.05
13.48
12.80
14.15
15.41
16.10
15.38
15.26
32.01
33.44
32.55
30.09
32.75
32.86
33.05
32.72
32.73
33.18
33.04
32.99
34.35
27.38
13.56
13.91
13.50
14.21
14.89
15.16
14.40
14.44
14.15
14.19
30.54
32.96
33.22
32.91
33.10
32.99
33.24
32.78
32.88
32.17
33.41
32.28
32.82
32.08
16.91
13.38
13.26
13.32
12.95
18.82
14.17
12.79
12.79
12.61
32.17
32.32
32.21
32.24
31.19
32.27
31.83
31.92
32.36
32.38
31.32
32.37
32.46
28.02
12.73
12.63
12.52
12.58
12.57
12.80
12.79
12.55
12.71
12.71
28.69
31.58
32.16
32.17
32.23
32.27
32.37
32.31
32.28
32.32
31.78
31.78
32.52
27.16
13.06
13.02
13.41
13.97
14.61
14.77
13.30
12.59
12.96
21.12
32.18
32.38
32.40
32.47
32.48
32.85
33.40
32.87
33.45
32.89
32.82
32.41
33.03
28.35
16.84
13.67
14.20
13.39
13.96
14.76
14.16
14.06
13.34
15.41
32.55
31.87
32.36
32.41
32.54
32.66
32.11
32.75
32.74
33.92
33.01
32.56
34.26
29.61
14.02
13.90
13.67
13.36
13.85
14.61
14.43
14.46
13.46
13.17
31.28
32.82
32.78
32.75
32.78
32.85
33.18
34.17
34.44
33.97
33.02
32.50
34.18
30.25
14.84
14.33
14.50
14.50
7.61
15.35
14.62
15.20
14.68
22.37
34.34
33.80
33.13
33.07
32.27
33.03
33.09
32.71
32.15
32.72
32.63
32.57
33.24
33.71
32.31
13.80
13.98
13.69
13.31
14.40
14.03
14.29
16.24
30.50
31.05
31.08
31.72
32.92
32.78
32.81
32.51
33.06
32.94
32.50
31.92
33.36
33.78
28.63
13.80
13.47
12.71
13.22
13.21
13.22
13.08
13.07
12.18
12.74
32.23
31.85
32.42
32.37
31.98
32.07
31.11
31.22
32.28
32.84
32.81
32.37
31.77
26.50
13.20
12.86
12.87
12.87
13.05
12.83
12.38
12.74
12.49
15.31
32.39
32.24
31.72
31.18
31.86
31.95
30.96
32.03
30.94
32.51
31.98
32.59
32.31
26.14
13.20
13.18
13.13
12.79
12.91
12.77
13.08
13.88
13.60
19.09
30.83
30.70
32.32
31.79
31.39
32.80
32.77
31.53
31.46
31.07
32.68
32.07
33.07
28.33
14.72
13.90
13.85
13.95
13.09
13.47
14.32
13.67
22.35
33.25
32.56
32.53
32.96
32.38
32.96
32.71
33.22
31.13
33.23
32.88
33.43
33.17
34.09
33.81
16.17
13.51
14.16
14.17
13.33
14.99
13.69
13.26
13.43
13.59
32.07
32.15
31.38
32.46
32.57
30.56
32.68
32.69
32.56
32.74
32.90
32.92
33.79
28.97
13.60
13.74
13.66
14.11
14.04
14.17
14.04
13.27
12.84
15.95
31.97
31.31
31.27
29.10
32.33
31.38
34.07
33.14
33.82
32.87
33.04
32.54
33.66
27.04
14.03
14.03
14.02
14.09
14.19
13.77
13.59
13.07
12.78
22.09
32.67
32.63
32.48
32.18
32.16
33.42
33.59
31.74
31.81
32.26
31.76
32.52
32.20
26.72
16.26
12.71
12.79
12.57
12.59
12.79
12.61
12.84
12.57
12.51
31.23
32.05
31.44
32.03
31.51
31.00
32.04
30.46
32.08
32.09
32.13
32.11
32.19
26.13
12.80
12.77
12.53
12.53
12.58
12.56
12.41
12.71
12.74
12.69
31.42
32.05
32.04
30.51
32.18
30.56
32.13
30.53
31.70
32.18
32.30
32.37
32.93
27.96
13.45
13.78
13.63
13.87
14.09
14.24
13.90
14.16
14.18
14.54
32.38
32.86
32.92
34.96
34.38
33.08
34.02
33.47
33.26
33.03
32.71
32.59
32.97
27.96
13.53
12.76
13.01
13.81
13.41
13.23
13.76
30.24
22.93
29.34
32.26
32.17
31.11
31.47
33.23
33.05
33.21
33.06
32.44
32.38
32.51
32.36
32.50
29.03
13.04
13.12
13.58
14.02
14.08
14.30
13.96
14.16
13.43
13.31
32.43
32.24
32.42
32.75
33.25
33.48
32.15
32.32
31.79
31.79
32.30
32.49
33.40
28.49
13.98
17.44
14.40
13.23
13.88
14.65
13.38
12.51
13.43
13.29
31.67
31.70
32.24
32.80
33.24
33.35
33.32
31.98
32.17
32.21
32.24
32.50
33.47
28.46
13.46
13.90
13.67
13.12
13.46
13.72
14.68
14.65
14.47
14.45
33.43
32.84
31.86
32.75
32.70
31.50
32.03
32.33
32.28
31.15
32.27
33.06
35.62
30.11
12.85
13.06
12.49
12.85
12.58
12.54
12.81
12.81
12.31
13.44
32.13
32.02
31.95
30.92
32.02
31.97
31.97
31.48
30.96
31.98
31.48
31.98
32.03
27.02
12.68
12.71
12.49
12.57
12.90
13.78
13.22
12.73
14.02
12.69
31.43
31.94
31.94
31.94
31.45
31.97
31.50
31.98
31.98
31.93
31.91
31.89
31.93
31.51
26.32
23.21
27.59
20.92
32.12
33.45
30.24
16.37
15.31
33.96
33.63
32.76
32.38
32.72
32.57
32.61
32.83
33.30
33.20
33.29
33.41
32.99
33.10
30.35
13.68
13.27
14.65
13.64
13.57
14.39
14.20
14.08
13.85
13.82
32.50
32.59
32.62
32.64
32.58
32.41
32.74
32.93
32.78
32.65
32.49
32.40
33.47
30.59
14.09
13.53
14.02
13.98
14.12
14.43
14.19
15.17
15.12
14.93
32.14
33.71
33.07
32.61
33.13
31.62
32.38
32.28
32.37
32.23
33.01
32.53
33.51
29.74
14.00
13.88
13.18
13.66
13.46
13.54
12.61
13.62
14.12
21.49
31.81
32.20
31.64
32.17
31.69
32.30
32.25
32.35
32.04
32.54
32.60
33.23
32.86
30.23
13.93
13.92
13.44
13.21
13.25
14.54
13.55
15.07
14.99
16.82
32.17
32.59
32.20
31.54
32.05
32.23
32.63
33.19
32.88
32.77
32.56
31.77
32.38
28.34
12.68
12.63
12.45
12.64
12.25
12.44
12.63
12.62
12.65
14.69
32.10
32.04
31.60
32.07
31.91
31.91
31.91
31.92
32.00
32.00
31.98
32.08
32.22
28.74
12.63
12.61
12.41
12.43
12.40
12.62
12.61
12.40
12.60
17.68
31.93
31.87
30.81
31.88
31.94
31.93
31.40
31.39
22.92
1.60
32.05
30.98
32.60
32.46
23.40
13.31
17.22
17.29
14.37
14.26
13.66
15.16
15.55
30.48
29.76
39.54
39.92
38.21
32.58
31.94
32.27
32.12
32.67
33.08
32.67
33.24
32.70
33.71
31.98
29.70
14.42
17.36
16.56
14.66
14.23
16.71
16.91
13.57
33.40
35.77
34.92
31.80
32.37
32.28
32.25
32.30
32.45
32.44
32.47
32.44
33.41
32.54
33.10
18.67
13.45
13.14
13.35
14.66
14.28
14.34
15.38
25.79
32.56
32.53
33.45
33.69
32.55
31.76
32.32
32.99
33.39
32.99
32.81
32.62
33.75
31.57
13.28
13.13
12.68
13.46
13.06
14.12
13.22
14.04
13.87
24.65
32.61
32.55
32.13
32.13
31.74
32.54
33.18
33.30
33.28
33.23
33.22
33.46
33.15
30.99
13.16
7.63
13.16
13.38
12.60
13.92
14.36
14.18
14.78
21.78
31.52
31.48
32.07
32.23
31.30
32.32
31.72
32.31
32.38
32.47
32.75
33.15
32.38
31.39
12.80
12.80
13.65
16.02
15.16
12.67
12.64
12.65
12.43
16.32
31.55
32.01
31.96
31.95
30.89
31.98
32.20
32.30
32.24
32.24
32.19
32.13
32.20
30.06
20.39
12.76
12.56
12.49
12.66
12.63
12.67
17.89
32.10
23.33
32.03
31.95
31.96
32.03
32.03
32.09
32.17
32.08
32.12
32.19
32.18
32.31
32.41
33.24
14.81
13.85
14.22
13.98
13.56
14.28
14.69
15.04
14.40
13.74
30.61
31.53
32.06
32.08
31.63
32.12
32.43
31.58
31.05
32.40
32.25
31.25
32.72
32.32
13.52
13.43
13.06
13.13
12.89
13.11
14.06
13.99
14.06
13.75
29.82
31.50
32.57
32.55
31.64
32.11
32.09
32.32
32.19
32.90
32.29
32.10
32.29
32.56
13.83
13.89
13.36
13.73
13.85
13.91
13.75
14.02
13.74
15.72
32.18
32.07
32.08
31.55
32.20
32.33
32.23
31.65
32.11
32.05
31.58
32.04
32.57
32.37
20.44
12.73
13.15
13.05
13.07
13.97
12.85
12.47
12.91
12.98
26.35
32.79
33.35
32.34
33.51
33.64
33.67
33.71
33.69
33.66
33.64
33.72
34.30
33.08
15.12
14.35
13.80
14.94
14.36
13.86
12.93
12.92
12.91
20.81
32.36
32.31
31.17
32.29
32.48
32.47
32.37
32.29
32.35
32.33
32.47
32.96
32.11
32.62
13.74
13.02
12.76
12.99
12.94
12.92
12.90
12.91
12.88
12.87
31.32
32.13
32.18
32.14
32.14
32.13
32.18
32.20
32.21
32.23
32.34
32.36
32.38
32.44
26.96
12.98
12.95
12.97
12.73
12.73
12.94
12.92
15.20
31.86
32.34
32.29
32.28
32.27
32.38
32.46
32.46
32.05
32.50
32.52
32.51
32.76
33.22
32.95
29.09
14.20
13.56
14.35
13.99
13.68
14.43
14.34
19.94
29.88
33.03
31.45
32.44
31.91
32.81
32.26
32.90
32.87
32.76
32.89
33.12
33.03
33.79
33.40
13.48
14.29
15.32
16.05
15.58
16.04
15.76
13.62
13.18
12.95
28.45
32.65
32.64
32.74
32.78
32.90
32.86
32.29
32.34
32.84
32.87
32.91
33.81
29.06
14.67
13.97
14.09
14.68
14.29
13.98
14.57
13.41
31.27
34.02
33.67
32.17
32.74
32.29
32.95
32.31
32.77
33.22
33.11
33.87
34.39
33.38
33.25
33.26
15.59
13.73
13.39
14.64
14.67
14.04
15.26
15.12
13.85
13.81
30.37
33.72
33.13
34.25
33.69
33.07
32.38
33.01
33.04
32.50
33.27
33.49
32.99
31.43
13.38
13.05
12.60
13.45
14.43
13.48
13.04
13.08
13.11
13.14
28.07
32.48
32.51
31.98
32.04
32.70
32.87
32.93
32.98
33.51
32.99
32.49
32.80
29.55
13.12
12.84
12.76
12.69
12.89
12.49
12.88
12.90
12.90
12.89
26.47
32.17
32.20
32.20
32.23
32.23
32.17
32.15
31.68
32.23
31.72
32.33
32.49
26.65
16.89
13.00
12.54
12.97
13.01
12.53
12.73
12.71
12.91
12.89
27.17
32.25
32.25
32.28
32.29
32.34
32.39
32.39
32.42
32.49
32.09
32.62
32.76
32.76
26.71
13.99
13.25
13.25
13.13
13.11
13.04
12.96
12.71
12.91
24.96
31.84
32.34
32.35
32.38
32.40
32.38
32.41
32.41
32.45
32.66
33.45
32.75
32.77
14.08
12.61
13.01
13.17
15.03
15.71
8.58
9.97
12.77
13.10
27.80
32.51
32.59
32.28
31.85
32.39
32.41
32.80
33.03
33.09
32.50
32.15
32.84
32.23
14.75
13.35
13.36
13.43
13.58
13.38
13.82
14.47
13.43
13.06
27.55
32.57
32.51
32.57
32.52
31.44
32.59
32.66
32.01
32.70
32.58
32.90
33.69
33.77
16.20
13.71
12.89
13.73
13.20
14.05
14.45
15.96
14.94
16.07
31.57
34.49
33.74
33.16
33.13
33.05
32.24
32.71
32.33
32.38
32.24
33.51
33.05
32.59
14.76
13.38
14.14
13.58
14.40
13.82
12.99
13.90
13.38
13.29
27.46
32.73
32.50
32.45
31.98
32.65
31.83
31.80
32.35
32.34
32.36
31.90
32.33
32.34
13.17
12.74
12.54
12.96
13.58
13.96
14.43
13.78
12.75
12.95
27.79
32.23
32.27
32.28
32.30
31.81
32.21
32.17
31.62
32.17
31.63
32.23
32.33
29.00
14.53
12.95
12.97
12.56
12.99
13.02
12.98
12.97
12.77
12.97
29.75
32.18
31.66
31.73
32.29
32.28
31.71
31.65
32.19
32.18
32.35
33.24
32.31
32.35
17.46
12.51
12.93
12.75
13.57
13.65
13.66
13.37
13.05
13.17
29.60
32.42
32.42
32.73
32.32
32.80
33.44
33.42
33.39
33.39
32.84
32.89
32.72
32.06
17.76
13.17
12.95
13.16
14.20
13.71
13.68
14.17
13.29
17.28
32.90
32.39
31.86
32.41
32.43
32.43
31.83
32.34
32.33
32.72
31.84
32.40
32.54
31.98
21.34
13.22
13.63
12.76
13.46
13.31
12.96
13.20
13.19
12.57
27.38
32.44
32.41
32.43
32.51
32.48
31.85
30.18
32.33
32.32
32.38
31.83
32.52
32.51
18.22
13.56
14.25
14.29
17.28
20.54
15.20
12.54
13.60
13.04
26.57
32.46
32.46
31.89
32.51
32.46
32.48
32.46
32.32
32.33
32.57
33.52
33.41
33.61
22.40
14.08
14.15
13.79
14.64
14.66
14.51
13.90
13.43
13.10
32.33
32.58
32.50
32.51
32.12
32.71
32.47
31.86
32.75
32.91
33.05
32.66
31.68
32.60
21.96
12.86
12.84
13.31
13.34
13.35
13.31
13.08
13.07
13.28
26.84
31.44
32.49
32.51
32.49
32.50
32.45
32.45
32.46
31.91
32.46
32.51
32.59
32.60
19.41
13.06
13.06
13.30
13.09
13.10
13.12
13.11
13.14
12.70
27.83
32.53
31.94
32.49
32.45
31.93
32.39
31.83
32.35
32.38
32.64
33.47
32.18
31.49
17.44
13.81
14.13
14.20
14.65
14.87
13.68
16.12
28.11
19.91
32.60
32.56
32.03
32.53
32.59
32.18
31.32
32.34
32.52
32.49
32.63
33.13
32.55
32.86
24.02
13.04
12.87
13.29
13.67
13.84
13.58
13.41
12.70
23.17
32.60
31.44
32.45
32.48
31.98
32.69
32.69
32.33
32.50
32.19
32.45
32.52
32.70
25.18
19.57
18.92
18.62
19.60
15.84
14.04
13.41
13.17
13.40
14.08
27.86
33.55
33.48
33.72
32.74
33.22
33.77
33.35
32.78
33.00
32.87
33.59
31.62
32.67
20.16
13.06
12.86
13.45
14.65
14.30
14.06
13.42
12.96
26.94
32.11
31.99
32.47
32.44
32.55
32.43
32.89
31.97
31.86
32.12
32.87
32.50
31.48
32.78
25.25
14.06
13.84
14.08
13.63
12.47
13.38
13.13
13.38
13.43
26.05
32.57
31.99
32.00
32.61
32.05
31.08
32.41
32.43
32.45
32.44
32.69
30.81
32.44
20.50
12.66
12.06
13.14
12.68
12.91
12.93
13.15
12.74
13.21
25.44
32.34
32.32
32.28
32.27
32.32
31.76
32.20
31.14
32.20
31.67
31.74
31.37
32.43
23.07
12.89
12.90
13.12
12.46
13.14
12.92
13.16
12.72
13.15
27.94
31.76
32.32
32.34
32.37
31.83
32.28
32.22
32.21
32.20
33.25
33.53
32.25
33.63
25.57
13.59
14.10
14.35
13.95
13.25
13.37
13.13
13.15
13.39
27.61
32.58
32.54
32.57
32.58
32.55
32.52
32.42
32.42
31.89
32.45
33.27
34.74
37.06
31.60
21.42
21.67
21.35
15.75
13.81
14.38
14.37
14.11
15.14
28.55
33.87
34.09
33.79
33.43
32.96
32.87
32.81
32.10
32.64
32.85
33.17
33.36
33.01
24.92
13.28
13.35
13.71
15.05
15.80
14.85
13.94
13.13
13.58
26.14
32.78
32.75
32.73
32.74
31.69
32.68
32.65
32.09
32.65
32.92
33.75
31.96
34.72
30.90
20.05
20.06
20.40
18.04
19.92
15.88
13.55
13.47
13.37
27.09
32.77
32.76
32.81
32.35
32.95
32.15
32.66
32.66
32.67
32.97
33.14
33.16
33.18
22.51
13.95
13.42
14.53
14.80
14.79
14.58
13.69
13.73
13.72
26.78
32.83
31.74
32.82
32.90
32.46
32.73
32.75
32.65
32.74
33.60
32.29
32.88
32.88
23.52
13.52
12.87
13.10
13.54
13.55
13.55
13.32
13.51
13.55
27.74
32.78
32.23
32.78
32.79
32.82
32.77
32.74
32.69
32.17
32.74
32.81
32.91
32.36
22.25
13.53
13.55
13.33
13.61
13.61
13.08
13.53
13.52
13.31
27.24
32.80
32.76
31.69
32.81
32.82
31.68
32.77
32.79
32.27
32.99
33.34
33.65
33.96
24.71
13.34
13.88
14.33
15.02
14.39
13.75
13.79
14.40
14.23
28.96
33.46
32.65
33.07
32.82
33.02
33.25
33.27
33.30
33.15
33.06
32.83
32.93
33.05
26.28
13.33
13.75
18.55
23.99
21.50
20.27
20.02
18.42
14.65
25.28
33.86
33.56
33.30
33.31
33.12
32.45
32.30
32.26
32.71
32.69
33.57
33.27
32.91
21.75
13.32
14.17
13.73
15.06
18.42
15.59
13.57
14.00
14.10
29.39
32.81
32.35
32.85
32.96
32.82
33.16
33.11
33.22
33.40
33.00
33.76
32.70
33.42
26.12
14.29
14.06
14.55
17.20
20.84
19.87
18.44
13.61
13.64
27.26
32.82
32.78
32.80
26.31
33.27
32.72
32.90
32.15
33.39
5.84
0.00
9.28
8.48
20.33
13.56
13.56
14.34
15.14
15.64
13.82
13.71
13.77
20.21
32.95
32.86
32.79
32.81
32.89
33.11
33.12
33.14
32.68
32.69
33.65
32.94
32.80
32.81
25.13
13.54
13.56
12.94
13.65
13.67
13.61
13.64
13.68
13.73
27.53
31.17
32.78
32.81
32.85
32.83
32.71
32.61
32.66
32.67
30.50
32.72
32.81
31.17
18.71
13.57
13.60
13.63
13.72
12.95
13.64
13.66
13.65
13.63
26.82
32.81
25.16
25.22
32.84
32.84
32.82
32.77
32.76
30.47
32.64
33.29
32.77
32.79
24.07
14.34
13.58
13.59
14.27
14.63
14.60
14.08
13.83
14.08
26.45
32.95
32.73
32.70
32.79
30.76
32.91
32.80
32.61
32.74
32.62
33.36
33.76
33.80
26.65
14.55
14.53
14.53
14.81
13.83
13.70
13.66
13.64
13.20
21.02
32.82
32.78
32.76
32.82
32.77
32.62
32.75
32.62
31.68
32.63
33.52
32.85
32.81
17.72
13.56
13.54
14.06
14.48
13.96
13.97
13.84
13.63
13.67
22.22
32.84
32.79
32.76
32.74
32.68
32.65
32.63
32.66
32.65
32.65
32.70
32.78
32.79
14.78
13.08
13.31
13.33
13.10
13.35
13.57
12.69
13.58
13.59
22.04
32.76
32.70
32.73
32.75
32.72
32.63
32.57
32.56
32.60
32.59
32.73
32.91
25.72
13.49
13.52
13.54
13.53
13.56
13.95
13.68
12.91
13.17
13.60
19.40
32.75
32.69
32.65
32.74
31.75
33.22
33.39
33.22
33.15
32.87
33.09
32.72
27.27
13.28
13.29
13.55
13.59
13.12
13.58
13.60
13.61
13.60
13.60
18.56
32.77
32.68
32.66
32.68
32.69
32.62
32.57
32.55
32.57
32.56
31.52
32.68
28.55
15.44
13.55
13.55
13.57
13.61
13.62
13.64
12.73
13.19
17.18
32.83
32.75
32.70
32.68
32.67
32.67
30.45
32.59
32.59
32.60
32.83
33.04
32.94
28.84
14.19
14.62
13.95
16.49
20.57
18.26
14.00
13.98
13.47
13.94
20.03
32.54
32.49
33.11
33.29
33.05
33.58
33.52
33.38
33.53
32.95
31.70
32.86
25.09
13.54
13.30
13.08
12.88
13.75
13.60
13.37
13.20
13.61
13.15
18.82
32.76
32.70
32.69
32.74
33.00
33.56
33.51
33.49
33.44
33.39
34.02
34.14
29.72
16.65
14.55
13.62
14.35
18.31
19.78
19.20
17.79
14.37
13.80
18.48
33.16
33.03
32.47
32.96
33.12
32.73
32.58
32.54
32.52
32.67
33.49
32.89
32.98
24.17
13.67
14.59
14.61
13.87
12.30
13.80
13.23
13.23
17.24
32.99
32.84
32.79
32.77
32.81
31.65
32.56
32.55
32.93
32.73
32.56
34.07
33.55
33.69
14.05
13.83
14.38
14.03
13.16
13.65
13.16
16.17
13.66
18.98
33.54
33.38
33.17
33.07
33.02
33.00
32.89
32.80
31.44
32.48
32.49
32.57
32.69
27.49
13.53
13.55
13.57
13.57
13.14
12.97
13.15
13.64
13.62
13.64
20.04
32.75
32.68
32.13
32.65
32.71
32.61
32.52
31.96
32.50
32.49
32.59
32.66
31.44
14.85
13.56
13.55
13.58
13.64
13.63
12.74
13.40
13.61
13.63
20.70
32.76
32.14
32.67
32.66
32.66
32.58
32.00
32.54
32.52
32.53
33.63
33.64
30.37
13.74
14.00
13.48
14.02
17.80
20.99
16.27
14.85
15.54
15.89
22.02
34.41
34.31
34.40
34.49
34.04
33.75
33.56
33.48
33.45
33.45
32.85
32.71
32.57
17.90
13.76
13.21
13.97
13.58
13.67
13.68
14.23
14.26
13.79
21.07
32.79
31.65
32.76
32.79
32.79
32.58
32.54
31.42
32.50
32.79
33.58
33.65
28.91
13.95
13.06
13.84
15.16
21.63
20.65
19.13
14.62
14.31
13.66
30.95
31.67
32.72
32.70
32.80
32.99
32.65
32.78
32.62
33.48
33.22
33.67
33.73
32.14
14.31
14.55
14.42
13.27
15.05
14.77
12.94
13.70
13.73
13.71
22.93
32.79
32.23
32.18
32.83
33.15
31.15
32.57
32.52
32.53
32.57
33.40
33.67
23.79
14.54
14.10
13.13
13.68
14.79
14.63
13.64
13.65
12.97
14.31
32.89
32.76
32.70
32.70
32.73
32.73
32.64
32.57
32.55
32.53
32.56
33.18
32.70
30.80
13.50
12.84
13.52
13.33
13.33
13.58
13.58
13.35
13.60
13.62
20.34
32.74
32.71
32.15
32.71
32.66
32.56
32.51
32.52
32.54
32.54
32.62
32.70
28.53
13.03
13.28
13.29
13.31
13.56
13.34
13.58
13.60
13.39
13.16
27.60
32.75
32.77
32.72
32.71
32.70
32.58
32.54
32.00
32.53
32.52
32.79
32.65
32.70
18.01
13.54
13.31
14.27
13.94
13.08
13.54
13.55
13.55
13.36
26.43
32.72
32.70
32.77
32.86
32.89
32.95
32.55
32.67
32.66
32.47
33.63
33.64
33.72
33.73
15.93
14.26
14.50
13.53
13.09
13.54
13.55
13.58
13.58
20.64
32.72
32.64
32.58
32.73
32.80
32.62
32.00
31.91
32.48
32.92
33.59
33.64
29.82
13.22
13.48
13.50
13.75
13.57
13.52
13.29
13.31
13.52
13.55
25.45
32.70
32.66
32.14
32.74
33.12
31.57
31.88
33.55
33.59
32.99
33.16
32.86
27.62
13.08
13.50
13.41
14.29
13.60
13.57
13.13
13.58
14.01
14.35
25.57
33.79
33.50
32.60
33.02
32.96
32.79
32.67
32.65
32.67
32.82
33.72
33.60
31.63
13.54
14.47
14.07
14.53
13.67
13.61
13.37
14.12
14.68
14.68
22.95
33.68
33.07
33.47
32.83
33.29
33.00
32.51
32.37
33.46
32.72
32.70
32.64
27.97
13.06
13.52
13.57
13.61
13.60
13.59
13.59
13.40
13.37
13.60
21.95
32.15
32.69
32.68
32.69
32.71
32.54
32.48
32.47
31.93
32.46
32.59
32.11
30.75
13.27
12.59
13.51
13.06
12.89
13.59
13.58
13.35
13.57
13.35
21.68
32.71
32.70
32.71
32.67
31.55
31.46
31.97
32.51
32.48
32.96
32.58
33.00
32.94
31.92
26.66
14.25
14.92
15.72
15.05
14.68
14.35
13.55
14.05
28.73
33.15
32.76
32.72
32.74
33.02
32.58
32.95
32.93
33.55
33.03
33.00
33.60
33.66
19.34
13.08
14.47
14.48
13.10
13.44
13.99
14.83
13.95
29.82
33.25
33.21
33.23
32.15
33.14
32.48
32.69
32.70
32.56
32.99
33.32
33.64
33.52
33.55
32.28
20.28
13.76
14.48
14.49
14.22
13.28
13.25
15.29
32.81
32.69
32.69
32.64
32.65
32.81
32.71
32.65
32.52
32.52
32.52
31.64
34.01
33.22
26.75
14.53
14.29
14.55
15.01
15.21
14.08
13.75
13.33
13.11
13.57
21.30
32.74
32.66
32.66
32.63
32.65
31.97
31.94
32.50
32.82
33.47
33.34
32.69
28.53
14.48
14.46
14.25
13.84
13.56
13.90
13.63
13.12
13.58
13.59
30.99
32.70
32.68
32.67
32.16
32.66
32.55
32.51
32.52
32.51
32.52
32.07
32.70
32.72
25.67
13.49
13.52
13.32
13.35
13.58
13.35
13.56
13.34
15.38
32.79
32.70
32.15
32.19
32.19
32.76
31.58
32.61
32.62
32.59
32.02
32.65
32.73
30.82
13.50
13.49
13.54
13.32
13.56
13.60
13.58
13.56
13.12
13.60
26.69
32.64
32.11
32.62
30.99
32.07
32.49
31.87
31.33
31.87
32.42
32.40
33.00
27.19
13.67
13.05
13.55
13.82
13.85
13.80
13.65
13.63
13.62
27.63
33.89
33.66
32.69
32.54
31.85
32.88
32.67
32.60
32.56
32.45
32.49
32.03
32.96
34.08
33.88
33.95
33.27
33.48
33.26
33.26
22.66
13.10
13.53
13.58
31.87
32.64
32.58
32.59
32.60
32.63
32.55
31.42
32.46
32.55
31.89
31.47
32.68
23.08
13.06
13.82
13.51
13.57
13.53
13.64
13.13
13.61
13.95
24.62
32.79
32.72
31.58
32.67
32.61
32.60
32.53
32.45
32.47
31.94
32.64
32.71
33.65
29.15
13.94
13.71
14.00
14.34
14.46
13.00
13.55
14.04
13.05
14.00
20.32
33.04
32.99
32.49
31.95
31.54
32.49
32.44
32.44
31.95
32.69
33.56
33.07
29.53
14.02
14.20
13.55
14.30
14.83
14.43
14.74
14.43
14.46
15.07
31.07
33.66
34.21
33.33
33.59
33.44
33.25
32.61
32.03
32.03
33.14
32.09
32.22
27.35
13.61
13.64
13.40
13.63
13.44
13.64
13.67
13.21
13.67
25.57
32.91
32.83
32.81
32.81
32.81
32.84
32.74
32.65
31.54
32.63
32.63
32.71
32.78
27.38
13.39
13.60
13.40
13.62
13.65
13.21
13.69
14.10
16.27
18.76
33.33
33.12
33.05
33.00
32.23
32.18
32.07
32.04
32.57
32.58
31.12
32.85
32.79
28.93
13.97
14.20
13.80
15.03
15.15
14.88
14.99
15.02
15.20
14.29
26.61
33.16
33.07
32.70
32.68
32.63
32.54
31.95
32.50
32.84
31.42
32.67
32.63
28.03
13.32
13.33
13.33
13.65
13.59
13.72
13.62
13.64
13.65
13.65
26.73
32.13
32.65
32.62
32.59
32.59
32.56
32.51
32.50
32.85
32.50
32.63
32.04
28.23
13.54
13.93
13.35
13.86
14.38
14.22
13.44
13.20
13.63
13.51
28.39
33.63
33.32
33.01
32.88
32.83
31.64
32.11
32.12
33.31
32.92
33.44
33.03
27.87
13.08
13.35
13.75
14.27
13.51
13.73
13.39
13.30
13.76
14.00
26.42
32.44
32.50
33.01
33.07
32.90
31.98
32.48
31.96
33.26
33.12
33.47
32.06
27.86
14.41
13.55
15.42
16.17
16.22
16.38
15.27
15.13
15.49
16.53
25.22
33.33
32.73
32.41
31.86
32.36
32.39
31.80
31.73
32.25
31.17
32.32
32.38
28.69
13.16
18.00
19.55
13.51
13.31
13.54
13.55
13.54
13.99
13.91
28.87
32.62
32.03
32.57
32.57
32.05
32.53
31.87
32.46
32.42
32.38
32.38
31.85
29.02
13.42
13.23
13.25
13.32
13.61
13.68
13.40
13.43
12.98
16.88
26.73
32.05
32.00
32.53
31.99
32.58
32.00
32.49
32.07
32.73
33.63
33.60
33.64
30.18
13.83
13.47
13.72
14.57
14.80
14.87
14.13
14.11
14.24
13.79
28.68
32.86
32.74
32.71
32.71
32.71
32.16
32.16
32.63
32.77
32.96
33.52
33.56
28.59
14.19
14.19
14.69
14.32
15.00
14.84
13.01
14.33
15.03
13.89
29.11
32.75
31.63
32.73
32.73
32.14
32.66
32.63
32.59
32.72
32.96
32.56
32.61
29.13
14.56
14.61
14.42
15.65
15.26
14.72
14.18
15.64
16.22
14.37
28.23
32.15
37.06
38.07
32.81
32.75
31.59
32.63
32.03
32.00
32.79
33.07
33.61
30.15
14.14
14.68
14.78
11.84
15.06
14.93
14.51
14.82
14.50
17.06
35.71
36.32
36.11
35.95
32.26
32.20
32.16
32.09
31.53
32.27
32.57
32.93
32.63
30.43
14.34
14.42
14.52
15.36
14.66
14.95
14.27
14.05
14.06
14.01
30.26
32.86
32.17
32.01
31.49
32.64
32.55
31.99
32.48
31.88
31.84
31.82
32.40
28.04
15.06
13.45
13.50
13.06
13.68
16.94
13.44
13.23
16.08
17.74
35.84
32.00
32.49
31.99
32.07
32.55
32.53
31.97
32.50
32.49
31.36
31.88
32.44
28.04
13.36
13.42
13.21
13.46
13.45
13.23
12.82
13.25
13.47
13.03
32.37
36.32
35.62
32.82
32.55
32.60
32.06
32.44
32.41
32.16
33.53
32.76
33.39
30.34
16.73
14.00
14.39
15.00
14.09
15.18
14.69
14.50
16.88
17.72
31.10
33.01
32.68
32.73
32.70
32.16
32.18
32.58
31.97
32.62
33.00
33.32
32.49
28.45
13.39
13.61
14.45
14.42
14.96
14.65
15.17
18.76
16.92
14.84
30.36
33.12
31.92
32.46
33.11
33.00
31.67
32.10
32.53
32.72
33.34
32.46
31.99
31.58
16.67
14.63
13.73
15.07
17.74
17.20
13.95
17.85
19.68
15.09
30.81
33.80
33.84
33.82
33.02
33.27
33.10
32.93
32.81
33.02
33.70
33.22
33.04
27.74
14.26
13.63
15.56
19.53
15.37
15.04
15.68
24.30
19.11
13.86
30.76
33.06
32.74
32.24
32.83
32.16
32.18
32.64
32.03
31.98
33.30
34.32
33.87
32.01
17.91
15.01
14.64
14.41
14.91
14.95
14.98
14.74
12.96
13.76
29.30
33.67
32.14
32.99
32.87
32.81
32.82
32.68
32.56
32.51
32.55
32.52
32.02
28.79
13.53
12.88
13.36
13.38
14.36
17.14
16.86
17.07
13.83
13.49
30.84
32.61
32.62
32.04
32.63
32.60
32.62
32.62
32.07
32.54
32.01
32.01
32.53
28.30
13.53
13.54
13.35
13.38
13.66
13.44
13.66
13.69
13.69
26.96
32.73
32.10
32.62
32.63
32.15
32.69
32.72
32.69
31.52
32.56
31.89
32.51
32.01
29.86
13.53
13.55
13.36
13.62
13.18
13.66
13.47
13.66
13.35
13.67
31.80
34.97
35.95
35.24
32.70
32.14
32.65
31.53
32.54
32.71
33.45
33.04
32.56
28.51
14.25
16.20
16.93
20.10
19.61
17.72
14.92
18.04
15.94
13.87
31.71
32.83
32.88
31.19
32.81
31.74
32.33
32.72
32.71
31.51
31.96
32.06
33.46
32.26
16.53
15.45
14.56
13.83
13.82
14.15
15.30
15.38
14.83
16.03
33.57
34.12
34.16
34.21
33.54
32.68
32.72
32.68
32.58
32.71
33.36
32.01
33.57
32.39
15.25
15.05
14.45
15.26
15.93
18.85
25.29
25.11
17.42
28.79
34.05
33.40
33.96
33.78
32.92
31.79
32.90
32.84
32.74
32.65
32.02
33.22
32.09
35.07
35.84
29.09
14.97
15.21
14.46
13.72
13.79
13.62
13.73
14.27
32.99
32.25
32.67
32.21
31.12
32.13
32.68
32.67
32.05
32.51
32.52
32.47
32.47
32.58
29.75
13.37
13.63
13.65
13.95
17.14
17.14
20.24
16.29
13.57
32.74
32.07
32.06
32.09
32.61
32.06
32.59
32.09
32.60
32.00
32.50
32.48
31.97
27.48
13.52
13.36
13.36
13.59
13.43
13.67
13.30
18.14
13.67
13.43
33.85
33.89
33.94
35.68
35.82
31.87
32.65
32.63
32.55
32.55
32.48
33.37
32.80
29.10
17.47
14.61
14.67
16.40
15.53
14.78
15.21
14.70
17.49
16.16
34.25
33.16
33.54
33.19
32.18
33.26
32.85
32.25
32.65
32.62
32.60
32.11
32.06
30.38
14.07
15.38
14.54
16.24
15.77
14.93
15.03
18.15
23.68
27.53
33.14
32.67
32.66
32.15
32.71
32.79
32.72
32.69
32.65
32.77
32.57
32.77
32.96
31.73
19.45
20.28
18.74
14.90
15.94
14.32
17.62
18.15
17.36
18.82
36.24
36.00
35.01
35.21
34.61
33.05
33.98
33.71
33.24
33.23
33.41
33.86
32.85
26.31
15.52
16.94
12.63
14.17
13.69
13.32
13.69
13.22
13.23
15.29
32.18
33.49
35.91
34.90
31.00
32.69
32.13
32.63
32.57
31.65
33.04
32.50
31.80
25.57
13.55
13.39
13.82
17.74
15.49
14.06
13.49
13.31
26.90
28.89
31.87
32.38
32.40
32.36
32.38
31.31
32.44
32.41
31.81
32.32
32.28
32.24
31.72
32.30
30.46
12.71
13.41
14.31
14.64
13.58
13.50
13.29
14.80
24.21
36.23
36.19
35.79
32.41
31.88
32.46
32.44
32.40
32.42
32.39
32.40
32.30
32.30
32.36
27.63
13.18
12.78
15.48
16.93
16.11
15.84
13.24
13.47
17.06
32.43
31.79
31.81
32.37
32.43
31.82
32.44
32.39
31.82
32.23
34.59
33.68
33.25
34.81
17.36
14.26
12.72
14.15
13.83
13.53
13.95
29.49
16.26
23.57
33.34
33.41
33.14
32.84
32.88
32.28
32.83
32.70
32.63
32.52
33.53
33.45
32.59
26.29
13.32
13.63
14.11
13.88
13.42
13.89
13.92
17.07
14.94
7.57
19.65
32.70
32.72
33.07
32.76
32.20
32.68
31.59
32.07
33.05
33.51
33.51
32.62
27.45
16.13
13.74
14.67
13.96
13.40
13.89
13.97
13.32
13.80
17.56
32.79
31.57
32.08
32.69
33.36
33.68
33.75
33.60
32.97
34.05
35.39
33.92
34.54
27.35
16.65
16.91
13.81
13.74
13.83
14.50
14.66
14.87
14.54
17.18
32.69
33.15
32.93
32.40
32.20
32.59
32.58
32.07
31.44
33.33
33.45
32.88
33.42
27.14
16.23
15.98
18.38
17.74
18.52
18.20
16.18
13.82
13.55
19.15
35.18
35.01
35.50
33.86
33.29
32.85
32.76
32.70
31.49
31.99
32.53
32.56
32.60
25.55
13.32
13.36
13.15
13.16
13.44
12.98
13.48
13.48
13.10
18.00
32.80
32.67
32.00
32.56
32.03
32.08
31.99
32.46
32.44
32.37
31.29
31.88
32.46
25.81
12.70
13.37
13.42
13.40
13.00
13.42
13.42
12.51
13.42
20.53
36.16
36.07
33.64
32.35
32.34
29.70
31.37
32.44
31.83
30.89
32.58
32.51
30.84
34.08
28.52
14.20
20.42
22.07
15.45
25.39
20.79
23.73
25.86
33.04
33.35
33.45
32.81
31.37
33.49
32.72
32.87
31.72
32.63
32.68
32.68
32.75
31.13
31.96
33.27
23.21
14.65
15.86
15.74
15.00
15.45
18.23
15.90
22.06
32.69
32.59
32.63
32.98
31.53
31.53
32.04
32.01
30.97
32.34
32.03
32.57
32.08
33.94
35.96
14.22
14.81
14.75
15.06
16.43
15.64
14.96
17.33
32.60
32.01
31.41
31.91
31.86
31.79
32.04
31.58
32.07
32.01
32.33
32.42
31.96
32.09
22.83
18.05
17.86
13.56
14.19
15.19
15.82
15.35
26.71
38.76
35.19
32.96
33.90
35.36
34.51
32.14
31.14
32.08
31.43
31.92
32.14
31.93
32.06
31.83
26.22
16.58
14.11
18.34
15.51
15.52
18.31
15.42
19.99
15.41
26.82
32.75
31.75
34.32
34.81
31.85
31.72
31.26
31.88
31.30
30.71
31.77
31.74
31.84
25.24
13.21
13.39
13.40
13.42
13.39
13.43
13.18
13.39
17.68
31.73
31.67
31.68
30.61
31.13
30.12
31.67
31.70
31.13
30.66
31.70
31.15
31.65
31.19
24.54
13.37
13.38
13.38
13.41
13.41
12.71
12.93
14.01
13.38
30.30
35.32
35.16
35.22
32.01
31.70
31.72
31.72
31.74
31.75
32.11
31.94
31.98
32.25
26.04
14.43
14.61
14.27
14.73
15.16
15.97
14.84
14.96
14.74
32.66
33.31
33.00
33.01
32.92
32.60
32.38
31.74
32.18
32.12
32.12
32.20
32.40
31.75
24.00
13.76
13.50
13.75
13.54
13.62
13.84
14.60
18.28
18.60
38.41
33.83
32.85
32.87
32.82
32.34
32.78
32.45
31.93
32.52
32.65
32.56
32.54
33.22
27.32
17.53
16.29
18.19
19.33
15.77
15.70
15.74
15.73
21.71
36.02
32.95
32.88
32.27
32.45
32.51
32.64
32.70
32.71
32.64
33.17
32.87
32.69
32.84
27.15
28.26
21.38
17.52
15.47
17.78
18.06
18.86
20.74
23.58
32.93
32.41
35.47
34.82
34.33
32.20
32.71
32.74
32.23
32.78
32.84
32.62
32.94
32.35
28.61
29.31
14.42
14.61
14.83
15.12
15.80
15.73
15.28
23.52
33.29
33.20
33.19
32.70
32.76
36.30
33.01
32.27
32.27
32.89
32.92
32.90
33.00
32.98
24.95
27.50
17.80
19.71
19.76
15.09
13.59
13.62
13.42
25.03
36.53
36.41
33.89
32.81
32.77
32.76
32.78
32.85
32.83
32.96
33.05
32.97
32.90
32.97
25.08
28.59
21.37
13.58
13.59
13.35
13.56
13.55
13.56
25.69
32.73
32.70
36.19
34.14
32.78
32.91
32.85
32.91
32.97
32.94
32.84
32.82
33.03
32.88
28.01
32.47
26.76
14.68
14.95
14.48
14.96
15.33
15.21
30.11
33.86
33.87
36.87
36.96
35.07
32.70
32.71
32.83
32.76
32.74
32.83
32.83
32.53
33.52
26.92
31.14
31.64
13.84
13.62
14.23
13.74
14.68
20.64
35.82
33.64
33.70
33.73
33.64
33.33
33.15
33.09
23.08
32.93
33.03
33.89
34.13
33.85
32.99
31.44
34.36
33.03
16.06
14.37
15.42
15.61
14.55
18.27
34.69
32.95
32.73
32.71
32.74
32.74
32.75
32.78
32.90
32.93
32.89
32.96
32.92
32.46
33.95
29.00
33.53
37.80
22.32
13.87
13.63
13.94
13.39
20.10
37.10
36.29
33.17
34.56
36.23
34.76
32.46
33.02
33.15
33.14
33.10
33.62
33.62
34.24
33.37
29.75
35.57
34.32
25.68
13.84
13.52
14.56
13.60
19.47
32.86
32.78
34.02
34.20
32.79
32.82
32.87
32.86
32.89
32.94
32.97
32.93
32.89
32.91
33.02
33.10
33.04
32.51
30.58
13.60
13.88
13.56
13.07
19.44
33.01
32.82
32.73
32.76
32.24
32.71
33.53
34.47
33.44
32.92
32.43
33.02
33.05
32.99
33.12
33.16
32.61
33.02
32.96
17.55
14.96
16.68
16.96
23.39
32.80
32.74
32.71
32.72
32.72
32.73
32.26
32.82
32.92
32.39
32.97
33.80
34.12
32.98
34.16
33.55
34.06
26.89
33.65
25.44
13.53
13.78
16.20
20.07
33.35
34.18
34.21
33.67
34.01
33.72
32.84
32.79
32.80
32.82
32.36
32.88
32.21
32.37
32.99
32.93
32.92
33.01
33.18
33.31
13.52
13.60
13.54
20.31
32.79
32.74
31.61
32.20
32.71
32.76
32.82
32.78
32.84
32.84
32.33
33.58
33.84
33.74
33.66
34.84
35.96
33.30
33.07
32.97
33.35
15.26
13.69
15.92
32.89
32.80
32.78
32.80
32.77
32.86
32.33
32.28
32.84
32.80
32.76
28.48
33.83
33.58
34.35
34.05
32.39
33.02
33.52
33.56
34.88
24.59
15.60
24.50
34.22
33.91
33.92
33.84
32.63
33.37
33.20
33.14
31.97
32.48
33.05
33.01
33.51
33.31
33.07
34.58
36.22
33.18
33.53
34.49
34.61
21.98
13.20
20.53
33.55
33.50
33.43
33.39
33.44
33.52
33.52
33.49
33.52
33.59
33.62
33.61
33.73
33.71
33.68
33.81
33.82
33.18
33.75
33.64
33.54
22.10
16.95
24.33
35.04
36.16
33.39
33.42
33.44
33.44
33.00
33.06
33.70
33.74
33.72
33.76
33.78
33.93
33.85
33.88
33.91
33.24
33.77
33.73
33.71
22.32
16.89
23.30
37.05
33.70
33.40
33.41
33.45
33.53
33.56
33.67
33.64
33.69
33.59
33.76
34.63
34.58
34.41
36.16
35.86
34.18
34.98
34.85
33.82
23.33
13.55
21.76
34.21
34.76
36.01
37.40
36.78
36.19
33.80
33.78
33.86
33.80
32.78
34.56
34.81
34.22
34.39
34.58
33.55
35.41
35.45
35.37
35.36
26.01
15.21
24.78
36.18
33.83
33.27
33.81
33.77
33.80
33.87
33.97
33.38
33.98
33.95
28.87
33.98
34.48
34.03
36.01
37.86
29.67
34.66
34.77
35.01
30.26
14.61
21.56
34.04
33.95
33.55
33.55
34.66
34.75
33.86
34.19
34.06
33.93
33.31
33.40
34.15
34.51
33.72
33.83
36.25
39.35
37.24
35.82
36.28
27.73
17.73
27.67
35.35
33.01
34.19
36.07
37.49
36.26
34.29
34.12
33.90
33.93
33.86
34.27
34.28
34.02
33.87
35.65
37.50
35.56
40.93
40.53
38.16
25.80
13.05
21.38
33.15
33.59
33.12
33.10
33.69
33.12
33.73
33.74
33.91
33.95
33.99
33.97
33.89
33.95
33.34
33.45
33.99
33.94
33.96
33.94
33.83
26.16
16.95
22.35
33.68
33.65
33.05
33.63
33.12
33.67
33.23
33.94
33.99
34.00
34.05
34.02
33.43
33.96
33.96
34.09
33.99
33.43
33.88
33.84
33.84
26.96
16.35
24.71
34.39
33.55
33.98
33.59
33.68
33.99
34.25
33.75
33.76
33.93
33.96
34.85
35.01
34.98
34.35
36.63
38.93
34.41
35.10
34.06
34.06
27.58
13.85
21.75
34.55
34.56
34.42
36.91
37.20
35.47
34.03
33.98
34.04
34.07
34.07
34.18
34.89
35.15
34.46
34.46
34.39
34.84
34.89
34.68
33.69
27.88
13.99
27.83
42.34
40.28
42.63
37.01
37.32
34.53
33.99
33.48
33.56
34.19
33.04
34.92
35.24
35.01
34.28
36.10
36.50
34.11
34.65
34.54
34.55
29.01
13.42
22.03
34.40
34.33
34.26
34.29
34.34
34.59
34.45
34.44
34.51
34.52
34.48
35.43
35.39
35.39
35.02
34.93
36.06
39.15
38.70
35.33
34.50
30.19
13.82
21.91
34.00
35.27
35.17
34.79
34.06
34.46
34.36
34.36
34.36
34.27
34.30
35.18
34.68
35.15
34.36
36.00
37.06
34.18
34.26
34.30
33.97
28.86
13.46
21.33
33.80
33.67
33.64
33.67
33.64
33.68
33.68
33.72
33.72
33.72
33.75
33.09
33.16
33.60
33.57
33.66
33.74
33.72
33.74
33.21
33.79
30.01
13.37
21.22
33.65
33.53
33.52
33.52
33.55
33.58
33.58
33.62
33.03
33.64
33.70
33.65
33.61
33.58
33.58
33.06
31.43
33.69
33.72
33.13
33.09
31.03
16.93
24.70
34.47
33.57
33.52
33.54
33.57
33.02
33.59
33.13
33.67
33.15
33.70
34.44
34.73
34.05
33.91
35.69
38.08
33.91
34.54
38.22
33.78
31.48
13.24
21.00
33.73
33.59
33.57
33.53
33.59
33.62
33.62
33.63
33.04
33.61
33.62
34.55
34.08
34.61
33.87
33.47
34.39
36.34
35.57
35.32
34.75
35.02
14.33
24.75
34.52
34.27
35.06
35.03
34.11
32.43
33.01
33.57
33.55
33.58
33.54
33.85
33.46
33.86
33.52
35.27
36.43
34.75
34.23
33.70
33.71
31.61
16.94
22.29
34.82
34.72
34.54
34.53
33.81
33.43
34.04
33.97
33.58
33.62
33.56
34.47
34.62
33.98
33.66
35.52
36.97
41.63
38.19
34.46
33.70
34.15
13.85
21.54
33.48
34.46
34.99
34.66
34.67
34.41
25.56
25.98
33.78
33.23
33.60
33.72
33.98
34.55
33.63
35.79
36.64
34.79
34.84
35.26
33.53
33.16
14.29
22.75
37.52
34.79
33.96
33.79
33.55
33.57
33.54
33.53
33.57
33.58
33.59
33.02
32.43
32.95
32.99
33.62
33.67
33.72
33.80
33.89
33.95
33.97
13.97
18.56
33.70
33.77
33.54
33.47
33.48
33.52
33.51
33.54
33.55
33.55
33.58
33.59
33.51
33.52
33.54
33.57
33.69
33.16
33.67
33.69
33.64
33.64
14.17
23.20
33.53
33.48
32.94
32.94
33.50
33.48
33.47
33.49
32.96
33.50
33.54
33.55
33.54
33.53
33.53
33.57
33.65
33.66
33.65
33.06
33.61
33.62
15.01
21.81
33.54
33.45
33.45
34.78
36.79
35.28
33.50
33.52
33.53
33.65
33.59
34.06
34.55
34.36
33.59
33.54
33.67
34.67
36.47
37.28
36.49
34.07
17.29
26.07
34.15
33.62
33.61
33.59
33.58
33.61
33.65
33.65
33.67
33.66
33.62
33.79
34.59
34.36
33.54
36.20
37.33
33.73
34.01
27.20
33.85
34.29
16.22
24.28
35.87
39.15
34.89
34.26
34.01
34.07
34.09
34.05
33.51
33.78
33.61
34.47
34.69
34.80
33.66
34.18
35.72
38.62
36.92
34.17
33.67
34.74
19.40
26.12
35.43
33.58
34.22
36.97
37.01
37.06
36.12
33.72
33.70
33.64
33.66
34.47
34.61
34.45
32.97
36.03
37.11
34.45
34.75
34.71
34.77
34.35
17.06
24.67
33.60
33.48
33.50
33.50
33.51
33.55
33.56
33.61
33.05
33.58
33.55
33.55
33.52
33.69
33.87
33.86
33.60
33.02
33.61
33.64
33.93
37.09
27.53
33.58
33.49
33.49
33.46
33.57
33.56
33.60
33.59
33.60
33.66
33.63
33.68
33.64
33.57
33.49
33.87
33.96
33.80
33.61
33.63
33.62
33.60
33.58
18.39
24.25
33.63
33.54
33.56
33.59
33.61
33.68
33.63
33.68
33.69
33.71
33.63
34.53
34.79
34.57
33.94
36.18
37.46
34.75
34.52
33.79
33.86
34.53
19.61
25.76
34.79
34.78
35.05
35.10
35.16
34.61
34.29
33.48
33.95
33.94
34.05
34.98
35.31
34.72
33.74
34.66
34.71
34.32
34.71
37.81
38.05
37.97
36.88
37.72
34.85
34.00
33.99
33.88
34.23
34.30
33.44
33.89
33.85
33.82
33.82
34.23
34.86
35.04
34.39
35.41
36.98
34.66
34.72
34.98
34.67
33.97
33.87
33.85
36.04
36.28
33.92
34.09
34.52
34.03
34.06
34.29
34.41
34.31
34.00
34.85
35.01
34.92
34.40
34.95
35.68
38.33
36.65
34.31
39.22
31.64
26.36
28.28
34.70
34.71
35.40
35.06
34.66
34.46
34.28
32.53
34.18
34.08
34.02
34.77
35.04
35.17
34.62
36.28
38.07
35.23
35.72
35.87
33.94
34.14
21.27
25.65
33.77
33.75
33.73
39.08
39.80
36.25
33.76
33.83
33.90
33.91
34.25
34.36
33.94
33.83
33.87
33.88
33.93
35.35
35.35
33.93
33.83
33.20
21.98
25.77
33.92
33.84
31.92
25.19
33.63
33.90
33.65
33.57
33.62
33.61
33.10
33.63
33.64
33.62
33.68
33.65
33.80
33.98
34.07
33.23
33.65
33.62
22.42
26.15
32.99
32.92
33.50
33.55
33.58
33.67
33.70
33.05
33.76
33.28
33.81
33.91
34.82
34.54
34.00
35.64
37.89
34.83
34.40
34.02
34.02
34.41
25.10
27.98
34.20
34.01
33.99
33.38
33.93
34.03
33.94
33.82
33.87
33.83
33.93
32.78
33.94
33.99
34.63
34.47
33.95
35.45
35.93
36.21
35.16
34.44
24.58
30.29
36.28
33.72
33.77
33.76
33.76
33.87
33.42
34.06
34.14
34.07
34.09
34.41
35.56
35.52
34.62
36.52
37.34
34.33
35.53
33.96
34.23
36.41
37.18
36.97
39.71
38.32
35.99
32.93
33.48
33.46
33.47
33.46
33.41
33.47
33.53
33.48
33.47
33.54
33.60
33.53
33.61
33.04
33.64
33.54
33.00
33.53
33.51
33.54
33.51
33.45
32.88
33.46
33.49
33.52
33.56
33.57
32.45
33.02
33.10
33.63
33.88
33.54
33.58
34.19
34.20
34.51
34.68
34.45
33.58
33.53
32.99
32.00
33.97
33.92
33.94
33.96
33.93
33.86
33.87
33.89
33.95
33.35
33.94
33.95
33.97
33.99
34.03
34.07
33.58
33.63
34.15
34.08
34.07
34.01
30.23
27.72
33.94
33.93
34.64
37.50
36.28
33.85
33.92
33.73
34.52
34.39
34.00
33.95
33.83
33.96
34.06
34.07
34.19
34.11
34.13
34.01
33.91
33.80
31.34
27.54
33.67
33.59
33.54
35.74
37.15
37.21
37.29
34.81
33.86
34.01
33.96
34.55
34.78
34.82
35.29
37.59
36.73
34.90
35.36
35.10
35.24
35.11
33.88
28.13
34.37
33.86
33.63
35.96
37.06
36.39
33.78
33.68
33.75
33.91
33.87
34.68
34.90
34.88
34.44
34.47
34.26
38.08
38.17
36.04
34.64
33.80
34.79
38.93
36.04
35.06
34.71
34.14
33.95
33.85
33.65
33.66
33.06
33.70
33.64
34.68
34.60
34.46
34.84
36.81
37.81
34.21
33.50
34.73
35.28
34.97
31.33
27.89
33.59
33.53
33.50
33.49
33.49
33.47
32.91
33.48
33.56
33.03
32.48
34.47
34.47
33.84
33.61
33.58
34.16
34.80
35.08
37.21
35.27
34.16
33.15
31.37
35.13
33.14
33.86
34.71
34.73
34.69
34.53
34.16
33.50
33.90
33.67
34.34
33.92
33.79
33.39
36.08
37.07
34.70
35.06
34.13
33.87
33.99
33.66
33.67
33.72
33.65
33.62
33.60
32.41
32.94
33.51
33.54
33.54
33.59
33.13
32.48
33.07
33.52
33.64
33.20
33.92
32.84
33.90
33.88
33.80
33.69
33.67
33.65
33.67
33.58
33.60
33.56
32.98
33.61
33.57
33.68
33.70
34.18
34.17
33.31
33.69
33.67
33.15
33.12
33.69
33.95
33.37
33.99
33.87
33.79
33.76
33.76
33.74
33.64
33.60
33.54
33.55
32.97
33.00
33.61
33.63
33.61
33.93
34.02
32.80
34.40
34.50
35.61
37.96
34.95
34.11
34.16
34.03
34.48
34.20
34.82
34.70
34.18
34.10
34.12
34.34
34.23
34.04
33.87
34.02
34.01
33.99
34.78
34.94
34.83
34.38
35.06
35.20
35.16
34.92
33.37
33.82
33.92
36.38
33.82
34.29
34.20
34.64
34.11
33.90
34.13
34.02
34.02
34.09
33.92
33.85
34.58
34.31
34.94
34.19
34.92
34.92
34.94
34.33
34.18
33.00
34.57
33.75
30.26
33.59
33.51
33.56
33.62
33.58
33.63
34.24
34.74
34.29
34.47
33.80
34.17
34.91
34.78
34.28
35.00
34.92
33.96
34.55
34.57
33.73
34.19
33.70
31.02
34.73
34.53
34.08
34.02
33.99
34.06
34.08
34.25
34.32
34.01
34.25
34.47
34.32
34.37
34.12
34.28
34.55
34.26
32.87
38.73
36.84
35.23
34.27
31.19
33.99
33.71
33.02
33.55
33.53
33.56
33.62
33.73
33.75
33.83
33.86
33.91
33.29
33.88
33.89
34.54
36.10
38.83
34.87
33.75
33.11
33.72
33.95
33.94
33.02
33.50
32.89
33.43
33.49
33.50
32.98
33.58
33.02
33.56
33.60
33.61
33.65
33.73
33.17
33.84
33.87
33.84
33.83
33.76
33.23
33.76
33.66
31.34
33.77
33.79
33.83
33.70
33.77
33.86
33.79
33.82
33.80
33.96
34.32
35.18
34.93
35.01
34.92
35.13
35.76
36.72
35.37
34.20
34.37
38.43
29.00
37.29
35.55
33.70
33.76
33.94
34.10
34.08
34.18
34.03
34.06
34.17
34.10
34.61
34.30
34.75
34.59
35.15
35.40
34.67
35.80
35.92
35.51
35.77
35.79
32.75
34.55
35.10
34.91
34.09
34.19
34.19
34.32
34.34
34.22
34.24
34.33
35.13
35.36
36.38
36.41
36.61
37.14
36.84
36.22
36.32
36.08
36.02
34.19
34.13
34.14
34.53
34.72
34.77
34.81
34.83
34.96
35.65
34.64
34.21
34.01
35.00
35.05
34.60
36.03
35.99
35.98
36.03
35.90
34.71
34.72
35.16
33.67
32.08
33.76
33.76
33.65
33.78
33.74
33.78
33.86
34.51
34.98
34.60
34.20
35.05
35.18
35.14
35.18
35.37
35.56
36.48
36.29
34.94
34.69
33.40
33.94
31.34
33.75
33.65
33.63
33.65
33.75
33.27
33.89
33.96
33.98
33.31
33.91
33.90
33.96
34.02
33.97
34.00
34.13
33.56
33.98
33.81
33.74
33.66
33.57
32.21
33.54
33.57
33.55
33.60
33.73
33.69
33.65
33.68
33.64
33.65
33.67
33.69
33.83
34.08
34.01
33.76
33.81
33.81
33.18
33.62
33.08
32.98
33.54
33.53
33.49
33.54
33.51
33.00
32.99
33.54
33.55
33.61
33.61
33.62
33.63
33.72
33.70
33.76
33.82
34.68
34.21
33.80
33.76
33.73
33.66
33.70
33.61
33.63
33.63
33.53
33.50
32.94
33.59
33.63
33.69
33.85
33.79
34.05
33.58
34.17
33.83
33.76
33.26
33.88
33.94
34.05
34.15
33.99
33.94
33.90
33.88
33.85
33.83
33.78
33.78
33.78
33.82
33.73
33.76
33.80
33.75
33.85
33.82
33.84
33.83
33.90
33.87
33.98
34.04
34.12
34.09
34.11
34.14
34.13
33.95
33.74
33.81
33.82
33.83
34.06
34.27
34.20
34.01
34.08
34.06
34.15
34.20
34.59
35.25
35.34
34.50
35.20
35.34
35.37
35.25
35.13
35.04
33.92
33.88
33.83
33.83
33.74
33.80
34.11
34.04
34.21
34.32
34.78
35.10
34.22
34.24
34.75
33.95
35.10
34.38
35.15
35.15
35.24
35.13
34.66
34.55
34.47
34.18
28.38
34.23
34.06
34.15
34.07
34.10
34.05
33.99
34.18
34.11
34.08
33.98
34.07
34.12
34.10
34.12
34.20
34.28
34.46
34.55
34.50
34.49
34.41
34.35
31.87
34.32
34.21
34.12
34.06
34.10
34.20
34.25
34.33
34.48
34.71
34.67
34.40
34.73
34.54
34.59
34.60
34.93
34.92
34.82
34.70
33.99
34.46
34.28
30.94
34.07
34.11
34.05
34.05
34.12
34.23
34.42
34.35
34.27
34.36
34.49
35.42
35.45
35.67
34.84
36.05
36.63
36.32
35.75
34.35
34.36
35.32
35.19
35.03
34.60
34.49
34.36
34.37
34.21
33.47
34.14
35.15
33.55
34.02
34.09
34.78
35.04
35.13
35.61
35.62
35.30
35.65
35.55
34.70
35.41
35.11
31.34
34.06
33.90
33.88
33.84
33.89
33.95
33.95
34.00
34.05
