0.87
0.87
0.86
0.86
0.85
0.85
0.86
0.76
0.62
0.48
0.47
0.50
0.54
0.55
0.53
0.46
0.44
0.52
0.88
0.95
1.01
1.00
1.06
1.05
1.07
1.08
0.85
0.87
0.84
0.91
0.83
0.94
0.65
0.70
0.76
0.70
0.68
0.75
0.64
0.70
0.61
107.51
152.25
151.18
115.59
0.84
0.85
0.91
0.85
0.85
0.84
0.80
0.71
0.72
0.71
0.78
0.46
0.54
0.54
0.62
0.54
0.62
0.48
1.56
1.73
0.49
0.86
0.87
0.86
0.85
0.86
0.91
0.88
0.87
0.86
0.86
0.87
0.71
0.78
0.79
0.54
0.44
0.46
0.55
0.61
0.70
0.67
0.68
0.65
0.67
0.89
0.88
0.87
0.88
0.88
0.87
0.87
0.87
0.87
0.87
0.86
0.85
0.84
0.85
0.45
0.44
0.48
0.58
0.58
0.56
0.47
0.51
0.53
0.51
0.86
0.95
0.98
0.89
0.89
0.88
0.88
0.96
0.87
0.87
0.93
0.91
0.92
0.87
0.47
0.43
0.47
0.60
0.50
0.44
0.52
0.58
0.54
0.47
0.85
0.86
0.86
0.85
0.87
0.87
0.87
0.92
0.86
0.87
0.86
0.83
0.83
0.81
0.48
0.46
0.57
0.53
0.66
0.70
1.75
2.22
2.15
2.03
1.82
0.86
0.86
0.86
0.86
0.86
0.96
0.87
0.85
0.92
0.85
0.84
0.83
0.84
0.49
0.50
0.53
0.55
0.67
0.74
2.22
2.20
2.13
97.51
153.34
151.77
115.93
1.01
0.86
0.86
0.87
0.87
0.86
0.86
0.86
0.90
0.85
0.85
0.51
0.52
1.66
1.97
2.06
1.32
2.23
2.23
2.25
97.47
152.52
151.83
113.85
0.87
0.87
0.90
0.89
0.87
0.85
0.87
0.86
0.85
0.86
0.84
0.44
0.49
0.25
0.46
0.47
0.46
0.60
1.78
2.12
95.57
153.69
152.11
151.48
151.15
115.85
0.87
0.87
0.94
0.87
0.86
0.86
0.85
0.84
0.85
1.27
1.91
1.92
2.00
0.68
0.70
0.67
0.64
0.64
0.53
0.83
0.87
0.87
0.87
0.87
0.92
0.95
0.89
0.94
0.95
0.95
0.86
0.86
0.85
0.46
0.45
0.50
0.48
0.52
0.63
0.57
0.59
0.55
0.48
0.82
0.86
0.99
1.04
1.06
1.09
1.05
0.93
0.87
0.88
0.86
0.87
0.86
0.86
0.46
0.44
0.57
0.56
0.46
0.46
0.47
0.58
0.53
0.45
0.80
0.86
0.87
0.87
0.87
0.87
0.89
1.00
0.91
0.86
0.86
0.85
0.86
0.91
1.39
1.92
1.95
1.98
2.90
2.62
2.21
1.65
0.57
0.53
0.81
0.87
0.87
0.87
0.87
0.87
0.96
0.96
0.90
0.87
0.86
0.86
0.86
0.88
0.49
0.49
0.57
0.56
0.47
0.57
1.23
3.11
3.05
2.18
2.28
0.96
0.96
0.98
0.89
0.86
0.87
0.86
0.86
0.94
0.86
0.85
0.85
0.85
1.31
1.92
1.97
2.03
2.13
1.63
2.20
2.22
2.17
80.07
152.37
151.71
116.24
0.86
0.86
0.94
0.86
0.86
0.87
0.96
0.95
0.86
0.85
0.85
0.45
0.52
0.47
0.46
0.63
0.59
0.61
1.21
1.28
76.90
152.29
152.57
152.02
151.80
116.43
0.96
0.87
0.89
0.90
0.87
0.86
0.86
0.85
1.08
1.91
1.98
1.98
1.68
0.68
0.69
0.66
0.66
0.63
0.52
0.79
0.92
0.86
0.90
0.98
1.03
0.98
0.92
0.88
0.90
0.85
0.94
0.97
0.97
0.60
0.52
0.48
0.48
0.63
0.69
0.64
0.62
0.62
0.50
0.75
0.87
1.92
1.65
0.93
0.87
0.92
0.93
0.95
0.99
0.91
0.92
0.85
0.92
0.42
0.45
0.47
0.50
0.60
0.68
0.62
0.51
0.46
0.43
0.76
0.86
0.86
0.92
0.93
0.86
0.87
0.86
0.86
0.92
0.91
0.86
0.86
0.85
0.45
0.48
0.58
0.58
0.58
0.63
0.60
0.58
0.72
0.71
0.93
0.93
0.88
0.87
0.87
0.87
0.87
0.86
0.87
0.87
0.86
0.85
0.85
0.85
0.57
0.61
0.62
0.61
0.61
0.64
0.98
3.30
3.23
2.12
140.43
152.22
151.46
40.96
0.97
1.07
1.09
1.09
1.01
0.87
0.84
0.93
0.87
0.81
1.39
1.97
1.95
2.11
2.19
1.38
3.24
3.42
3.29
63.97
152.65
152.16
116.22
0.85
0.86
0.87
0.86
0.86
0.86
0.86
0.94
0.84
0.84
0.87
0.54
1.03
1.85
1.83
1.92
1.96
1.84
0.85
0.69
59.28
152.90
152.63
152.09
151.66
116.52
0.92
0.94
0.86
0.86
0.86
0.85
0.91
0.85
0.84
1.43
1.99
1.07
0.56
0.71
0.73
0.64
0.59
0.59
0.69
0.76
0.88
0.87
0.86
0.91
0.93
0.97
0.97
0.92
0.85
0.86
0.85
0.85
0.93
0.50
0.51
0.60
0.73
0.73
0.75
0.79
0.68
0.70
0.67
0.88
0.88
0.86
0.91
0.94
0.92
0.96
0.87
0.87
0.86
0.86
0.86
0.92
0.85
0.46
0.52
0.48
0.50
0.59
0.59
0.66
0.65
0.70
0.53
0.72
0.86
0.87
0.87
0.87
0.87
0.86
0.86
0.86
0.85
0.86
0.84
0.82
0.82
0.51
1.73
2.00
2.15
2.20
1.87
0.69
0.67
0.59
51.23
152.87
152.91
149.83
151.99
41.12
0.89
0.88
0.88
0.93
0.94
0.87
0.88
0.86
0.88
0.54
0.62
0.46
0.52
0.56
0.49
1.34
2.16
1.11
50.77
153.86
153.92
117.79
0.95
0.89
0.88
0.89
0.89
0.89
0.88
0.88
0.87
0.86
0.84
0.91
2.35
2.99
3.04
2.05
1.82
1.26
0.67
0.55
46.19
152.26
152.20
116.72
0.89
0.88
0.88
0.88
0.89
0.89
0.88
0.89
0.88
0.86
0.83
0.49
0.51
0.47
0.47
0.48
0.58
0.48
1.77
1.03
44.01
152.36
151.97
151.72
151.56
116.73
1.02
0.91
0.96
1.01
0.95
0.99
0.95
0.88
1.01
1.47
2.01
2.02
1.76
0.62
0.73
0.71
0.71
0.61
0.50
0.74
0.91
0.89
0.68
0.68
0.72
0.69
0.68
0.68
0.69
0.69
0.69
0.68
0.65
0.35
0.34
0.38
0.38
0.39
0.43
0.46
0.43
0.45
0.46
0.57
0.68
0.71
0.69
0.74
0.75
0.74
0.70
0.73
0.74
0.79
0.74
0.72
0.70
0.45
0.46
0.47
0.46
0.45
0.43
0.40
0.43
0.41
0.45
0.57
0.69
0.71
0.67
0.69
0.68
0.68
0.69
0.69
0.68
0.68
0.68
0.76
0.75
0.51
1.64
2.08
2.03
1.96
0.88
2.39
2.28
2.10
34.25
153.88
152.93
152.46
151.92
41.19
0.95
0.89
0.90
0.88
0.89
1.03
0.98
1.06
0.85
0.68
0.72
0.71
0.64
0.63
0.69
2.20
3.68
3.16
2.19
1.40
1.00
1.01
1.00
1.09
1.10
1.10
1.09
0.98
0.96
0.98
0.99
1.01
0.95
1.55
2.18
2.20
2.23
3.26
2.63
2.29
2.21
1.71
27.67
153.40
152.61
116.44
0.87
0.87
0.86
0.89
0.89
0.84
0.83
0.91
0.91
0.87
0.75
0.55
1.44
1.81
1.90
1.38
0.77
1.33
2.14
1.87
24.88
152.99
153.13
152.32
151.58
116.74
0.93
0.88
0.87
0.86
0.86
0.86
0.85
0.79
0.64
1.40
1.70
1.83
1.84
0.89
0.93
0.95
0.88
0.77
0.65
0.68
0.87
0.87
0.87
0.87
0.87
0.87
0.87
0.87
0.87
0.86
0.86
0.85
0.77
0.44
0.43
0.46
0.47
0.47
0.49
0.64
0.48
0.47
0.56
0.74
0.90
0.87
0.87
0.86
0.87
0.87
0.91
0.86
0.86
0.86
0.85
0.91
0.74
0.46
0.53
0.64
0.69
0.87
0.93
0.96
0.89
0.77
0.75
0.76
0.89
0.87
0.88
0.88
0.88
0.88
0.87
0.89
1.06
1.07
0.95
1.09
0.91
1.06
2.22
2.34
2.33
2.37
1.14
1.87
1.88
1.90
16.17
153.67
151.72
151.35
150.43
40.68
0.86
0.94
0.92
0.86
0.90
0.86
0.83
0.79
0.72
0.53
0.70
0.68
0.55
0.74
0.73
0.73
1.78
1.36
12.49
152.75
151.85
151.21
150.98
40.95
0.87
0.87
0.87
0.87
0.87
0.87
0.91
0.85
0.78
1.42
2.08
2.13
2.05
2.16
1.05
0.67
0.62
0.61
9.92
154.07
153.13
117.02
0.88
0.87
0.88
0.88
0.87
0.88
0.88
0.87
0.86
0.86
0.78
0.49
0.50
0.50
0.46
0.47
0.52
0.77
2.09
1.62
0.50
0.79
0.95
0.87
0.87
0.87
0.87
0.88
0.87
0.88
0.86
0.44
0.49
0.86
0.90
2.07
2.10
2.10
1.63
0.71
0.70
0.68
0.64
0.67
0.66
0.75
0.98
0.98
0.94
0.89
0.89
0.97
0.98
0.99
1.04
1.07
1.04
0.88
0.79
0.50
0.57
0.63
0.63
0.71
0.61
0.69
0.56
0.68
0.63
0.71
0.87
0.86
0.86
0.86
0.96
0.86
0.88
0.89
0.85
0.85
0.85
0.85
0.72
0.49
0.59
0.56
0.60
0.60
0.61
0.65
0.57
0.57
0.63
0.71
0.97
0.97
0.97
0.98
0.98
1.05
1.04
0.98
1.06
1.03
0.97
0.99
0.81
1.38
2.03
2.12
2.51
0.65
0.70
2.18
2.14
2.24
2.20
149.54
151.90
151.00
150.29
40.77
0.86
0.86
0.86
0.86
0.85
0.84
0.79
0.66
0.57
0.46
0.56
0.59
0.66
0.59
0.75
0.78
2.11
2.00
0.73
85.17
152.63
149.15
151.25
41.05
0.86
0.86
0.86
0.86
0.85
0.90
0.89
0.80
0.60
1.15
2.21
1.44
2.22
1.59
0.81
1.79
2.21
2.14
2.11
148.64
152.02
116.47
0.94
0.98
0.94
0.98
0.95
0.98
1.03
1.09
1.09
1.08
0.94
0.68
0.65
0.68
0.57
0.61
0.64
0.53
1.89
1.99
0.64
132.43
1.10
1.09
1.09
1.10
1.05
1.10
1.09
1.04
1.05
1.09
0.91
0.86
0.86
1.05
2.10
2.03
0.65
0.52
0.55
0.62
0.58
0.45
0.56
0.60
0.91
0.86
0.84
0.86
0.86
0.89
0.88
0.86
0.82
0.70
0.65
0.72
0.56
0.46
0.64
0.75
1.10
1.23
1.15
0.96
0.82
0.90
0.86
0.73
0.98
0.87
0.86
0.87
0.98
0.86
0.92
0.96
0.90
0.90
0.95
0.83
0.69
0.45
0.64
0.66
1.56
1.30
1.39
1.15
1.03
0.84
0.63
0.65
0.88
0.86
0.86
0.87
0.93
0.87
0.88
0.86
0.95
0.94
0.84
0.79
0.69
0.54
0.53
0.59
0.60
0.71
1.06
2.27
2.28
2.27
1.07
132.93
152.45
152.31
151.81
40.99
0.91
0.95
0.96
0.87
0.92
0.93
0.85
0.84
0.65
0.52
0.52
0.55
0.78
0.79
0.72
0.69
0.77
0.63
0.50
131.94
152.35
78.92
0.87
0.87
0.87
0.87
0.88
0.88
0.87
0.87
0.87
0.86
0.67
0.47
0.47
0.61
0.83
0.83
0.81
0.80
0.75
0.74
0.66
128.95
152.02
151.78
151.42
151.58
3.44
0.95
0.93
0.88
0.87
0.87
0.86
0.86
0.66
0.58
0.64
0.72
0.90
0.90
0.87
0.88
0.87
0.85
0.74
129.42
152.97
152.78
152.37
116.55
0.90
0.95
0.90
1.02
0.94
0.98
0.90
0.87
0.65
0.46
0.52
0.72
0.92
0.92
0.97
0.92
0.87
0.79
0.61
0.60
0.88
0.88
0.88
0.88
0.88
0.89
0.89
0.89
0.90
0.89
0.89
0.89
0.67
0.58
0.70
0.55
0.66
1.17
1.12
1.11
0.83
0.69
0.68
0.54
0.87
0.88
0.95
0.92
0.88
0.89
0.89
0.95
0.90
0.96
0.96
0.89
0.71
0.57
0.60
0.54
0.72
0.77
0.73
0.77
0.72
0.64
0.67
0.66
0.92
0.86
0.87
0.87
0.88
0.89
0.89
0.95
0.89
0.88
0.88
0.86
0.68
0.47
0.60
0.81
0.90
1.01
0.87
0.89
0.89
0.67
0.67
0.54
0.86
0.87
0.92
0.90
0.95
0.88
0.89
0.90
0.95
0.89
0.88
0.87
0.79
0.71
0.68
0.59
0.79
0.84
0.84
0.78
0.67
0.67
0.59
116.36
151.98
78.97
0.95
0.91
0.93
0.94
0.88
0.89
0.96
1.08
1.05
1.04
0.68
0.55
0.48
0.48
1.00
1.41
0.69
0.66
0.62
0.63
0.54
113.67
151.82
116.36
0.99
0.93
0.96
0.92
0.97
0.98
0.98
0.99
0.97
0.95
0.61
0.46
0.57
0.59
0.47
0.59
0.79
0.94
0.88
0.90
0.83
114.07
152.06
152.17
151.88
151.42
41.13
0.95
0.99
0.99
1.07
1.09
1.04
0.99
0.81
0.68
0.59
0.64
0.71
0.66
0.64
0.65
0.70
0.71
0.70
0.72
1.10
0.94
0.96
0.99
1.00
0.99
0.90
0.88
0.88
0.89
0.93
0.97
0.61
0.49
0.69
0.69
0.60
0.59
0.66
0.67
0.64
0.59
0.48
0.49
0.86
0.87
0.87
0.88
0.94
0.98
0.89
0.94
0.94
0.88
0.92
0.87
0.59
0.65
0.54
0.47
0.54
0.69
0.71
0.69
0.68
0.68
0.58
0.59
0.89
0.87
0.88
0.88
0.94
1.00
1.00
1.03
0.92
0.89
0.87
0.87
0.57
0.67
0.73
0.79
0.86
0.87
0.49
0.49
0.60
0.59
0.48
0.69
1.02
0.93
0.95
0.98
1.05
1.02
1.09
1.10
1.11
1.11
1.11
1.09
0.77
0.59
0.61
0.62
0.55
0.67
0.65
0.69
0.68
0.62
0.60
0.72
1.03
0.99
0.99
0.99
1.02
1.02
1.05
1.04
1.05
1.11
1.06
0.00
0.00
0.00
0.00
0.18
0.58
0.64
0.63
0.59
0.71
0.73
0.74
102.13
152.66
116.99
1.02
0.87
0.88
0.88
0.87
0.87
0.87
0.96
0.89
0.86
0.56
0.57
0.64
0.65
0.82
0.68
0.68
0.71
0.77
0.72
0.49
99.12
152.44
151.83
151.75
116.41
0.95
1.00
1.04
1.06
0.99
0.99
1.04
0.98
0.64
0.55
0.56
0.62
0.73
0.75
0.73
0.72
0.62
0.62
0.63
0.68
0.86
0.88
0.86
0.96
0.99
0.93
0.88
0.89
0.90
1.00
1.00
0.96
0.67
0.55
0.61
0.67
0.68
0.73
0.74
0.73
0.67
0.75
0.68
0.53
0.83
0.87
0.88
0.87
0.91
0.94
0.93
0.88
0.89
0.89
1.02
0.89
0.58
0.57
0.51
0.54
0.71
0.68
0.75
0.73
0.73
0.73
0.59
0.46
0.83
0.96
0.97
1.01
1.05
0.98
0.99
0.93
0.94
0.89
0.88
0.87
0.60
0.60
0.50
0.63
0.72
0.71
0.69
0.67
0.66
0.67
0.78
0.68
0.92
0.94
0.92
1.03
1.04
0.99
1.11
1.12
1.07
1.08
1.04
1.08
0.79
0.55
0.47
0.53
0.64
0.66
0.77
0.93
0.98
0.81
0.82
88.75
151.43
116.09
1.01
1.07
1.05
0.95
1.03
1.09
1.01
1.04
1.00
0.92
0.64
0.70
0.64
0.78
0.89
1.00
1.06
1.06
0.99
0.98
0.63
86.79
152.11
152.44
152.09
152.05
41.44
1.08
1.07
1.11
1.09
1.13
1.14
1.07
0.70
0.66
0.61
0.65
0.67
0.65
0.64
0.67
0.63
0.69
0.64
87.00
152.70
152.64
152.57
117.41
0.98
0.87
0.88
0.88
0.88
0.90
0.94
0.86
0.49
0.56
0.65
0.58
0.68
0.72
0.77
0.92
0.91
0.90
0.83
84.84
152.43
152.89
152.68
151.70
41.12
0.88
0.88
0.87
0.91
0.98
0.88
0.87
0.49
0.48
0.47
0.91
1.11
0.99
1.00
0.75
0.72
0.66
0.58
0.46
0.84
0.97
0.97
0.97
0.98
0.96
0.89
0.90
0.90
0.91
0.94
0.88
0.54
0.57
0.51
0.61
0.70
0.71
0.72
0.69
0.67
0.71
1.00
8.32
152.45
78.98
0.94
0.92
1.03
1.14
1.05
1.00
0.98
1.14
0.93
0.86
0.47
0.49
0.49
0.58
0.70
0.67
0.67
0.67
0.76
0.92
0.87
79.37
152.39
152.25
116.89
0.96
0.94
0.92
1.03
0.98
0.99
0.93
0.94
0.95
0.68
0.69
0.77
0.72
0.89
0.88
0.80
0.82
0.88
0.86
0.85
76.64
151.87
116.22
1.12
1.07
0.96
1.05
0.96
0.92
1.00
1.00
0.92
0.89
0.69
0.63
0.65
0.56
0.68
0.77
0.77
0.89
0.80
0.75
0.67
74.71
152.19
116.47
0.96
0.96
1.01
0.96
1.00
1.03
1.08
0.91
0.97
0.96
0.85
0.79
0.78
0.81
0.83
1.02
1.08
1.05
1.09
1.06
0.97
72.18
152.70
152.45
153.10
116.90
0.81
0.49
1.00
0.95
0.93
0.95
0.90
0.89
0.87
0.85
0.96
0.92
0.85
1.00
0.99
1.03
1.08
0.91
0.96
0.68
0.87
0.91
0.93
1.07
0.95
1.03
1.01
1.02
1.03
0.98
1.03
0.95
0.76
0.79
0.75
1.10
1.33
1.33
1.15
0.92
1.02
1.05
1.01
0.73
0.91
0.94
0.93
0.98
1.03
1.00
0.94
0.92
0.93
0.93
0.97
0.94
0.75
0.76
0.88
0.97
0.93
0.97
0.99
0.90
0.94
1.02
0.95
0.78
0.95
0.94
0.95
0.98
1.07
0.99
1.09
0.99
0.95
0.91
1.04
0.93
0.53
0.00
0.00
0.00
0.00
0.34
0.00
0.69
0.69
0.70
0.63
63.18
151.64
151.17
116.27
1.06
0.92
0.99
0.93
0.98
0.95
0.94
0.90
0.96
0.66
0.72
0.76
0.79
0.76
0.81
0.81
0.82
0.75
0.81
0.87
60.84
151.90
116.15
1.17
1.17
1.14
1.19
1.18
1.09
1.01
1.03
1.01
0.89
0.70
0.76
0.93
0.75
0.82
0.81
0.85
0.83
0.74
0.71
0.76
60.99
151.63
115.86
0.93
0.90
0.95
0.98
0.99
0.99
1.01
0.97
0.92
0.83
0.59
0.69
0.84
0.73
0.67
0.86
0.96
0.87
0.86
0.93
0.95
58.12
151.61
151.23
151.45
116.88
1.11
1.09
1.05
1.10
1.13
1.05
1.12
0.35
0.00
0.00
0.00
0.00
0.00
0.00
0.00
0.03
0.63
0.71
0.72
0.63
0.86
0.93
0.97
0.91
0.95
0.94
0.96
0.93
0.94
0.97
0.96
0.92
0.82
0.86
0.87
0.74
0.80
0.84
0.80
0.84
0.81
0.78
0.69
0.66
0.85
1.02
0.95
0.93
0.96
0.97
0.94
0.98
0.94
0.92
0.92
0.88
0.62
0.72
0.74
0.91
1.13
1.07
0.98
0.85
0.85
0.82
0.79
0.63
0.94
1.13
1.14
0.99
1.05
0.95
1.10
1.12
1.15
1.01
1.03
1.02
0.34
0.00
0.00
0.00
0.00
0.00
0.00
0.00
1.15
0.94
0.92
51.24
150.93
150.53
115.65
1.10
1.12
1.10
1.07
1.05
1.07
1.02
0.98
0.81
0.56
0.60
0.76
0.79
0.89
0.91
0.91
0.92
0.98
0.94
0.97
1.07
1.04
1.19
1.18
1.27
1.24
1.32
1.30
1.27
1.28
1.26
1.28
1.08
0.84
0.91
0.91
0.97
0.92
0.92
0.85
0.85
0.94
0.88
0.80
46.95
150.83
117.47
1.11
1.02
1.00
1.04
0.96
1.03
1.03
1.07
0.98
0.89
0.75
0.69
0.48
0.80
0.78
0.52
0.93
0.95
0.93
0.64
0.67
46.45
152.97
152.40
152.57
117.41
1.05
0.99
0.97
1.04
1.01
1.00
1.04
0.94
0.83
0.90
0.88
0.82
0.88
0.92
0.79
0.64
0.65
0.67
0.72
0.78
1.03
1.07
0.96
0.97
0.94
0.95
0.95
0.94
0.95
1.03
1.02
0.90
0.81
0.99
1.03
0.98
1.09
1.39
1.74
1.72
1.52
1.07
1.22
1.16
106.36
117.07
1.00
0.98
0.97
1.00
0.98
0.96
0.95
1.02
0.94
0.85
0.73
0.73
0.84
0.80
0.86
0.85
0.86
0.87
0.83
0.88
0.83
0.63
0.86
1.03
1.02
0.99
1.02
1.05
0.98
1.02
1.03
0.96
0.96
0.76
0.54
0.62
0.61
0.82
0.84
0.94
0.83
0.84
0.90
0.90
0.86
39.30
153.21
153.08
117.74
1.24
1.18
1.14
1.09
0.98
0.96
0.97
0.96
0.79
0.77
0.79
0.75
0.80
0.94
0.77
0.75
0.75
3.90
4.15
3.26
36.71
153.80
152.91
117.02
0.99
0.94
0.96
1.10
1.05
0.96
0.99
0.98
0.93
1.34
4.03
3.93
2.62
0.81
0.92
0.92
0.92
0.79
0.81
0.87
33.90
151.71
115.97
1.00
0.97
0.97
0.97
0.92
0.96
0.99
0.97
0.95
0.71
0.69
0.69
0.72
0.87
0.85
0.89
6.52
5.82
4.52
3.92
0.98
31.22
148.73
150.96
151.39
116.24
1.12
1.07
1.01
1.03
0.97
0.98
0.94
0.75
0.61
0.64
0.75
2.10
2.78
1.15
1.13
1.16
1.17
1.09
1.19
1.17
1.01
1.19
1.10
1.15
1.19
1.08
1.21
1.10
1.09
1.04
1.06
0.90
0.70
0.71
0.80
1.09
1.18
1.18
1.23
1.21
1.24
1.19
1.24
0.92
0.98
1.23
1.15
1.25
1.32
1.35
1.20
1.12
1.10
1.10
1.31
0.92
0.82
0.76
0.90
0.88
0.91
1.16
1.17
1.14
1.15
0.99
0.90
0.82
0.96
1.11
1.05
1.13
1.20
1.08
1.06
1.00
1.07
0.99
1.13
0.77
0.61
2.67
4.11
4.13
0.91
0.95
0.88
0.95
0.95
4.58
2.31
22.46
151.68
151.03
151.23
151.25
3.71
1.09
1.01
1.06
1.04
1.02
0.96
0.73
0.64
0.72
0.68
0.79
0.92
0.93
0.89
1.43
4.26
2.57
0.80
72.48
151.53
116.01
1.28
1.20
1.04
1.04
1.06
1.04
1.00
1.00
0.99
0.71
0.82
3.99
4.00
2.88
0.90
0.95
0.89
0.90
1.00
1.00
1.02
20.26
150.86
115.72
1.18
1.11
1.18
1.13
1.05
1.10
1.10
1.05
1.01
0.81
0.72
0.72
0.83
1.10
2.34
4.59
4.56
2.34
1.24
1.27
1.37
18.19
151.42
151.44
151.35
118.09
1.27
1.28
1.15
1.16
1.17
1.19
1.11
0.87
0.69
0.80
0.84
3.43
4.30
1.28
1.29
1.30
1.46
1.49
1.37
1.44
1.33
1.32
1.38
1.34
1.27
1.23
1.26
1.18
1.19
1.20
1.08
0.94
0.91
1.17
1.58
1.58
1.66
1.79
1.76
1.51
1.83
1.72
1.69
109.63
152.37
151.77
152.60
117.29
1.41
1.26
1.21
1.23
1.18
1.12
1.13
0.96
0.79
0.90
0.84
1.05
1.23
1.28
1.28
1.17
1.36
1.41
1.36
1.04
1.14
1.27
1.26
1.31
1.35
1.32
1.35
1.27
1.30
1.24
1.34
1.09
1.02
0.98
1.01
0.87
0.98
0.94
1.06
0.95
0.84
0.79
1.01
0.98
1.13
1.32
1.41
1.24
1.31
1.14
1.16
1.19
1.01
1.03
0.99
0.79
0.69
0.77
0.86
0.79
0.80
0.86
0.92
2.58
4.28
4.16
2.12
0.77
0.84
1.13
1.09
1.08
1.18
1.15
1.17
1.15
1.10
1.00
1.07
0.65
0.56
2.60
3.94
3.96
1.31
0.77
0.77
0.75
0.81
0.75
0.71
0.58
0.75
0.92
0.95
0.97
0.93
0.97
1.04
0.92
0.95
0.94
0.99
0.64
0.53
0.59
0.74
0.66
0.80
0.77
0.81
0.76
0.81
0.74
0.64
2.31
152.19
151.42
151.12
116.21
1.02
1.09
0.96
0.95
0.91
0.94
0.93
0.71
0.56
0.55
0.62
0.67
0.81
0.90
0.79
0.82
0.73
0.87
0.94
0.83
0.85
1.09
1.04
1.06
1.03
1.04
1.08
0.97
0.95
0.97
0.91
0.75
0.76
1.02
1.40
1.48
1.42
1.83
1.55
1.59
1.50
1.46
1.30
70.80
152.62
150.74
151.45
78.50
1.19
1.12
1.05
1.14
1.08
1.05
1.00
0.78
0.77
0.72
0.67
0.82
0.89
0.85
0.91
0.92
0.92
0.93
0.78
0.74
0.81
1.14
1.12
1.14
1.15
1.09
1.19
1.17
1.11
1.02
0.97
0.69
0.63
2.17
4.04
4.04
1.77
0.91
0.79
0.79
0.81
0.84
0.71
0.74
0.83
1.02
1.07
1.20
1.29
1.20
1.16
1.16
1.16
1.18
1.12
0.79
0.86
0.74
0.80
0.91
0.82
0.77
0.70
0.72
0.72
0.73
0.69
0.59
0.64
0.94
0.92
0.93
0.94
0.96
0.95
0.97
0.92
0.93
0.94
0.78
0.69
1.91
4.08
3.95
1.64
0.85
0.84
0.88
0.78
0.86
0.87
1.02
146.26
80.26
1.18
0.98
1.05
1.09
0.98
1.10
1.00
0.91
0.89
0.63
0.61
0.67
0.58
0.67
0.88
0.89
0.83
0.78
0.77
0.82
0.86
0.73
142.22
153.20
153.51
117.41
1.18
1.04
0.98
1.00
0.96
0.90
0.94
0.64
0.72
0.52
0.28
0.63
0.77
0.77
0.84
0.83
0.77
0.82
0.84
0.76
0.97
1.24
1.17
1.18
1.01
0.93
0.99
0.95
0.97
0.93
0.95
0.69
0.59
0.64
0.70
0.68
0.78
0.83
0.87
0.78
0.91
0.82
0.81
0.71
0.76
1.14
1.15
1.11
1.05
1.22
1.23
1.16
1.10
1.11
0.98
0.72
0.72
0.69
0.78
0.86
0.87
0.76
0.84
0.80
0.82
0.62
0.74
0.78
0.83
1.25
1.25
1.14
1.11
1.06
1.06
1.09
1.06
0.94
0.98
0.64
0.71
0.72
0.67
2.00
3.05
0.83
0.87
0.80
0.82
0.82
0.88
1.00
0.94
1.12
1.11
1.06
1.08
1.10
1.07
1.04
1.04
1.02
1.03
0.65
0.74
0.66
0.65
0.85
0.97
0.86
0.94
0.91
1.01
0.98
0.95
1.10
0.96
1.18
1.23
1.17
1.13
1.19
1.18
1.07
1.13
1.10
1.08
0.72
0.72
1.58
4.04
4.21
3.04
0.96
0.98
1.01
0.95
1.06
1.06
1.01
128.57
78.73
1.32
1.25
1.27
1.29
1.17
1.19
1.14
1.10
1.08
0.76
0.82
0.93
0.89
0.84
0.94
0.97
1.10
0.91
0.86
0.95
0.99
0.95
129.76
152.20
151.85
116.75
1.43
1.36
1.27
1.22
1.25
1.27
1.17
0.74
0.69
0.67
0.76
0.76
0.76
0.77
0.80
0.76
0.79
0.75
0.75
0.67
0.72
0.96
1.00
0.98
0.95
0.94
0.98
0.93
0.94
0.94
0.94
0.58
0.67
0.77
0.63
0.56
0.69
0.71
0.78
0.80
0.83
0.77
0.67
0.67
0.71
1.03
1.03
1.01
1.04
1.15
1.07
1.12
1.09
1.06
1.06
0.65
0.72
0.58
0.56
0.61
0.65
0.68
0.66
0.56
0.53
0.57
0.68
0.77
0.75
1.03
1.01
1.15
1.16
1.10
1.10
1.20
1.14
1.19
1.18
0.89
0.94
2.34
4.03
4.05
2.19
0.63
0.62
0.76
0.92
0.90
0.90
0.93
122.32
152.22
79.00
1.00
1.08
1.08
1.08
1.09
0.94
0.88
0.86
0.60
0.70
0.69
0.73
0.65
0.58
0.65
0.63
0.61
0.64
0.62
0.61
0.93
120.00
152.88
79.24
1.08
1.13
1.05
1.10
1.13
1.15
1.10
1.13
0.75
0.68
0.70
0.70
0.69
0.65
0.64
0.65
0.84
0.78
0.78
0.85
0.81
117.25
152.12
79.05
1.18
1.13
1.07
1.20
1.15
1.10
1.03
0.98
0.66
0.76
0.75
0.75
0.76
0.70
0.64
0.68
0.64
0.65
0.55
0.53
0.56
117.05
152.52
152.66
117.62
1.03
0.92
0.97
1.05
0.98
0.98
0.97
0.78
0.59
0.46
0.53
0.80
0.90
0.87
0.87
0.74
0.64
0.82
0.80
0.89
0.84
0.86
0.96
0.93
0.98
1.04
0.92
0.96
0.94
0.97
0.94
0.77
0.70
0.66
0.71
0.66
0.77
0.89
0.86
0.84
4.76
2.24
0.94
0.94
0.67
1.07
1.08
1.10
1.04
1.04
0.98
0.99
0.94
0.99
0.94
0.64
0.60
0.55
0.76
0.75
0.80
0.89
0.85
0.83
0.83
0.80
0.79
0.84
0.96
1.23
1.22
1.26
1.25
1.22
1.24
1.20
1.10
1.13
1.13
0.80
0.92
0.89
0.94
0.93
0.87
0.81
0.80
0.71
0.76
0.65
0.82
0.80
0.75
1.00
0.86
0.98
0.94
0.94
0.99
0.95
0.94
0.97
1.00
0.76
0.84
0.85
0.78
0.90
0.89
0.73
0.69
0.67
0.77
0.71
0.69
0.60
106.80
152.33
152.31
151.91
3.56
0.94
0.95
0.96
1.02
0.92
0.91
0.58
0.67
0.68
0.61
0.72
0.82
1.32
1.48
0.81
0.85
0.85
0.82
0.88
1.00
1.23
1.09
1.02
1.01
1.05
1.04
1.01
1.00
1.00
1.02
0.61
0.60
0.68
0.74
0.83
0.87
0.84
0.91
0.94
0.82
0.99
0.94
0.99
103.77
150.19
150.04
115.37
1.29
1.26
1.18
1.17
1.08
1.07
1.03
0.70
0.83
0.67
0.78
0.91
0.89
0.91
0.95
0.98
0.99
0.95
1.06
0.98
1.02
1.23
1.23
1.17
1.14
1.18
1.10
1.13
1.09
1.08
1.02
0.71
0.70
0.69
0.70
0.80
0.86
1.00
0.99
0.98
0.89
1.04
1.11
0.97
1.03
1.27
1.22
1.23
1.18
1.20
1.17
1.10
1.11
1.11
1.09
0.76
0.75
0.73
0.75
0.89
0.93
0.97
1.04
0.95
1.13
1.04
1.03
0.97
0.86
1.19
1.17
1.22
1.20
1.08
1.17
1.12
1.08
1.22
1.07
0.76
0.72
0.65
0.74
1.02
0.95
0.95
1.05
1.00
0.99
1.07
1.05
1.17
1.12
1.52
1.20
1.27
1.13
1.15
1.19
1.10
1.16
1.13
1.09
0.73
0.82
0.88
0.85
0.87
1.00
1.01
1.04
1.07
1.03
1.05
1.09
0.95
97.29
79.33
1.36
1.21
1.24
1.13
1.17
1.16
1.12
1.14
1.09
0.73
0.76
0.73
0.83
0.97
1.01
1.08
1.11
1.03
1.02
1.29
1.41
1.49
1.21
1.42
1.49
1.30
1.31
1.29
1.20
1.23
1.21
1.19
1.15
0.83
0.85
0.86
0.87
1.26
1.34
1.28
1.25
1.59
1.75
1.71
1.82
1.50
95.92
154.19
151.95
116.67
2.05
1.69
1.54
1.58
1.52
1.51
1.35
1.20
1.10
1.13
1.07
1.31
1.46
1.45
1.37
1.64
1.54
1.77
1.76
1.68
1.60
1.65
1.64
1.55
1.57
1.40
1.38
1.42
1.35
1.39
1.40
1.09
1.10
1.14
1.14
1.21
1.22
1.40
1.31
1.38
1.69
1.73
1.63
1.72
93.18
154.19
153.75
153.67
153.27
79.87
1.52
1.56
1.44
1.39
1.42
1.11
1.31
1.18
1.16
1.17
1.39
1.35
1.47
1.56
1.71
1.61
1.84
1.92
1.82
1.75
1.59
1.58
1.58
1.60
1.57
1.53
1.51
1.48
1.43
1.12
1.25
1.16
1.21
1.50
1.37
1.96
1.99
2.15
2.12
2.31
1.97
2.11
91.23
152.83
79.69
2.35
2.19
2.04
2.15
2.07
1.74
1.55
1.51
1.23
1.33
1.26
1.24
1.44
1.61
2.02
2.07
1.89
2.38
2.14
2.32
2.49
1.77
1.84
1.62
1.80
1.77
1.68
1.57
1.53
1.53
1.46
1.52
1.25
1.29
1.21
1.39
1.51
1.72
1.87
1.79
2.69
2.26
2.81
2.66
2.82
85.13
151.29
79.36
1.81
1.94
1.83
1.61
1.63
1.64
1.54
1.48
1.38
1.37
1.26
1.43
1.62
1.50
1.55
1.82
2.02
1.81
2.00
1.98
1.59
88.05
152.50
152.67
116.92
1.73
1.57
1.55
1.61
1.46
1.47
1.48
1.16
1.38
1.46
1.16
1.21
1.39
1.51
1.72
2.03
2.04
2.18
2.08
1.72
85.42
152.19
79.50
1.83
1.84
1.71
1.53
1.51
1.47
1.53
1.43
1.24
1.19
1.10
1.10
1.31
1.37
1.50
1.66
1.46
2.03
1.89
1.99
1.98
1.60
1.78
1.67
1.82
2.01
1.62
1.56
1.53
1.46
1.46
1.47
1.23
1.18
1.25
1.29
1.26
1.49
1.52
1.54
1.90
1.92
2.06
1.90
1.87
1.64
1.82
1.85
2.01
1.64
1.60
1.61
1.56
1.49
1.59
1.51
1.20
1.32
1.42
1.26
1.20
1.25
1.29
1.60
1.57
1.79
1.48
1.48
1.52
83.06
152.44
79.82
1.55
1.44
1.36
1.36
1.38
1.34
1.28
1.29
1.04
1.04
1.13
1.14
1.10
1.35
1.34
1.34
1.62
1.33
1.60
1.45
1.43
83.00
153.56
4.22
1.57
1.51
1.30
1.36
1.27
1.32
1.22
1.21
0.99
1.01
0.94
1.09
1.10
1.15
1.15
1.18
1.25
1.44
1.40
1.71
1.50
82.67
153.71
79.66
1.44
1.51
1.50
1.33
1.29
1.38
1.24
1.24
1.09
1.07
1.12
1.08
1.05
1.18
1.13
1.25
1.48
1.53
1.68
1.56
1.83
78.86
152.73
153.00
117.09
1.53
1.47
1.34
1.36
1.35
1.32
1.23
1.03
1.16
1.24
1.00
0.99
1.10
1.24
1.14
1.46
1.55
1.87
1.83
1.69
79.47
152.90
42.02
1.57
1.46
1.38
1.49
1.52
1.40
1.41
1.27
1.10
1.18
1.14
1.13
1.01
1.22
1.19
1.26
1.32
1.36
1.30
1.12
1.18
1.18
1.39
1.48
1.46
1.44
1.50
1.41
1.34
1.23
1.31
1.39
0.99
1.12
1.17
1.07
1.11
1.09
1.20
1.12
1.15
1.38
1.27
1.26
1.18
1.08
1.42
1.44
1.32
1.38
1.27
1.33
1.21
1.27
1.21
1.15
0.98
0.93
0.85
0.99
1.14
1.10
1.20
1.17
1.33
1.35
1.36
1.65
1.33
79.37
153.66
79.70
1.45
1.43
1.35
1.35
1.29
1.24
1.26
1.23
0.95
1.00
1.02
1.08
1.11
1.13
1.24
1.06
1.27
1.35
1.36
1.67
1.19
1.27
1.42
1.47
1.39
1.34
1.44
1.31
1.32
1.28
1.29
1.26
1.03
0.98
0.97
1.17
1.09
1.26
1.07
1.28
1.18
1.28
1.28
1.53
1.40
76.80
151.53
78.45
1.57
1.37
1.35
1.40
1.30
1.33
1.26
1.24
0.92
1.05
0.99
1.04
1.08
1.02
1.21
1.16
1.37
1.59
1.46
1.50
1.73
76.59
153.01
152.94
116.39
1.57
1.41
1.34
1.44
1.36
1.28
1.25
1.02
1.06
0.74
0.88
1.11
1.16
1.53
1.58
1.79
1.90
2.19
2.17
2.08
77.02
152.12
79.44
1.65
1.53
1.55
1.45
1.34
1.38
1.45
1.34
1.11
1.05
0.95
1.00
1.13
1.58
1.60
2.07
2.21
2.46
2.33
1.97
1.88
1.72
1.89
1.96
1.76
1.88
1.70
1.77
1.53
1.53
1.48
1.42
1.26
1.18
1.14
1.16
1.32
1.68
1.59
2.05
2.31
1.72
2.71
2.00
2.77
2.06
1.89
2.41
2.03
1.99
1.63
1.66
1.51
1.47
1.46
1.38
1.16
1.08
1.19
1.22
1.27
1.68
2.08
2.42
2.84
2.45
2.83
2.85
2.45
76.92
152.54
79.92
2.12
1.69
1.56
1.59
1.53
1.69
1.46
1.49
1.12
1.25
1.12
1.29
1.48
1.56
1.99
2.07
2.67
2.46
2.36
2.48
1.99
1.99
1.82
1.79
1.99
1.76
1.58
1.50
1.55
1.44
1.39
1.32
1.10
1.23
1.31
1.25
1.40
1.50
1.67
1.82
2.24
2.03
2.46
2.43
1.96
78.01
153.72
79.95
1.87
1.48
1.45
1.39
1.40
1.44
1.32
1.22
1.11
0.97
1.17
1.09
1.12
1.23
1.25
1.38
2.05
2.05
2.10
1.75
1.73
1.55
1.58
1.71
1.61
1.48
1.51
1.41
1.31
1.37
1.31
1.23
1.07
1.02
1.17
1.03
1.09
1.38
1.48
1.71
1.64
1.87
2.09
1.90
1.75
80.29
150.07
79.53
1.56
1.50
1.39
1.47
1.48
1.44
1.33
1.33
1.09
1.02
1.19
1.01
1.04
1.37
1.35
1.81
2.08
2.03
1.93
2.41
1.75
1.46
1.81
1.49
1.72
1.72
1.56
1.45
1.45
1.48
1.31
1.32
0.96
1.03
1.07
1.04
1.19
1.33
1.50
1.84
2.13
1.96
2.37
2.36
2.06
1.85
1.54
1.62
1.49
1.44
1.34
1.34
1.28
1.27
1.36
1.20
0.93
1.02
1.23
1.09
1.00
1.06
1.21
1.52
1.77
1.77
2.00
1.97
1.63
79.86
151.53
79.43
1.40
1.37
1.25
1.34
1.22
1.28
1.15
1.26
0.90
0.83
1.01
0.90
1.01
0.98
1.28
4.29
6.96
2.03
1.52
1.84
1.48
1.34
1.51
1.55
1.48
1.42
1.37
1.32
1.27
1.35
1.30
1.21
1.02
0.90
1.02
1.13
1.30
1.34
1.72
1.94
2.24
2.15
2.23
2.82
2.87
83.55
153.69
80.27
1.92
1.77
1.65
1.42
1.42
1.43
1.42
1.41
1.22
1.23
1.12
1.33
1.45
1.66
2.06
1.74
2.74
2.82
2.88
2.74
1.99
81.77
151.59
151.32
113.28
2.00
1.81
2.07
1.59
1.68
1.63
1.64
1.27
1.36
1.20
1.50
1.50
2.33
2.10
2.29
2.84
2.80
2.42
2.25
2.39
83.46
153.92
80.62
2.12
2.22
1.89
2.43
1.98
1.78
1.55
1.65
1.50
1.36
1.55
1.47
2.11
2.21
2.29
2.83
2.44
2.82
2.81
2.82
2.64
2.62
2.40
2.21
2.34
2.32
2.22
2.00
1.80
1.86
1.65
1.71
1.38
1.42
1.44
1.58
1.99
2.01
2.33
2.36
2.78
2.83
2.84
2.34
2.86
2.80
2.09
2.14
1.97
2.18
1.80
2.27
2.10
1.51
1.70
1.45
1.35
1.26
1.48
1.58
1.67
1.96
2.38
2.40
2.80
2.71
2.88
2.84
2.87
83.97
151.00
79.29
2.86
2.07
2.20
1.84
1.93
1.64
1.69
1.54
1.35
1.44
1.36
1.66
1.92
2.18
2.34
2.87
2.93
2.92
2.98
2.87
2.73
2.71
2.86
2.87
2.81
3.00
2.31
1.90
1.88
1.74
1.76
1.67
1.37
1.73
1.55
1.80
1.62
1.87
2.21
2.05
2.81
2.43
2.77
2.33
2.20
87.44
152.35
80.07
2.15
2.25
1.98
1.61
1.46
1.42
1.43
1.33
1.09
1.12
0.68
1.38
1.36
1.58
1.89
2.22
2.60
2.94
2.98
2.88
2.95
90.37
153.16
152.78
116.62
2.34
1.89
1.82
1.64
1.60
1.67
1.51
1.19
1.22
1.36
1.37
1.64
1.77
2.35
2.55
5.52
2.99
2.95
2.91
2.68
90.36
152.86
80.26
1.72
1.55
1.52
1.52
1.48
1.40
1.39
1.40
1.14
1.12
1.21
1.30
1.74
1.88
1.63
2.11
2.03
2.41
2.92
3.05
3.00
2.87
2.73
2.47
2.10
1.63
1.70
1.71
1.94
2.31
1.81
1.52
1.22
1.26
1.43
1.99
2.00
1.86
2.16
2.45
2.89
2.85
2.92
2.93
2.97
2.90
7.61
9.39
9.21
8.98
8.84
9.25
8.67
8.41
8.64
7.51
1.50
1.89
1.60
1.68
2.09
2.16
1.69
2.30
2.49
2.27
2.35
2.43
2.43
95.11
151.69
79.76
2.11
1.62
1.68
1.60
1.59
1.52
1.50
1.51
1.23
1.15
1.19
1.35
1.16
1.48
1.77
1.88
2.51
2.05
2.65
2.50
2.03
2.05
2.02
1.92
2.15
1.89
2.11
2.05
2.11
2.01
1.85
1.80
1.53
1.27
1.49
1.26
1.50
1.30
1.56
1.51
2.09
2.09
2.59
2.22
1.78
98.45
152.92
80.33
2.31
1.83
1.56
1.66
1.59
1.60
1.45
1.59
1.56
1.81
1.59
1.56
1.61
1.77
2.41
1.93
2.83
2.91
2.95
2.91
3.02
101.56
151.97
152.37
116.93
2.60
2.29
3.08
2.54
2.28
2.05
1.65
1.45
1.44
1.69
1.70
1.96
2.01
2.28
2.85
2.84
2.99
3.07
3.06
2.87
99.35
150.74
79.90
2.81
1.84
2.29
1.74
1.97
1.86
1.66
1.55
1.43
1.77
1.57
1.55
2.32
2.43
2.56
2.98
3.14
3.12
3.02
2.99
2.88
2.90
3.03
3.06
3.01
2.75
2.09
2.39
2.67
3.06
2.42
1.89
1.94
1.91
2.75
2.52
2.41
2.06
2.28
2.30
2.68
2.85
2.87
3.00
3.02
2.94
3.03
3.01
2.72
2.31
3.01
2.98
2.25
2.23
1.80
1.77
1.38
1.40
1.52
1.52
2.20
1.94
2.49
2.93
3.01
3.03
3.10
3.08
2.95
107.66
152.90
80.86
3.15
2.29
2.65
2.16
2.55
2.23
1.73
1.73
1.58
1.34
1.43
1.57
1.93
2.06
1.71
1.90
2.75
2.92
2.93
2.86
2.75
1.90
1.92
1.88
1.90
1.81
1.60
1.47
1.40
1.35
1.52
1.56
1.28
1.11
1.18
1.35
1.43
1.33
1.26
1.38
1.47
1.29
1.50
1.10
1.42
109.71
152.21
78.99
1.62
1.70
1.50
1.41
1.58
1.58
1.44
1.35
1.10
1.13
1.14
1.28
1.34
1.46
1.93
2.03
1.79
2.47
2.52
2.37
2.27
111.71
150.68
150.89
116.07
1.89
1.74
1.75
1.66
1.51
1.53
1.49
1.19
1.38
1.26
1.57
1.90
2.14
2.57
3.01
3.03
3.07
3.04
3.06
3.00
114.37
152.62
80.30
2.37
2.14
2.31
2.26
1.82
1.71
1.73
1.75
1.43
1.56
1.44
1.85
2.01
2.12
2.42
3.03
3.11
3.09
3.08
3.03
2.82
2.72
2.89
3.08
2.71
2.19
2.30
1.95
1.98
1.58
1.52
1.54
1.39
1.26
1.24
1.34
1.95
1.81
2.17
2.58
2.45
3.03
2.94
2.96
2.92
2.71
2.49
2.37
2.15
2.00
2.14
1.97
1.72
1.67
1.71
1.60
1.33
1.55
1.74
1.75
2.33
2.86
2.63
3.04
3.08
3.19
3.21
2.98
2.98
124.24
154.03
81.00
2.61
2.74
2.46
2.16
1.66
1.62
1.49
1.72
1.42
1.37
1.54
1.67
1.68
1.54
1.59
1.42
1.32
1.43
1.38
1.48
1.75
1.51
1.72
1.74
1.69
1.76
1.75
1.84
1.80
1.93
1.59
1.54
1.27
1.37
1.44
1.49
1.68
1.77
2.03
2.41
2.40
2.53
2.66
1.88
1.85
128.11
152.83
79.67
2.02
2.04
1.72
1.62
1.48
1.58
1.52
1.38
1.06
1.07
1.19
1.19
1.59
2.00
1.67
2.42
2.07
2.68
2.44
2.40
2.86
128.81
151.94
152.52
117.05
2.01
2.13
2.97
2.65
2.47
2.36
2.11
1.51
1.47
1.67
1.64
1.43
1.39
1.49
1.88
1.72
1.24
1.95
1.64
1.63
131.98
149.95
79.52
1.75
1.53
1.56
1.42
1.46
1.44
1.38
1.32
1.18
1.13
1.38
1.66
1.74
1.76
1.63
2.09
2.81
2.92
2.51
2.83
1.79
2.03
2.01
2.11
1.73
1.70
1.80
1.64
1.59
1.63
1.64
1.55
1.40
1.31
1.32
1.19
1.13
1.45
1.56
1.82
2.21
1.62
1.72
2.10
1.82
1.71
1.76
1.81
2.21
1.66
1.57
1.47
1.47
1.41
1.38
1.32
1.17
1.01
1.05
1.10
1.19
1.51
1.67
2.03
2.08
2.36
1.55
2.32
2.35
1.58
1.77
1.74
1.56
1.57
1.45
1.51
1.41
1.36
1.35
1.30
1.16
0.96
1.10
1.25
1.40
1.68
2.02
2.13
2.47
2.46
2.42
2.88
2.92
2.80
2.22
1.80
1.83
1.74
1.46
1.54
1.48
1.49
1.40
1.31
1.11
1.05
1.15
1.37
1.32
1.88
2.06
2.35
3.02
3.09
2.54
2.98
3.02
2.91
2.23
2.06
2.10
1.70
1.73
1.48
1.52
1.64
1.45
1.49
1.20
1.08
1.21
1.70
1.87
2.06
2.35
2.40
2.84
2.94
3.03
2.91
3.11
147.36
152.62
151.89
116.17
2.17
2.01
1.73
1.70
1.55
1.46
1.38
1.21
1.11
1.39
1.62
2.68
2.11
2.93
2.48
2.94
2.90
2.91
2.97
2.82
2.82
2.91
2.74
2.52
2.54
2.19
1.92
1.75
1.59
1.44
1.48
1.31
1.23
1.16
1.46
1.72
1.69
2.04
2.43
2.41
2.40
2.87
2.43
2.59
1.64
2.02
2.60
2.52
1.93
1.73
1.63
1.57
1.43
1.42
1.37
1.26
1.17
1.17
1.16
1.29
1.48
1.72
2.03
1.72
1.84
1.88
1.88
2.12
1.61
1.88
1.60
1.55
1.42
1.67
1.41
1.42
1.48
1.46
1.41
1.08
0.96
0.96
1.07
1.18
1.61
1.96
1.89
1.93
2.26
2.65
2.42
2.65
1.66
1.77
1.88
1.53
1.72
1.73
1.44
1.38
1.36
1.37
1.29
1.11
0.98
1.05
1.20
1.50
1.72
1.95
2.18
2.03
2.82
2.90
2.96
3.01
2.79
2.16
2.10
1.70
1.93
1.62
1.50
1.48
1.53
1.40
1.36
1.21
1.05
1.08
1.49
1.63
1.91
2.51
2.74
2.97
2.67
3.07
3.00
2.95
2.61
2.00
1.96
1.96
1.71
1.78
1.45
1.39
1.51
1.45
1.55
1.32
1.17
1.32
1.53
1.57
1.91
2.43
2.87
2.88
2.89
2.82
2.45
17.82
150.94
150.49
149.80
115.51
2.80
2.02
1.84
1.69
1.63
1.38
1.41
1.28
1.21
1.40
1.42
1.58
1.71
2.18
2.19
2.18
2.65
2.16
2.58
1.97
2.30
2.08
2.33
2.65
3.18
2.33
1.72
1.76
1.49
1.53
1.47
1.20
1.45
1.55
1.59
1.59
1.50
1.66
1.83
2.39
2.27
2.47
2.69
2.27
2.50
2.04
2.04
2.15
2.66
2.35
2.17
2.15
1.88
1.76
1.72
1.46
1.30
1.40
1.40
1.29
1.30
1.50
1.65
1.79
1.99
2.76
2.84
2.34
2.24
2.14
2.04
2.20
1.92
1.86
2.06
1.75
1.95
2.06
1.57
1.47
1.39
1.40
1.31
1.55
1.62
2.00
2.03
2.42
2.85
2.86
2.91
2.77
2.87
2.15
2.33
1.85
1.73
1.71
1.55
2.02
1.85
1.67
1.44
1.57
1.58
1.51
1.40
1.77
2.01
2.32
2.70
2.90
2.98
3.01
3.05
2.91
2.90
2.90
2.91
2.23
2.01
2.16
2.46
2.06
1.79
1.96
1.69
1.56
1.33
1.51
1.79
2.39
5.18
6.22
6.22
6.15
3.52
2.98
2.82
2.76
2.82
2.87
2.59
1.63
1.60
1.42
1.63
1.50
1.38
1.47
1.25
1.09
1.01
1.11
1.29
1.35
3.57
7.50
6.70
5.38
3.10
2.18
2.42
39.66
152.26
151.84
151.26
115.58
2.01
1.59
1.60
1.42
1.42
1.41
1.33
1.21
1.18
1.18
1.44
1.56
1.77
2.05
2.01
2.41
2.83
2.87
2.84
2.86
2.74
1.96
1.80
1.61
1.63
1.56
1.44
1.45
1.38
1.63
1.50
1.35
1.31
1.36
1.86
1.60
1.55
1.61
1.73
2.38
2.41
2.89
2.90
2.47
2.25
1.96
1.90
1.66
1.85
1.69
1.97
1.81
2.06
1.94
1.63
1.60
1.23
1.24
1.47
1.70
1.72
2.07
2.02
2.38
2.75
2.49
2.84
2.06
2.16
2.62
1.85
1.51
1.48
1.70
1.53
1.58
1.40
1.33
1.25
1.13
0.98
1.19
1.30
1.34
1.48
1.66
1.62
1.88
2.36
2.65
2.88
2.72
2.32
2.32
1.75
1.92
1.88
1.56
1.82
1.47
1.39
1.33
1.34
1.24
1.10
1.28
1.44
1.48
1.88
1.70
2.03
2.46
2.87
2.91
2.93
2.95
2.90
2.16
1.81
1.92
1.88
1.74
1.89
1.47
1.50
1.42
1.48
1.33
1.43
1.79
8.84
6.16
5.79
4.60
2.75
2.84
4.36
6.57
6.54
5.13
2.82
2.10
2.27
2.34
2.66
1.98
1.88
1.52
1.51
1.52
1.44
1.44
1.29
1.27
4.15
5.16
7.18
9.31
7.42
6.58
6.18
5.59
2.81
61.69
151.10
151.19
151.44
116.00
2.54
1.71
2.40
1.74
1.33
1.38
1.37
1.38
1.12
1.18
1.49
1.31
1.84
2.06
2.37
2.78
2.46
2.89
2.89
1.88
2.37
2.44
2.86
2.50
1.75
1.66
1.81
1.56
1.48
1.66
1.84
1.72
1.11
1.55
1.90
1.75
1.70
2.32
2.93
2.96
2.90
2.93
2.83
2.74
2.82
1.61
1.68
1.61
1.80
1.78
1.89
1.66
1.65
1.64
1.57
1.40
1.45
1.58
1.61
1.98
1.63
1.62
2.00
2.39
2.27
2.29
2.25
1.97
1.86
1.77
2.00
1.94
1.70
1.71
1.74
1.56
1.43
1.41
1.43
1.32
1.25
1.30
4.67
4.81
4.71
3.66
1.67
1.50
1.72
1.58
1.66
1.22
1.61
1.42
1.66
2.56
1.76
1.79
1.58
1.68
1.69
1.54
1.42
1.19
1.02
1.00
1.23
1.28
1.27
1.34
1.56
1.46
1.94
1.33
1.69
1.32
1.88
1.70
1.62
1.82
1.62
1.41
1.53
1.28
1.32
1.30
1.13
1.17
0.91
1.10
2.92
4.62
4.67
4.71
2.54
1.25
1.41
1.46
1.11
1.41
1.32
1.35
1.31
1.30
1.25
1.23
1.27
1.22
1.34
1.27
1.18
1.08
0.84
1.74
4.33
4.47
4.68
2.07
1.30
1.51
1.44
1.74
1.77
86.60
153.67
149.90
152.14
116.46
1.40
1.46
1.32
1.28
1.23
1.22
1.16
1.13
0.89
0.98
0.95
1.10
1.31
1.42
1.56
1.58
1.56
2.03
1.76
1.47
1.67
1.59
1.54
1.38
1.37
1.37
1.55
1.40
1.39
1.61
1.74
1.53
1.35
1.47
1.41
1.64
1.30
1.56
1.97
1.69
5.00
4.24
2.02
2.03
1.71
1.73
1.60
1.55
1.34
1.51
1.47
1.30
1.31
1.20
1.16
1.21
0.97
0.94
1.19
1.12
1.22
1.38
1.49
1.39
1.48
1.37
1.58
1.19
1.33
1.47
1.36
1.37
1.36
1.33
1.33
1.24
1.27
1.56
1.52
1.39
0.99
1.11
1.19
1.24
1.14
1.26
1.48
1.59
1.60
1.60
1.53
34.40
151.99
153.51
80.48
1.61
1.49
1.32
1.38
1.35
1.22
1.17
1.19
1.13
0.91
0.98
1.16
1.15
1.16
1.26
1.32
1.24
1.29
1.39
1.53
104.26
152.31
152.18
116.87
1.39
1.29
1.24
1.25
1.20
1.17
1.09
1.22
1.07
0.86
0.95
3.61
4.55
4.64
4.78
4.78
2.43
1.65
1.65
1.69
1.31
1.34
1.35
1.34
1.30
1.29
1.27
1.28
1.21
1.22
1.26
1.12
1.11
0.87
0.90
1.00
0.95
1.10
4.60
4.85
4.89
2.14
1.71
1.50
112.23
151.20
153.17
153.44
117.06
1.43
1.41
1.29
1.13
1.15
1.09
1.10
1.05
0.85
0.90
0.91
1.01
1.00
1.20
1.17
1.17
1.23
1.07
1.04
1.00
1.26
1.14
1.81
2.24
2.21
1.99
1.98
1.80
1.84
1.64
1.04
1.01
0.90
0.93
0.80
1.34
1.43
1.46
1.56
1.54
1.59
1.45
1.38
1.14
1.16
1.14
1.19
1.08
1.14
1.11
1.09
1.19
1.15
1.04
1.02
0.99
0.92
0.85
0.80
0.76
0.95
1.06
1.10
1.04
1.18
1.11
1.16
1.01
1.20
1.27
1.19
1.20
1.19
1.24
1.20
1.12
1.21
1.38
1.35
1.38
1.12
1.22
1.18
1.23
1.29
1.29
1.15
1.17
1.24
1.22
1.17
33.98
155.52
154.28
80.11
1.30
1.27
1.17
1.26
1.17
1.18
1.21
1.13
1.15
0.81
0.85
1.02
1.06
1.18
1.30
1.11
1.10
1.13
1.15
1.08
19.41
154.73
153.52
150.89
152.16
3.77
1.08
1.13
1.00
1.10
1.06
0.99
1.00
0.83
0.82
3.53
4.50
4.47
4.49
4.43
1.49
1.11
1.02
0.96
0.93
1.14
1.63
2.40
2.33
2.36
1.82
1.57
1.48
1.40
1.53
1.45
1.00
0.91
0.90
1.03
0.98
0.98
1.03
1.01
1.18
1.30
1.10
1.21
135.10
154.49
153.78
153.61
117.24
1.12
1.10
1.01
1.05
1.10
1.12
1.14
1.05
0.78
0.87
0.95
1.13
1.21
1.32
1.28
1.20
1.11
2.84
4.01
1.13
1.14
1.16
1.10
1.09
1.07
1.00
1.06
1.04
1.03
1.06
1.01
1.01
0.80
0.72
0.95
0.90
1.11
1.03
0.98
1.08
1.21
1.59
1.24
144.10
154.35
153.89
153.51
117.70
1.29
1.14
1.12
1.11
1.14
1.16
1.09
1.00
0.92
0.96
0.92
0.95
1.01
1.05
1.08
1.03
1.09
2.55
1.01
0.94
1.17
1.14
1.12
1.07
1.01
1.04
1.05
0.99
1.00
1.03
0.91
0.99
0.99
0.73
0.90
0.97
1.01
0.97
0.94
0.97
0.94
0.82
0.83
148.42
153.24
41.67
1.02
1.07
1.06
1.08
0.96
0.99
0.99
0.95
0.92
0.89
0.89
0.78
1.76
1.38
1.34
1.32
1.20
1.28
1.07
1.04
1.01
0.89
1.07
1.07
1.01
0.96
0.95
0.97
0.97
0.97
0.97
0.91
0.91
0.98
0.84
0.88
0.89
0.86
0.95
1.05
0.94
0.99
0.97
0.83
0.79
0.85
111.67
118.75
1.12
1.10
1.14
1.07
1.03
1.06
1.00
1.00
0.97
0.91
0.72
0.97
0.99
1.06
1.06
1.17
1.21
1.18
1.20
1.18
7.98
152.72
150.31
152.59
152.20
151.84
41.51
1.09
1.16
1.07
1.07
1.06
1.04
1.03
0.72
0.83
4.21
4.08
1.22
1.28
1.25
1.31
1.25
1.25
1.19
42.99
153.97
153.40
79.89
1.14
1.13
1.13
1.05
1.07
1.07
1.02
1.00
1.04
0.89
0.80
0.81
0.78
0.98
0.93
1.07
1.10
0.92
1.01
1.07
1.06
1.17
1.04
1.06
1.03
1.13
1.22
1.05
0.98
1.02
1.03
1.03
0.98
0.81
0.86
0.89
0.78
0.82
0.96
1.01
1.02
1.03
0.91
0.83
0.92
1.06
1.04
1.07
1.10
1.00
1.04
1.04
1.05
0.99
0.97
0.97
0.97
0.79
0.77
0.71
0.75
1.03
0.97
0.97
0.99
1.07
0.95
0.93
146.90
152.51
41.54
1.77
1.99
1.59
1.51
1.32
1.34
1.35
1.11
1.04
1.04
0.95
0.79
0.92
0.85
0.95
0.99
1.01
1.03
0.95
0.98
0.91
1.03
1.17
1.14
1.07
1.09
1.07
1.02
1.04
1.10
1.01
0.97
0.96
0.96
0.88
0.75
0.87
1.00
0.94
0.99
0.97
1.02
0.94
0.98
1.02
0.91
148.30
153.51
3.99
1.81
1.41
1.28
1.06
1.09
1.09
0.98
0.96
0.94
0.82
0.86
0.89
0.75
0.66
0.86
0.86
0.97
0.90
0.74
31.37
154.76
154.69
155.00
154.60
154.30
43.08
1.49
1.05
1.10
1.01
0.98
1.05
1.00
0.95
0.87
0.93
0.89
0.75
0.74
0.79
0.85
0.83
0.92
0.85
0.85
0.99
1.06
0.99
0.99
1.00
0.94
1.00
0.98
0.98
0.90
0.90
0.88
0.79
0.75
0.75
0.66
0.80
0.88
0.90
0.90
0.89
0.83
0.75
0.89
1.03
1.00
0.97
0.97
1.00
1.00
0.97
1.01
0.90
0.92
0.90
0.93
0.72
0.82
0.77
0.77
0.80
0.83
0.91
0.92
0.87
0.83
0.79
0.89
1.04
1.00
1.02
1.07
1.01
1.05
0.95
0.98
1.04
0.98
0.91
0.89
0.85
0.77
0.64
0.83
0.91
0.91
0.87
0.90
0.90
0.85
0.79
146.52
152.31
41.49
1.07
0.99
1.04
1.03
1.18
1.03
0.97
1.01
0.96
1.00
0.94
0.72
0.83
0.78
0.87
0.95
0.89
0.98
0.96
0.84
0.82
1.06
1.29
1.11
1.15
1.06
1.18
1.12
1.00
1.05
1.06
1.20
1.05
1.07
0.68
0.75
0.75
0.82
0.89
0.95
0.95
0.94
0.94
0.97
0.86
1.03
148.54
153.64
3.77
1.17
1.04
1.03
1.09
1.00
0.97
1.00
1.02
0.98
0.73
0.73
0.77
0.76
0.90
0.95
1.00
0.94
0.99
0.94
0.93
108.86
151.90
151.74
152.00
152.23
41.70
1.31
1.27
1.16
1.16
1.15
1.01
0.97
0.76
0.79
0.84
0.95
0.84
0.89
0.81
0.94
0.84
1.06
1.60
126.69
153.84
153.77
153.59
152.92
41.45
1.00
0.96
0.92
0.92
0.85
0.90
0.90
0.86
0.90
1.11
1.25
1.82
1.58
1.52
1.31
1.21
1.33
33.00
153.29
153.35
153.13
117.23
0.95
0.95
0.91
0.90
0.88
0.87
0.93
0.87
0.86
0.73
0.71
0.73
0.85
0.92
0.71
0.81
0.81
0.82
0.90
0.92
0.91
1.00
1.00
0.93
0.91
1.10
1.12
0.92
1.10
1.11
1.00
0.95
0.84
0.63
0.65
0.70
0.68
0.61
0.72
0.86
0.88
0.78
0.82
0.79
148.09
154.06
41.90
1.11
0.95
0.95
1.03
0.91
0.90
0.91
0.89
0.83
0.95
0.82
0.85
0.80
0.69
0.91
0.90
0.83
0.89
0.90
0.83
0.76
0.91
1.03
0.99
1.02
1.03
0.97
0.88
0.94
0.91
0.90
0.91
0.88
0.89
0.68
0.67
0.69
0.74
0.88
0.96
0.92
0.92
0.95
0.91
0.80
0.94
0.98
1.00
1.06
1.03
1.08
1.09
0.99
0.90
0.94
0.97
0.89
0.91
0.72
0.88
0.86
0.89
0.93
1.04
1.14
1.07
1.02
1.19
1.04
1.16
111.99
155.86
155.03
3.82
1.26
1.17
1.06
0.92
0.87
0.93
1.10
1.06
0.98
1.14
1.13
1.17
1.21
1.24
1.10
1.09
1.03
0.95
0.83
0.90
0.92
0.91
0.89
0.92
0.94
0.88
0.89
0.91
0.87
0.87
0.89
0.87
0.81
0.82
0.78
0.91
2.52
7.18
2.66
0.98
0.97
0.92
0.71
0.85
0.91
0.91
0.90
0.89
0.96
0.90
0.93
0.90
0.87
0.89
0.84
0.92
0.82
0.81
0.99
1.08
1.07
1.08
1.03
0.87
1.01
1.09
1.07
1.11
1.25
1.10
0.99
1.02
1.05
1.16
1.19
1.31
1.08
0.88
0.91
1.07
0.99
1.19
1.19
1.19
1.09
1.08
1.03
1.06
1.12
1.10
1.07
150.85
155.15
42.07
0.93
0.87
0.88
0.92
0.94
0.91
0.84
0.83
0.90
0.85
0.82
0.81
1.07
1.03
0.98
0.99
0.93
0.96
1.04
1.01
0.98
74.28
154.94
154.52
154.21
154.42
79.98
0.94
1.04
1.05
1.04
1.05
1.04
1.03
0.86
0.75
0.84
0.79
0.71
0.71
0.69
0.68
0.63
0.64
0.58
0.79
0.92
150.64
155.92
3.62
0.99
0.94
0.95
0.99
0.98
0.81
0.80
0.89
0.74
0.67
0.77
0.81
0.69
0.61
0.65
0.63
0.71
0.57
0.60
0.75
0.81
0.80
0.80
0.81
0.80
0.80
0.82
0.81
0.86
0.81
0.80
0.79
0.60
0.54
0.65
0.65
0.67
1.06
1.01
0.98
0.90
0.69
0.64
0.79
0.80
0.80
0.81
0.80
0.81
0.84
0.83
0.81
0.81
0.81
0.88
0.80
0.63
0.61
0.65
0.63
0.88
0.91
0.96
0.90
0.99
1.04
97.79
153.07
152.87
153.19
152.90
41.43
0.88
0.90
0.89
0.91
0.92
0.91
0.90
0.80
0.81
0.70
0.66
0.66
0.67
0.60
0.64
0.63
0.55
0.51
0.45
0.77
0.85
0.86
0.85
0.85
0.83
0.85
0.88
0.92
0.92
0.91
0.90
0.87
0.63
0.63
0.66
0.65
0.66
0.76
0.62
0.63
0.63
0.63
0.63
148.34
153.13
41.51
0.84
0.88
1.00
0.91
0.97
0.93
0.89
0.85
0.84
0.90
0.90
0.77
0.75
0.75
0.83
0.94
0.82
0.77
0.83
0.77
33.41
152.81
153.21
152.99
153.34
152.99
41.58
0.89
0.94
0.90
0.92
0.93
1.01
1.01
0.84
0.91
0.80
0.81
0.68
0.77
0.63
0.79
0.84
0.80
0.74
0.86
0.92
148.54
154.25
3.63
0.88
0.87
0.96
0.85
0.93
0.92
0.86
0.81
0.72
0.74
0.80
0.68
0.75
0.81
4.24
4.24
1.96
0.96
0.81
111.29
155.32
154.02
153.66
153.21
41.62
0.94
0.91
0.93
0.88
0.97
0.95
0.99
0.79
0.73
0.84
0.79
0.78
0.78
0.81
0.69
0.80
0.85
0.65
0.85
0.90
0.96
1.03
0.97
0.90
1.04
0.88
0.97
0.89
0.89
0.92
0.83
0.80
0.69
0.75
0.78
0.61
0.64
1.04
0.91
0.72
0.74
0.62
0.83
0.87
0.90
0.85
0.88
0.86
0.90
0.90
0.87
0.90
0.88
0.88
0.84
0.81
0.89
0.88
1.03
1.03
0.94
0.99
1.02
0.98
0.80
0.72
0.87
0.90
0.90
0.91
0.86
0.94
1.02
0.87
0.90
0.87
0.86
0.86
0.87
0.70
0.61
0.67
0.72
0.92
0.95
1.01
1.07
0.96
0.99
0.79
148.00
153.59
41.63
0.91
0.93
0.86
0.87
0.87
0.91
0.87
0.85
0.88
0.83
0.76
0.72
0.89
0.93
0.88
0.68
0.70
0.75
0.70
0.70
33.26
153.60
153.41
153.50
153.29
153.12
41.51
0.88
0.88
0.87
0.85
0.88
0.89
0.92
0.82
0.74
0.71
0.81
0.67
0.83
0.80
0.79
0.85
0.77
0.67
0.82
1.05
150.43
154.79
3.56
0.86
0.86
0.96
0.89
0.91
0.91
0.90
0.83
0.75
0.62
0.77
0.83
0.62
0.59
0.78
0.89
0.89
0.71
0.68
110.48
154.08
153.70
153.15
153.41
41.59
0.85
0.86
0.87
0.91
0.90
0.90
0.89
0.69
0.54
0.63
0.63
0.70
0.62
0.59
0.63
0.57
0.42
0.53
0.95
0.87
0.85
0.85
0.88
0.92
0.91
0.90
0.90
0.91
0.91
0.91
0.82
0.74
0.65
0.62
0.62
0.58
0.55
0.62
0.58
0.47
0.43
0.65
0.89
0.88
0.89
0.89
0.89
0.90
0.89
0.90
0.89
0.81
0.80
0.79
0.80
0.72
0.61
0.65
0.67
0.82
0.75
0.68
0.66
0.64
0.63
0.48
0.87
0.92
0.84
0.90
0.90
0.93
0.95
0.95
0.91
0.91
0.82
0.80
0.79
0.68
0.53
0.69
0.71
0.67
0.78
0.64
0.65
0.52
0.54
0.60
147.36
152.92
41.26
0.90
0.90
0.91
0.90
0.90
0.90
0.91
0.90
0.83
0.79
0.68
0.52
0.64
0.55
0.51
0.51
0.63
0.67
0.93
0.96
33.16
155.05
157.25
156.94
153.30
152.97
41.71
1.13
1.02
1.04
1.03
1.04
1.03
1.03
0.96
0.82
0.85
0.89
0.88
0.90
0.87
0.85
0.86
0.83
0.87
57.08
1.01
0.86
0.99
0.84
1.00
0.82
0.85
0.83
0.85
0.86
0.90
0.88
0.69
0.64
0.67
0.59
0.67
0.84
0.89
0.87
0.82
0.80
0.81
0.95
0.87
0.82
0.80
0.80
0.80
0.80
0.81
0.82
0.81
0.81
0.80
0.79
0.70
0.55
0.54
0.59
0.74
0.76
0.70
0.59
0.62
0.56
0.62
0.86
0.79
0.80
0.81
0.80
0.81
0.99
0.90
0.84
0.84
0.90
0.84
0.83
0.74
0.52
0.67
0.64
0.72
0.78
0.74
0.74
0.79
0.74
1.32
1.16
1.39
1.57
1.98
1.37
1.62
1.30
1.45
1.67
1.21
1.31
1.09
0.89
0.78
0.61
0.67
0.60
0.57
0.76
0.75
0.79
0.76
0.70
0.55
0.80
0.80
0.81
0.81
0.81
0.81
0.80
0.89
0.81
0.80
0.79
0.79
0.77
0.70
0.51
0.52
0.68
0.77
0.77
0.75
0.74
0.86
0.79
0.67
150.58
152.43
41.96
0.93
0.93
0.93
1.04
0.89
0.81
0.81
0.80
0.79
0.79
0.78
0.61
0.81
0.78
0.78
0.73
0.71
0.79
0.74
0.66
0.73
61.47
155.30
151.68
153.74
117.46
0.80
0.80
0.80
0.79
0.79
0.79
0.78
0.78
0.69
0.73
4.02
4.09
4.29
4.33
1.08
0.99
0.91
0.78
0.66
0.80
0.80
149.15
154.16
3.34
0.80
0.80
0.80
0.81
0.80
0.99
0.98
0.89
0.87
0.62
0.62
0.66
0.81
0.85
0.87
1.01
0.89
0.77
0.77
0.81
0.99
0.92
0.95
0.99
1.04
1.04
1.05
1.10
1.16
1.09
1.04
1.00
0.89
0.66
0.87
0.93
0.98
1.02
1.03
1.09
1.08
0.82
0.73
0.92
0.91
0.83
0.91
0.91
0.81
0.81
0.81
0.81
0.81
0.81
0.80
0.79
0.73
0.49
0.51
0.69
0.94
1.02
1.00
0.91
0.80
0.67
0.69
0.80
0.80
0.80
0.81
0.96
0.94
0.85
0.86
0.80
0.80
0.80
0.79
0.79
0.73
0.56
0.55
0.73
0.87
0.92
0.89
0.93
0.77
0.67
0.54
0.80
0.81
0.82
0.81
0.81
0.81
0.80
0.81
0.81
0.80
0.85
0.79
0.79
0.74
0.50
0.52
0.63
0.63
0.64
0.75
0.76
0.79
0.63
0.54
0.97
0.93
0.94
0.88
0.80
0.81
0.81
0.86
0.81
0.82
0.85
0.79
0.79
0.74
0.51
0.64
0.61
0.71
0.69
0.72
0.67
0.62
0.62
0.54
36.37
155.14
154.14
154.13
153.43
41.49
0.81
0.83
0.89
0.89
0.89
0.80
0.79
0.80
0.56
0.62
0.59
0.70
0.76
0.80
0.77
0.66
0.73
0.59
0.85
0.90
150.26
154.36
3.50
0.81
0.82
0.82
0.82
0.81
0.81
0.80
0.79
0.78
0.60
0.60
0.53
0.64
0.72
0.68
0.51
0.61
0.51
140.39
153.74
153.32
153.03
152.88
117.61
45.70
0.82
0.82
0.83
0.83
0.82
0.82
0.80
0.76
0.52
0.53
0.59
0.59
0.67
0.63
0.69
0.78
0.72
0.82
0.84
0.82
0.83
0.82
0.82
0.82
0.82
0.81
0.88
0.82
0.81
0.81
0.81
0.78
0.65
0.72
0.74
0.79
0.83
0.76
0.79
0.82
0.88
0.63
0.81
0.82
0.82
0.87
0.83
0.89
0.88
0.82
0.82
0.82
0.82
0.80
0.81
0.78
0.58
0.66
0.53
0.59
0.64
0.64
0.57
0.53
0.51
0.53
0.81
0.80
0.81
0.81
0.81
0.81
0.82
0.82
0.82
0.82
0.81
0.81
0.80
0.76
0.52
0.52
0.61
0.77
0.80
0.84
0.84
0.82
0.87
0.60
0.82
0.87
0.81
0.86
0.85
0.85
0.82
0.82
0.81
0.81
0.86
0.83
0.80
0.76
0.51
0.66
0.73
0.70
0.85
0.87
3.59
7.20
4.31
0.67
0.81
0.82
0.81
0.81
0.82
0.82
0.86
0.81
0.85
0.83
0.81
0.84
0.91
0.76
0.50
0.52
0.64
0.68
0.80
0.87
0.81
0.86
0.70
0.56
0.80
0.81
0.81
0.81
0.81
0.85
0.83
0.81
0.81
0.80
0.80
0.79
0.78
103.88
154.88
42.02
0.71
0.79
0.85
0.79
0.82
0.77
0.82
138.07
154.39
154.00
153.41
153.00
117.42
0.86
0.81
0.81
0.81
0.81
0.80
0.82
147.81
152.85
3.14
0.67
0.67
0.77
0.83
0.82
0.81
0.78
0.81
71.98
118.17
0.81
0.82
0.81
0.82
0.82
0.86
0.80
0.86
0.86
0.81
0.80
148.60
153.04
3.04
0.59
0.65
0.70
0.86
0.88
0.85
0.81
0.76
71.56
117.91
0.81
0.81
0.80
0.80
0.81
0.82
0.82
0.81
0.86
0.89
0.80
0.80
0.80
0.53
0.64
0.76
0.74
0.75
0.71
0.75
0.88
0.87
0.75
0.95
0.92
0.91
0.82
0.81
0.81
0.84
0.84
0.80
1.02
0.91
0.85
147.26
152.86
3.26
0.70
0.73
0.78
0.75
0.83
0.75
0.79
0.82
71.10
118.06
1.02
0.92
0.93
0.99
0.96
1.03
0.93
0.89
1.02
0.97
0.95
146.89
153.25
3.22
0.74
0.77
0.89
0.75
0.75
0.70
0.77
0.78
71.87
118.34
0.80
0.85
0.97
1.01
1.00
0.93
0.90
0.84
1.03
0.87
0.85
147.44
152.93
3.27
0.68
0.78
0.80
0.79
0.78
0.80
0.78
0.69
71.69
118.46
0.84
0.89
0.83
0.81
0.80
0.86
0.91
0.89
0.86
0.79
0.81
147.06
152.15
3.12
3.87
4.14
4.16
4.13
2.40
0.83
0.76
0.80
132.68
154.00
153.27
152.61
152.03
116.74
0.81
0.87
0.87
0.80
0.87
0.84
0.89
146.90
151.93
3.11
0.64
0.83
0.76
0.79
0.81
0.86
0.77
0.67
71.21
118.60
0.81
0.81
0.81
0.86
0.85
0.84
0.79
0.00
0.41
0.80
0.97
145.45
152.39
3.00
0.50
0.57
0.74
0.88
0.89
0.87
0.81
0.77
70.97
118.46
0.81
0.81
0.82
0.81
0.81
0.81
0.81
0.81
0.81
0.81
0.81
0.80
0.80
0.52
0.51
0.60
0.68
0.71
0.78
0.89
0.76
0.66
0.57
0.81
0.81
0.81
0.81
0.82
0.81
0.82
0.82
0.82
0.82
0.82
0.80
148.31
153.03
3.06
0.52
0.56
0.57
0.51
0.52
0.59
0.64
0.69
72.88
118.84
0.81
0.87
0.81
0.88
1.01
0.99
0.96
0.94
0.82
0.82
0.81
0.92
1.00
0.66
0.75
0.75
0.73
0.74
0.75
0.79
0.89
0.75
0.65
0.86
0.92
0.87
0.88
0.85
0.80
0.80
0.81
0.80
0.80
0.80
0.84
0.81
0.93
0.71
0.59
0.63
0.76
0.72
0.82
0.79
0.73
0.72
0.56
0.80
0.80
0.80
0.85
0.79
0.79
0.87
0.80
0.85
0.79
0.79
0.87
0.79
0.79
0.52
0.59
0.64
0.57
0.65
0.67
0.60
0.58
0.53
0.52
0.89
1.00
0.94
1.01
1.03
1.04
1.04
1.04
1.01
1.00
1.03
0.95
0.81
0.79
0.50
0.48
0.53
0.63
0.65
0.62
0.63
0.64
0.63
0.61
0.86
0.90
0.86
0.89
0.80
0.80
0.64
0.80
0.17
0.84
0.81
0.89
0.78
0.85
0.55
0.61
0.68
0.73
0.79
0.89
0.87
0.84
0.79
0.69
0.89
0.81
0.79
0.79
0.78
0.84
0.78
0.79
0.78
0.78
0.77
0.77
0.78
0.78
0.50
0.57
0.56
0.71
0.78
0.78
0.76
0.77
0.75
0.57
0.77
0.79
0.79
0.80
0.84
0.79
0.80
0.85
0.84
0.88
0.79
0.78
0.78
0.78
0.50
0.50
0.50
0.51
0.57
0.60
0.64
0.64
0.58
0.50
0.76
0.80
0.81
0.80
0.81
0.90
0.80
0.79
0.89
0.85
0.80
0.87
0.89
0.79
0.53
6.77
6.78
6.66
0.77
0.86
0.90
0.86
1.73
1.04
0.99
0.91
0.90
0.90
0.89
0.90
