0 40 
885 904 
1415 1529 
1725 1745 
1751 1865 
1944 1986 
1989 2009 
2182 2201 
2205 2225 
2229 2249 
2350 2393 
2397 2417 
2423 2466 
2469 2513 
2518 2537 
2687 2705 
2927 2969 
3069 3090 
3237 3258 
3358 3378 
3382 3402 
3406 3426 
3431 3546 
3551 3594 
3599 3714 
3717 3762 
4030 4050 
4053 4074 
4078 4098 
4103 4122 
4126 4194 
4198 4242 
4246 4266 
4271 4290 
5086 5106 
6214 6233 
6382 6402 
6455 6497 
6503 6545 
6549 6594 
6597 6617 
6624 6641 
6646 6713 
6717 6762 
6765 6784 
6792 6881 
6885 6930 
6933 6953 
7006 7049 
7053 7122 
7221 7241 
7248 7267 
7270 7336 
7343 7385 
7389 7408 
7464 7553 
7557 7576 
7632 7721 
7725 7744 
7752 7889 
7893 7913 
7939 8081 
8515 8549 
