18.27
19.99
19.53
18.90
20.68
18.62
19.51
19.74
13.68
14.02
11.51
6.50
8.37
7.60
5.79
5.77
6.24
9.69
14.03
17.54
17.54
19.57
22.05
21.64
20.66
21.54
23.32
23.50
24.93
28.04
24.73
24.74
25.15
19.00
14.74
15.56
14.78
11.92
11.43
11.41
9.24
8.84
9.93
9.98
16.13
23.65
21.92
21.78
23.97
24.39
27.41
26.00
24.77
25.95
26.50
29.32
24.60
20.99
16.88
12.64
13.30
12.13
12.14
13.17
14.79
9.46
9.40
9.67
13.20
17.74
20.16
19.78
20.55
22.42
23.14
23.04
23.29
25.51
24.54
23.20
24.83
19.63
14.94
14.15
12.41
12.44
14.38
15.20
15.25
9.90
9.38
9.37
9.24
9.29
13.47
16.22
20.09
19.71
19.02
19.71
20.92
21.29
21.10
20.32
15.91
15.35
7.99
4.28
4.29
4.53
4.27
4.28
4.36
5.56
9.20
9.21
11.18
10.97
11.00
11.70
13.04
13.25
13.74
15.46
12.70
14.40
14.75
14.80
10.52
10.32
9.34
7.82
4.61
5.67
6.58
6.99
5.12
7.18
12.30
13.19
13.79
16.16
15.15
16.41
19.19
18.00
17.18
19.25
19.46
19.15
18.10
20.09
19.77
13.81
15.18
15.59
14.68
15.73
15.89
15.67
16.91
9.76
9.49
9.18
9.29
9.11
9.11
13.45
18.20
18.82
18.64
17.53
18.54
21.23
20.63
20.62
20.51
13.21
13.73
14.55
16.14
15.99
16.20
15.66
14.79
9.61
10.26
10.32
10.09
9.96
9.83
9.85
10.64
14.40
16.61
16.40
14.96
16.98
16.29
15.69
17.35
14.42
14.22
13.01
12.96
12.60
13.97
14.70
13.91
9.70
9.26
9.22
9.08
9.07
9.26
9.52
11.40
10.17
10.89
12.97
12.85
15.05
13.52
13.96
13.31
12.54
7.29
11.75
11.53
11.41
11.82
11.83
12.38
9.35
9.32
9.06
9.02
9.14
9.12
10.48
16.77
18.38
13.72
16.88
17.25
18.61
16.52
17.84
17.43
15.03
14.58
15.29
12.95
16.60
17.58
18.61
19.80
10.16
9.46
11.51
10.78
10.94
9.61
9.34
12.13
14.61
15.94
15.63
18.30
15.75
18.15
18.24
12.01
12.38
6.31
4.33
4.85
4.58
4.35
5.51
5.16
5.16
9.35
9.83
9.42
9.37
9.40
11.36
11.78
11.93
11.92
13.35
13.76
14.71
13.62
15.64
11.37
8.88
8.71
5.13
4.29
4.29
4.34
4.29
4.50
5.33
9.30
9.30
9.81
13.01
12.40
13.17
16.52
14.14
14.48
14.58
14.01
14.75
13.57
14.54
15.35
12.50
11.89
16.80
12.19
13.26
15.12
16.90
14.54
8.05
10.45
10.11
10.15
10.56
10.15
10.14
10.10
10.23
11.31
11.10
13.30
12.67
12.48
13.69
13.97
12.59
12.44
13.58
11.39
11.64
11.34
11.40
11.85
7.32
10.35
10.03
10.26
10.01
10.10
10.23
12.08
10.14
12.66
14.77
15.22
15.91
15.51
14.00
14.13
14.28
13.18
13.42
15.07
16.34
17.41
18.53
18.24
10.48
10.39
10.89
10.08
10.12
9.97
10.21
10.05
10.51
14.85
14.91
17.10
16.77
16.27
18.26
16.21
13.14
12.59
12.75
13.46
15.52
15.79
15.03
16.46
10.09
10.29
10.68
12.00
10.13
10.57
10.09
10.11
10.08
10.16
10.12
13.12
13.86
12.41
11.91
13.14
13.50
12.09
11.84
12.02
14.52
17.15
17.94
16.20
8.83
10.47
10.69
10.64
10.67
10.85
10.74
10.61
10.67
13.61
15.60
19.28
18.56
19.54
18.78
16.14
11.81
5.02
5.21
5.03
5.02
5.82
7.78
7.20
6.13
10.85
10.52
10.49
10.48
10.52
10.53
15.08
15.02
16.42
18.61
17.65
18.92
20.83
20.03
15.33
12.56
6.68
5.01
4.88
4.39
4.36
5.35
6.86
4.60
10.02
9.93
10.05
10.03
10.06
10.18
13.96
13.73
13.28
12.51
13.88
16.43
17.03
14.49
12.07
9.19
7.19
5.00
4.81
4.53
4.92
4.80
6.11
4.65
9.96
10.35
10.02
13.64
14.79
15.16
19.12
21.12
18.21
21.19
20.93
20.39
20.43
19.82
22.19
15.03
13.29
12.85
13.10
14.15
14.81
14.51
14.84
7.84
10.13
9.99
9.88
9.85
11.03
16.74
19.14
21.64
20.59
21.28
22.82
22.65
23.59
24.59
24.60
14.85
12.26
12.32
12.25
12.85
14.97
14.39
13.33
7.74
10.18
10.26
10.14
10.19
13.22
17.51
19.91
21.49
21.06
20.69
21.74
21.84
21.65
22.14
21.69
15.55
13.20
12.19
12.67
14.62
15.06
14.91
14.83
8.31
9.75
9.77
9.84
9.98
9.86
11.30
16.85
15.20
21.22
22.29
21.84
21.21
22.18
23.46
23.17
14.15
13.22
14.08
13.14
15.45
15.72
15.89
16.36
9.52
9.69
10.09
9.89
9.93
9.91
10.38
15.95
17.05
19.26
20.29
20.20
21.79
22.21
21.53
17.40
15.69
5.54
5.01
6.75
4.50
5.93
7.12
6.20
4.63
9.90
9.93
9.99
10.21
12.58
15.02
14.97
14.68
17.66
19.86
17.71
19.35
20.11
19.79
16.50
11.96
6.89
4.92
4.37
4.40
4.45
4.88
6.49
4.94
9.69
9.97
9.97
10.20
11.27
15.09
14.91
13.96
14.91
19.56
18.29
19.03
20.45
19.59
19.19
12.85
12.70
12.57
13.09
16.52
17.47
19.39
18.39
8.34
9.79
10.25
10.26
10.28
10.21
10.39
10.32
10.32
10.98
14.98
17.36
15.64
15.79
14.43
13.47
12.36
11.75
11.42
11.88
13.35
13.40
14.23
11.90
8.72
9.46
10.01
9.79
10.23
9.93
9.91
9.97
9.90
12.90
13.64
13.18
10.56
13.65
14.25
12.96
12.47
13.59
13.59
13.84
15.27
17.87
17.49
17.28
8.04
9.42
9.84
10.22
10.02
9.79
11.45
9.86
9.88
9.88
10.27
14.18
14.50
13.66
15.11
14.61
12.34
12.89
12.87
12.56
14.30
15.22
17.95
18.17
10.07
9.64
10.72
10.52
10.50
10.70
10.43
10.49
10.56
10.77
9.89
10.02
12.76
12.38
11.03
13.31
12.41
12.40
11.88
13.44
14.74
15.42
18.02
17.54
10.94
10.27
10.16
10.12
12.09
11.76
10.72
10.60
10.69
10.83
10.69
12.03
12.19
13.38
11.43
5.30
6.30
5.87
5.29
5.99
5.89
5.47
5.37
5.27
5.28
10.05
10.71
10.59
10.91
10.70
10.63
10.67
10.67
10.87
10.69
10.63
10.70
10.61
9.18
5.54
5.60
5.27
5.30
5.29
5.28
5.29
5.27
5.47
5.25
9.55
10.68
10.92
12.10
12.55
12.64
13.97
14.60
14.59
12.75
12.94
12.51
12.93
11.96
12.50
13.29
12.68
12.87
12.60
12.88
13.02
16.14
14.22
7.15
9.59
10.52
10.82
10.58
10.61
10.71
10.77
10.86
12.91
16.82
14.93
16.25
16.95
12.85
11.51
11.22
12.01
13.18
12.38
13.15
14.43
14.49
15.83
7.18
8.70
9.85
9.80
9.91
9.73
9.77
10.10
10.84
10.89
15.67
13.17
15.80
15.51
14.24
16.91
13.61
14.14
13.03
13.00
12.90
14.51
13.41
13.33
7.51
8.43
9.68
9.68
9.87
14.30
20.17
21.27
21.00
22.61
24.56
24.76
28.65
25.12
23.54
20.83
16.54
12.83
12.94
12.36
13.36
15.14
13.51
13.88
9.54
9.23
10.47
9.85
9.67
14.27
18.30
23.97
20.99
22.50
23.61
23.61
23.41
24.25
22.19
19.81
16.73
14.34
12.68
12.52
15.11
14.96
13.94
13.44
7.91
8.22
9.88
9.64
9.64
9.62
11.35
16.06
17.00
18.52
20.13
19.60
17.19
20.57
18.58
15.32
10.71
9.60
6.16
5.54
6.82
5.87
4.31
4.22
5.29
10.44
14.43
15.03
17.37
16.17
19.63
19.49
19.82
20.21
21.51
22.56
23.21
22.67
20.67
17.48
18.18
9.45
4.45
4.25
4.23
4.29
5.71
5.75
5.84
8.00
9.92
10.00
11.25
14.66
14.33
14.46
19.58
21.17
19.30
19.49
19.81
19.35
17.23
18.11
12.87
13.24
12.12
14.02
13.45
15.08
14.47
15.42
8.02
8.24
9.64
9.74
9.58
10.98
16.54
19.19
21.02
20.07
21.62
22.28
22.33
22.74
23.65
23.08
13.42
12.31
12.97
12.87
15.22
14.53
13.56
13.43
7.92
8.36
9.64
11.91
9.70
9.53
9.56
12.12
15.99
15.67
15.68
17.60
18.83
16.19
18.55
16.84
12.34
12.80
12.19
12.46
12.11
10.96
12.64
12.63
6.45
7.92
9.95
9.66
9.64
10.59
9.68
9.31
9.32
9.29
10.69
12.07
12.22
13.42
8.43
9.89
11.90
12.89
12.70
12.24
12.32
12.09
13.03
12.56
7.47
9.14
10.91
10.90
10.92
11.13
11.91
10.94
10.75
10.80
10.89
5.43
7.86
11.90
11.57
13.55
14.15
14.73
14.03
13.52
14.66
14.29
13.86
13.97
9.92
8.27
9.67
10.06
10.84
10.34
10.54
10.36
10.44
10.36
13.73
15.77
15.38
15.43
15.39
10.36
8.75
5.36
5.09
5.27
5.28
4.96
4.98
5.02
5.74
8.26
10.31
10.58
10.29
11.03
15.29
16.12
19.91
19.18
18.49
20.92
20.34
21.02
18.40
15.44
11.96
7.29
6.51
5.31
4.99
5.00
4.99
4.97
5.24
8.11
10.29
10.72
15.00
14.91
17.78
17.81
17.35
15.73
16.40
17.99
14.40
16.93
15.41
17.37
12.78
12.10
12.28
12.70
12.16
11.64
10.76
11.05
5.98
7.31
9.54
9.58
14.88
19.94
21.97
19.95
19.93
22.48
22.00
22.34
22.48
25.07
21.88
20.90
14.82
12.59
13.49
12.46
12.20
13.33
13.85
12.58
7.20
7.20
9.42
9.94
12.45
14.69
19.28
24.06
23.39
23.12
23.66
25.81
25.28
25.93
25.25
24.88
17.20
8.86
15.03
12.69
12.25
12.39
13.71
12.63
6.58
7.22
9.47
9.43
9.39
9.92
14.37
14.47
14.91
15.12
15.71
16.97
15.93
17.19
16.21
15.72
14.97
14.65
13.55
13.69
15.40
13.41
14.01
14.91
6.40
14.07
21.56
21.54
19.50
19.79
24.61
18.66
18.01
21.93
21.01
19.84
19.53
19.46
18.09
21.28
14.50
15.47
14.61
13.39
12.68
13.45
12.83
12.41
6.54
9.02
20.13
22.21
18.64
20.23
22.32
22.47
22.38
23.50
23.48
25.09
25.75
27.63
21.42
18.66
15.44
9.26
7.06
5.97
5.89
4.86
4.83
5.12
4.84
7.53
10.08
10.23
14.12
15.87
16.40
21.24
21.72
22.49
23.09
24.23
23.57
24.52
21.72
19.64
15.92
8.21
5.41
5.40
6.57
4.79
5.06
4.81
5.82
7.64
10.10
10.11
10.11
10.31
12.43
16.52
17.71
18.77
19.63
19.13
18.87
21.54
18.89
19.78
12.96
12.57
12.36
12.41
12.45
13.82
14.15
14.89
10.32
7.35
9.65
12.64
12.44
9.66
9.49
12.60
16.41
16.23
15.77
17.97
19.69
19.90
15.99
17.79
12.28
12.43
12.08
13.14
16.03
15.98
18.80
18.87
8.62
6.80
9.50
11.73
9.66
9.51
9.48
9.47
9.65
9.91
9.62
12.78
13.21
13.76
8.51
11.68
11.58
11.92
12.14
12.13
14.55
16.25
17.03
19.27
13.22
8.12
12.43
12.10
11.81
10.94
10.70
10.67
10.70
11.51
14.15
15.14
14.06
15.26
12.05
14.16
12.33
11.63
11.98
13.76
16.89
19.14
23.14
24.13
14.98
9.08
9.75
9.63
9.57
9.59
9.63
9.75
9.58
11.30
10.37
11.06
13.50
13.74
8.90
11.37
13.10
12.65
12.72
12.10
16.83
20.05
20.57
21.92
14.21
8.49
10.68
9.68
9.78
9.70
9.79
9.90
9.75
10.17
9.75
9.79
9.72
9.90
5.81
5.69
4.94
4.43
4.36
4.42
4.63
4.74
4.59
6.80
5.45
7.28
10.01
10.00
9.98
9.75
9.81
9.76
10.07
9.74
9.87
10.00
13.14
13.37
9.97
7.69
5.16
5.15
5.30
5.70
5.61
7.99
8.03
7.56
8.97
8.29
10.10
10.10
9.75
9.82
10.04
9.80
9.73
9.74
10.12
9.76
12.60
13.33
9.22
12.23
12.73
11.60
11.11
12.57
15.97
20.22
20.68
20.96
15.16
7.91
10.34
10.36
10.20
10.18
10.42
10.14
10.14
10.19
11.92
14.70
14.87
15.18
12.58
12.57
11.19
11.48
11.60
12.33
15.93
21.42
23.49
23.75
14.55
8.89
10.83
10.03
9.47
10.53
9.98
9.25
9.46
9.17
9.69
9.32
10.68
11.67
8.76
11.67
11.71
11.97
12.74
16.32
18.59
22.27
22.79
23.40
14.86
10.67
10.66
12.57
10.52
9.57
9.41
9.67
9.53
11.02
9.67
9.35
9.83
9.40
6.19
10.64
11.58
11.96
12.52
11.73
15.14
16.64
20.13
19.19
10.91
7.96
9.69
9.63
9.66
9.47
9.46
9.47
11.75
11.02
11.03
11.30
10.97
10.94
7.11
11.37
13.20
12.77
12.98
12.98
14.25
13.03
14.97
15.29
9.64
8.05
10.06
9.42
9.58
9.78
9.43
9.44
11.16
15.24
15.55
17.28
17.32
19.52
12.72
14.57
6.06
4.18
3.99
4.04
4.34
4.57
5.71
5.03
4.56
5.66
9.36
9.38
9.35
9.39
9.67
13.88
14.21
14.14
18.12
17.46
16.63
19.16
12.84
11.30
9.57
4.03
4.33
4.10
4.67
5.70
6.14
6.16
6.40
6.25
9.57
9.33
9.60
9.32
9.64
9.38
9.34
9.39
9.65
13.67
13.16
12.88
10.80
14.22
12.40
11.87
12.14
12.30
14.23
15.41
14.83
15.74
6.94
5.98
10.33
9.69
9.45
9.70
10.07
9.89
9.49
9.76
12.43
12.00
11.99
12.97
8.46
10.95
11.12
12.10
12.94
13.19
12.09
12.55
12.08
11.65
7.07
5.93
10.19
13.65
9.84
9.81
9.91
9.77
13.84
14.67
17.29
12.21
15.84
17.36
9.47
12.23
11.70
12.04
12.49
12.16
14.02
14.19
13.65
16.69
8.99
5.68
11.41
11.87
10.20
9.83
9.51
9.97
15.17
18.57
19.69
19.22
20.65
21.04
17.38
16.30
11.57
11.79
12.08
12.31
14.27
14.57
16.27
18.10
10.02
8.23
11.23
12.29
10.45
9.67
9.17
9.11
12.51
14.33
17.22
17.13
20.05
18.08
15.57
13.38
11.67
11.98
11.89
12.25
15.71
14.87
18.08
17.79
8.80
6.56
9.95
9.74
9.73
9.78
9.71
9.74
9.91
9.60
9.92
12.90
13.18
13.06
9.83
8.07
4.24
4.20
4.24
4.25
4.26
6.50
7.33
6.77
10.24
7.80
10.44
9.74
9.61
9.56
9.89
9.62
9.58
9.62
9.58
9.93
11.33
13.39
8.09
5.79
4.23
4.17
4.22
4.18
5.21
7.65
7.30
13.32
12.22
7.63
11.08
10.43
9.88
9.64
9.65
9.63
9.73
9.68
9.63
9.62
10.32
13.67
8.75
10.98
12.17
11.47
11.70
18.28
22.71
23.15
24.73
26.16
18.09
9.35
15.54
16.49
12.68
9.66
10.06
9.95
9.62
9.54
9.65
9.94
9.55
9.17
8.07
11.79
11.24
10.81
11.62
17.28
23.11
24.04
24.97
25.29
17.27
10.54
14.87
14.37
12.86
10.44
10.40
9.96
9.77
9.75
9.67
9.89
9.68
9.08
4.40
8.94
10.33
11.42
12.19
16.75
20.34
23.44
23.60
24.22
16.66
8.59
14.07
15.12
13.20
11.07
10.03
10.11
9.73
9.77
10.18
9.65
9.56
8.87
4.27
10.21
12.08
12.07
13.03
16.91
17.92
17.15
17.70
17.73
11.54
7.63
13.74
10.07
9.75
9.72
9.87
10.44
10.18
9.80
11.39
14.99
15.97
16.43
8.92
14.33
11.18
11.88
11.24
13.45
18.55
21.36
20.08
19.51
15.24
9.25
12.20
10.98
11.06
11.03
10.99
11.09
11.04
11.04
11.26
11.16
11.04
13.22
11.10
8.80
5.31
5.33
5.53
5.32
5.25
7.61
10.43
12.10
10.44
7.54
12.70
10.55
10.47
10.43
10.42
10.51
10.45
10.76
10.73
10.50
10.40
9.16
6.80
8.77
5.12
4.89
4.88
4.97
5.79
8.98
13.76
14.41
12.06
10.92
12.20
10.83
10.74
10.38
10.54
10.46
10.41
10.90
10.40
10.56
10.36
11.68
10.07
12.50
11.86
11.78
12.08
17.67
23.64
24.79
26.56
27.16
20.19
12.74
12.33
12.87
11.16
10.53
10.29
10.10
10.12
10.04
10.12
12.05
11.96
10.51
6.43
10.13
10.86
10.90
12.46
17.84
23.55
25.06
25.07
23.03
15.89
8.24
12.19
12.19
10.68
10.64
9.88
9.46
9.61
9.45
9.81
9.46
9.53
8.24
4.43
9.63
11.06
11.43
15.30
18.40
19.32
20.24
20.91
20.54
12.61
7.85
13.80
12.35
11.16
10.69
10.44
10.68
10.75
10.70
9.56
9.49
9.38
7.75
4.70
9.94
11.31
12.33
14.93
20.96
22.81
26.10
25.49
24.70
19.20
9.76
14.66
14.52
13.05
13.68
14.58
5.11
10.28
10.28
10.29
9.85
8.75
6.96
3.94
10.78
11.84
12.71
15.96
21.91
24.77
23.22
23.82
22.78
16.28
8.47
11.67
11.44
10.50
10.84
11.26
10.52
10.59
10.38
10.33
10.30
10.72
12.77
8.95
6.23
5.28
5.53
5.27
5.21
8.56
11.88
15.92
15.54
12.71
10.90
13.94
11.51
11.50
10.44
10.20
10.44
10.24
10.26
10.31
10.35
11.25
12.91
9.44
6.02
5.27
5.23
5.26
5.26
8.33
11.85
14.98
14.72
12.93
11.48
12.79
12.33
10.90
10.59
10.27
10.58
10.40
10.31
10.37
10.25
10.26
9.61
9.50
11.25
11.41
11.59
12.70
17.79
20.43
21.46
23.20
24.75
17.57
9.68
12.97
14.02
11.51
9.96
9.90
9.84
9.86
9.89
9.79
9.03
9.35
6.96
5.98
9.74
11.31
11.22
12.91
18.05
22.83
24.27
25.35
24.49
18.46
10.69
14.03
13.52
11.84
11.06
11.52
12.86
11.59
11.42
9.75
9.61
9.65
7.74
5.32
10.20
11.57
12.24
16.97
18.37
21.41
22.01
21.97
23.49
17.26
12.26
13.09
11.93
10.20
9.52
9.52
9.56
9.95
10.65
12.85
11.00
10.69
8.64
6.51
11.01
11.85
12.16
13.16
17.98
20.97
20.71
21.44
24.57
18.59
13.51
15.51
20.87
13.75
11.04
10.99
10.71
10.87
10.98
10.86
10.80
10.67
8.38
5.80
9.95
12.09
13.57
18.43
22.28
24.47
25.02
23.92
23.11
17.52
11.53
13.23
13.47
12.45
11.15
10.39
10.58
10.26
10.22
10.17
10.19
10.10
8.47
5.74
5.76
5.72
6.38
8.92
10.34
13.67
14.46
14.94
15.52
14.16
12.05
13.90
13.71
12.76
11.82
10.68
10.74
10.26
10.19
10.26
10.16
10.26
7.98
5.91
5.78
5.71
5.76
7.04
11.88
15.02
16.44
16.69
18.84
16.73
14.14
14.77
13.07
12.71
12.05
11.02
10.14
10.34
10.23
10.24
10.22
10.45
7.81
5.70
11.03
13.11
16.71
21.78
25.57
26.67
28.69
33.15
32.16
24.36
14.83
15.44
14.83
13.69
13.79
15.62
13.82
11.99
11.39
11.46
11.48
11.28
8.19
6.18
9.27
14.86
17.71
22.84
25.40
29.59
30.96
29.98
28.66
21.95
13.49
15.08
14.22
14.46
15.94
13.80
12.99
11.59
10.89
10.47
9.85
9.72
6.66
4.50
9.88
12.89
15.58
18.13
19.67
19.47
20.22
19.82
18.63
13.46
7.29
11.51
11.14
9.69
9.67
9.53
9.74
10.74
10.39
9.54
9.53
9.98
10.24
7.75
10.11
11.42
11.95
13.46
14.47
21.43
20.99
21.02
22.35
14.66
6.42
10.65
10.54
10.17
14.41
11.24
10.98
11.14
11.05
11.06
11.09
11.02
7.98
6.02
11.33
11.99
15.55
19.81
19.89
21.66
21.55
20.35
21.65
13.82
7.77
13.49
11.61
9.75
9.91
9.65
9.49
9.88
9.68
9.58
9.58
10.15
10.10
7.30
4.68
4.14
4.21
4.19
4.18
5.24
9.26
13.62
12.56
11.77
10.74
12.35
10.62
10.11
9.60
9.73
9.91
9.73
9.60
9.52
9.46
9.48
6.27
4.23
4.23
4.46
4.16
4.41
5.10
9.63
12.73
14.41
16.41
14.17
11.29
11.94
12.90
11.24
9.92
9.81
9.62
9.66
9.53
9.85
9.63
9.55
5.90
4.35
10.75
12.27
13.71
19.03
23.17
25.87
26.54
27.88
28.83
21.34
13.61
12.37
13.41
12.12
11.62
9.74
9.43
9.36
9.53
9.36
9.37
9.40
5.76
4.75
10.10
10.80
14.88
17.71
21.33
21.99
21.71
20.89
21.33
11.78
6.86
10.36
9.73
9.42
9.73
9.44
9.29
9.61
9.52
9.38
9.46
9.57
5.65
4.33
9.92
11.03
11.55
15.79
18.06
20.89
21.15
21.53
24.24
17.59
10.73
11.75
12.61
11.18
9.76
9.50
10.50
11.84
9.93
9.51
9.46
9.57
5.94
4.25
9.88
11.61
15.95
20.80
24.19
24.84
28.18
29.78
30.31
23.01
15.72
12.88
13.73
12.45
12.03
10.04
9.77
9.57
9.47
11.45
9.81
9.72
5.40
4.69
10.30
13.75
20.38
23.08
27.78
35.11
35.69
32.43
34.63
26.26
18.39
15.88
16.04
14.20
14.07
13.20
11.66
11.40
10.60
10.96
10.48
10.19
6.13
5.33
7.09
7.92
10.29
12.18
15.31
16.80
16.92
19.85
20.68
18.96
16.54
15.22
16.14
14.76
14.01
14.38
12.61
12.30
10.88
10.92
10.36
10.41
6.01
4.96
7.28
8.31
9.03
11.13
13.72
16.05
17.41
18.98
19.49
16.98
13.74
16.45
14.76
13.09
13.24
11.46
11.06
10.46
10.49
10.16
10.19
10.09
5.95
5.05
10.35
13.56
17.67
21.35
22.85
24.66
26.20
28.15
27.41
20.87
13.18
13.42
13.78
12.85
12.13
10.40
10.21
10.28
9.82
9.82
9.91
9.94
6.03
5.46
10.58
11.43
17.91
22.57
26.15
28.08
26.27
25.05
23.44
17.51
10.04
12.43
18.03
15.51
13.57
11.88
9.67
9.42
9.39
9.37
9.33
9.49
5.61
5.35
10.27
12.40
17.98
21.00
26.21
27.87
27.56
29.97
30.58
23.54
16.56
17.59
15.74
14.75
14.27
12.63
10.78
9.72
9.67
9.45
9.44
9.77
5.01
4.34
11.91
16.18
20.86
24.48
28.38
32.28
34.26
34.67
33.58
26.59
21.20
19.72
19.25
14.04
13.65
12.85
12.18
10.94
9.61
9.42
9.57
9.25
4.93
5.10
12.92
18.40
22.85
26.33
30.92
33.78
34.94
37.71
34.72
27.33
21.67
18.15
17.88
15.58
14.25
12.84
11.96
11.61
10.68
9.52
10.20
9.26
4.80
4.73
5.85
7.89
8.80
13.61
14.59
18.09
20.82
21.54
20.69
20.84
16.75
14.99
14.94
13.19
12.07
11.32
10.32
9.86
9.95
9.30
9.02
8.95
4.32
4.53
5.69
7.72
7.70
12.42
13.83
16.45
20.33
20.41
20.29
19.20
16.39
13.46
14.71
13.26
12.89
12.36
12.59
11.63
11.48
10.69
9.92
10.45
5.18
6.26
13.82
18.85
17.52
19.86
22.14
19.34
18.93
19.11
20.77
17.46
10.57
12.49
14.25
12.60
12.76
10.95
9.63
9.63
9.69
9.59
9.57
9.84
4.73
4.29
8.95
12.31
16.41
19.95
21.07
22.71
25.59
27.25
25.71
19.87
14.56
14.62
13.90
13.32
12.87
12.05
9.23
9.32
9.47
9.52
9.23
9.32
4.11
4.74
10.25
12.64
17.74
22.25
23.42
22.67
27.43
26.87
28.11
21.50
13.09
13.65
16.04
13.68
13.00
12.24
9.99
9.51
9.53
9.48
9.52
9.54
4.34
4.63
9.42
11.40
16.73
21.19
22.80
26.35
25.96
26.72
24.86
18.55
10.74
14.50
15.70
13.69
12.49
10.78
9.11
9.11
8.99
9.30
9.08
9.21
3.97
3.95
9.07
11.41
17.24
22.10
26.77
27.55
28.88
29.53
30.33
21.34
15.50
13.84
12.87
12.62
11.47
10.75
9.53
9.55
9.03
9.00
9.19
8.96
3.94
4.15
3.90
5.01
6.89
11.12
15.03
17.19
19.23
20.86
20.35
19.49
15.27
14.73
13.77
13.44
11.99
11.70
10.44
9.72
9.13
9.10
9.25
8.98
3.94
4.24
4.19
5.73
9.14
11.28
15.70
16.81
17.62
20.28
18.33
15.43
12.00
13.52
13.94
12.03
12.17
12.07
10.57
9.26
9.19
9.18
9.25
8.83
3.91
4.03
10.08
14.20
19.39
19.33
20.34
21.63
24.77
24.25
24.23
19.22
12.02
14.87
15.12
12.65
11.57
10.08
9.84
9.22
9.14
9.08
9.40
8.95
3.96
3.94
9.17
10.65
12.48
16.09
18.18
19.41
21.61
21.79
21.57
16.97
11.68
11.67
11.96
11.22
10.27
9.06
9.47
9.17
9.18
9.39
9.18
8.75
3.97
3.96
9.07
11.10
13.89
19.36
20.49
22.26
26.82
25.83
25.04
18.76
11.02
10.35
12.55
12.41
10.94
9.64
9.17
9.19
9.09
9.17
9.01
8.82
4.30
4.45
8.51
12.57
18.23
21.93
24.50
26.36
24.87
23.96
23.55
18.81
11.05
13.61
15.85
12.86
12.23
11.57
9.92
9.70
9.62
9.08
9.32
8.80
3.95
4.02
9.61
7.77
15.83
19.06
20.56
22.10
25.47
25.76
24.94
19.00
14.23
11.97
13.43
13.30
11.84
11.31
10.04
9.45
9.11
9.22
9.22
8.43
3.89
3.95
3.96
5.21
7.64
9.02
12.31
13.93
14.21
17.15
17.05
16.92
14.19
11.87
13.68
13.25
11.79
11.41
12.00
9.23
10.41
9.26
9.40
8.56
3.96
3.97
4.61
6.31
7.39
11.24
11.95
14.21
16.43
14.35
9.62
8.59
9.52
10.14
12.12
11.39
10.08
9.05
9.42
9.07
9.09
9.08
9.10
8.29
3.99
4.12
9.75
14.40
18.23
21.91
22.75
26.61
28.48
30.95
31.13
24.90
17.86
15.22
16.73
14.22
13.17
11.74
11.99
11.07
9.53
10.11
9.90
8.30
4.45
5.96
12.40
17.74
19.38
23.06
25.60
31.51
32.54
32.73
32.04
23.18
22.65
19.21
15.82
12.93
12.72
12.46
12.03
11.52
10.92
9.58
9.61
8.08
4.67
5.55
12.28
18.73
20.53
25.04
30.04
29.39
32.56
33.20
32.69
25.03
19.21
17.17
17.10
15.36
13.38
12.97
12.47
11.89
10.62
9.72
10.01
9.11
4.40
5.14
13.52
17.83
18.60
22.44
25.20
26.15
29.07
29.81
29.98
22.35
16.23
14.69
14.57
13.97
12.90
11.98
12.52
11.13
9.65
9.54
9.32
8.49
3.99
4.86
11.68
16.48
18.89
19.02
20.64
21.36
23.14
23.92
24.75
17.13
12.09
11.94
12.23
11.73
11.25
9.46
9.53
9.00
8.83
8.87
8.89
7.83
3.86
3.89
3.90
4.09
4.55
6.93
10.75
13.18
14.38
14.65
16.38
15.80
12.55
10.79
13.06
11.96
11.37
10.87
9.12
9.12
8.93
8.81
8.93
7.77
3.86
3.90
3.82
4.07
5.78
7.72
8.88
9.13
10.58
10.12
10.65
9.83
8.09
9.83
12.17
10.70
9.78
9.54
9.52
8.97
9.12
8.81
8.94
7.76
3.88
4.71
9.77
10.94
14.10
16.69
16.47
17.74
18.33
19.99
19.41
11.28
8.19
12.74
14.12
14.31
12.29
13.52
12.36
10.55
10.06
10.06
9.09
7.33
3.52
3.79
7.80
9.63
9.76
13.00
16.77
19.55
20.73
21.42
22.52
17.04
11.94
11.87
13.77
10.44
9.22
9.93
9.31
9.15
9.12
9.10
9.11
7.81
3.92
4.26
9.20
11.52
14.70
17.61
18.90
18.91
19.09
19.65
19.45
14.44
9.56
10.74
12.74
11.03
9.96
10.02
9.78
9.63
9.83
10.01
9.87
8.80
4.96
5.18
8.73
10.92
14.87
15.33
18.18
17.79
19.95
22.25
23.53
16.79
11.93
12.56
12.15
10.16
9.97
9.38
9.23
9.16
9.16
9.19
9.30
7.80
4.30
4.57
9.92
11.84
13.05
18.63
22.95
24.56
28.11
27.57
28.73
21.18
16.02
11.30
14.48
13.40
12.12
10.57
10.27
10.17
9.92
10.04
9.95
8.43
4.81
4.79
4.75
5.63
7.21
9.85
14.15
15.30
17.21
19.60
20.68
20.67
17.35
14.56
14.34
14.34
12.49
11.17
10.54
10.45
10.16
10.03
9.86
8.34
4.93
5.03
5.80
7.15
9.42
10.92
13.78
13.40
13.78
14.51
15.47
14.28
13.28
13.32
12.49
12.97
12.85
12.61
11.03
11.17
11.28
10.84
10.08
8.25
4.72
5.11
5.14
5.86
7.67
10.20
10.83
10.59
11.62
12.90
14.54
14.63
13.24
10.55
13.43
11.86
10.21
9.82
9.81
9.90
10.18
9.82
9.83
8.50
4.80
4.75
9.41
11.21
13.01
18.17
21.28
22.14
23.08
23.12
23.17
20.24
12.44
11.75
13.09
12.22
10.15
9.33
9.53
9.47
12.23
10.60
9.28
7.66
4.05
4.42
8.97
12.16
17.54
21.95
24.39
26.04
28.13
29.25
28.92
24.06
18.79
14.21
15.81
13.72
13.84
11.81
12.10
12.26
12.36
10.98
10.90
9.47
6.37
7.48
12.91
17.10
21.75
24.11
26.50
28.87
31.78
33.72
32.72
27.33
19.92
15.81
19.72
13.53
13.28
12.00
11.30
11.11
9.68
9.10
9.29
7.84
4.14
6.06
14.56
20.76
23.66
27.88
30.69
31.59
34.63
34.96
35.66
27.50
21.93
18.21
17.56
14.68
14.43
12.28
12.60
11.85
9.33
9.62
9.23
7.49
4.05
6.77
7.73
11.15
18.49
21.52
19.79
19.77
21.42
24.89
25.13
23.23
22.02
16.63
17.76
15.71
14.53
13.17
12.58
12.22
11.47
10.19
9.53
7.66
5.18
6.27
7.73
10.87
12.19
15.68
17.31
18.01
22.30
22.95
23.07
20.02
19.15
17.09
15.89
15.44
14.19
13.79
12.42
12.06
11.93
9.61
9.47
8.00
5.56
6.42
14.78
21.14
22.79
26.42
29.73
33.24
34.53
35.14
35.67
28.63
21.89
19.04
21.28
16.77
15.36
14.37
12.43
11.93
11.95
9.69
9.54
7.92
5.95
7.63
13.59
17.97
21.57
24.25
28.03
32.87
33.05
34.81
35.11
27.61
19.11
17.33
18.74
15.41
14.37
13.44
12.41
11.19
10.97
9.43
10.33
7.83
5.27
6.82
14.60
19.87
23.11
25.62
29.87
35.48
36.41
36.52
36.46
30.45
22.00
18.47
21.10
17.17
15.33
13.23
13.27
12.53
11.40
11.58
10.03
8.39
6.20
6.84
15.94
21.96
24.92
30.06
32.13
34.48
37.85
37.37
38.43
30.33
22.64
19.49
21.89
18.82
16.90
15.64
13.27
14.47
12.94
12.44
11.69
8.82
6.31
7.74
17.30
21.72
23.65
29.23
30.45
33.04
35.31
39.52
41.68
29.23
23.44
19.95
20.19
17.62
17.03
14.72
14.06
13.95
11.84
11.62
9.86
8.47
5.81
6.97
8.35
12.90
13.62
17.26
17.62
20.20
22.12
23.34
25.12
25.14
20.90
16.44
18.26
15.37
15.35
14.54
13.34
12.98
11.91
11.19
10.08
9.01
5.61
6.36
9.50
10.93
14.85
18.23
20.02
22.73
26.39
27.45
29.77
28.02
26.31
21.16
21.12
18.14
16.48
15.09
14.28
13.64
13.35
12.85
12.71
10.49
7.47
8.31
20.08
27.99
28.15
33.04
36.52
40.77
38.72
38.27
38.45
36.44
30.49
25.25
27.44
23.09
21.52
20.33
19.87
17.21
15.62
14.11
14.92
12.50
8.36
9.56
18.56
23.86
29.40
32.52
35.32
37.52
37.76
39.34
38.66
31.73
24.00
21.50
21.90
19.18
19.17
15.32
14.76
13.95
12.80
12.90
12.14
10.61
5.71
8.23
17.85
23.29
25.20
33.40
34.40
37.46
39.95
39.88
40.71
37.48
28.47
23.80
26.06
19.62
18.68
15.88
14.42
14.21
13.54
13.26
12.77
10.42
7.58
8.23
16.37
21.75
25.27
31.73
36.07
38.35
38.35
39.58
37.56
30.86
24.50
21.70
23.12
20.48
18.93
15.31
15.48
13.33
12.43
12.21
11.83
8.78
5.93
6.90
17.12
23.76
25.36
29.87
32.08
33.88
35.09
36.60
36.62
31.06
23.62
20.26
20.06
19.87
19.14
16.65
14.89
14.78
13.93
13.42
12.89
11.33
7.83
8.87
11.10
13.42
17.50
19.94
22.14
24.12
26.02
26.68
26.92
26.36
24.21
22.41
21.69
20.44
17.68
16.96
16.20
14.31
14.24
13.70
13.37
11.38
8.67
9.43
11.05
14.84
17.38
21.02
23.47
26.16
26.60
28.32
28.79
28.14
27.18
23.53
24.91
21.57
20.76
17.83
16.09
15.90
14.46
14.65
14.39
11.81
9.36
9.07
16.58
24.95
27.32
31.24
33.27
34.24
36.23
38.37
38.26
31.83
23.80
21.23
24.61
24.04
18.44
17.81
14.57
14.38
13.31
12.33
11.84
9.86
5.96
7.73
16.14
21.34
24.77
29.72
33.84
34.87
34.62
36.03
36.27
28.22
23.37
20.05
21.35
18.33
16.83
16.00
13.99
12.86
12.16
12.60
9.83
8.50
6.04
6.45
15.49
19.43
23.81
26.81
32.65
32.16
33.65
35.25
35.01
28.97
24.99
21.57
21.75
17.82
16.09
14.15
12.73
12.95
12.38
11.34
10.49
8.16
5.63
7.23
15.45
20.25
24.94
28.34
31.05
32.73
35.65
35.95
36.61
29.49
25.51
21.31
22.14
18.96
17.42
15.64
14.38
13.65
12.29
12.68
11.82
8.89
7.02
7.73
16.16
22.63
25.17
27.40
31.69
34.55
38.24
36.42
34.84
31.71
24.91
21.12
22.96
21.27
16.56
16.62
15.01
13.74
13.04
12.27
12.58
9.13
6.61
8.45
9.86
13.46
16.40
17.80
19.32
21.32
23.02
24.19
24.24
23.29
23.61
19.74
19.66
16.63
15.33
14.96
14.36
11.90
12.21
12.04
10.71
8.41
6.17
7.09
10.16
10.41
14.16
16.27
20.23
21.44
25.29
23.59
24.96
23.96
22.37
19.66
19.91
16.22
15.07
13.52
12.05
12.19
11.44
9.95
10.45
8.87
5.14
6.41
15.72
20.26
24.90
28.80
31.92
32.62
33.74
35.97
34.84
30.61
24.63
21.17
21.92
18.91
17.28
14.57
13.42
12.63
11.61
11.43
10.25
9.08
5.73
6.91
15.98
20.13
24.19
28.92
31.06
33.17
35.89
33.99
33.49
28.56
24.40
20.28
22.06
19.48
16.92
15.51
13.70
13.60
12.03
11.50
11.13
8.21
6.05
7.15
15.02
20.38
25.95
27.20
28.88
30.67
32.49
32.49
33.47
31.97
28.22
24.04
27.23
26.19
19.04
16.45
15.05
12.97
13.11
12.65
12.03
8.09
6.79
8.32
14.23
20.90
24.22
28.21
30.37
33.86
35.94
34.11
36.51
32.58
25.40
20.49
21.66
18.61
15.84
14.98
14.36
13.35
12.66
12.33
11.76
9.63
5.62
9.18
14.79
23.83
27.20
33.22
36.05
38.99
40.83
41.27
45.09
39.56
29.11
23.63
23.33
21.40
20.73
16.74
17.27
15.76
14.24
12.63
13.17
11.44
7.83
7.67
10.62
14.70
18.58
22.39
24.79
27.62
28.06
28.36
28.28
26.30
24.34
23.89
24.71
21.49
21.35
21.32
18.20
18.56
16.13
14.54
13.94
13.01
8.07
9.79
11.81
16.89
19.29
22.81
24.73
27.66
29.11
28.43
28.39
28.23
29.06
23.83
24.11
21.73
19.57
19.09
16.62
14.80
14.22
14.66
13.80
11.15
7.95
9.43
19.83
26.75
32.18
34.90
37.35
37.39
39.86
43.11
43.55
38.05
28.65
24.69
28.22
23.40
19.89
18.97
16.16
15.53
13.76
12.85
13.01
11.24
8.17
9.06
18.63
26.15
28.52
32.99
35.34
38.63
39.68
38.38
40.43
36.91
28.30
25.36
29.05
22.26
17.45
17.15
16.27
14.56
13.01
13.33
12.15
10.60
7.32
8.45
17.61
23.55
28.01
29.33
32.72
34.04
37.07
37.43
38.55
34.07
27.06
20.19
22.26
19.65
17.22
16.96
13.65
13.19
12.41
12.43
11.22
9.85
5.63
7.88
9.77
12.26
16.40
17.95
21.46
23.79
25.77
28.19
27.27
26.07
24.78
21.65
22.78
20.20
17.25
16.32
14.98
13.77
13.01
12.29
11.07
9.36
7.45
8.36
23.83
27.72
32.15
35.18
38.26
39.16
40.91
42.24
42.89
38.17
32.48
26.08
23.79
19.83
17.76
16.56
15.20
16.00
16.25
15.46
12.16
14.05
12.55
13.96
16.03
19.27
22.32
24.13
26.92
29.37
32.52
32.55
32.82
32.34
31.10
26.94
23.91
22.63
19.54
17.75
16.90
16.40
16.72
14.68
14.38
14.22
13.17
14.26
17.06
20.88
22.84
25.69
26.96
30.56
32.01
30.96
31.76
30.15
26.16
23.96
21.85
17.78
15.54
14.78
12.33
12.45
11.48
11.40
10.19
10.20
10.42
11.57
20.57
26.02
27.99
30.84
32.24
34.48
36.50
38.74
41.73
34.34
27.92
24.62
20.14
18.73
15.99
14.07
11.81
12.26
11.10
11.02
10.17
10.31
8.70
6.78
12.89
18.31
22.06
26.74
29.91
31.83
33.40
36.50
36.95
32.48
28.20
22.25
20.71
20.18
18.44
15.64
14.28
12.96
12.21
11.80
10.81
10.46
5.91
7.40
14.25
22.57
35.63
31.90
33.74
37.09
45.27
44.74
46.21
37.67
27.15
24.70
23.75
20.94
20.59
20.72
16.61
16.29
14.16
15.11
14.18
12.74
9.11
10.18
16.83
22.82
28.96
30.13
33.38
39.00
42.63
45.01
45.47
38.53
31.70
22.64
24.07
26.61
20.80
17.48
18.48
16.85
16.33
15.60
14.19
13.70
10.01
10.54
19.33
27.25
33.58
37.92
41.87
44.50
44.98
40.45
37.10
30.43
25.77
25.91
26.06
25.12
20.67
21.01
17.25
17.17
16.30
16.19
14.48
13.53
9.64
10.15
12.70
17.61
19.45
23.95
26.41
32.10
32.56
33.79
34.44
33.64
31.85
25.75
25.24
22.46
21.80
21.30
18.87
16.53
17.67
17.04
16.11
15.61
9.89
11.17
14.35
17.81
20.68
21.65
29.88
32.19
32.89
32.58
32.41
31.78
32.53
25.88
23.83
21.14
19.49
18.94
16.61
17.54
14.92
15.81
14.43
14.10
9.11
10.18
20.55
30.33
36.33
38.00
43.66
46.11
49.02
49.60
50.06
44.48
36.59
29.22
25.12
25.84
25.96
20.97
18.74
16.71
15.73
15.73
14.21
14.26
8.13
9.96
18.30
28.60
33.77
40.51
44.48
47.43
50.55
52.14
51.31
44.65
35.82
30.09
26.22
25.93
24.40
23.90
19.32
17.91
17.29
14.97
15.13
11.57
8.46
10.19
18.94
27.85
31.94
34.71
36.87
40.49
41.28
42.20
39.80
34.42
28.60
24.36
23.25
22.27
19.93
18.57
21.05
17.75
14.66
13.52
13.56
11.84
7.70
10.05
16.86
24.08
30.95
35.15
36.52
39.74
42.39
42.19
42.66
36.70
28.74
23.25
23.54
23.21
19.68
18.32
17.57
15.94
15.97
14.52
14.53
13.80
8.21
11.33
20.43
25.62
33.06
35.37
35.35
39.61
43.59
43.39
40.60
32.89
29.93
21.40
24.62
19.95
18.61
16.37
15.47
13.74
14.10
12.95
13.46
11.01
7.35
7.75
11.78
13.71
18.08
21.65
24.46
32.36
34.18
33.95
32.18
33.34
28.52
24.46
22.13
21.09
17.30
16.07
15.47
15.23
14.02
14.52
12.47
12.53
8.53
9.58
13.37
16.25
19.81
22.54
27.42
34.41
34.67
37.21
34.82
34.75
30.08
24.80
26.02
26.53
22.59
19.64
18.59
19.50
18.72
16.90
17.11
16.24
12.52
13.73
21.10
29.52
30.32
34.45
36.58
37.21
36.09
35.78
41.30
33.86
25.53
20.49
26.86
19.54
17.67
16.00
16.21
14.66
15.33
13.79
14.29
13.53
9.34
9.79
17.54
21.73
28.13
33.90
36.62
43.02
43.37
43.94
43.44
32.98
31.52
25.75
27.67
23.58
19.72
19.53
18.62
18.70
15.43
15.33
15.21
13.97
9.06
9.78
16.08
22.05
27.27
28.94
32.87
35.61
39.52
40.51
42.18
35.05
26.85
24.99
23.35
19.65
19.56
19.07
17.10
15.89
16.53
15.81
15.12
14.32
9.06
9.74
18.68
26.22
31.08
36.04
38.43
39.59
45.60
44.24
46.05
38.42
31.44
28.85
28.97
24.11
20.36
21.26
20.53
17.68
17.10
16.70
14.36
15.88
9.07
13.34
22.47
27.26
34.22
38.35
40.46
42.59
45.82
46.75
45.94
40.02
35.37
31.71
31.64
27.26
19.65
16.60
18.48
18.19
16.28
15.92
15.84
16.11
10.98
11.43
13.61
16.21
21.95
27.46
31.11
36.32
37.50
39.39
36.68
37.44
32.19
28.58
28.63
22.22
21.73
20.85
17.61
16.82
16.48
16.15
16.58
15.08
11.75
11.10
13.78
16.57
19.51
27.99
29.00
33.29
38.69
37.44
38.41
35.33
31.02
28.55
26.23
20.29
20.61
18.78
17.98
15.09
15.96
15.98
14.91
16.70
10.79
13.21
21.20
24.34
27.51
32.44
35.61
37.78
42.35
47.47
43.38
36.67
28.59
24.51
22.78
24.32
22.23
18.39
19.27
18.56
16.62
17.74
16.44
17.45
10.56
11.13
18.45
23.92
30.50
31.84
37.38
40.42
40.32
44.85
37.61
27.75
16.73
17.50
18.86
17.24
15.29
14.52
14.38
13.59
16.20
14.64
14.45
13.60
10.88
9.05
14.28
16.52
19.24
21.08
24.76
26.80
29.23
30.82
32.37
25.14
17.97
16.91
18.44
17.79
16.68
16.12
16.14
15.28
14.84
15.42
14.93
11.98
9.11
11.07
19.85
24.69
29.35
34.08
36.34
38.46
39.78
41.15
44.95
34.09
28.34
24.41
21.07
18.43
19.16
17.27
19.30
18.29
16.53
15.64
15.56
13.79
10.75
11.38
21.13
29.16
33.19
35.22
39.06
43.33
45.84
43.94
43.81
39.58
32.52
29.00
27.93
19.03
20.10
19.22
17.23
16.94
16.01
16.95
15.19
14.42
9.85
9.53
11.54
14.94
18.52
24.93
26.03
29.66
34.54
37.53
31.75
28.75
23.83
21.56
23.32
21.70
15.81
16.96
17.10
15.80
15.55
15.21
14.71
13.33
9.02
9.66
10.75
14.36
17.37
19.27
28.46
30.36
32.86
32.87
35.91
32.85
29.21
25.58
22.92
20.70
18.22
18.01
17.67
14.70
15.83
16.22
14.18
13.30
9.12
10.58
21.02
25.93
31.43
37.29
41.31
46.74
48.22
50.65
46.09
40.00
32.75
27.13
27.06
21.21
17.65
19.46
18.47
16.69
17.09
17.23
16.53
16.80
12.29
11.00
16.05
21.01
22.49
23.89
29.62
31.53
34.09
35.39
39.25
31.08
21.37
20.26
22.06
19.29
19.33
18.64
18.34
15.89
17.57
15.42
15.75
16.34
10.73
11.95
16.71
24.83
30.93
34.03
36.94
38.86
41.15
44.21
34.01
26.37
21.22
17.36
16.98
20.66
17.57
14.71
13.23
13.83
14.34
13.58
11.35
12.19
8.41
8.59
15.70
22.55
27.05
28.53
35.38
49.79
45.27
49.63
50.47
38.09
27.42
27.39
24.10
20.99
23.12
21.64
19.25
17.55
18.09
18.44
17.48
15.45
11.52
10.97
19.04
26.24
26.86
27.63
27.92
31.27
31.76
31.18
30.15
26.92
22.69
20.88
15.98
16.47
19.83
17.32
13.88
14.48
14.41
13.25
12.78
12.90
9.30
8.37
10.85
12.29
17.16
20.59
23.86
26.96
26.77
25.23
24.22
19.22
15.02
14.32
17.35
16.96
17.12
14.97
14.93
14.31
14.06
12.81
12.82
13.21
10.01
7.44
10.83
11.91
14.26
21.25
21.57
26.39
30.88
30.66
29.17
29.37
24.34
22.09
20.26
18.13
18.06
16.76
14.56
15.40
14.68
13.17
13.00
13.10
8.50
8.43
18.39
21.84
25.74
32.45
34.50
38.61
41.45
40.68
39.29
33.46
25.33
23.21
20.31
18.01
16.79
15.23
13.18
13.01
13.16
11.79
10.54
11.68
7.37
8.03
13.92
19.22
21.25
27.81
36.45
40.68
47.39
46.48
43.72
38.81
29.63
25.68
20.92
19.64
18.03
17.70
18.45
16.23
14.00
13.41
12.99
12.28
7.25
9.50
17.33
23.30
28.83
34.35
41.23
44.03
44.21
47.97
47.70
39.93
31.28
22.89
21.07
19.71
18.96
16.92
15.20
15.43
14.39
14.69
13.65
13.52
10.43
9.61
19.48
25.55
33.44
39.13
42.49
43.96
48.44
49.08
51.09
41.92
33.93
26.24
21.38
20.37
19.80
17.67
16.30
16.09
14.41
14.43
12.49
12.84
8.87
8.84
18.81
24.66
24.03
35.24
38.15
40.67
42.95
45.01
44.49
40.69
27.06
23.79
23.58
21.45
21.77
19.74
19.44
19.89
16.53
17.09
16.04
14.45
11.56
10.72
12.69
16.57
20.49
24.19
26.31
32.52
34.50
33.29
34.56
33.82
28.35
26.78
23.39
21.70
20.21
17.82
15.93
15.36
15.97
13.53
13.76
12.94
8.87
8.05
10.49
14.37
17.51
18.46
23.65
24.70
27.47
25.56
23.81
23.65
22.76
19.64
19.23
16.93
16.64
15.21
14.44
13.03
12.78
11.41
11.61
11.69
7.81
9.43
19.23
24.27
27.88
34.76
39.01
41.76
43.76
45.33
44.59
39.80
27.67
21.77
20.95
18.21
16.71
15.78
13.92
13.23
13.79
15.07
11.77
11.52
7.68
7.90
16.95
22.85
27.77
38.36
41.34
43.63
45.52
47.83
46.97
40.84
32.93
26.04
22.89
20.20
18.96
16.50
18.35
16.03
13.16
13.18
13.63
12.46
8.16
8.46
17.52
26.11
31.65
37.07
45.60
47.99
50.41
53.01
49.62
42.60
31.97
24.86
22.56
19.25
17.56
16.42
16.42
16.98
15.61
15.15
13.78
13.74
9.30
9.51
20.00
26.28
33.78
37.11
43.52
47.70
48.16
48.46
46.82
41.43
32.54
25.28
24.23
24.53
21.44
24.38
24.42
20.97
16.92
16.94
15.04
14.36
10.84
9.95
18.75
28.17
32.36
40.15
45.16
45.19
44.01
42.53
44.94
38.40
25.89
23.54
17.89
18.37
19.87
17.88
16.42
17.51
14.29
14.05
13.69
12.41
9.83
7.42
9.49
11.72
16.70
21.21
21.15
28.54
31.60
28.22
29.60
31.06
25.18
23.92
19.38
19.25
16.98
16.18
14.30
15.89
15.68
14.93
13.41
14.53
9.65
6.81
7.52
13.28
15.91
19.15
24.95
27.28
23.62
26.81
25.85
22.81
23.71
23.42
18.25
17.86
18.15
15.50
16.85
14.10
15.65
11.80
15.33
13.50
9.80
8.81
20.96
24.40
34.12
35.91
38.33
42.16
48.62
46.72
46.18
39.44
29.82
25.27
18.44
20.12
20.16
15.87
17.34
16.96
15.37
14.06
12.79
12.75
9.55
9.52
18.69
26.19
31.60
36.67
41.16
43.44
50.37
50.54
49.85
42.00
29.17
29.48
19.17
19.66
17.09
16.94
16.12
16.59
14.78
13.60
14.01
13.55
13.30
8.67
16.74
25.36
31.58
36.11
42.52
41.64
46.56
47.13
46.03
39.96
33.74
29.89
25.53
17.34
15.63
17.28
16.82
15.63
13.40
11.99
10.97
11.92
9.08
9.79
16.40
26.60
29.97
31.32
36.00
40.12
39.88
47.59
43.40
35.67
26.46
22.66
21.81
21.72
20.09
18.56
15.22
15.55
15.73
15.45
12.68
13.48
11.82
7.69
19.58
28.22
33.72
36.13
40.34
44.25
49.01
47.64
44.19
37.37
32.70
27.88
22.98
16.09
16.51
19.68
15.21
14.11
15.41
13.44
12.15
14.41
11.28
8.96
8.87
13.16
17.23
20.73
23.47
26.80
28.97
28.10
28.09
27.60
24.80
22.00
16.46
20.86
15.30
16.22
14.17
15.83
13.45
15.27
11.63
14.44
13.00
9.98
9.81
11.34
16.10
22.32
25.94
29.17
31.98
29.66
28.11
27.90
17.19
16.04
17.06
17.21
14.16
14.16
12.53
12.28
13.99
12.85
10.70
14.09
9.64
6.04
8.94
10.39
14.56
19.55
23.71
27.79
28.53
27.17
28.22
29.64
26.17
21.98
21.91
17.87
16.51
15.91
14.76
15.04
11.82
11.45
13.03
13.65
9.14
8.87
15.54
25.06
28.01
32.13
36.75
41.54
40.81
43.95
46.88
37.24
27.61
25.62
18.93
18.85
18.22
18.85
16.33
15.74
15.13
14.97
12.53
10.85
10.58
9.04
17.88
25.30
32.09
34.37
37.48
41.84
42.12
45.87
45.83
36.67
32.13
27.51
21.21
16.61
17.60
18.93
18.89
17.53
16.87
13.76
14.99
13.29
11.64
8.45
18.61
27.05
34.11
38.76
40.54
41.03
42.84
44.36
42.93
36.83
27.67
25.10
22.05
15.67
16.04
14.72
16.64
15.31
13.42
12.17
11.31
12.74
11.87
10.03
18.34
24.15
30.09
33.89
34.70
40.54
41.65
47.47
42.69
37.59
28.11
28.05
20.91
22.06
20.81
16.46
16.98
13.17
14.63
16.67
16.54
14.03
10.15
11.02
11.86
12.38
15.61
19.01
21.80
25.85
25.48
31.88
30.97
30.70
27.68
23.01
16.98
17.75
16.65
16.88
16.90
13.30
12.53
14.33
13.24
10.80
10.80
10.08
10.65
13.47
12.22
20.30
23.16
28.10
26.82
24.49
22.99
23.75
23.80
23.00
19.87
19.37
17.57
15.53
15.03
11.47
13.16
10.75
12.85
10.93
9.95
8.71
19.30
26.31
26.60
30.85
32.16
34.22
35.65
39.66
39.38
30.73
20.31
18.95
17.19
18.77
15.51
15.24
15.43
14.93
15.03
14.33
14.15
13.66
11.53
10.62
16.89
25.75
29.63
25.91
28.18
32.41
37.13
37.20
35.32
28.00
20.93
18.59
16.87
17.43
19.00
17.82
15.37
14.85
14.60
14.33
13.39
14.63
14.19
14.14
20.73
25.10
26.86
28.98
29.40
35.31
33.02
41.73
38.32
31.03
23.90
19.22
15.81
16.23
17.51
14.15
11.59
12.69
11.66
11.79
10.73
10.82
7.87
7.47
17.29
20.92
27.74
34.04
34.93
39.01
38.32
40.87
37.93
29.01
20.74
17.57
17.83
14.02
12.88
12.85
11.29
11.60
11.09
10.31
10.62
9.55
7.20
5.56
17.21
21.74
25.88
31.14
35.57
39.39
44.24
41.59
41.38
33.60
24.46
21.10
18.94
17.00
15.53
15.74
14.56
14.38
13.92
13.36
14.43
13.79
12.11
8.90
10.96
13.69
16.37
17.44
19.62
25.28
26.33
28.39
24.99
20.11
15.09
16.75
15.20
14.46
14.05
13.92
12.32
13.30
12.23
11.19
11.48
11.09
10.62
7.89
8.58
10.34
12.76
16.86
19.48
21.20
23.81
24.24
23.44
23.96
19.84
17.95
16.78
15.70
13.96
14.83
12.94
12.86
12.02
12.40
11.77
11.26
9.84
9.04
17.94
28.33
28.23
32.40
35.63
37.59
35.68
31.06
29.55
23.71
16.32
16.63
14.50
14.94
13.60
12.63
12.96
11.82
12.01
11.75
10.91
10.50
9.08
6.62
15.14
20.28
22.62
27.01
31.47
34.57
37.64
37.68
36.50
27.35
19.53
19.52
18.44
16.30
14.50
14.02
14.21
13.16
12.14
11.67
12.00
11.61
9.56
9.10
15.25
20.15
26.65
28.02
34.02
37.93
38.13
39.29
39.14
29.91
22.61
18.95
19.33
15.78
13.63
13.69
13.09
10.83
11.22
11.35
10.93
10.38
8.59
8.63
16.23
23.21
25.05
28.93
34.99
36.72
37.99
35.53
33.55
27.17
19.37
19.71
18.50
13.18
13.47
11.91
11.69
11.21
10.46
10.41
9.69
9.51
8.11
6.16
15.13
21.19
23.80
27.31
28.73
30.40
33.82
33.90
31.77
21.92
16.60
17.64
13.46
13.76
11.21
11.12
10.55
10.00
9.85
9.70
9.88
9.12
7.46
5.03
5.35
7.28
11.39
14.44
16.26
17.99
18.76
20.21
19.68
17.87
16.99
15.08
14.38
12.10
12.07
10.57
10.22
9.61
9.61
9.54
8.94
9.45
7.55
4.40
5.02
6.53
10.90
15.62
16.54
19.68
23.59
22.78
22.84
19.63
18.10
16.91
14.97
14.04
12.88
15.49
15.06
14.33
13.73
13.46
11.76
13.29
9.81
8.61
15.14
23.23
28.65
26.82
30.57
32.97
35.68
28.32
25.96
19.94
12.92
14.91
13.70
11.41
12.41
11.23
10.71
11.03
10.54
9.89
9.60
9.59
7.78
6.05
13.16
15.66
17.53
18.38
21.11
25.55
25.66
28.30
29.01
20.13
13.77
12.61
13.33
12.92
11.23
9.78
9.83
9.59
9.12
9.36
9.14
9.06
7.48
5.37
12.56
15.27
19.44
25.58
24.26
24.97
27.69
29.79
29.21
21.83
14.97
14.36
14.58
15.03
14.44
13.60
12.02
11.69
11.94
11.40
10.92
10.44
9.35
6.99
14.43
19.37
22.79
26.42
28.75
30.68
29.80
27.32
24.62
18.11
15.23
14.01
11.70
14.48
12.40
10.85
11.15
9.68
10.14
9.46
9.57
8.92
8.48
4.98
12.40
18.39
22.41
24.82
25.25
24.93
27.01
26.70
26.03
18.81
18.07
15.43
12.50
11.97
12.40
10.27
10.71
10.07
9.94
9.40
9.98
9.43
7.85
4.96
5.36
8.65
10.74
13.04
15.38
17.66
20.60
20.10
18.68
17.47
17.51
15.53
14.84
15.45
11.12
12.06
11.93
10.90
11.33
10.83
10.23
10.38
8.17
5.34
7.19
8.47
11.98
13.11
15.62
18.71
18.70
19.36
20.39
17.95
15.57
15.21
14.17
12.04
12.37
10.22
9.89
10.40
9.94
9.34
9.05
9.56
7.43
4.58
8.86
17.65
22.41
24.19
25.30
29.27
30.80
30.72
29.90
20.11
13.67
14.85
13.56
10.72
10.03
9.68
9.24
8.34
8.61
8.02
8.23
8.22
6.73
3.79
9.81
12.33
18.18
20.69
25.14
25.63
26.50
27.11
26.92
20.23
13.43
14.55
14.16
10.45
10.75
10.08
9.49
9.69
9.46
9.63
9.23
8.68
7.97
4.34
10.65
14.61
20.57
23.52
27.66
29.51
30.06
27.48
29.05
19.63
13.44
14.13
14.17
11.27
11.71
9.27
9.43
9.00
8.93
8.88
8.54
8.57
7.67
4.35
9.45
14.45
18.46
25.62
27.22
33.86
32.83
30.08
28.52
20.80
15.81
15.34
15.74
15.52
13.20
11.39
11.53
11.23
10.66
9.93
10.35
9.92
9.07
5.40
12.75
18.39
22.59
25.99
27.59
30.57
32.03
31.45
29.46
23.27
20.78
16.16
14.36
12.31
12.48
11.58
10.09
10.04
9.39
9.84
9.10
9.64
7.62
4.75
5.49
6.46
9.54
15.64
17.45
19.22
20.88
20.91
20.75
17.05
16.45
13.60
12.51
12.17
11.18
10.84
9.80
10.06
9.49
8.87
9.25
8.82
8.27
4.18
4.44
5.33
8.10
11.72
14.80
17.56
19.01
19.60
18.58
15.69
13.57
14.38
11.65
11.45
10.07
10.63
9.52
9.53
9.31
8.85
9.09
8.78
8.17
5.19
8.74
13.17
17.49
24.31
24.73
31.30
31.44
31.53
31.74
23.31
17.99
15.74
15.77
11.48
12.10
10.62
10.18
9.94
9.30
9.28
8.88
9.05
7.60
4.86
10.91
14.37
22.83
23.90
27.73
30.90
28.71
32.89
31.75
22.83
15.52
13.45
17.60
12.34
10.87
10.37
10.04
9.47
9.31
9.45
9.19
8.96
8.13
4.21
10.36
13.93
20.99
22.20
25.63
28.18
30.80
28.40
27.79
19.42
15.00
15.79
16.53
12.30
11.39
10.09
9.84
10.11
9.31
8.79
9.57
8.72
8.36
4.43
10.13
13.32
19.72
23.05
24.90
24.58
26.48
27.48
23.15
16.26
12.30
14.84
13.03
11.18
9.94
10.41
9.30
9.39
8.94
9.62
8.94
8.81
8.19
4.36
10.35
11.30
14.96
16.99
20.31
22.90
25.55
24.26
23.42
16.99
16.26
12.55
11.13
10.40
9.61
9.32
8.75
8.92
9.11
8.74
8.88
8.64
8.02
4.12
4.09
4.08
4.95
6.89
10.97
14.07
16.83
17.37
15.03
13.11
13.77
12.42
10.70
10.97
9.87
9.26
9.04
9.29
8.57
8.61
8.63
8.76
7.95
4.12
4.09
4.13
5.63
7.66
11.03
15.83
16.57
17.19
15.95
14.38
13.58
11.68
11.38
10.89
10.56
9.19
9.28
9.32
8.54
8.61
8.58
8.59
8.26
4.57
8.86
11.25
15.90
20.97
22.38
24.56
25.55
25.51
25.08
17.03
13.28
13.38
12.48
11.96
11.01
10.83
10.07
10.23
9.97
11.22
9.11
8.84
8.25
4.85
11.06
15.20
19.68
20.03
24.09
27.67
27.59
27.77
25.91
18.93
14.09
13.21
15.39
12.14
10.49
9.96
10.19
9.25
8.78
8.77
8.68
8.82
8.27
4.52
9.66
13.13
17.39
22.97
25.88
28.35
29.88
29.82
26.79
19.14
14.38
13.42
11.90
10.75
10.80
9.84
10.52
9.79
9.66
10.31
9.24
9.17
8.77
5.49
11.46
17.72
23.02
24.19
27.33
31.16
32.75
31.89
29.40
19.41
18.87
14.36
14.24
13.33
12.04
13.08
11.13
10.20
9.35
9.32
9.02
9.29
8.03
4.73
12.07
16.41
19.69
22.01
20.38
22.04
26.28
25.80
25.23
15.54
11.41
12.03
11.14
9.87
9.39
9.97
9.03
7.61
7.62
7.72
7.71
7.59
7.48
3.61
3.79
3.88
4.58
6.05
8.59
10.83
12.15
13.62
12.73
10.12
10.70
9.28
9.04
8.32
7.54
7.71
7.62
7.29
7.32
7.38
7.37
7.40
7.23
3.66
4.10
3.76
3.59
4.84
6.53
7.84
10.91
13.25
12.94
8.66
10.99
9.01
8.29
8.87
7.36
7.30
7.76
7.57
7.23
7.42
7.37
7.30
7.28
7.10
11.41
11.00
11.01
13.19
16.10
23.65
22.62
24.00
23.38
14.92
10.74
10.76
9.08
9.72
10.51
9.30
9.00
9.10
8.98
8.96
8.95
8.89
8.88
5.39
10.08
10.49
10.38
14.43
18.75
23.38
24.85
26.68
24.80
17.89
12.51
12.80
10.26
10.06
9.88
12.58
9.04
8.58
8.57
8.72
8.73
8.52
8.43
4.81
9.29
10.77
12.16
15.76
20.46
22.10
23.60
25.61
26.16
18.74
12.18
11.18
10.90
10.38
11.09
9.36
9.05
8.56
9.01
8.47
8.47
8.37
8.70
5.18
9.27
10.56
13.38
17.34
20.54
21.07
22.03
22.40
21.17
11.79
11.36
10.32
10.04
11.20
13.18
8.73
9.30
8.82
8.59
8.62
8.62
8.93
8.53
5.14
10.17
11.91
15.60
17.08
18.03
21.20
21.07
21.95
19.91
12.84
11.42
10.97
9.28
9.06
9.00
8.42
9.82
8.86
8.36
8.47
8.38
8.42
9.06
7.67
6.54
4.33
4.28
4.64
7.43
8.25
11.44
13.21
11.52
10.07
10.06
9.93
9.78
9.13
9.04
8.66
8.48
8.38
8.66
8.41
8.46
8.35
8.29
4.95
4.32
4.31
4.27
6.66
7.45
10.10
12.80
13.75
13.60
11.15
11.68
11.24
10.70
10.36
9.36
9.45
9.05
9.02
8.81
8.78
8.61
8.30
8.30
5.30
9.46
10.79
12.13
13.65
14.91
17.12
17.85
18.76
17.98
10.97
9.75
9.27
9.20
10.87
9.13
9.14
9.17
9.12
9.16
12.65
12.43
12.61
13.20
12.79
13.15
11.70
10.52
10.61
11.78
14.27
16.77
20.13
18.33
9.82
10.45
9.43
8.78
8.77
8.81
8.73
8.94
8.78
10.53
11.60
12.01
10.57
10.79
9.34
11.46
11.10
11.13
10.67
11.31
13.48
13.79
17.24
16.51
8.63
9.11
8.45
8.46
8.43
8.64
8.59
8.43
10.73
15.01
14.19
14.30
20.34
23.60
20.17
17.12
11.56
12.34
12.34
13.04
17.08
21.08
20.33
17.37
11.11
9.19
8.96
8.52
9.20
8.52
8.32
8.36
12.20
14.05
13.37
13.58
18.93
20.98
15.00
11.61
10.79
11.76
11.50
11.75
13.81
19.17
20.33
17.95
11.78
9.43
8.93
9.13
8.50
8.64
8.49
8.46
8.71
8.93
11.93
11.60
11.60
11.25
9.51
9.43
6.20
4.31
4.35
4.33
8.24
8.56
9.82
12.15
8.79
10.56
9.79
9.20
9.12
8.50
8.45
8.50
8.45
8.72
8.52
8.45
8.67
10.07
8.51
6.92
4.31
4.34
4.32
7.45
7.74
9.16
10.42
10.92
9.48
9.93
9.93
9.09
8.58
8.52
8.43
8.42
8.46
8.45
8.77
8.43
10.97
11.71
8.63
9.84
11.85
11.51
11.66
14.14
20.57
23.72
22.54
21.67
13.88
10.08
9.94
9.54
9.38
9.67
9.38
8.49
8.43
8.48
8.43
8.44
8.84
8.45
5.66
8.83
10.38
10.36
13.44
14.81
20.53
23.58
23.23
21.51
15.82
10.98
11.10
12.54
9.92
9.31
8.93
8.92
8.53
8.45
8.56
8.88
8.40
8.42
8.71
9.89
9.89
11.54
15.11
18.07
22.02
23.24
23.13
20.62
16.70
11.74
11.95
11.10
10.00
9.75
9.44
9.07
9.11
10.11
10.32
8.44
8.84
8.27
8.85
10.63
11.18
14.42
16.74
20.11
23.28
23.52
23.87
22.12
16.25
10.84
10.88
11.87
8.53
8.07
7.89
7.32
7.33
7.26
7.33
7.36
7.13
7.16
7.85
10.09
11.08
13.22
16.09
17.50
20.98
21.93
22.50
23.63
15.13
11.34
11.58
9.97
9.57
9.11
8.85
8.53
8.36
8.41
8.62
8.34
8.36
8.48
8.25
5.40
4.26
4.29
5.14
7.25
9.06
12.34
11.36
11.57
10.94
10.30
10.94
9.33
9.54
8.63
9.25
8.39
8.47
8.42
8.42
8.92
8.35
8.33
8.33
5.39
4.28
5.36
7.70
8.11
11.67
12.95
14.65
11.85
12.55
11.48
10.86
9.85
9.11
9.42
8.57
8.48
8.40
8.52
8.59
8.31
8.51
8.29
8.32
5.50
4.46
5.42
7.11
7.70
10.76
11.89
12.64
12.02
10.65
11.99
9.71
9.08
8.80
8.85
8.06
7.99
7.97
7.92
8.00
8.29
7.93
7.96
8.35
10.67
11.14
12.15
13.96
17.91
20.65
20.66
20.67
19.08
13.61
10.18
9.84
9.49
8.67
8.59
8.55
8.94
8.46
8.53
8.53
8.52
8.53
9.63
9.28
10.14
10.76
10.78
9.32
13.71
14.43
20.43
18.61
19.61
12.13
9.48
10.18
9.28
7.13
7.22
7.65
7.22
7.28
7.12
7.13
7.18
9.70
10.58
8.12
10.46
10.77
11.46
13.69
15.41
19.23
21.35
22.00
21.34
12.41
12.11
9.95
10.85
7.79
8.25
7.84
8.08
7.98
7.82
7.79
7.86
7.84
7.69
7.31
9.21
10.69
8.16
6.06
9.03
9.59
15.29
19.25
15.09
11.57
10.04
8.18
7.75
7.42
7.31
7.13
7.14
7.19
7.13
7.52
7.20
7.37
8.74
6.61
6.36
5.24
3.83
3.53
3.83
3.68
4.80
6.06
5.84
6.37
8.22
7.67
7.31
7.05
7.09
7.13
7.15
7.31
7.13
7.59
10.03
9.43
9.37
7.09
6.01
4.11
3.77
3.47
3.73
6.14
6.50
6.62
8.85
7.09
8.70
8.41
7.73
7.09
7.14
7.14
7.15
7.18
7.06
7.31
9.84
10.62
10.52
6.02
10.43
12.22
12.20
11.51
13.84
15.64
20.90
22.46
18.41
12.39
9.51
9.97
9.77
7.91
8.00
7.93
8.15
7.83
7.87
7.84
7.88
8.16
9.94
6.52
9.49
10.42
10.76
11.32
13.06
13.60
13.81
13.06
12.77
8.62
9.28
9.70
8.59
7.71
7.90
7.72
7.72
7.99
7.66
7.82
7.73
7.86
7.72
5.62
9.26
10.38
10.58
10.44
11.10
13.46
13.22
14.16
13.92
9.18
8.41
8.58
11.19
7.60
7.21
7.48
7.34
7.22
7.25
7.43
7.16
8.54
8.96
6.64
8.99
11.38
11.69
11.28
13.17
11.72
13.51
13.43
14.00
9.41
8.24
9.56
7.86
7.20
7.24
7.47
7.33
7.35
8.02
9.95
9.50
9.71
13.45
13.92
12.18
10.85
11.53
11.20
11.72
14.54
15.98
19.87
17.42
9.86
9.73
7.52
7.24
7.38
7.21
7.27
7.63
12.21
11.77
10.89
11.92
15.41
18.45
15.18
9.51
7.54
3.75
3.92
3.68
3.65
5.84
6.11
5.03
6.45
7.27
7.16
7.14
7.36
7.35
7.28
9.88
10.54
10.44
10.56
10.06
13.38
15.96
13.64
9.98
6.18
3.64
3.65
3.61
3.88
3.61
5.57
5.59
5.85
7.83
7.13
7.17
7.39
7.18
7.24
10.97
10.80
10.89
10.77
12.81
16.80
15.54
12.45
12.07
10.84
10.85
10.51
10.72
10.33
12.41
12.62
11.84
8.55
8.03
8.55
8.23
7.40
7.71
7.46
7.77
7.52
10.55
10.94
10.66
15.33
18.66
16.50
14.04
11.69
11.25
10.59
11.21
13.44
13.18
14.85
13.30
9.13
8.33
8.03
8.27
8.17
9.19
14.20
15.45
20.70
20.63
19.98
15.92
15.04
17.36
15.64
15.51
13.15
10.70
9.97
10.12
9.91
10.93
12.40
9.50
7.65
8.19
9.07
7.52
7.23
7.32
7.32
7.27
7.31
7.41
7.31
7.58
9.74
8.93
8.05
6.23
4.95
4.09
4.13
4.08
4.12
4.07
4.36
4.12
5.86
7.21
7.27
7.22
7.29
7.22
7.40
7.55
7.23
7.63
7.32
7.31
9.44
10.48
11.07
8.48
9.26
11.06
9.49
4.74
4.13
4.35
4.32
4.08
5.70
8.77
12.21
13.88
14.34
16.63
14.71
14.17
15.23
18.00
16.21
15.34
16.37
17.64
16.28
14.51
9.83
4.44
3.86
4.11
4.16
3.97
5.77
4.69
5.50
7.24
8.00
11.80
11.77
11.49
13.54
18.20
19.88
14.96
15.27
18.67
19.71
19.56
18.26
17.34
14.28
4.15
4.14
4.26
3.90
4.94
5.60
4.56
5.48
7.39
7.14
7.26
9.61
11.89
12.30
12.04
15.37
20.07
17.38
14.07
15.56
17.28
16.24
16.84
11.68
11.05
10.88
10.39
10.99
11.30
12.23
12.50
9.58
7.97
8.69
6.99
7.41
6.89
7.39
12.04
12.04
12.96
12.52
17.34
17.47
16.45
13.83
13.38
12.01
11.55
11.67
11.55
14.07
13.32
11.91
11.10
8.68
8.90
7.94
7.96
7.86
8.07
7.96
10.88
11.19
11.76
12.82
10.74
10.63
14.37
12.01
9.83
10.52
11.68
11.26
10.94
11.28
13.10
13.85
14.57
10.38
9.20
8.44
8.00
8.14
8.05
8.07
8.10
8.12
8.07
8.00
7.92
9.35
11.31
10.08
11.09
11.74
11.78
11.19
13.32
14.12
15.39
15.87
13.69
10.09
9.51
8.01
7.92
7.98
7.95
7.88
8.09
10.48
12.48
12.97
14.41
13.60
12.49
13.27
14.91
11.51
11.22
11.31
10.60
11.57
13.75
14.51
14.27
10.69
8.09
7.96
7.85
7.98
7.89
7.88
8.06
9.89
11.38
11.23
15.94
11.89
13.97
14.04
9.39
8.99
6.60
4.13
4.14
4.17
4.41
4.32
4.13
5.87
7.74
7.73
7.82
7.74
7.83
10.24
9.04
10.04
11.06
11.53
10.83
12.07
10.98
8.35
7.84
7.26
5.46
5.00
4.67
4.86
4.55
4.40
4.12
7.68
8.71
10.09
10.38
11.43
10.47
11.02
10.55
10.85
12.45
10.21
10.05
11.47
10.15
11.68
14.44
11.13
11.45
11.60
11.58
10.85
11.16
12.05
11.00
8.78
8.75
8.30
7.83
7.67
8.49
12.52
16.30
16.54
13.00
15.76
16.53
16.87
16.34
16.56
16.74
11.66
10.57
10.69
10.62
12.42
13.93
14.28
12.80
8.12
8.73
8.07
7.76
7.76
9.16
12.99
12.86
16.05
16.60
14.62
17.71
17.65
17.48
15.52
15.35
13.32
10.78
11.03
10.90
10.34
13.01
13.22
13.41
8.22
7.70
9.26
9.69
7.72
8.46
12.46
12.49
15.61
16.96
15.32
15.90
20.20
16.10
15.27
16.47
14.07
11.90
12.59
11.78
12.65
15.12
13.40
12.92
8.07
7.99
7.98
7.78
7.88
7.78
9.31
12.91
18.78
15.56
20.60
16.35
16.28
19.29
18.39
15.92
11.48
11.49
11.09
11.10
12.42
13.13
12.91
12.06
7.24
7.46
7.23
7.28
7.18
7.28
9.68
12.27
13.79
15.15
13.79
14.78
16.57
16.27
15.57
11.13
11.58
6.28
3.92
3.94
3.96
3.97
5.03
4.73
5.67
7.14
7.20
7.16
7.72
10.41
10.44
10.13
12.13
13.49
14.43
13.74
15.44
15.37
12.34
11.63
12.46
5.27
3.92
3.94
3.93
3.99
5.76
4.33
5.42
7.16
9.91
10.50
11.35
16.05
16.49
14.80
18.04
19.02
20.11
20.18
19.89
21.41
21.14
24.22
15.54
11.48
11.83
12.48
12.32
14.03
13.38
12.01
8.32
8.09
7.98
8.93
14.10
18.55
18.13
17.11
17.66
20.37
22.44
22.06
22.13
21.57
22.07
21.35
13.74
12.19
10.63
11.23
10.93
13.91
13.60
12.40
7.86
8.06
7.85
12.38
14.30
14.44
15.14
18.43
19.85
19.68
19.39
19.16
18.80
19.38
20.74
20.99
15.17
14.24
14.35
13.58
14.29
13.85
14.17
11.59
7.73
8.06
8.14
7.96
9.51
13.14
14.01
15.88
17.12
18.07
19.36
19.68
20.39
20.44
21.03
22.25
17.37
13.00
11.35
10.90
11.73
14.39
13.59
13.78
7.89
7.96
7.76
7.78
10.75
13.91
18.20
19.33
19.53
19.68
19.65
21.51
21.69
21.49
21.84
22.63
16.65
13.54
12.78
11.24
11.04
14.24
13.87
13.32
7.76
7.83
7.86
7.93
10.43
13.98
14.37
19.07
19.15
18.31
18.90
21.24
20.66
20.74
19.84
16.46
12.62
8.45
6.08
4.18
4.20
4.22
4.78
5.32
6.18
7.83
7.83
10.57
11.91
12.13
15.17
15.18
17.36
14.67
16.32
16.45
17.14
16.70
16.68
14.56
11.15
6.48
4.17
4.18
4.18
4.21
4.50
4.20
5.76
7.86
8.04
9.29
10.24
10.29
12.19
8.33
0.00
12.01
15.60
15.70
15.92
14.21
16.42
15.86
11.25
11.09
10.91
10.60
10.53
10.67
10.08
9.98
7.23
6.39
6.57
10.41
11.49
10.67
11.76
14.69
11.16
12.03
12.48
12.67
12.94
12.84
12.27
6.89
9.47
8.29
8.05
7.92
9.63
4.92
6.69
7.32
8.64
11.60
11.75
11.73
12.22
12.28
11.90
12.98
13.94
15.63
12.17
14.41
14.67
12.10
13.18
12.19
10.29
9.67
9.91
10.47
3.54
4.01
4.76
4.64
6.83
11.37
11.48
14.69
15.94
16.22
16.23
17.02
17.26
18.33
18.32
18.41
19.71
19.79
19.64
21.37
15.04
10.54
10.26
10.39
9.98
10.81
11.08
11.21
7.69
7.55
7.66
10.02
13.42
14.90
13.14
15.39
16.73
14.42
17.77
17.05
15.13
15.82
16.65
15.15
12.10
14.51
13.46
12.58
11.88
13.56
11.80
11.05
10.64
15.36
15.02
16.41
17.17
15.29
17.79
15.37
16.05
15.00
16.62
17.52
17.13
17.89
17.28
13.98
13.18
8.80
8.34
4.80
4.85
5.35
7.23
7.25
8.99
15.15
15.58
18.43
17.73
19.19
21.59
21.87
22.54
24.34
25.05
26.75
26.68
27.48
29.69
25.67
22.46
16.19
12.54
7.38
4.79
5.36
6.72
5.39
7.10
13.13
14.96
17.10
18.80
21.11
19.33
19.07
19.11
21.16
23.89
23.52
23.34
23.06
24.29
24.39
19.83
19.91
18.05
12.27
11.52
11.95
11.66
11.46
7.16
9.74
16.77
18.52
16.87
15.44
21.01
20.97
17.49
18.55
19.60
18.09
15.48
17.77
18.64
18.11
13.88
13.42
11.53
11.05
11.08
10.68
10.34
9.25
6.25
7.40
14.62
16.57
18.83
16.77
17.48
