12.01
11.84
11.24
12.57
11.39
11.80
11.60
11.46
10.94
11.87
11.89
11.36
11.74
12.68
11.77
12.61
12.44
11.51
12.23
12.17
11.03
11.75
11.90
11.60
13.03
12.46
12.87
12.69
13.18
12.97
12.90
11.71
12.70
14.10
13.48
13.80
14.70
13.94
14.59
14.06
16.41
13.76
11.93
12.04
11.65
11.97
11.50
11.29
11.42
11.63
11.66
11.64
11.60
12.19
12.41
11.67
12.88
13.52
13.84
14.50
14.19
14.56
15.93
17.12
16.01
15.22
14.90
12.99
12.89
12.61
12.68
12.80
11.98
11.16
11.56
12.00
13.20
13.06
13.63
13.81
13.74
13.62
13.43
15.51
17.27
15.66
14.36
14.26
12.82
14.11
15.33
15.13
13.73
13.31
12.60
12.02
12.16
12.41
11.59
12.02
11.70
10.78
12.18
11.61
11.89
12.15
13.13
12.89
12.10
11.42
12.35
11.95
11.76
12.72
13.55
13.47
13.85
14.83
14.59
15.20
14.54
14.36
14.24
14.49
13.73
13.89
14.07
13.75
13.57
12.90
13.25
13.35
14.15
13.35
12.83
14.17
13.83
13.19
14.77
13.22
13.61
13.34
13.47
12.63
12.24
11.81
11.67
12.26
11.01
12.24
12.17
12.72
12.70
13.57
15.49
15.48
16.52
15.68
14.28
14.40
13.06
14.30
15.47
15.73
15.35
14.71
13.69
12.57
12.60
12.49
12.45
11.11
12.15
11.90
12.19
12.30
13.21
13.61
16.02
16.25
15.88
14.42
14.56
16.59
15.08
14.33
15.26
15.04
15.81
16.82
16.74
15.28
15.10
14.15
14.09
13.40
13.89
12.93
13.71
13.56
14.39
16.51
16.73
15.53
15.53
15.75
15.26
14.74
15.13
13.84
14.90
15.14
16.69
16.90
16.39
17.24
15.39
15.85
14.92
15.31
14.58
14.51
15.56
15.11
15.79
17.26
9.48
17.40
15.35
15.71
16.05
15.00
14.94
15.01
15.01
16.05
16.46
15.93
15.01
15.62
14.13
14.64
13.23
13.10
14.17
13.12
13.36
13.38
14.43
15.81
16.93
16.39
14.93
14.43
15.48
15.13
15.37
14.25
15.29
16.30
17.03
16.45
15.16
14.12
14.61
14.00
13.61
13.44
13.43
13.46
13.38
13.10
12.92
14.37
14.00
13.29
11.99
12.28
12.74
12.90
13.77
12.74
13.63
14.04
15.43
14.35
13.85
15.07
15.85
16.45
15.27
15.41
15.20
14.95
15.15
15.21
13.38
15.06
15.55
13.29
12.92
13.07
12.71
12.54
12.52
13.15
13.86
15.06
15.65
15.40
14.28
15.10
15.00
14.89
14.65
14.77
14.95
14.24
15.87
14.57
16.65
16.32
16.82
15.30
15.84
15.62
16.06
15.39
14.34
14.75
13.28
14.52
14.03
14.68
16.57
14.98
15.13
15.32
14.92
15.00
15.53
15.14
15.18
16.17
17.04
16.29
16.74
15.51
15.03
15.63
16.48
15.15
14.66
14.22
13.88
14.70
15.25
15.30
16.57
16.26
15.13
14.55
14.88
15.38
14.16
14.45
15.06
14.87
16.13
16.43
17.16
14.62
15.41
15.09
14.92
14.53
14.67
13.64
14.19
13.36
14.87
14.41
16.60
15.60
15.27
14.22
14.80
14.23
13.84
14.56
13.94
13.20
15.43
17.34
16.54
15.61
14.73
15.86
15.67
15.71
14.81
14.36
13.83
14.75
15.16
15.54
16.11
15.20
15.16
15.34
15.40
16.03
15.48
16.14
16.38
16.64
16.92
16.56
16.34
14.75
14.51
15.07
14.69
14.53
15.08
13.62
14.22
14.03
15.24
15.27
15.80
16.06
14.80
14.36
14.32
13.23
13.22
13.55
12.43
13.26
12.71
15.16
13.52
13.21
13.59
13.36
12.57
13.54
14.11
13.30
13.78
14.07
14.93
14.63
15.50
15.80
15.18
14.94
14.92
12.44
13.47
12.63
12.92
13.09
13.15
14.82
13.75
14.21
14.62
12.83
13.56
12.59
13.42
13.90
13.38
13.32
13.44
14.23
15.19
15.04
16.05
15.32
15.09
15.43
15.45
15.43
15.69
15.98
15.07
15.54
14.93
14.75
14.64
13.90
13.21
14.59
12.61
13.40
14.02
15.33
16.00
15.18
14.82
13.24
13.24
12.50
12.99
12.70
12.87
12.76
12.35
12.01
13.82
14.37
15.78
16.16
16.94
15.15
14.96
14.54
14.33
15.03
14.76
16.15
15.04
15.43
13.74
13.11
12.32
13.34
11.97
12.29
12.36
13.79
13.21
13.18
13.95
14.13
15.68
16.21
16.88
15.16
14.56
14.84
14.63
14.99
16.04
15.48
15.23
13.50
13.63
12.56
12.66
13.24
12.27
12.76
12.27
13.12
12.67
12.85
14.55
14.39
16.99
16.87
16.72
15.12
15.62
15.39
15.65
13.38
14.58
14.63
15.82
15.66
15.54
14.55
12.90
12.90
12.70
12.85
13.01
12.81
12.61
13.69
14.49
15.08
17.12
16.11
15.38
14.78
14.76
14.61
14.77
13.94
14.07
15.35
15.06
16.96
15.17
12.86
13.19
12.46
12.78
12.26
12.61
12.17
12.25
12.18
12.41
14.43
13.50
13.21
13.13
13.30
12.97
12.78
12.98
12.25
13.67
12.98
14.32
15.03
14.75
14.47
14.86
12.97
13.35
12.44
13.32
12.31
12.94
12.09
12.89
14.51
14.20
12.52
13.38
12.90
13.03
13.09
12.74
12.95
12.70
13.27
14.48
14.79
15.38
14.65
14.79
12.91
13.12
13.32
13.25
12.88
13.22
12.82
14.65
15.58
16.12
14.87
14.02
14.65
16.15
14.25
9.76
13.62
13.59
12.80
13.09
15.20
14.44
15.23
14.79
15.04
15.19
14.79
14.97
14.13
16.02
17.32
19.93
20.37
20.54
19.38
19.92
18.60
31.30
47.10
12.10
14.02
13.74
12.24
12.57
14.72
14.96
13.93
14.45
14.10
14.95
14.65
13.97
14.88
14.46
14.78
15.45
15.26
14.06
14.42
13.92
14.29
15.51
14.38
14.66
13.55
13.63
12.63
12.29
11.95
12.46
14.18
13.21
13.60
13.96
14.53
13.53
13.88
13.91
14.02
14.18
15.80
14.43
13.91
9.77
13.58
13.49
13.36
13.41
12.69
11.82
11.89
11.60
12.47
12.83
11.70
13.54
13.19
13.99
13.30
13.74
13.05
14.67
14.63
14.11
13.93
13.18
13.37
13.34
14.29
13.72
13.53
14.32
13.87
13.73
11.59
12.36
14.16
14.62
13.36
14.30
13.78
14.14
13.46
13.94
13.41
13.12
11.96
12.83
11.80
11.55
13.49
12.03
13.08
13.17
12.12
12.54
13.99
12.30
12.79
12.01
11.65
11.69
11.72
11.24
11.71
12.53
11.70
11.65
11.69
12.15
12.64
14.58
13.42
12.45
11.18
12.20
11.19
11.00
12.14
11.09
11.35
12.55
13.20
13.11
13.93
15.02
14.11
14.04
13.63
13.41
13.96
12.90
13.88
13.83
14.01
13.72
14.83
17.28
13.94
15.16
14.99
12.79
14.41
13.36
12.57
13.13
13.96
14.56
13.75
14.52
12.41
12.28
12.27
11.11
12.30
13.25
12.74
13.45
13.78
13.98
15.26
15.55
14.71
14.01
15.01
13.57
14.14
13.50
13.25
13.30
13.69
15.75
15.21
14.64
13.65
12.49
13.26
13.63
12.40
12.57
13.36
12.42
12.44
14.05
15.55
15.15
15.44
16.76
15.62
16.37
15.80
16.47
15.50
14.58
13.76
13.65
11.40
12.98
11.78
11.21
11.27
11.75
11.14
11.91
11.51
11.71
11.76
13.82
13.99
13.23
14.88
15.82
15.72
16.52
16.49
16.46
16.43
14.44
15.06
11.82
11.68
12.05
12.35
11.41
11.41
11.68
11.89
11.31
12.02
12.00
12.35
13.70
13.50
14.43
15.92
13.43
13.74
14.12
14.86
14.17
12.42
12.72
15.18
14.04
14.83
13.83
11.71
12.22
11.78
12.21
11.12
11.88
11.86
11.97
11.36
12.16
11.95
13.35
13.67
12.86
12.00
12.32
10.96
12.00
11.93
14.46
14.62
13.37
13.62
11.88
11.89
11.30
11.94
11.63
11.40
11.67
11.48
11.81
11.13
11.39
12.09
12.85
12.92
11.93
12.79
11.38
11.43
11.75
11.33
12.63
14.87
13.55
13.33
12.31
12.31
11.93
11.35
11.89
11.44
12.01
12.23
12.44
12.56
13.69
14.45
14.62
14.08
15.21
14.59
15.67
15.62
15.10
14.90
14.98
15.19
13.85
11.47
12.30
11.63
12.03
11.66
11.27
11.35
11.32
11.38
11.79
11.58
14.15
14.26
14.74
16.08
13.70
13.96
13.42
14.62
13.56
12.12
13.41
13.72
13.57
14.26
14.43
12.99
12.38
11.83
12.03
12.44
11.59
12.71
13.66
13.09
13.10
15.40
15.31
14.97
14.10
14.04
14.30
12.99
13.93
13.53
13.42
12.47
14.62
14.57
15.51
12.58
13.45
12.88
14.85
14.89
15.42
15.18
15.70
15.07
15.11
16.19
13.63
13.07
13.98
13.47
16.31
16.02
14.91
15.28
14.25
14.30
14.73
15.13
12.57
13.25
11.92
12.85
13.56
13.03
6.93
12.00
14.05
13.93
15.06
15.68
13.42
12.92
13.04
13.71
13.46
13.23
13.86
12.46
12.36
12.09
12.38
14.21
13.59
15.42
14.90
14.30
14.31
13.50
14.29
13.44
13.65
13.25
11.66
13.32
11.38
10.98
11.39
11.16
11.09
11.34
11.23
11.75
12.42
14.10
14.13
14.36
13.28
11.44
11.92
11.76
11.53
11.67
11.70
11.62
11.10
11.34
12.53
13.41
13.30
13.28
11.59
12.63
11.97
13.64
12.40
12.96
14.74
13.88
13.89
13.68
13.50
11.94
13.22
13.15
14.20
13.61
13.51
11.93
12.32
12.18
12.44
13.06
14.14
14.16
15.77
15.56
15.80
15.49
15.55
15.51
14.45
14.18
14.11
12.14
12.57
12.05
11.19
11.75
12.01
11.37
11.24
11.98
11.71
11.45
13.74
14.12
12.83
14.39
15.01
14.89
14.92
15.50
15.64
15.37
14.78
15.15
13.85
12.59
13.26
11.14
11.30
11.69
11.84
11.20
11.00
11.17
12.16
12.17
13.89
15.26
8.31
15.84
15.55
15.32
16.68
16.63
16.84
14.57
14.16
14.62
14.41
14.57
14.85
12.96
13.59
13.28
12.85
12.03
13.74
12.24
13.11
11.70
13.40
15.04
13.11
15.67
15.83
14.47
13.40
13.45
12.78
12.59
12.29
12.19
12.67
12.54
12.58
12.24
12.50
11.89
12.36
12.16
12.44
12.07
12.46
13.79
13.64
13.17
14.07
14.38
13.93
13.44
13.91
13.45
13.86
13.44
13.02
11.42
12.37
12.52
12.47
12.22
12.46
12.41
12.80
12.38
12.29
12.36
12.42
12.37
13.91
13.44
12.43
11.93
13.64
14.48
13.90
14.50
14.55
14.36
14.34
14.23
13.01
11.72
11.91
11.51
11.24
11.57
11.01
11.73
11.66
11.27
11.63
11.44
11.58
12.52
12.58
13.68
13.07
12.05
11.86
11.94
11.85
12.07
12.64
14.23
13.76
13.96
12.98
11.85
12.00
11.94
11.07
11.54
11.31
12.05
11.40
11.86
13.98
14.94
16.82
14.89
15.92
13.68
14.89
15.59
14.67
13.32
14.29
15.15
14.08
14.42
14.82
13.47
11.80
12.27
11.89
12.09
11.53
11.84
11.94
12.57
13.35
15.37
15.22
14.02
13.33
13.75
14.31
13.10
13.67
13.78
12.15
12.42
11.60
12.33
13.79
13.48
13.95
13.94
13.65
14.81
14.15
14.11
15.43
14.70
16.01
21.32
20.44
20.65
19.33
19.53
26.47
47.73
43.17
31.69
15.88
13.53
13.33
13.09
13.63
14.25
14.23
13.67
13.37
12.90
12.84
12.72
13.21
13.06
14.13
14.79
14.12
13.65
14.49
15.15
13.91
14.54
15.01
14.81
13.96
12.44
12.53
12.43
13.82
14.05
13.25
14.33
14.04
14.37
13.72
14.30
14.38
14.59
14.64
14.85
13.45
13.81
13.87
14.36
15.78
16.14
15.84
15.71
13.36
12.63
12.06
12.68
13.47
11.47
12.04
12.34
11.03
12.33
11.87
12.63
12.81
12.72
11.38
11.05
11.13
11.38
13.13
11.40
11.77
11.77
12.24
12.79
11.95
13.29
12.46
11.36
11.24
10.86
12.25
12.86
13.31
14.18
14.68
13.95
13.35
13.00
13.30
12.53
12.11
12.66
11.74
12.48
11.81
11.73
12.59
12.63
11.86
11.81
12.84
11.03
12.02
12.45
13.14
13.49
13.42
14.58
14.27
13.75
13.92
13.74
13.36
14.33
13.55
13.40
13.99
13.83
13.72
14.74
15.32
14.84
12.90
11.98
13.15
14.45
14.30
12.26
12.31
12.57
13.89
12.85
12.79
12.33
14.06
12.73
15.22
15.25
13.60
14.07
13.60
14.66
13.77
15.41
16.69
15.96
14.90
13.82
12.50
12.60
12.06
12.27
11.66
11.94
11.74
11.58
11.69
11.38
11.71
11.10
12.40
12.42
12.64
14.38
14.15
14.57
15.74
16.16
17.04
16.40
15.14
14.06
13.54
12.86
12.63
11.65
10.80
12.10
13.08
12.86
11.45
11.91
13.23
14.06
14.06
13.41
13.83
13.77
14.53
14.32
15.27
14.48
14.26
13.80
12.61
12.63
11.73
11.07
11.40
11.29
10.65
11.08
11.01
10.55
10.19
10.75
11.44
11.85
13.29
14.81
15.20
13.32
12.85
12.79
11.94
12.34
12.94
12.31
11.07
11.45
11.91
13.24
11.94
11.57
11.66
11.06
11.24
10.65
10.69
10.31
10.50
10.19
9.75
9.64
9.77
9.34
10.61
10.36
10.28
10.77
10.73
10.52
10.84
11.50
12.06
12.29
11.74
11.98
10.85
10.96
11.13
10.55
10.45
10.04
10.38
10.41
10.35
10.03
10.11
9.93
9.67
10.30
10.24
11.73
11.15
10.24
10.18
11.24
10.70
10.18
11.81
12.79
12.19
13.02
11.39
11.38
11.30
11.41
12.08
11.34
13.06
14.11
12.16
12.94
13.59
12.64
12.56
13.05
11.97
11.77
10.67
11.59
13.14
13.54
13.68
12.58
11.61
11.60
11.35
11.24
10.92
12.10
12.31
12.67
12.93
13.39
14.46
13.52
13.79
19.40
41.55
43.95
37.56
18.31
13.16
12.73
12.20
12.54
12.66
10.49
10.61
9.44
9.84
10.35
10.52
10.93
11.39
11.61
12.36
12.70
12.91
12.07
12.28
11.95
11.79
12.73
12.46
11.61
10.86
12.25
11.60
12.11
12.74
11.06
11.42
9.92
10.58
10.79
9.90
9.76
9.95
10.39
12.21
12.85
13.09
13.59
13.43
12.61
12.40
13.46
12.60
12.71
12.85
13.49
12.64
11.78
12.33
11.98
12.09
11.61
10.68
10.55
11.04
10.31
10.99
10.81
12.77
13.18
13.00
13.21
13.38
12.55
13.64
13.81
13.37
13.42
12.29
11.64
11.19
10.92
12.00
11.79
11.21
11.92
12.51
12.29
11.51
11.80
11.41
11.94
11.87
12.04
10.97
11.07
10.78
11.26
12.26
12.17
13.70
13.85
13.54
13.12
12.09
11.44
10.53
10.75
10.66
11.88
11.57
12.43
11.93
12.19
11.37
11.25
11.26
10.77
11.71
11.05
12.12
11.69
12.13
12.90
12.84
13.76
12.97
13.32
12.12
12.94
12.19
12.03
12.59
13.23
13.19
12.97
12.21
11.40
11.70
12.54
13.84
13.35
14.21
14.59
15.34
16.11
17.23
17.21
17.52
16.79
14.81
14.17
14.11
12.71
11.96
11.66
11.04
12.37
13.24
12.96
12.19
11.97
12.94
12.73
14.33
14.43
15.61
15.79
15.47
16.34
13.15
20.97
20.96
18.74
18.62
17.18
15.45
13.77
14.21
12.86
12.79
12.14
12.15
12.76
14.44
14.40
15.24
15.19
15.15
15.51
16.01
15.96
16.32
17.05
18.55
18.83
20.65
19.97
17.61
16.20
15.32
14.53
14.36
12.96
12.60
12.55
12.42
13.77
14.61
14.73
13.92
15.02
16.47
14.97
15.28
14.94
13.51
14.28
13.86
15.48
14.28
14.28
12.09
12.55
13.19
12.79
14.76
15.27
13.60
13.53
13.13
12.35
12.68
11.86
12.81
12.91
15.40
16.30
13.64
14.05
14.27
14.54
14.45
15.52
15.49
14.37
13.22
12.51
12.62
13.09
16.31
14.47
14.54
13.73
13.17
13.29
12.93
12.88
12.36
12.87
13.72
12.06
11.95
11.80
12.70
12.54
12.56
13.71
14.03
14.34
13.79
13.83
13.19
12.61
12.69
12.40
12.97
13.73
11.81
13.72
13.60
13.55
12.22
11.46
12.40
12.55
12.51
13.34
13.09
13.71
14.33
14.61
14.98
15.82
15.60
15.40
13.35
12.50
13.09
13.43
14.61
14.08
14.34
13.59
13.46
13.21
13.66
13.49
15.37
15.17
15.23
16.17
16.11
17.71
18.21
19.89
20.66
21.21
17.98
16.85
16.06
14.64
14.56
12.99
14.12
15.50
14.73
14.66
14.25
14.50
14.54
14.71
15.97
16.01
17.10
16.60
16.87
17.94
18.47
20.12
21.21
19.69
17.48
17.98
16.75
15.17
15.54
14.26
13.13
12.57
12.83
12.16
13.33
12.87
15.86
15.27
15.21
15.15
16.32
17.42
16.46
16.24
17.24
18.24
18.21
17.10
15.40
15.84
14.46
15.10
14.40
12.44
13.04
13.40
14.65
14.53
14.23
14.08
13.92
14.83
15.88
16.13
16.86
16.86
17.86
19.79
18.60
21.13
22.58
21.08
18.03
16.31
15.68
14.96
13.40
10.77
8.30
13.87
14.13
14.46
14.70
13.07
13.42
14.32
15.39
15.27
15.60
15.63
16.10
17.52
16.98
18.68
18.78
18.09
17.41
15.45
15.50
13.37
13.32
13.88
14.53
14.69
14.62
13.87
13.49
13.30
13.13
14.74
18.09
18.73
19.44
20.04
28.98
38.81
21.21
18.44
17.82
16.94
16.36
15.87
15.77
14.57
12.59
13.94
14.98
14.92
14.10
14.31
13.52
13.26
13.49
13.44
13.11
12.56
14.56
13.37
14.26
14.98
14.92
15.31
16.32
16.84
16.59
15.66
15.32
14.71
12.70
13.09
12.28
13.14
14.37
14.73
14.63
14.04
14.33
15.19
15.20
15.87
16.95
16.07
17.28
17.76
18.38
18.42
19.77
20.02
17.56
16.76
16.11
14.56
14.28
13.27
12.58
12.41
13.53
14.34
15.24
13.80
14.56
14.06
15.80
16.17
17.11
17.14
17.58
17.91
19.66
20.85
21.98
19.29
17.32
16.65
16.58
15.97
15.46
13.52
12.75
12.51
12.20
12.54
13.25
14.46
14.06
14.70
14.89
15.19
15.80
15.81
16.30
17.86
17.14
17.88
18.16
17.59
16.50
15.15
14.56
13.13
12.81
13.08
12.79
13.63
14.08
14.80
14.23
13.93
14.32
15.28
14.53
15.44
15.12
16.85
16.76
16.11
16.71
16.76
18.85
19.80
17.20
16.85
15.31
15.16
13.92
12.75
12.59
12.53
11.78
12.63
14.39
14.01
13.78
14.37
14.59
14.93
14.99
16.73
15.51
17.19
17.79
18.49
19.70
18.77
17.96
15.57
15.28
15.02
13.61
13.45
13.36
12.34
12.75
12.76
12.78
12.01
12.22
12.46
11.81
13.04
13.36
13.48
13.76
13.75
13.93
15.39
17.06
16.65
16.70
16.29
16.03
15.66
14.08
14.24
12.86
13.11
14.15
13.97
14.29
14.30
14.70
13.42
13.58
14.51
14.85
14.67
14.88
16.79
17.30
18.05
19.04
20.39
18.95
17.74
16.72
16.31
15.95
13.76
13.24
12.67
13.11
12.62
12.00
13.90
14.73
15.78
16.01
16.91
17.96
18.68
19.22
21.04
23.73
24.28
25.11
23.66
20.96
18.99
18.33
17.43
15.90
15.51
14.27
13.57
13.20
12.11
12.86
11.94
12.71
13.52
14.35
16.04
18.19
18.02
21.18
21.93
22.82
24.73
24.54
24.20
22.38
20.18
19.65
18.48
18.73
17.21
15.81
14.19
13.07
11.72
12.62
12.79
14.67
15.25
15.33
15.12
14.12
15.00
15.02
14.86
15.28
15.34
15.92
15.73
13.52
13.32
13.18
12.58
12.18
14.41
14.51
14.47
14.43
14.14
13.72
13.32
14.40
14.81
14.71
15.56
15.05
14.67
10.69
14.90
15.65
16.16
16.29
15.28
14.72
13.55
13.37
12.65
13.22
12.34
12.83
13.18
12.78
12.41
12.73
12.70
13.43
13.22
14.26
14.02
15.75
15.20
15.24
14.61
15.63
16.50
16.82
15.53
15.78
13.86
13.09
13.68
14.39
15.15
14.96
14.55
14.67
14.12
12.93
13.60
12.84
13.84
12.56
13.38
13.45
12.48
13.23
13.31
14.00
14.98
14.68
15.29
16.28
15.54
15.40
13.57
12.91
12.79
12.94
14.52
14.32
14.48
14.55
13.76
13.40
12.46
13.16
14.15
14.36
14.40
14.56
15.22
15.19
16.85
17.32
17.93
17.86
16.51
15.94
14.93
13.81
13.48
12.54
12.69
12.38
13.25
15.22
15.55
15.63
13.72
14.70
15.38
16.61
16.79
16.99
18.22
20.19
23.50
23.67
20.94
19.28
17.80
17.08
16.56
16.11
14.81
13.61
12.50
12.39
11.98
12.24
12.87
15.05
14.80
15.46
14.88
11.76
12.47
12.93
12.69
17.83
27.93
21.88
20.61
14.71
14.33
13.98
14.06
14.50
14.46
14.12
13.10
13.83
13.41
15.69
17.22
16.59
16.71
16.26
16.19
16.06
15.68
15.51
16.19
16.86
16.84
17.24
17.49
16.37
15.72
15.22
14.34
14.80
14.31
13.13
13.77
13.10
12.63
13.90
15.12
15.99
16.33
16.46
17.95
16.66
16.84
18.04
19.13
20.93
23.37
22.98
23.80
23.25
21.44
20.33
17.96
16.29
15.21
14.96
14.19
13.34
13.77
13.90
13.88
15.27
14.83
16.67
17.27
18.76
20.32
22.74
24.31
25.55
27.72
29.95
28.14
25.60
22.64
21.98
20.69
19.78
17.29
16.35
14.66
15.67
14.65
14.45
13.86
13.95
14.25
15.43
16.71
17.30
19.41
19.22
21.78
21.35
21.47
25.90
24.45
23.38
21.30
22.08
21.04
18.21
17.81
16.53
15.98
16.00
14.19
14.48
14.22
12.82
14.08
15.56
15.62
16.16
16.90
17.86
19.09
18.39
21.16
22.04
20.73
20.93
21.33
19.27
17.15
16.21
16.20
14.80
14.49
13.23
13.61
13.34
13.35
14.44
15.77
15.61
16.48
17.29
17.71
19.16
20.08
21.51
21.15
22.74
22.19
21.00
20.66
19.11
17.02
17.25
16.10
15.05
14.53
14.52
13.48
13.99
14.16
12.79
14.22
14.78
16.90
17.90
17.50
18.10
19.41
20.76
19.78
19.57
19.98
17.90
16.72
16.61
15.85
16.04
14.65
14.17
14.30
13.27
13.87
12.91
16.03
17.26
18.77
21.57
22.10
23.75
25.18
24.76
27.97
27.74
42.72
48.33
35.20
23.61
21.40
21.25
16.97
17.29
16.27
15.06
15.06
14.76
14.64
14.73
14.55
14.75
15.10
16.22
18.30
19.21
19.84
22.44
23.29
24.49
26.55
26.95
28.62
25.82
24.39
23.01
19.22
19.11
17.11
16.24
15.89
15.85
14.30
14.35
14.51
14.50
14.85
17.73
19.14
19.91
22.18
23.03
25.64
27.14
27.46
30.00
29.48
27.20
24.91
24.20
23.66
21.28
19.10
17.44
16.32
15.22
15.47
14.22
14.09
13.91
15.08
15.73
16.70
16.51
17.14
19.87
20.61
21.79
22.57
23.32
24.22
24.64
23.84
21.78
20.00
18.78
16.88
16.69
16.19
15.90
15.17
15.17
15.13
14.19
14.60
15.75
16.06
16.80
16.70
19.25
20.78
21.98
21.88
23.81
23.24
24.71
22.30
21.76
19.45
18.87
18.82
16.92
16.50
16.61
16.13
15.78
15.21
15.59
15.34
18.36
18.64
18.64
19.76
19.45
19.47
19.66
20.18
21.92
21.87
18.29
16.58
16.33
15.53
14.99
14.93
14.19
14.28
13.59
13.54
13.72
13.69
15.70
15.22
15.97
15.97
17.41
16.67
17.20
17.99
17.72
18.48
19.86
20.10
17.85
17.15
17.31
16.50
15.14
14.90
14.11
14.25
14.19
13.13
13.85
12.93
14.95
14.38
15.48
15.81
16.75
16.77
17.69
18.92
20.48
21.10
22.41
21.36
21.37
18.42
17.64
16.65
16.09
15.25
14.52
14.51
13.49
13.50
13.77
13.26
14.34
13.60
15.55
17.13
17.20
18.18
17.86
19.68
19.53
20.61
20.05
20.98
20.01
17.69
17.13
16.97
15.66
16.49
14.46
14.03
13.63
14.13
14.40
16.11
16.84
15.57
16.53
17.63
17.42
18.68
19.38
22.42
23.11
22.63
23.74
23.82
22.62
22.42
19.94
18.17
16.92
16.35
14.80
14.23
14.18
14.19
13.51
12.88
13.61
13.37
13.89
16.70
17.51
18.13
18.80
20.67
23.03
23.45
24.29
25.17
24.82
22.31
20.92
17.33
17.27
16.09
15.50
14.47
14.24
13.99
14.04
13.19
13.34
13.63
14.76
15.82
16.09
17.42
18.07
21.89
19.89
21.23
21.30
21.37
20.77
20.76
19.45
17.79
17.07
16.88
15.89
14.92
15.31
13.94
13.46
13.92
13.78
13.96
15.37
17.07
16.74
17.38
18.49
18.95
21.62
21.60
22.74
19.76
20.44
18.16
16.55
15.91
16.01
16.31
14.40
14.00
14.54
14.30
13.38
13.47
14.99
14.07
14.19
15.51
15.70
15.82
16.28
16.97
16.64
17.18
17.89
16.80
16.26
15.58
15.30
14.65
14.91
14.22
13.78
14.09
13.55
13.58
13.10
13.26
13.23
14.94
15.47
15.31
15.93
16.91
16.71
16.64
17.82
17.85
17.71
16.98
15.58
15.62
14.60
14.77
16.04
14.24
14.31
14.20
13.79
13.49
13.54
13.18
13.23
14.19
14.61
15.88
16.61
18.08
18.60
19.01
21.52
21.07
21.28
20.74
19.69
18.05
17.08
17.42
17.24
16.64
15.06
14.87
14.53
14.57
14.47
13.99
13.63
14.23
14.76
8.54
17.02
16.96
17.61
18.54
21.02
21.42
23.11
20.01
19.79
17.76
17.16
16.58
16.64
14.78
15.40
14.64
13.86
13.91
13.86
13.59
13.83
13.75
13.65
14.24
14.86
15.41
15.03
15.47
16.45
17.49
18.96
18.33
17.36
17.18
16.88
16.69
17.20
16.02
16.47
15.18
14.81
14.83
14.83
14.55
13.61
13.95
14.18
15.44
15.06
14.95
15.86
15.81
16.01
15.78
15.14
16.01
16.15
15.74
15.53
14.88
15.05
14.41
14.32
13.91
14.18
13.37
13.38
14.00
13.90
14.92
15.20
17.08
17.80
18.48
18.70
20.33
21.16
22.39
23.26
22.93
21.91
19.56
19.57
18.92
18.57
16.56
16.03
15.31
14.96
14.51
14.37
13.86
13.93
15.09
17.02
17.42
20.15
20.46
23.11
24.18
25.43
26.63
27.98
26.97
25.20
25.97
23.06
21.89
21.62
18.06
16.99
16.49
15.65
15.58
14.49
14.52
14.93
16.30
17.74
19.65
22.65
24.10
25.12
24.51
26.04
28.43
30.20
29.68
28.08
25.59
24.84
23.36
19.39
19.18
17.91
17.29
16.30
15.90
14.54
15.41
14.29
14.83
16.71
18.78
20.22
20.40
23.93
23.23
24.39
27.01
27.11
26.97
23.14
23.34
20.11
19.03
16.88
17.37
16.04
14.67
14.17
14.09
13.85
13.89
16.18
15.34
15.33
16.16
16.48
16.37
17.32
17.95
19.52
20.07
19.59
19.14
18.35
16.28
15.58
15.53
14.25
14.26
14.27
13.89
13.95
15.68
16.16
15.96
15.38
15.00
13.91
14.23
14.77
15.13
14.94
15.29
16.38
17.02
18.98
18.02
17.53
17.68
16.95
16.66
15.54
14.43
14.90
14.17
14.12
13.53
13.92
13.56
12.97
13.58
13.91
14.38
15.22
13.97
15.80
15.33
15.59
15.74
15.59
15.45
15.60
15.37
15.39
15.34
14.48
14.18
14.19
13.54
12.77
14.07
12.68
13.57
14.30
15.71
16.01
16.04
14.80
15.64
15.92
15.90
16.53
16.63
16.56
15.12
14.74
14.48
14.04
13.53
13.83
13.94
14.50
15.30
15.63
14.94
15.19
15.16
14.30
16.09
15.27
15.99
15.74
15.92
16.62
17.31
17.48
18.18
18.75
17.95
15.88
14.93
15.29
14.65
14.54
14.27
13.66
12.92
13.85
13.21
14.66
15.59
15.68
16.18
16.25
15.41
15.37
15.90
15.91
16.72
16.29
15.78
15.75
16.24
15.05
14.86
14.38
14.42
14.66
14.05
13.16
13.09
13.22
12.75
12.25
13.79
15.01
17.08
14.83
14.92
14.95
15.40
15.69
15.77
15.77
15.94
16.06
15.57
14.84
14.31
14.53
14.81
15.04
14.44
13.68
13.13
15.20
15.72
15.51
14.99
15.44
11.23
12.55
12.32
12.19
12.83
13.05
13.92
13.13
13.96
13.51
13.25
12.43
12.43
12.33
12.98
11.70
11.74
11.78
11.79
11.81
11.79
11.82
11.64
11.16
11.16
11.14
11.19
11.33
11.37
11.70
12.14
12.64
13.34
13.39
13.29
13.42
13.38
13.53
13.53
13.41
13.36
13.12
12.86
12.65
12.31
12.36
12.22
12.06
11.92
11.61
11.63
11.52
11.40
12.27
12.10
11.94
12.01
12.27
12.65
12.77
12.60
13.04
13.00
13.06
12.86
12.79
12.64
12.46
12.37
12.33
12.14
12.10
12.21
12.25
12.48
12.65
12.51
12.53
12.81
12.86
13.35
13.08
12.96
12.98
12.39
12.62
12.60
12.35
12.32
12.28
12.35
12.48
12.25
12.13
11.74
11.92
12.20
13.23
14.91
19.83
19.38
19.74
16.29
21.96
23.15
21.90
21.41
23.86
21.15
19.23
14.49
14.91
18.13
12.89
11.34
11.29
11.39
11.35
11.03
15.01
15.31
17.04
18.02
21.12
20.58
22.21
22.25
27.58
23.58
29.11
26.36
25.83
25.01
24.30
21.56
12.55
11.31
11.32
11.13
11.15
11.20
11.20
11.07
10.93
16.46
22.92
18.30
20.26
21.71
25.32
25.90
26.57
27.67
30.79
29.68
27.99
24.70
23.42
22.57
20.35
16.11
15.41
9.83
9.92
9.82
9.86
9.97
9.81
19.89
20.85
20.10
22.67
21.75
26.81
27.33
26.83
32.85
32.31
32.20
29.70
28.65
25.45
25.78
25.21
17.66
17.05
10.65
10.32
10.29
10.18
10.03
9.88
15.57
22.42
17.69
18.84
20.29
25.18
24.42
25.04
26.41
28.89
29.25
28.24
25.98
25.01
24.44
21.02
19.04
20.10
16.77
15.98
11.54
16.25
11.37
20.29
16.42
17.39
17.93
19.95
20.11
22.73
21.25
23.81
22.92
27.95
28.03
26.01
25.43
23.94
22.72
20.12
17.68
20.60
16.18
16.29
17.30
11.53
11.46
11.75
23.11
17.52
20.00
22.77
22.23
25.02
24.63
26.56
29.96
31.35
29.20
29.58
27.45
24.45
24.89
23.15
19.02
19.62
13.88
10.21
10.18
9.79
9.51
9.66
25.51
19.08
21.56
22.75
22.29
27.08
26.44
26.91
31.24
33.14
28.19
28.52
28.38
25.28
23.89
21.32
19.50
18.57
16.11
14.69
15.84
11.51
11.37
14.42
21.27
20.62
21.66
24.21
23.34
28.41
28.18
29.47
34.14
32.55
32.88
31.81
28.51
28.09
26.59
24.65
21.39
20.12
19.76
16.63
12.79
10.47
11.24
24.41
16.86
20.25
22.45
22.96
26.59
27.29
28.10
31.95
36.93
33.21
32.13
31.67
28.09
30.45
25.51
27.07
24.67
21.68
21.03
18.36
17.27
15.42
17.75
16.67
16.91
22.22
22.65
24.67
26.79
25.81
30.39
32.88
32.70
35.21
33.11
31.23
29.89
27.97
25.80
26.86
23.25
22.65
20.20
14.58
11.69
11.71
11.35
11.28
11.18
27.34
25.05
23.22
24.34
24.81
25.51
26.81
28.37
32.98
30.77
31.29
28.74
29.05
26.38
23.76
22.57
20.65
21.09
19.10
18.98
13.28
14.95
19.89
16.37
18.18
20.38
20.05
25.18
24.75
26.21
30.32
33.58
35.22
35.56
33.53
31.55
31.60
27.34
27.79
23.44
23.89
19.76
20.01
19.97
18.89
20.12
16.90
20.84
22.71
25.24
27.47
30.28
33.93
38.40
38.75
39.79
39.84
38.89
36.41
35.10
32.74
29.88
30.69
30.06
27.06
27.37
22.97
23.01
20.79
21.54
20.46
23.44
24.43
28.50
27.83
33.04
35.28
39.07
37.40
36.99
40.94
37.38
34.22
32.55
28.37
28.59
30.11
24.90
24.85
20.76
19.32
18.47
18.38
17.02
18.15
18.63
24.26
24.87
25.33
30.49
32.60
34.15
39.50
39.36
42.64
39.21
37.95
32.83
30.60
29.90
26.92
24.55
25.01
22.52
19.74
20.57
18.47
18.93
19.30
19.50
22.32
24.95
25.67
29.40
32.06
36.61
38.60
37.50
41.01
36.97
34.94
32.28
31.49
28.76
26.02
24.99
24.64
19.29
19.18
17.37
15.76
17.22
17.41
17.03
22.93
23.10
26.38
27.30
27.54
32.46
36.30
36.52
35.96
33.72
33.45
31.68
28.87
27.82
24.78
24.84
20.72
13.16
22.74
12.37
10.05
9.94
12.33
24.99
21.76
21.30
20.66
24.69
24.30
25.18
28.33
35.08
30.35
32.65
33.56
29.85
26.97
27.20
24.56
24.31
22.19
18.34
19.70
17.02
18.77
15.56
17.61
16.75
20.56
19.95
22.37
24.16
25.35
26.75
30.65
33.34
31.58
34.13
35.71
30.75
26.56
28.30
27.70
24.66
21.27
22.20
17.77
19.81
16.99
18.92
16.81
18.70
21.76
22.32
27.01
26.02
26.62
31.62
36.70
35.59
36.86
34.86
31.14
30.26
27.81
27.61
27.40
23.76
22.74
19.16
21.75
17.77
17.67
16.03
15.90
19.93
20.53
23.94
24.25
24.56
28.90
28.41
34.27
34.29
35.91
33.57
32.05
29.19
26.39
26.58
24.94
22.70
21.31
17.52
12.62
10.02
9.97
9.86
24.88
19.65
21.82
21.52
24.17
25.80
25.47
28.55
31.44
35.20
35.38
34.62
32.67
29.77
28.05
24.81
24.75
24.13
19.37
17.63
17.89
9.78
9.90
9.61
15.75
21.30
21.01
21.34
24.86
24.97
24.98
28.19
32.03
34.55
33.12
33.87
34.05
29.72
29.31
27.49
24.48
23.04
22.98
19.61
17.33
16.91
14.71
16.58
16.32
18.51
19.98
24.16
23.39
24.96
27.29
30.20
34.70
34.21
37.20
34.53
32.14
30.95
29.00
29.25
26.03
24.65
22.93
22.54
18.92
19.49
17.63
17.10
17.50
16.47
20.34
20.53
23.45
23.65
22.84
27.15
26.14
28.33
32.17
30.69
29.68
26.71
28.09
24.42
22.91
22.64
18.82
19.71
19.25
17.38
16.13
16.89
15.56
17.71
17.54
17.90
21.63
21.32
25.29
24.07
25.24
26.40
31.46
31.35
30.15
27.54
27.72
22.46
25.64
19.32
19.32
18.87
16.06
15.96
10.02
10.12
10.26
21.36
19.38
23.31
23.26
26.25
27.05
28.03
30.50
33.42
33.74
32.86
31.86
28.81
27.38
26.14
21.76
25.17
19.32
18.65
10.94
9.77
9.93
9.19
15.65
22.97
22.29
23.27
23.90
27.92
28.45
31.19
31.60
34.47
35.35
34.78
30.49
31.62
28.23
27.46
25.66
21.64
21.86
16.89
19.49
16.55
14.57
9.73
14.40
19.30
17.92
22.48
23.24
27.39
26.42
27.82
32.83
32.56
32.76
35.11
31.49
30.28
28.30
27.74
25.39
23.94
22.34
18.97
19.89
17.19
16.70
15.38
16.36
16.98
20.18
23.11
22.83
26.92
26.84
28.38
32.59
35.39
36.35
36.81
33.22
29.68
29.19
26.70
23.17
21.83
24.42
18.84
19.19
18.02
17.57
16.44
17.02
18.40
16.13
24.31
24.72
28.06
31.91
33.38
39.85
39.30
42.01
40.56
37.36
34.35
31.92
30.01
28.85
26.75
26.57
24.88
20.66
20.63
18.54
19.14
18.10
19.14
23.36
22.93
24.91
29.32
31.44
35.86
34.41
34.88
36.47
37.28
39.91
33.57
31.82
31.39
31.96
29.41
29.34
26.46
26.56
21.60
22.51
19.44
21.16
20.08
24.32
24.84
25.37
30.79
34.36
35.70
34.48
37.48
36.34
38.46
36.23
34.46
33.02
32.11
27.75
28.73
25.33
26.27
21.52
21.93
21.44
19.35
21.82
21.81
27.00
26.48
31.82
30.82
37.51
38.21
39.17
41.77
41.82
41.62
36.29
37.77
33.72
32.40
31.56
27.36
27.38
23.06
25.13
19.80
20.85
19.88
19.75
21.53
24.49
27.61
26.69
32.55
34.15
37.84
38.03
40.63
37.90
39.83
35.19
34.36
31.57
29.92
27.51
28.21
23.83
25.25
19.97
19.78
20.50
17.90
20.27
19.93
25.28
23.65
28.23
30.35
31.88
35.41
37.75
36.05
39.93
37.40
35.31
34.60
27.95
31.26
27.13
24.06
24.83
20.95
18.94
18.26
16.19
17.67
16.64
17.53
20.05
20.47
24.44
23.82
23.90
28.56
31.23
34.51
32.15
36.07
34.88
31.47
29.30
29.76
25.70
25.66
23.41
22.24
18.35
19.78
17.42
17.26
17.81
18.03
22.49
23.36
25.41
27.95
29.98
30.21
35.77
36.26
35.43
35.11
35.21
32.51
31.78
28.79
27.16
25.19
27.56
25.79
26.64
22.22
21.97
21.21
20.75
22.50
24.18
22.61
25.34
24.27
26.68
29.07
33.20
32.92
34.86
32.63
33.90
32.15
31.19
32.10
30.00
30.08
28.29
28.80
25.04
24.21
21.97
22.54
22.06
24.19
23.30
28.63
28.28
31.47
33.85
32.79
32.99
33.28
33.88
34.98
33.47
31.22
28.43
26.32
25.73
22.59
18.03
19.44
16.52
17.45
15.30
17.55
16.10
17.57
20.02
24.14
23.64
24.41
24.73
27.25
28.60
32.79
32.30
32.50
29.08
28.18
25.83
24.21
23.21
20.25
21.82
18.75
18.09
16.33
12.22
15.28
14.49
15.84
19.52
21.81
23.31
23.48
27.15
29.93
34.08
35.68
36.16
33.39
33.81
31.31
28.74
27.55
26.72
22.00
23.88
20.32
21.66
16.18
16.80
16.86
15.83
19.36
19.26
22.43
25.71
26.74
43.80
47.25
38.81
38.70
40.28
36.84
37.60
33.57
34.27
31.43
29.22
27.82
23.62
25.43
22.92
21.56
23.80
20.94
20.33
21.41
23.11
28.00
29.19
31.82
33.62
35.93
43.22
40.80
43.42
37.64
39.39
32.99
32.29
31.98
27.86
27.68
29.35
25.99
24.45
28.00
26.02
23.27
26.62
22.28
25.90
29.40
37.74
37.42
39.57
38.43
42.40
39.34
38.76
40.45
36.66
35.91
32.16
35.33
31.40
30.00
27.02
28.50
27.52
26.65
24.45
22.86
24.08
21.90
26.97
25.12
31.60
31.66
34.50
38.36
38.55
41.30
39.37
39.59
39.26
35.70
34.13
33.26
34.95
33.00
33.40
29.04
30.87
28.83
29.80
27.53
27.96
27.14
27.90
31.14
31.38
36.64
35.30
39.95
39.05
41.37
40.42
41.39
37.92
35.79
35.39
32.17
30.98
31.12
28.51
30.67
27.23
28.35
25.36
25.78
25.06
26.80
27.68
32.99
36.74
41.59
42.35
44.57
44.53
46.40
44.36
44.58
40.96
38.99
37.21
33.00
34.61
32.21
30.28
27.95
27.34
26.21
26.57
24.74
22.41
22.85
27.08
30.56
34.74
37.59
37.01
42.68
44.13
45.10
44.60
44.63
37.67
40.71
36.17
34.90
33.66
34.25
32.62
28.67
30.23
25.77
24.78
25.97
22.99
24.76
26.45
35.69
37.02
39.94
37.90
42.29
43.65
38.96
41.67
39.86
39.62
37.73
34.74
34.53
33.85
31.66
30.61
28.10
27.02
24.19
21.38
22.32
20.35
22.40
23.62
27.63
29.05
30.89
33.45
34.04
37.36
36.66
37.83
38.87
34.73
31.92
31.33
28.63
27.47
28.93
26.05
24.40
24.12
24.17
20.09
22.75
20.54
23.34
23.08
28.30
30.03
31.74
35.15
34.92
36.93
37.58
39.13
37.03
34.78
31.19
31.76
29.31
26.78
26.15
24.89
22.44
23.50
18.34
18.61
17.60
17.55
20.00
20.15
22.08
24.45
25.28
30.90
32.30
32.90
35.68
34.35
34.99
37.11
33.77
30.59
30.35
28.21
27.39
25.11
25.07
25.34
21.45
20.97
20.10
22.18
22.63
25.96
26.46
32.14
32.30
35.11
35.18
38.65
38.13
37.63
39.63
36.47
36.70
32.82
35.51
36.23
32.92
33.63
31.41
29.16
30.03
27.84
29.34
27.30
27.17
31.46
33.78
35.16
38.43
37.65
39.50
39.03
40.60
41.96
39.78
35.58
35.51
33.46
31.15
31.91
29.63
26.23
22.52
22.21
23.70
22.90
21.56
22.64
24.53
25.04
28.29
30.43
31.84
36.03
39.73
38.59
41.91
40.95
41.02
38.31
35.67
35.53
35.63
36.06
32.57
31.80
32.89
28.72
30.00
29.46
25.34
25.68
25.49
33.85
36.82
41.10
42.44
46.32
45.44
59.92
68.68
57.60
42.26
39.08
36.75
33.91
31.36
31.80
29.86
28.83
29.03
29.39
29.62
26.85
26.23
26.08
26.34
29.87
33.04
33.64
36.80
39.62
40.65
43.32
43.77
42.61
44.07
40.38
38.52
39.56
35.72
36.26
37.03
33.28
32.50
30.39
30.65
29.20
29.68
26.60
26.56
30.28
31.88
35.21
39.70
40.30
43.33
48.25
47.52
46.85
48.17
45.41
41.77
42.30
40.78
41.70
36.42
34.79
34.07
33.51
31.11
31.72
31.61
28.64
31.95
33.35
36.44
35.24
40.33
41.70
40.85
45.58
43.77
46.09
43.93
44.27
40.50
39.55
37.69
35.45
35.39
33.04
31.85
31.28
30.87
28.48
32.24
31.88
30.56
34.29
33.91
36.28
38.71
39.33
39.61
45.17
43.53
45.79
45.94
41.09
39.00
38.39
34.60
32.23
33.67
32.84
30.95
29.28
29.49
29.22
29.31
29.79
30.11
33.87
34.48
39.52
38.43
39.29
43.30
45.03
45.83
46.22
43.80
41.36
38.96
38.68
36.11
35.67
34.82
35.03
33.78
32.23
30.48
31.27
29.34
30.91
31.73
35.01
37.22
36.56
40.40
40.06
43.02
44.09
43.37
45.23
40.36
38.48
36.78
34.05
35.53
33.92
31.22
30.09
28.71
28.22
25.48
25.38
27.43
24.77
26.37
25.47
28.36
29.82
31.06
30.98
35.62
37.03
40.03
36.53
37.23
34.64
32.33
34.79
34.15
32.03
32.36
29.89
29.06
28.37
27.24
27.46
26.43
27.50
31.58
29.99
32.71
33.40
38.50
38.58
42.30
40.24
45.69
42.29
42.31
38.12
38.88
36.19
35.40
34.72
35.77
33.93
33.20
32.70
30.91
31.85
31.61
31.01
31.90
32.76
35.21
37.21
42.05
43.09
43.15
45.99
46.21
46.17
45.70
42.06
42.42
36.96
40.41
36.66
36.81
34.52
34.65
33.87
32.80
31.18
31.25
30.26
29.97
32.33
38.13
35.21
37.40
38.97
41.01
42.39
43.10
42.61
42.10
40.39
41.51
40.74
35.91
35.07
34.43
32.95
32.22
31.55
28.78
31.61
28.22
25.87
26.28
29.44
32.16
35.09
35.74
37.76
38.36
40.26
42.04
39.80
42.94
40.20
37.61
38.16
37.08
35.65
33.73
33.11
32.34
31.56
31.35
28.91
29.09
29.30
29.71
32.39
33.89
40.99
40.39
44.47
46.66
46.92
49.19
51.41
46.34
41.38
37.51
39.31
35.79
36.66
33.52
33.57
31.58
33.26
31.49
31.56
30.30
30.65
30.81
32.14
33.68
35.65
33.28
33.05
36.51
37.11
40.81
40.77
38.37
36.20
35.61
34.59
35.55
35.27
34.57
33.80
31.80
29.05
31.35
31.37
30.55
30.41
31.06
31.07
34.31
38.60
37.61
38.93
41.91
44.30
45.71
44.31
43.50
38.25
36.93
35.86
34.70
35.31
32.10
31.36
32.00
30.56
28.00
28.81
26.96
28.05
28.49
31.86
30.30
35.05
35.85
37.89
41.28
41.41
42.54
42.49
39.28
39.11
38.47
36.20
38.68
35.42
35.05
32.02
31.05
27.70
28.69
25.10
24.81
22.61
27.09
30.09
27.61
29.88
30.35
33.19
33.25
34.15
34.11
36.49
34.97
32.25
31.79
31.34
28.60
31.42
27.18
26.10
26.32
25.56
24.68
22.31
20.75
20.16
21.31
20.54
26.80
28.06
30.02
32.36
32.24
31.68
32.93
32.23
31.51
30.10
30.44
27.80
26.90
27.34
22.62
23.92
21.47
23.77
21.21
22.24
21.42
20.45
22.91
22.69
25.53
24.78
27.42
30.93
31.98
36.57
32.90
32.88
33.25
34.64
34.02
32.33
30.52
29.82
28.19
27.27
26.28
24.08
24.74
24.84
20.09
20.99
15.08
28.39
23.89
26.74
28.89
30.06
37.16
35.41
37.51
37.46
37.39
31.84
32.42
30.18
28.06
25.08
26.54
22.72
23.09
18.20
18.88
16.27
18.37
16.48
19.19
21.15
25.79
24.93
28.94
30.82
35.82
38.18
37.66
39.18
38.37
34.56
30.86
30.97
30.40
28.31
23.91
26.39
22.95
21.78
18.00
18.23
18.08
16.63
19.95
20.79
24.05
27.80
28.23
35.05
36.99
40.48
40.06
42.33
42.21
36.96
32.82
33.00
29.20
29.76
25.18
24.67
24.36
21.21
21.32
19.93
19.60
19.97
20.28
22.52
28.57
33.87
34.33
37.40
37.51
43.31
42.70
42.94
41.96
39.59
36.28
31.55
32.95
29.99
25.43
27.33
25.49
22.35
18.29
16.80
11.98
12.03
12.23
12.91
13.59
15.81
44.63
42.92
40.19
40.48
41.06
40.61
41.23
37.66
36.01
35.81
34.06
34.66
31.69
31.33
30.29
27.13
28.12
27.17
24.19
22.70
21.61
25.75
28.38
27.17
32.31
36.54
34.77
38.86
40.35
38.42
37.88
39.06
35.45
35.16
32.19
30.47
27.35
28.13
23.40
22.31
22.77
21.50
20.07
20.27
20.54
21.99
23.69
22.29
25.86
26.79
32.50
30.83
32.96
29.79
31.50
34.05
26.72
29.86
24.29
24.93
24.49
20.61
19.54
17.90
18.56
18.04
18.26
17.33
19.52
21.17
25.38
26.38
27.47
29.31
32.93
38.74
39.24
39.14
38.75
36.86
29.93
29.97
26.79
27.76
24.37
23.66
22.28
19.12
18.46
17.64
17.65
17.58
18.21
21.60
24.05
25.93
28.48
31.72
40.06
40.59
44.26
43.93
43.08
37.44
35.59
31.81
32.26
26.88
26.48
26.28
23.28
22.33
20.49
19.99
18.95
19.03
20.24
22.83
25.44
31.74
33.75
39.63
41.03
42.32
43.61
44.90
41.79
40.49
34.34
32.76
29.07
26.90
27.29
26.70
23.42
22.25
20.81
20.26
19.14
19.68
21.13
27.17
30.84
34.88
37.87
43.36
44.43
46.54
45.62
45.27
44.50
41.70
40.26
39.32
38.70
35.62
36.82
34.52
30.99
31.29
24.94
25.71
22.77
22.93
23.37
30.02
31.51
31.43
33.53
37.43
38.66
41.34
40.95
42.06
39.24
34.48
35.47
32.12
31.04
32.83
32.20
36.10
31.19
25.81
22.83
23.63
22.61
21.73
23.57
26.18
31.45
29.48
29.60
33.04
36.16
39.36
40.27
40.75
40.99
39.68
36.05
38.41
35.95
35.78
32.31
26.70
29.59
29.27
28.51
29.34
27.74
24.46
28.29
27.65
29.97
30.37
31.85
35.02
37.49
37.50
41.19
40.94
38.80
38.88
35.71
38.44
33.92
31.92
33.33
30.99
29.04
28.26
23.71
24.17
23.14
23.20
26.87
30.14
31.05
35.58
39.07
40.50
43.28
43.55
46.64
45.17
45.31
43.21
38.29
38.41
38.90
35.08
33.83
27.73
27.95
26.56
24.71
24.82
21.98
22.18
24.11
30.27
32.83
37.12
40.15
42.20
46.66
48.61
48.60
48.96
48.59
42.81
40.62
39.78
38.58
35.02
35.13
31.09
29.43
29.49
28.38
25.91
24.17
22.63
26.22
31.65
32.34
37.69
40.77
41.28
47.48
46.89
47.25
45.89
47.93
44.11
41.77
35.85
34.11
37.29
32.59
31.54
26.38
24.92
24.66
24.26
23.20
22.57
24.12
24.43
27.49
27.78
32.46
35.55
38.00
40.79
41.95
43.52
42.09
38.59
34.54
35.70
33.96
30.73
31.31
28.74
29.23
25.33
24.10
24.23
21.80
23.98
23.25
27.30
29.88
35.06
37.07
39.27
42.24
43.76
44.92
45.28
43.57
41.41
37.82
35.26
35.21
31.65
32.01
30.29
25.80
27.74
23.77
24.38
22.27
25.75
27.49
28.42
30.66
30.44
31.36
33.13
34.42
36.92
38.76
37.39
39.34
38.55
35.34
34.59
32.56
36.31
31.55
30.93
30.62
25.55
26.85
25.76
27.21
27.90
27.32
29.44
30.08
31.76
33.59
36.04
37.90
40.51
41.57
41.42
34.04
30.86
32.34
29.88
30.27
30.64
30.70
23.78
28.16
23.89
23.23
23.14
22.85
22.05
25.68
24.17
28.44
26.95
28.42
35.58
37.79
39.61
40.06
41.90
39.42
36.64
35.97
35.24
32.85
29.32
31.38
28.87
27.42
26.59
23.62
24.12
24.70
20.70
24.76
26.47
29.02
35.04
37.98
42.11
41.67
44.84
42.44
43.04
42.97
39.95
37.07
35.28
33.02
32.60
35.69
30.38
27.53
29.54
27.85
26.39
22.34
25.52
24.88
27.11
31.95
34.28
39.61
43.31
47.79
45.79
44.89
47.38
45.10
42.24
37.76
38.96
34.70
34.41
33.67
33.55
31.33
31.91
28.95
25.28
27.21
25.28
24.47
30.60
33.31
36.73
33.73
38.85
40.92
43.17
41.50
43.22
42.02
38.09
38.08
36.18
37.92
33.15
34.74
28.27
29.03
28.03
24.15
24.25
21.11
24.78
23.50
27.28
31.16
32.72
37.54
34.68
39.55
43.68
44.39
41.86
40.64
38.32
39.24
36.89
35.94
33.50
32.97
30.00
27.66
29.43
24.76
24.70
25.02
22.96
26.14
29.32
28.20
28.49
29.46
33.99
36.68
39.54
37.70
39.56
38.84
37.38
33.65
34.15
31.36
33.13
34.73
27.79
25.88
25.90
25.73
26.30
23.05
24.65
25.32
25.30
29.00
27.88
32.05
36.87
37.14
36.52
38.25
38.73
36.17
35.35
31.31
32.08
29.69
28.37
26.97
22.58
25.44
24.17
21.88
21.16
21.09
20.95
21.63
28.11
27.95
28.21
30.50
30.31
31.50
37.53
39.07
37.06
35.39
34.25
30.56
30.35
30.18
27.65
28.79
26.73
26.25
26.44
24.02
25.96
25.29
24.57
24.36
26.15
29.14
29.24
28.57
32.30
36.98
37.42
37.60
37.75
34.98
30.06
28.95
28.79
27.90
30.69
27.83
25.76
25.02
23.31
23.43
24.43
23.88
21.53
24.53
24.61
24.45
27.69
29.09
29.33
30.97
34.28
33.87
36.21
33.74
30.23
29.50
28.92
25.64
25.57
22.53
20.03
20.69
19.60
19.64
18.73
17.69
18.40
23.87
27.56
30.91
32.70
33.99
34.69
37.05
58.35
60.53
44.10
32.02
32.14
27.80
25.77
25.31
23.37
23.62
19.78
19.28
18.83
17.83
17.33
16.78
16.85
17.50
20.31
22.05
23.67
23.53
27.75
28.48
33.03
36.67
36.93
35.32
35.26
31.29
30.54
28.10
28.11
23.83
25.10
25.53
23.54
23.68
20.92
23.73
22.48
20.93
23.88
23.83
23.41
26.12
29.94
31.76
35.69
36.82
33.84
30.40
29.10
26.23
25.57
24.25
23.84
22.96
22.57
22.05
21.83
20.35
20.06
20.75
20.85
20.79
21.94
20.44
23.84
23.95
22.85
26.37
27.30
33.17
32.12
32.78
28.33
28.50
27.54
25.87
24.22
25.14
22.39
21.57
21.03
20.11
21.07
19.57
20.60
20.21
25.89
26.95
27.43
29.21
33.12
36.76
35.10
35.59
30.17
33.56
27.69
25.72
23.74
22.72
22.35
22.70
20.22
21.11
18.19
19.16
18.77
18.02
17.52
18.63
20.77
24.24
23.88
26.49
28.95
27.76
31.52
37.01
36.69
35.78
30.50
28.43
27.77
25.91
26.44
22.02
22.85
20.78
18.35
20.18
18.88
20.00
18.89
19.85
22.86
22.63
27.64
28.26
27.62
29.87
37.74
37.05
36.13
36.75
31.25
29.42
26.79
26.77
25.50
22.76
22.23
19.36
19.08
17.72
18.77
17.50
17.65
18.54
21.58
23.79
23.15
27.70
27.34
28.77
34.67
34.10
33.12
32.47
31.33
27.43
26.25
23.80
24.28
20.91
19.68
18.71
17.81
17.22
16.55
17.23
16.77
17.03
18.91
20.53
21.14
22.08
24.07
24.81
24.04
27.60
29.86
29.25
25.79
24.00
21.78
22.76
18.82
18.10
16.63
16.55
15.11
16.17
15.29
15.21
14.61
15.78
16.71
17.25
17.94
20.72
20.04
22.05
21.27
23.27
22.96
23.39
25.99
22.94
21.95
18.56
17.85
17.13
17.23
16.59
15.82
16.58
15.24
15.56
14.86
14.57
16.35
16.37
18.92
19.36
21.64
21.99
23.29
22.57
25.60
25.21
26.60
25.72
24.34
20.75
22.13
22.33
23.05
24.68
22.95
22.66
20.89
22.75
20.89
21.66
22.72
26.79
27.95
27.43
29.76
28.08
32.57
27.57
26.39
25.19
21.84
20.79
17.76
18.17
18.91
17.54
18.12
17.97
17.57
16.78
17.40
17.16
17.11
16.76
18.88
17.39
18.55
19.28
20.60
21.62
22.26
23.60
21.47
22.65
19.96
19.48
19.07
18.93
18.76
17.65
17.94
17.63
17.08
17.03
17.11
16.34
16.74
15.56
17.60
19.28
19.96
21.77
21.93
22.17
23.01
24.46
23.23
23.29
22.88
22.73
22.83
21.28
22.55
20.39
20.56
18.64
20.08
19.83
18.46
18.39
18.65
18.65
20.82
21.81
23.44
21.96
24.43
23.23
25.11
23.09
23.47
22.30
21.60
20.16
21.02
20.47
21.38
20.09
20.38
19.71
18.66
18.32
17.73
19.16
17.18
18.70
19.53
22.34
21.04
22.63
22.62
22.52
24.02
23.11
23.13
22.95
21.46
22.02
20.14
21.63
19.23
19.16
18.54
16.95
18.29
17.18
16.48
16.56
16.56
15.42
17.24
20.14
20.14
20.60
21.07
20.38
24.16
23.15
21.70
25.31
25.28
24.73
24.39
21.65
20.60
19.01
19.79
20.35
19.89
18.44
18.00
18.84
17.09
18.17
19.60
20.03
21.59
21.52
21.11
21.48
20.56
23.88
23.61
22.77
23.76
22.86
21.27
18.57
17.62
17.07
16.35
15.82
15.40
15.73
15.29
14.86
14.16
15.48
14.00
19.11
20.11
20.84
21.45
21.26
22.48
21.21
22.48
22.16
20.42
19.24
18.12
17.04
16.80
14.80
15.57
14.89
14.43
14.01
13.83
13.48
12.43
14.08
15.04
16.26
16.89
17.45
18.99
19.76
21.75
22.77
21.54
21.15
19.80
18.11
17.17
16.39
16.06
15.12
15.55
14.33
14.54
14.98
14.56
13.61
14.01
14.15
16.29
17.29
18.12
19.50
20.76
22.47
21.65
22.33
21.56
22.10
19.16
18.08
17.07
16.49
16.42
15.48
14.47
14.10
13.99
13.99
13.61
13.88
13.28
13.62
15.81
17.51
18.00
18.59
19.17
20.68
23.22
23.24
23.48
24.18
22.01
23.27
19.61
17.95
18.74
18.17
16.75
17.31
16.35
15.89
15.30
15.00
14.86
15.08
17.64
19.82
21.46
22.76
24.12
23.02
25.52
24.92
29.23
28.03
27.72
23.51
22.30
18.92
18.79
18.49
17.31
16.67
16.48
15.37
14.73
14.75
14.64
14.39
16.07
16.42
17.10
19.27
18.90
21.42
20.85
22.57
21.82
22.08
22.05
21.03
19.02
18.75
18.02
16.73
16.29
16.52
14.78
15.16
15.02
14.60
13.99
14.07
15.76
16.12
17.10
17.05
18.55
20.44
21.19
24.12
21.36
21.94
19.85
18.56
17.88
16.62
15.36
15.48
15.42
15.08
14.28
14.05
14.05
13.96
13.18
13.51
14.92
17.18
18.20
18.94
19.97
21.87
24.95
23.91
26.16
24.95
23.63
23.22
20.29
17.40
18.03
16.62
15.51
15.16
15.06
15.21
14.73
14.18
14.26
14.19
16.85
18.25
19.90
21.20
22.03
23.09
24.05
25.11
22.86
24.84
21.62
22.03
19.80
17.68
17.47
15.96
15.63
14.78
14.66
14.14
14.82
14.77
13.47
13.68
15.90
17.15
18.78
18.98
22.36
21.91
23.52
23.07
24.12
24.26
22.45
21.26
18.04
17.47
17.80
16.00
16.23
14.53
14.39
14.93
14.41
14.21
13.80
13.96
14.87
17.37
17.67
17.54
18.25
19.43
19.61
20.23
20.07
19.34
17.62
17.13
16.61
16.10
14.91
15.31
15.14
14.44
13.76
13.88
13.60
13.67
12.92
13.76
14.70
15.39
16.55
16.41
17.44
17.99
18.64
19.79
20.01
20.13
17.92
17.81
16.31
15.00
15.19
14.58
14.04
13.61
13.27
12.83
13.23
13.16
12.27
13.09
13.54
13.68
14.70
15.52
16.12
17.35
17.98
19.66
18.79
18.33
17.48
17.07
16.73
15.94
15.10
14.32
15.22
13.68
13.50
13.38
12.48
13.36
13.15
11.91
13.63
14.48
14.99
15.64
16.59
17.09
17.92
18.44
18.78
18.52
18.26
17.65
16.52
15.47
14.76
14.57
14.73
13.94
13.45
13.29
14.37
13.48
12.77
12.79
15.97
12.76
18.21
18.36
19.20
20.07
20.99
20.25
21.35
19.53
18.17
19.55
18.30
17.01
18.13
16.16
14.82
16.29
14.21
14.41
13.84
14.66
13.80
14.16
15.87
17.06
18.21
18.86
19.59
19.57
20.48
21.92
21.76
20.35
19.48
18.43
17.92
16.92
17.01
15.75
15.09
14.50
15.07
14.20
14.50
14.13
12.99
14.66
15.33
16.37
17.81
18.82
19.87
22.25
23.09
24.02
22.45
20.53
22.01
19.58
17.37
17.00
17.83
17.08
16.85
16.57
15.75
14.76
15.90
14.89
15.78
14.80
17.19
18.99
19.82
21.67
22.48
22.67
25.66
22.65
25.71
27.34
22.93
20.96
19.23
18.75
19.01
17.29
16.62
15.81
15.68
15.09
14.13
14.36
14.43
14.26
15.42
17.36
17.11
17.10
18.23
20.83
24.01
25.10
20.93
19.82
18.23
17.20
15.91
17.21
15.34
14.94
13.75
14.05
13.57
12.53
13.29
12.57
12.71
12.13
13.18
13.21
13.98
14.97
15.52
15.19
15.54
16.66
16.83
18.18
16.74
15.24
15.12
15.07
13.79
13.56
12.98
12.79
13.20
12.52
12.46
13.07
12.80
12.16
12.31
13.55
13.54
14.19
14.82
15.52
16.76
16.80
16.46
15.41
14.61
16.35
13.89
13.81
13.64
13.05
13.37
12.35
12.09
12.77
12.28
12.53
12.69
12.61
14.88
14.02
15.40
15.20
17.54
16.07
17.98
17.75
17.83
17.62
16.35
15.32
14.85
13.62
14.70
13.52
13.05
12.91
13.11
12.30
12.40
12.72
13.14
12.87
13.73
14.66
15.45
16.27
17.90
18.77
19.09
19.15
19.80
18.78
16.72
15.53
16.30
14.63
14.26
14.33
13.79
14.05
12.45
13.01
12.55
13.49
12.40
12.90
13.09
14.85
15.69
16.62
17.17
18.12
18.93
20.22
20.42
18.74
17.68
16.90
14.34
15.34
14.73
14.42
13.63
13.77
13.19
13.27
13.23
12.38
13.69
13.06
13.95
15.95
15.61
16.90
16.94
16.64
17.77
18.38
17.20
16.64
16.33
15.58
15.48
14.99
14.72
14.51
14.15
14.06
13.62
12.78
14.24
12.45
12.73
12.16
13.45
14.37
14.68
15.98
17.09
17.31
17.64
17.54
16.96
17.11
15.50
14.16
14.47
13.48
13.54
13.15
13.26
13.28
12.26
12.30
12.32
13.09
12.77
11.99
12.11
13.38
12.66
13.41
14.40
15.16
14.80
16.25
15.83
16.35
14.10
13.96
14.34
13.97
13.92
13.85
13.05
13.25
12.40
13.57
12.78
12.75
12.59
12.05
13.17
13.35
13.15
15.92
15.53
16.31
16.85
16.50
16.67
16.12
16.19
15.40
16.17
14.74
14.91
14.47
13.83
14.72
12.95
13.90
12.72
12.54
12.78
12.51
13.38
13.21
14.22
14.00
13.95
15.05
14.08
16.00
15.26
14.29
13.63
13.11
13.31
13.09
12.85
12.68
12.56
11.71
12.00
11.97
11.23
11.27
11.42
11.68
13.37
13.07
13.61
13.29
10.80
10.62
13.01
10.68
10.50
9.83
9.28
9.32
9.30
9.31
9.73
9.62
9.61
9.54
9.15
8.82
9.23
9.21
9.25
9.46
10.47
11.01
10.88
10.93
11.01
10.86
10.93
10.94
10.86
9.91
9.54
9.43
9.06
8.89
9.85
9.09
9.54
9.28
9.21
9.21
9.17
9.17
9.53
9.67
11.13
10.94
10.66
10.68
10.42
10.37
15.61
11.91
10.41
9.69
9.41
9.64
9.65
10.31
10.33
9.66
9.16
9.15
9.13
9.11
9.23
9.39
9.27
9.26
10.54
10.24
9.98
10.25
10.51
18.65
15.81
15.57
12.46
9.50
9.62
9.49
9.38
9.58
9.18
9.18
8.99
9.05
8.82
9.10
9.30
9.27
9.09
8.80
9.00
9.02
12.35
14.30
14.20
14.67
15.44
16.05
15.11
13.36
9.48
9.17
9.34
9.28
9.18
9.19
9.08
8.94
8.91
8.90
8.88
8.99
9.46
8.97
8.85
10.47
17.37
15.29
14.86
15.95
15.87
15.41
15.32
13.48
9.65
9.69
9.78
9.76
9.60
9.59
9.59
9.38
9.39
9.37
9.33
9.28
9.69
9.34
10.21
10.53
10.95
17.35
18.49
16.95
18.63
18.88
19.75
16.89
10.49
10.64
10.44
10.10
9.94
9.90
10.05
10.14
8.93
8.90
8.84
9.08
9.36
8.97
10.36
10.87
12.82
17.28
17.96
16.73
18.32
18.26
18.44
18.37
15.14
9.65
9.96
9.70
9.94
9.22
9.32
9.34
9.15
9.34
9.21
9.08
9.45
13.27
14.97
15.35
21.07
24.70
23.31
24.29
39.38
45.63
37.12
26.89
15.79
10.79
10.32
10.55
10.62
9.80
9.65
9.52
9.29
9.13
9.00
8.90
8.98
9.26
10.84
11.34
14.64
16.14
17.52
16.95
17.42
19.00
19.46
18.16
10.46
10.64
10.48
10.33
10.56
9.98
9.76
9.44
9.58
9.46
9.27
9.11
9.13
9.24
10.14
11.78
18.95
16.29
16.61
17.66
19.87
19.78
19.35
17.57
17.00
9.61
9.74
10.19
9.88
9.40
9.42
9.29
9.33
9.34
9.13
8.99
8.86
8.52
8.51
8.76
13.18
15.62
15.44
16.35
16.38
16.57
16.42
13.78
9.86
9.46
9.56
9.67
9.43
9.54
9.42
9.34
9.34
9.38
9.22
9.12
8.97
8.68
8.64
12.57
13.35
14.77
14.67
16.23
15.88
17.04
16.57
16.42
10.18
10.44
10.59
10.33
10.29
10.20
10.16
10.04
9.92
9.69
9.53
9.43
9.42
9.10
9.00
9.07
10.83
16.25
15.01
14.82
16.77
17.36
16.58
16.88
9.89
10.20
9.88
9.66
9.67
9.69
9.28
9.37
8.97
8.98
9.02
8.94
9.13
9.26
10.51
10.49
10.67
17.75
18.13
17.87
18.03
19.25
18.53
10.53
9.87
9.86
9.70
9.55
9.83
9.30
9.03
8.96
8.96
8.93
9.45
9.63
9.66
9.78
10.30
14.76
15.00
12.38
27.42
38.42
37.73
19.89
10.48
9.84
9.50
9.65
9.62
9.73
9.98
9.24
8.95
8.93
9.14
9.32
9.67
9.29
9.84
9.60
9.92
10.36
10.59
10.43
17.80
24.15
21.58
19.47
17.95
10.23
9.90
10.34
10.13
9.93
9.81
9.66
9.11
9.05
9.00
9.11
9.26
9.30
9.86
9.42
10.09
10.51
10.64
15.81
18.26
17.50
17.85
17.18
17.67
13.80
10.69
10.11
9.87
9.68
9.67
9.05
9.05
8.98
9.00
8.93
8.97
9.39
9.89
9.85
9.24
9.10
8.75
8.63
16.29
15.95
15.82
15.81
15.10
9.46
9.30
9.17
9.50
9.51
9.06
9.13
9.25
9.32
9.19
8.89
8.79
8.83
8.79
8.61
8.50
8.99
9.04
15.12
13.83
14.18
15.85
15.71
15.24
11.14
9.60
9.55
9.47
9.49
9.48
9.52
9.46
9.45
9.77
9.49
9.31
9.26
9.40
9.25
10.03
10.22
10.19
12.63
15.78
16.41
17.25
16.56
18.56
11.47
9.69
9.61
9.41
9.11
9.62
8.92
8.92
8.89
8.83
8.83
8.84
9.05
9.27
9.27
10.30
10.40
10.42
12.54
17.71
13.71
13.52
13.55
13.31
13.12
11.99
12.11
12.12
12.17
12.78
11.65
11.61
11.62
11.61
11.59
11.59
11.55
12.45
15.98
17.77
16.28
16.12
16.20
16.57
16.33
25.88
33.32
33.79
15.55
10.38
10.34
10.05
9.84
10.69
9.06
9.15
9.28
9.34
9.14
9.20
9.80
9.73
9.51
10.37
10.78
10.55
9.99
10.23
10.31
10.51
10.48
10.41
9.67
9.83
9.40
9.67
9.50
9.09
9.78
8.85
8.83
9.19
9.39
9.39
9.48
9.49
9.48
10.31
10.43
10.27
10.53
10.05
10.43
11.00
11.03
10.77
9.98
9.79
9.75
10.19
9.38
9.58
9.94
9.24
9.25
9.22
9.23
9.18
9.22
9.17
9.06
9.03
8.96
8.64
14.51
11.68
13.70
13.42
12.71
13.88
8.83
9.19
9.06
9.11
9.56
9.57
9.42
9.53
9.47
9.50
9.41
9.37
9.38
9.38
9.19
9.03
8.81
9.10
13.41
13.16
12.46
14.03
14.26
13.11
10.79
9.50
9.57
9.36
9.64
9.48
9.54
9.50
9.51
9.46
9.35
9.37
9.28
9.23
9.29
9.67
10.44
10.18
9.58
9.89
9.98
10.50
11.40
11.22
9.70
9.44
9.44
9.41
9.42
9.49
8.93
8.82
8.87
9.15
9.34
9.16
9.14
9.55
9.83
10.86
10.94
10.74
10.54
10.68
10.76
10.42
10.64
10.34
9.87
9.80
9.73
9.53
9.53
9.73
9.28
9.33
9.29
9.29
9.34
9.30
9.31
9.27
9.25
10.52
11.25
11.32
11.16
10.99
10.43
13.91
9.49
9.16
9.31
9.22
9.58
9.27
8.80
8.83
8.87
11.59
8.66
8.80
8.81
8.82
8.83
8.88
8.83
8.94
8.90
8.72
8.67
8.37
8.70
13.36
9.38
8.89
8.94
9.30
9.56
13.49
11.66
13.12
11.87
12.40
11.99
11.36
11.78
11.88
8.96
9.49
9.61
9.47
9.61
9.65
9.53
9.55
9.55
9.25
9.31
9.35
9.73
9.84
9.85
9.87
9.84
9.95
9.96
9.90
9.87
9.83
9.89
9.88
10.24
10.13
9.63
10.20
9.45
9.23
8.83
9.12
9.08
9.17
9.07
8.67
9.30
9.69
9.42
9.32
9.72
9.44
9.44
9.49
9.50
9.42
9.48
9.38
9.41
9.41
9.17
9.08
9.05
8.87
8.84
8.61
8.73
13.46
12.00
10.66
8.98
9.31
9.60
9.37
9.40
9.36
9.36
9.60
9.39
9.46
9.35
9.34
9.33
9.33
9.84
10.74
11.20
10.89
11.04
11.19
11.38
11.22
11.24
10.93
10.38
9.87
10.21
10.60
10.45
9.74
9.39
9.78
9.65
9.82
9.51
9.42
9.63
9.99
10.16
11.01
11.09
10.81
11.05
10.91
11.03
11.10
11.16
10.88
10.05
9.63
9.50
9.47
9.43
10.12
9.02
8.95
9.04
9.15
8.91
8.98
9.27
9.10
9.64
10.23
10.48
10.32
14.11
14.18
14.90
15.15
14.46
15.75
14.68
9.60
9.42
9.69
9.68
9.56
8.84
8.85
8.91
8.93
8.77
8.76
8.76
8.84
9.54
10.37
10.66
10.52
10.66
15.53
14.41
15.25
12.21
10.44
10.16
9.39
9.38
9.31
9.30
9.51
9.65
9.31
9.52
9.59
9.51
9.41
9.41
9.45
9.77
10.87
11.27
10.78
10.94
14.19
13.84
14.92
15.37
14.40
10.34
9.78
9.66
9.68
9.95
9.73
9.86
9.91
10.07
10.06
9.88
9.94
9.86
10.26
9.67
9.56
9.11
8.97
13.37
12.93
13.19
13.18
13.24
8.94
9.24
9.43
8.90
9.18
9.26
9.08
9.06
9.04
9.00
9.03
8.99
9.02
9.01
9.04
8.95
9.03
8.76
8.62
8.57
8.59
8.51
8.99
9.17
8.64
8.98
9.44
8.97
8.95
9.05
8.99
8.99
8.95
8.98
9.02
9.00
8.97
8.94
9.09
10.01
10.25
10.58
10.44
10.84
10.70
10.30
10.89
10.98
10.93
10.31
10.13
10.22
10.31
10.40
10.44
9.41
9.48
9.29
9.96
9.64
9.50
9.57
10.10
10.05
10.73
11.31
11.17
11.20
13.94
15.74
26.28
35.63
15.30
10.35
10.05
10.25
10.51
10.24
10.15
9.22
9.19
9.60
9.72
9.39
9.38
9.47
9.85
9.79
10.56
11.32
11.24
11.15
10.83
10.32
10.74
10.25
10.53
9.73
9.02
9.32
9.48
10.24
10.12
9.30
9.29
9.68
9.60
9.38
9.60
10.40
10.26
10.44
11.24
11.84
11.34
11.18
11.28
11.29
10.96
10.57
10.51
10.13
9.96
9.81
9.89
9.90
9.94
9.97
9.32
9.64
9.80
9.46
9.63
9.84
10.11
10.08
10.53
11.10
11.11
10.95
10.64
10.83
10.96
11.19
11.10
10.59
9.95
9.98
10.26
10.34
10.09
9.28
9.23
9.21
9.50
9.69
9.67
9.33
9.39
9.27
9.36
9.17
9.09
9.11
15.20
12.02
13.95
14.25
12.15
10.79
9.31
8.99
8.99
9.07
9.25
9.44
9.59
9.49
9.39
9.30
9.30
9.54
9.38
9.15
9.11
9.15
8.82
8.51
8.77
9.14
9.01
9.04
8.74
8.74
9.43
9.64
9.36
9.25
9.33
9.47
9.72
9.49
9.46
9.80
9.36
9.52
10.26
10.00
11.18
11.58
11.52
11.45
11.10
11.11
10.70
10.55
10.56
10.49
10.23
10.36
10.86
10.56
10.75
10.11
10.06
10.54
10.58
10.44
10.39
10.07
10.63
10.42
10.98
11.45
11.44
11.19
11.06
10.58
10.66
11.03
10.55
10.16
10.52
10.55
10.38
10.31
9.39
9.38
9.21
9.19
9.60
9.35
9.78
9.69
9.47
9.95
10.39
11.17
11.03
10.94
11.24
11.13
10.70
10.36
10.58
9.85
9.88
10.01
9.24
8.93
9.79
9.89
9.99
9.89
9.94
10.19
10.08
9.97
10.43
10.47
10.71
11.33
11.26
11.08
10.85
10.71
11.05
10.81
10.55
9.91
10.35
10.34
10.42
9.87
10.70
9.41
9.38
9.65
9.67
9.44
9.63
9.97
10.17
10.13
11.60
12.18
12.01
11.74
11.25
11.06
18.25
11.27
10.21
9.83
10.47
10.91
10.95
9.50
9.43
9.57
9.50
9.44
9.72
9.52
9.42
9.68
9.25
9.78
9.89
9.65
9.32
13.18
12.71
13.16
13.28
13.29
12.42
8.52
9.26
9.73
9.54
9.55
9.52
9.51
9.78
9.94
9.72
9.66
9.54
9.72
9.81
9.42
9.07
9.59
9.59
14.17
14.17
14.39
12.43
14.10
12.64
9.12
8.98
9.27
9.26
9.53
9.95
9.91
3.68
16.42
10.27
10.44
10.30
9.96
9.92
10.17
10.54
10.83
10.35
10.27
10.35
10.33
10.05
9.84
9.03
9.45
12.36
9.10
9.33
11.44
8.88
8.74
9.02
8.53
8.65
8.97
9.26
9.28
9.21
9.05
9.04
9.13
9.21
9.52
9.44
9.07
8.87
9.09
8.88
9.15
9.72
9.96
9.75
9.69
9.35
9.32
9.47
9.45
9.20
9.09
9.41
9.23
9.23
9.38
9.29
9.49
9.28
9.52
9.65
9.69
9.52
9.05
8.82
8.94
9.43
9.20
9.14
9.29
9.43
9.04
9.09
9.51
9.44
9.17
9.07
9.44
9.47
9.34
9.97
10.18
10.15
10.43
10.40
10.02
9.84
10.16
10.28
10.58
10.72
10.54
10.17
13.08
10.24
10.22
10.02
10.31
10.55
10.33
9.98
10.14
10.67
10.29
10.33
10.95
10.88
10.74
10.92
10.56
10.73
10.68
10.10
9.50
9.68
10.04
10.23
9.99
9.69
9.87
9.94
9.75
9.78
10.09
9.80
9.73
9.66
9.98
9.38
9.28
9.29
9.32
9.18
9.05
9.16
9.30
9.29
9.42
9.73
9.64
9.62
9.79
10.05
9.67
9.86
10.58
10.14
9.98
10.40
10.47
10.40
10.35
9.88
9.61
9.87
9.75
9.44
9.14
9.45
9.55
9.64
9.37
9.64
9.81
9.64
9.75
9.98
9.64
9.75
10.19
10.01
9.92
10.19
10.21
9.88
9.96
10.99
11.47
10.87
10.66
11.16
10.99
11.12
10.75
10.79
10.37
10.12
9.76
9.74
10.12
9.95
9.75
9.67
9.53
9.12
9.95
9.47
10.16
9.97
9.74
10.27
11.35
11.36
11.43
10.77
9.83
9.95
9.69
10.29
9.76
10.42
10.46
10.18
10.07
10.28
10.95
