50.25
50.21
50.24
50.28
50.31
210.93
273.75
232.77
193.28
167.34
172.13
174.56
163.57
149.73
136.46
138.92
135.11
135.19
151.04
161.42
140.48
136.16
75.24
51.64
50.24
50.80
50.13
49.83
49.89
258.12
336.16
276.57
248.98
210.61
172.01
163.81
167.26
161.89
144.06
137.65
135.44
141.12
151.87
155.31
145.56
141.33
82.82
55.11
50.94
51.86
50.15
49.94
49.80
282.99
352.23
286.23
241.59
198.97
165.31
107.37
131.47
158.70
146.74
125.88
113.67
114.98
124.54
143.86
129.41
125.43
73.45
51.84
53.54
50.17
50.16
50.07
49.87
262.67
323.42
265.45
225.04
163.69
137.86
140.85
135.12
135.66
110.70
92.35
87.16
86.60
93.04
94.03
88.27
92.38
61.61
50.63
51.29
48.80
46.13
46.00
45.96
45.75
47.35
47.54
44.76
45.16
45.05
45.24
45.23
44.97
44.68
44.77
44.52
45.42
47.63
47.73
47.67
47.64
55.77
51.06
45.91
46.00
45.99
45.92
45.88
45.95
47.13
47.51
44.64
44.56
44.62
44.52
44.62
44.55
44.62
44.79
45.20
52.51
57.97
56.73
52.43
48.33
48.11
47.53
46.12
46.09
46.29
46.01
45.84
215.90
239.03
196.95
176.07
154.23
154.83
145.60
136.01
121.94
120.11
116.14
96.12
98.58
98.25
101.74
111.77
120.63
73.34
57.35
53.07
50.56
48.80
47.43
48.05
175.32
243.50
220.87
178.50
157.73
150.02
128.01
118.56
122.97
109.41
105.00
100.99
101.08
94.38
81.21
93.64
92.61
72.36
62.23
53.97
50.92
49.27
47.65
47.58
102.22
128.96
142.84
139.70
139.95
139.55
130.54
104.08
92.01
81.49
72.63
73.06
73.22
77.70
77.77
87.34
76.36
57.40
51.21
56.79
55.81
56.15
53.04
50.87
95.20
118.78
115.32
128.00
130.04
66.04
119.29
115.22
115.86
116.06
117.63
103.61
96.59
95.37
92.92
109.67
105.93
78.72
61.74
52.27
57.63
55.86
51.75
49.87
94.55
130.88
151.89
147.78
140.44
130.85
120.15
115.84
122.13
143.32
148.87
126.32
114.49
102.11
124.72
123.86
112.81
71.95
58.19
48.96
46.85
46.24
46.24
46.41
46.23
47.63
47.88
45.39
44.66
45.60
45.77
45.71
45.48
45.08
45.57
45.14
46.28
47.58
47.51
48.02
47.73
47.58
47.29
45.67
45.67
45.56
45.66
45.49
45.48
46.86
52.35
45.59
45.70
44.40
44.22
44.35
44.91
45.68
45.19
44.32
44.68
50.18
58.67
58.73
56.95
54.21
52.94
50.41
53.35
56.08
54.50
45.52
143.87
172.06
120.08
139.01
136.77
124.47
121.98
112.89
111.05
113.80
193.22
152.42
122.73
130.83
119.79
96.48
117.82
69.51
57.27
51.92
55.58
63.52
52.61
48.84
114.53
147.49
159.87
130.59
140.91
137.69
123.95
137.40
155.13
138.97
132.39
113.67
95.94
114.30
99.19
77.48
90.71
79.49
61.36
50.64
56.43
57.06
49.94
49.41
97.78
143.26
142.46
136.88
128.56
121.92
117.53
108.21
112.45
114.72
124.43
110.84
106.85
100.03
109.01
91.15
82.91
78.10
68.23
70.34
58.77
59.47
50.18
49.51
72.73
91.05
112.61
127.59
125.69
116.70
117.36
114.65
139.58
169.45
165.82
129.61
93.81
84.41
82.60
87.32
89.32
63.45
57.67
57.91
58.62
62.09
61.34
53.49
100.27
102.82
125.48
106.94
112.43
124.09
117.97
101.39
109.74
103.67
118.16
94.69
80.26
85.66
89.99
75.38
73.25
62.10
56.91
58.39
50.08
46.70
46.63
46.58
46.59
47.75
48.01
45.22
45.02
44.74
44.74
44.66
44.84
44.81
44.67
44.76
46.53
52.84
48.64
48.58
48.55
48.36
47.97
46.41
46.42
46.70
47.24
46.56
46.42
47.64
48.12
45.11
45.24
45.06
44.70
44.49
44.69
44.55
44.59
44.59
44.54
56.67
49.90
48.67
48.41
48.40
48.05
46.11
47.63
46.24
46.40
46.29
89.09
100.26
81.81
74.18
76.05
80.54
79.93
77.09
71.26
68.17
74.43
69.86
72.35
78.64
77.03
69.50
62.60
52.24
47.97
46.34
46.41
46.33
46.31
46.16
118.36
162.51
163.69
161.49
145.37
117.53
107.48
99.11
100.14
119.89
125.53
109.58
96.67
118.42
107.37
95.53
83.38
77.71
62.03
56.63
62.86
61.14
55.81
48.45
188.36
259.91
228.61
194.36
161.48
142.62
134.27
135.14
120.19
134.67
138.36
123.72
97.92
116.98
112.87
100.77
100.80
79.05
66.31
61.24
61.00
70.03
64.28
54.38
170.94
247.15
217.92
184.97
145.14
133.30
123.97
117.90
116.86
115.97
118.89
92.08
90.48
97.44
96.68
90.25
104.99
74.24
56.96
56.12
56.04
60.08
57.35
49.42
125.62
203.39
211.76
184.11
145.44
136.72
132.16
119.61
119.59
124.84
133.33
111.14
96.98
99.74
101.13
116.02
111.00
75.70
57.53
50.45
46.57
46.60
46.55
46.34
46.10
47.49
47.55
44.93
46.14
47.38
47.53
47.51
49.16
53.93
54.92
56.29
50.19
48.22
48.28
48.06
48.09
48.13
47.65
46.16
46.20
46.16
46.33
46.16
46.03
47.42
47.54
45.09
45.03
45.24
45.82
49.29
55.24
55.52
56.54
57.19
56.02
48.84
48.11
48.13
49.28
49.13
48.08
46.33
46.14
46.24
46.13
46.16
140.81
161.27
153.40
148.78
138.76
115.89
115.85
109.36
110.04
115.51
118.45
129.66
111.60
113.34
103.55
94.92
109.92
79.37
57.64
59.48
54.97
60.01
56.87
50.05
89.46
129.19
145.20
136.23
129.55
124.13
121.16
126.60
126.20
122.87
132.42
64.63
113.79
114.50
110.62
93.22
104.95
72.89
57.28
61.08
62.80
51.73
48.33
47.60
73.33
86.12
101.08
117.77
141.69
137.55
132.17
149.37
168.30
187.04
167.20
141.05
105.85
103.33
95.71
79.64
97.76
73.01
67.09
58.36
56.96
55.68
55.06
47.91
81.00
109.92
116.02
128.10
132.11
114.38
126.85
142.00
157.87
178.89
174.81
129.07
112.59
110.29
103.84
83.06
102.90
67.53
60.82
59.38
61.13
51.68
50.39
46.85
85.75
112.96
107.81
120.14
116.08
113.86
121.78
107.83
103.48
108.99
113.60
102.40
95.87
105.05
107.20
87.64
92.01
56.00
47.31
48.95
45.83
48.76
45.87
48.64
45.82
49.47
46.84
47.57
45.73
48.37
45.64
47.50
44.43
47.92
44.59
47.59
44.44
50.31
47.65
50.80
47.74
50.86
47.43
49.06
45.97
49.13
45.98
49.01
45.70
49.62
46.99
47.60
44.57
47.30
44.79
47.31
45.69
48.35
44.74
47.87
45.39
50.18
47.88
51.17
47.79
50.88
48.35
47.86
48.41
46.30
48.28
45.80
123.17
156.72
150.07
133.77
136.47
118.43
138.73
134.97
128.75
136.13
162.33
127.63
103.09
115.95
112.43
100.90
111.23
79.20
53.53
59.91
58.71
61.66
59.71
58.02
95.72
119.98
144.64
133.77
129.82
129.28
115.91
122.15
134.05
129.41
119.53
106.02
104.12
116.10
117.76
101.74
93.35
65.21
57.17
60.10
54.83
59.53
54.83
52.87
104.90
163.57
167.47
160.38
130.20
122.96
121.80
124.91
154.39
158.31
177.45
137.63
109.01
129.84
142.73
114.35
109.98
77.66
63.37
53.02
55.81
53.53
59.93
53.62
197.65
264.66
237.60
192.85
158.72
127.05
119.38
127.11
139.03
162.73
162.94
130.33
113.49
124.68
144.43
126.58
135.41
82.19
61.25
53.21
54.80
53.51
53.27
52.49
211.38
276.48
244.53
194.60
158.92
121.21
109.90
106.48
110.02
111.12
106.24
91.98
81.95
80.69
85.59
87.20
84.16
64.33
53.94
59.44
53.16
46.75
46.67
46.66
46.58
47.34
46.47
44.70
45.82
45.86
47.24
47.86
47.26
46.61
45.51
44.46
44.11
46.64
47.41
47.56
47.51
47.53
47.03
45.26
45.41
45.32
45.33
45.32
45.21
46.64
46.20
44.35
44.17
44.35
44.22
44.31
44.43
44.41
44.89
45.35
44.17
46.43
47.25
47.34
47.39
47.52
46.94
45.25
45.39
45.34
45.43
45.27
211.09
213.61
162.41
153.51
158.96
133.07
128.41
121.02
122.35
158.45
161.86
144.34
125.81
129.68
139.61
120.00
108.02
68.39
52.44
56.54
60.54
50.87
48.08
48.95
198.52
248.75
222.78
186.13
161.29
128.17
122.31
117.10
115.05
108.72
110.75
96.73
84.61
80.76
79.39
78.81
87.51
70.34
58.82
53.88
58.51
58.13
54.23
47.61
100.67
136.29
126.46
126.81
127.46
120.92
113.47
124.73
126.11
120.87
135.40
125.65
116.47
113.01
101.86
82.52
92.36
70.30
62.41
55.87
57.01
60.68
51.06
54.68
84.12
111.37
109.84
114.37
141.75
138.60
148.62
138.11
151.07
159.37
149.67
107.54
95.64
103.57
102.00
90.91
108.28
84.10
62.54
54.61
59.63
57.38
57.83
29.24
93.82
129.50
140.69
138.92
128.76
140.00
137.37
130.74
129.64
108.79
111.76
94.06
81.62
85.85
92.66
82.31
72.61
61.25
50.42
47.06
45.63
45.56
45.56
45.48
45.62
46.94
46.04
44.69
47.58
45.95
44.91
44.32
44.70
45.24
45.15
45.38
44.65
46.07
47.34
47.44
47.48
47.48
47.05
45.29
45.33
45.23
45.33
45.40
45.31
46.72
45.85
44.04
44.10
44.26
44.13
44.32
44.83
45.93
45.26
44.61
44.43
46.12
47.28
47.17
47.36
47.41
46.91
45.41
45.34
45.28
45.35
45.38
146.84
170.86
126.54
115.87
118.72
115.23
104.48
106.04
107.86
102.65
101.18
100.95
101.02
103.06
107.25
88.71
82.13
61.84
56.26
50.12
45.37
45.46
45.29
45.42
170.58
211.59
199.25
172.56
154.88
139.69
121.78
104.63
100.83
101.61
109.00
92.22
79.10
83.32
92.24
79.94
80.06
70.87
63.07
55.46
53.75
54.84
49.02
46.53
181.49
219.93
198.90
173.74
147.74
127.44
172.43
126.36
123.44
122.16
115.53
102.94
98.67
98.77
98.67
98.18
105.85
76.53
56.05
55.10
53.04
58.01
57.54
50.56
139.27
193.03
160.07
145.04
136.51
125.26
124.51
121.82
117.97
116.07
121.23
103.11
95.16
107.37
128.69
126.56
132.96
81.73
51.37
64.09
64.93
57.81
55.71
50.49
187.08
256.61
231.26
181.65
151.79
133.75
128.02
127.23
122.61
122.29
117.52
116.84
124.65
142.18
153.87
127.86
113.95
72.15
57.98
46.99
45.81
45.55
45.42
45.24
44.49
46.81
45.65
44.19
44.91
45.57
44.97
44.75
44.87
44.73
44.99
45.07
44.51
45.45
47.25
47.18
47.11
47.21
46.75
44.98
45.09
45.15
45.05
44.96
44.89
46.32
45.17
43.82
44.04
45.49
44.95
44.46
44.03
44.78
44.54
43.57
43.90
45.43
46.99
47.16
47.20
47.19
46.74
45.04
44.92
44.99
44.96
45.03
248.21
271.97
209.55
175.02
144.41
126.97
152.15
166.05
173.36
160.05
146.71
121.53
118.71
115.02
109.14
93.07
94.49
75.32
57.45
57.38
63.24
60.58
54.09
46.50
162.06
229.38
201.41
149.58
117.42
114.22
162.06
136.01
121.84
130.55
127.83
128.73
125.21
125.76
103.43
87.10
89.24
73.69
56.85
46.47
59.89
58.57
53.74
51.66
88.63
111.07
106.90
132.23
119.57
128.91
123.47
121.26
127.81
131.23
142.37
111.65
115.63
105.30
94.19
84.03
94.14
87.50
60.29
59.96
58.85
57.02
52.09
46.95
96.69
139.01
138.85
122.17
128.66
112.32
123.32
118.48
127.01
126.63
141.51
117.94
101.30
100.81
102.46
82.87
89.90
74.85
57.63
59.64
62.29
58.75
56.17
50.38
103.46
153.01
150.70
153.88
122.57
120.64
122.27
123.60
139.93
139.06
138.87
108.98
113.69
109.99
102.78
87.83
93.70
65.15
53.18
49.48
45.42
45.50
45.49
45.51
45.42
46.67
45.14
43.98
43.95
44.27
45.20
45.38
45.41
45.71
44.39
45.02
44.80
45.80
47.17
47.38
47.15
47.26
47.26
45.36
45.42
45.40
45.42
45.82
45.64
46.58
45.26
44.16
44.10
44.77
45.09
45.23
45.23
44.59
44.05
44.42
44.13
45.17
47.33
47.18
47.75
49.03
48.73
45.56
45.54
45.52
45.61
45.77
81.00
87.08
92.47
121.23
159.13
138.45
129.99
128.81
148.78
154.12
151.91
121.99
102.65
105.57
96.29
79.13
77.64
71.91
60.49
61.59
64.18
63.72
57.05
48.93
82.43
96.04
98.96
114.06
139.23
128.62
132.68
127.96
128.54
130.68
140.27
123.41
103.72
112.25
94.80
75.82
100.06
66.09
50.97
62.07
64.07
60.40
52.15
49.04
98.10
128.03
132.07
141.16
119.82
125.54
121.22
136.12
149.32
150.08
145.39
126.99
117.42
98.11
101.59
96.03
96.81
68.19
53.94
56.44
61.10
60.73
49.25
46.86
72.88
90.92
91.98
107.79
133.17
117.56
117.14
123.76
125.85
132.50
132.29
100.28
108.42
89.16
92.99
88.21
86.00
68.42
53.66
47.43
56.44
57.11
49.34
47.50
99.15
113.40
126.61
130.04
123.10
122.22
109.11
122.92
121.99
126.90
116.33
99.91
83.53
88.74
91.36
86.36
83.94
63.58
53.01
47.64
47.18
45.85
45.93
45.77
45.74
47.11
44.93
43.98
44.15
43.97
43.92
43.86
43.92
43.86
43.87
44.17
45.29
45.55
47.47
47.67
47.47
47.48
47.23
45.70
45.55
45.81
45.67
45.59
45.54
46.87
44.58
44.28
43.84
43.82
43.78
43.66
44.70
43.73
43.78
45.24
44.78
45.72
47.86
47.74
47.37
47.45
47.03
45.65
45.60
45.68
45.64
45.58
103.39
113.49
98.09
95.20
119.01
122.98
137.70
133.06
125.61
119.54
120.36
123.87
122.96
124.25
124.38
103.48
104.55
58.38
46.67
48.06
48.74
49.95
50.00
47.86
122.03
181.73
169.41
118.01
87.97
74.37
69.04
69.50
70.58
69.42
68.22
68.33
67.79
67.67
65.47
62.32
63.28
49.03
39.20
37.34
31.64
31.67
31.63
31.80
98.68
126.49
85.08
75.08
70.28
67.84
68.29
66.88
67.75
79.19
91.06
81.87
81.60
84.11
87.46
81.48
81.19
57.17
47.58
46.04
45.61
45.63
45.65
45.90
166.51
235.09
191.25
131.38
112.50
109.44
105.69
99.93
92.71
88.97
81.67
78.67
78.81
80.91
79.98
74.81
77.45
57.59
47.12
45.83
45.77
45.66
45.61
45.65
135.94
194.57
156.91
106.62
91.58
89.36
92.08
85.27
79.29
78.95
81.99
80.32
79.39
80.58
76.67
65.55
64.36
51.90
47.18
45.80
45.66
45.72
45.67
45.54
45.62
46.76
44.28
43.76
43.66
43.62
43.72
44.43
44.39
44.28
44.34
44.02
44.07
44.27
46.90
46.76
46.79
46.82
46.60
45.13
45.31
45.62
45.67
45.58
45.66
46.45
44.39
43.58
43.76
44.07
44.22
44.02
44.30
44.80
43.96
43.58
43.67
44.22
46.70
46.90
46.74
46.92
46.52
45.15
45.63
45.61
45.58
45.52
70.22
75.82
77.73
92.72
109.19
112.60
109.58
109.66
114.69
141.68
203.40
150.61
110.11
98.78
93.09
85.71
74.28
59.17
49.37
46.10
50.36
53.01
52.73
48.83
63.82
79.17
79.71
99.66
108.62
112.66
117.42
167.18
193.91
158.99
141.31
122.74
84.86
79.24
78.99
71.05
68.13
60.07
56.54
48.70
46.65
46.56
46.55
46.58
62.48
73.65
77.37
101.41
109.79
119.63
124.35
126.19
130.64
127.88
222.26
196.40
149.31
129.62
112.69
101.55
98.32
72.10
50.87
58.75
59.61
54.08
59.66
54.48
86.06
103.16
100.76
119.43
115.98
118.01
124.91
124.04
128.91
135.14
124.50
123.17
99.36
88.64
90.18
82.82
85.81
70.92
59.19
56.36
58.32
52.20
47.41
49.80
89.36
131.28
134.29
126.39
127.48
122.54
136.67
129.47
129.71
139.48
153.73
125.47
103.39
90.86
92.49
85.88
85.67
60.04
47.10
48.10
48.79
45.51
47.68
47.82
45.60
48.43
46.97
45.29
47.57
45.59
48.68
48.14
46.51
48.32
48.85
48.80
45.36
47.97
49.82
47.49
49.86
49.96
47.07
48.50
47.97
45.74
48.11
47.85
45.49
48.53
46.28
44.16
46.43
47.15
44.15
47.13
47.10
44.77
47.72
48.99
52.77
52.25
60.26
53.20
50.74
52.98
50.06
48.22
45.52
48.03
47.84
45.65
72.95
96.48
97.05
107.46
142.75
135.20
144.46
149.08
153.13
151.83
148.73
128.20
113.78
99.33
90.07
102.83
80.01
64.24
58.76
59.54
54.98
58.61
63.01
47.88
84.36
97.89
98.90
111.72
123.43
128.66
124.35
144.57
154.91
153.51
152.86
127.97
113.33
96.00
80.65
99.48
91.67
64.79
56.45
47.21
52.67
58.66
52.31
45.29
79.05
89.17
95.27
115.77
123.87
127.43
122.23
139.69
144.88
148.95
143.78
121.94
92.06
94.46
85.78
94.45
91.73
64.87
54.26
53.80
53.02
56.83
56.32
47.04
79.90
100.09
100.75
110.97
121.14
115.24
119.93
127.80
135.63
139.80
134.34
118.06
87.88
89.24
79.96
73.84
84.53
68.94
40.28
29.17
56.07
55.03
55.46
48.76
73.99
97.46
95.65
110.78
117.70
126.62
127.22
119.13
145.34
145.38
143.36
123.65
92.92
92.87
107.62
102.63
78.51
62.30
56.00
47.32
47.75
45.71
44.76
44.34
45.38
43.30
43.73
43.75
41.43
44.03
44.70
42.26
45.13
44.89
45.17
41.53
44.64
44.78
45.15
48.36
47.80
47.07
45.47
45.70
45.64
43.31
45.58
45.54
43.12
45.62
42.08
42.93
43.96
41.51
44.16
44.57
44.83
45.17
46.65
46.50
41.86
45.67
48.01
47.85
45.35
47.78
47.45
43.46
45.63
46.16
43.35
45.49
62.87
77.75
81.58
98.84
103.04
101.66
144.26
148.30
139.69
137.33
137.65
126.64
110.14
86.24
97.89
96.74
91.14
58.81
47.30
44.64
43.62
45.81
42.41
44.51
71.74
96.05
101.83
118.76
126.66
122.51
133.97
136.24
148.20
155.90
144.90
122.94
106.75
93.94
84.86
78.61
79.97
61.61
49.50
54.69
55.71
54.25
47.37
47.81
76.81
82.41
82.66
114.48
97.00
117.78
150.36
142.90
138.20
133.47
146.01
133.19
96.62
88.71
83.46
78.37
75.70
61.46
49.77
57.20
53.87
54.37
50.41
46.02
77.94
97.21
99.47
111.27
111.74
119.32
126.38
130.20
133.04
138.19
143.51
122.65
110.33
82.42
72.17
69.34
78.05
64.82
54.58
52.59
56.31
49.77
44.28
44.06
57.05
64.43
72.45
94.18
123.54
155.01
150.58
138.84
131.15
133.53
138.90
120.45
96.87
91.64
97.85
86.59
67.44
64.04
55.55
50.56
48.56
42.39
44.98
42.31
44.83
44.01
41.46
43.53
41.96
45.50
42.17
45.20
42.30
44.10
41.82
44.92
42.40
42.88
47.71
44.19
47.14
44.54
47.16
42.65
45.71
43.28
45.24
42.37
44.83
42.09
43.42
42.37
41.99
44.48
41.32
44.25
41.54
46.03
42.77
46.12
42.88
42.34
47.63
44.42
47.05
44.57
46.71
42.46
44.92
44.31
43.62
44.88
82.09
104.22
101.36
113.10
126.68
138.69
141.20
144.30
142.11
154.44
153.04
120.81
105.33
102.28
95.22
89.00
87.51
58.51
52.55
53.91
57.78
54.88
56.61
46.55
79.61
86.86
94.73
118.20
119.14
133.45
137.08
139.58
144.46
151.26
150.39
120.60
106.26
100.73
100.69
91.32
74.71
56.63
53.59
46.06
49.12
52.02
55.84
48.01
55.27
67.87
80.57
102.64
156.65
158.28
152.49
134.56
126.93
143.14
101.43
84.42
83.94
80.36
78.50
77.72
69.28
57.54
52.88
52.20
57.81
57.92
47.59
46.07
54.80
65.81
76.33
95.30
105.17
115.95
118.44
65.62
124.73
123.98
200.81
162.50
126.39
100.83
104.05
89.75
87.88
62.56
50.30
48.90
48.26
55.35
53.53
48.44
84.65
99.05
92.63
112.26
118.28
128.08
130.42
133.52
130.06
130.42
131.67
132.97
101.59
97.23
96.13
83.65
77.53
66.44
60.82
52.17
46.83
44.67
44.90
44.44
43.90
43.77
40.76
43.18
40.65
43.94
41.70
43.34
45.81
42.26
45.46
42.59
45.80
40.89
46.89
44.27
46.86
44.35
46.46
42.59
44.91
42.44
45.37
42.42
44.53
41.46
43.07
40.79
43.34
40.72
43.38
42.03
42.64
44.38
41.08
46.15
41.09
44.52
44.03
47.51
44.47
46.96
46.60
42.64
45.00
42.48
44.91
42.47
79.26
93.80
93.50
120.86
129.04
120.90
124.21
133.41
138.09
146.61
157.26
133.95
111.65
93.08
88.49
79.73
73.28
57.51
54.91
50.16
58.83
50.49
46.31
45.75
75.08
82.51
79.56
109.49
110.92
119.59
129.36
134.67
136.54
140.43
144.42
126.86
82.17
71.26
74.47
73.26
70.42
56.83
57.07
53.66
58.56
53.73
53.54
45.80
77.16
81.08
87.43
114.33
120.77
114.82
123.63
136.38
144.77
137.37
141.47
120.19
106.02
93.71
89.53
78.16
77.67
68.09
50.44
54.56
55.39
57.03
47.05
46.39
75.34
90.82
92.81
111.03
113.27
115.80
127.49
136.10
145.12
146.10
150.89
131.01
110.60
110.78
100.85
85.89
84.05
70.28
61.44
47.15
46.13
42.60
45.08
42.53
70.14
83.50
91.59
112.35
121.96
139.72
137.03
140.61
149.48
152.91
154.11
125.23
106.23
103.18
106.26
90.40
78.51
61.55
45.44
45.15
42.51
45.00
44.76
42.22
44.56
41.19
43.60
40.72
43.40
42.60
45.54
42.12
45.79
45.07
42.12
44.92
40.73
44.90
47.65
45.11
48.25
44.74
46.90
42.51
45.02
44.89
42.24
44.91
42.42
43.44
40.85
43.38
41.25
43.83
43.84
41.15
44.00
40.71
43.94
44.71
40.92
43.89
43.57
47.68
46.94
44.49
46.38
42.39
44.84
42.34
44.72
42.24
91.08
106.01
110.29
107.19
105.09
132.78
141.01
144.88
142.44
146.48
153.04
134.53
120.05
96.94
89.08
79.81
69.56
72.04
56.96
50.51
56.29
53.61
47.64
44.24
78.66
84.06
93.65
109.07
120.00
144.23
142.70
133.75
148.56
153.94
142.34
123.38
114.76
91.08
77.96
80.65
78.51
65.25
49.17
50.33
54.81
50.91
43.49
45.65
74.12
82.57
85.47
111.53
120.23
143.27
140.52
132.92
144.85
154.30
154.65
133.58
118.63
103.15
91.14
88.05
83.78
64.59
51.79
52.01
52.00
52.51
48.31
44.11
83.06
80.61
97.30
110.09
125.90
137.00
141.04
144.71
148.71
156.08
160.52
141.57
126.96
121.22
112.56
96.47
83.28
68.85
50.45
47.56
48.63
51.90
47.31
43.32
85.15
94.46
94.35
104.21
131.75
147.91
152.26
144.06
147.27
161.59
174.73
149.15
134.35
119.46
113.05
85.84
83.59
51.00
44.16
44.84
42.14
45.09
42.26
45.18
45.07
40.45
43.17
40.56
43.46
40.74
43.62
44.44
40.84
44.98
41.89
44.80
44.58
40.87
46.74
44.42
47.08
47.56
43.81
44.78
42.13
44.62
42.06
42.11
42.01
40.22
40.63
40.56
40.44
40.61
40.61
40.72
40.67
40.76
40.79
41.30
41.51
41.12
43.28
44.60
44.71
44.49
44.08
42.22
42.26
42.28
42.26
42.18
68.43
93.95
100.21
122.24
212.22
210.81
189.66
171.29
157.54
152.83
179.31
175.59
154.99
146.25
139.44
135.05
94.00
54.21
50.34
43.45
48.21
48.41
46.39
42.19
51.56
60.62
71.48
169.46
159.65
142.53
133.34
139.81
177.93
171.80
154.09
120.46
98.55
89.41
84.05
85.00
76.70
66.49
57.98
48.15
52.43
49.86
46.51
48.51
82.80
84.80
84.85
111.36
125.45
145.70
153.39
159.70
182.31
196.14
168.17
123.48
106.56
86.54
95.51
86.78
82.72
63.63
54.45
54.67
61.37
55.16
50.21
49.80
81.50
86.65
90.83
120.67
126.92
141.78
157.38
166.75
182.14
192.69
162.20
125.62
117.40
121.57
107.33
94.65
92.86
64.85
60.72
55.49
49.20
47.51
45.03
47.42
76.01
86.45
99.39
127.76
128.18
151.50
191.85
200.13
190.43
206.50
206.86
165.29
122.27
112.05
123.02
105.57
84.30
64.54
55.11
51.00
51.09
49.18
45.91
48.49
48.87
43.15
46.05
46.56
43.97
46.26
47.16
47.36
43.85
47.56
47.39
46.96
43.85
47.56
49.55
51.38
48.48
49.78
49.31
47.70
45.18
47.60
47.61
47.57
44.78
46.06
46.13
43.64
46.31
46.48
46.91
44.25
49.08
44.70
43.58
43.63
43.62
43.73
45.73
47.18
47.22
46.77
47.10
45.73
45.01
44.98
44.98
44.95
68.39
87.86
96.93
138.62
211.29
175.56
168.93
186.68
194.13
202.13
197.83
159.92
115.65
106.56
103.13
78.91
84.74
70.20
61.74
55.78
48.59
48.76
46.84
44.94
62.30
101.02
127.30
127.74
124.01
140.41
171.69
196.31
195.08
203.78
189.74
147.70
107.18
100.23
108.10
100.86
102.18
71.24
54.92
49.76
60.02
59.83
51.81
49.12
86.96
106.57
115.21
130.29
142.70
182.65
194.85
184.88
189.19
193.79
191.82
153.86
113.94
112.18
106.72
104.28
102.72
67.78
55.39
56.10
62.61
63.32
62.76
52.06
87.04
99.02
112.53
126.51
146.62
171.77
183.46
177.38
190.62
200.69
191.11
157.42
119.52
107.93
111.15
106.80
106.69
70.49
56.83
55.20
57.40
51.64
49.45
49.68
85.97
100.48
108.93
131.19
76.82
150.27
178.70
167.89
178.67
183.34
173.70
137.74
117.83
115.73
124.88
106.07
87.81
61.70
49.71
48.58
48.09
46.26
47.50
48.68
47.50
43.39
46.90
47.18
43.92
47.30
47.31
48.16
45.03
48.66
48.23
47.74
44.00
47.52
49.05
49.63
49.35
50.65
50.22
45.27
48.06
48.63
48.76
45.23
47.56
46.40
47.08
43.80
47.18
47.42
45.51
45.07
47.54
47.59
43.84
43.86
43.86
43.98
45.49
47.23
47.15
47.16
46.81
45.30
45.26
45.14
45.25
45.17
66.85
124.93
149.52
141.83
149.54
169.38
196.10
198.54
208.82
230.15
215.48
173.09
125.28
107.36
110.72
102.45
91.82
66.53
58.32
51.02
55.21
55.37
50.82
49.04
92.62
107.16
102.82
139.84
143.40
160.73
177.49
189.37
206.32
216.93
209.64
163.09
121.84
111.65
113.14
101.10
89.85
68.96
61.46
58.47
61.03
55.26
49.30
51.58
93.57
108.81
107.25
133.10
140.08
152.83
172.31
182.36
186.32
194.21
199.13
159.07
121.54
121.94
117.04
88.12
79.60
66.53
60.51
56.16
63.01
59.08
48.56
50.08
80.07
91.95
106.67
118.01
115.64
138.15
138.57
134.41
137.19
133.63
134.66
131.37
163.44
147.19
132.62
103.22
84.92
69.10
61.54
66.04
70.90
52.26
49.50
49.21
80.59
118.41
105.81
121.03
131.62
133.83
135.21
158.31
151.34
149.29
145.57
134.06
110.71
109.72
109.59
98.16
91.79
70.19
66.80
61.14
47.49
49.02
48.87
46.09
48.05
47.15
45.77
46.67
48.91
50.76
47.98
49.86
50.11
46.92
49.00
48.55
48.39
45.53
49.22
51.58
51.43
48.28
51.31
49.42
48.83
46.29
48.75
49.23
45.54
46.80
47.80
47.91
44.77
47.45
48.26
45.29
47.67
48.69
49.43
46.11
45.90
45.82
46.37
48.13
48.21
48.28
47.87
46.34
46.15
46.01
46.17
46.03
63.94
106.77
122.88
106.38
113.79
114.21
116.41
160.13
144.24
153.18
152.23
130.49
114.61
107.70
126.62
111.24
90.97
70.83
58.79
61.42
57.38
46.75
49.25
48.59
77.14
101.41
125.41
140.21
121.55
122.56
131.57
137.17
143.82
144.32
144.47
125.01
108.39
110.49
108.59
105.84
81.36
65.99
58.89
51.79
56.21
51.11
46.29
45.99
58.59
74.13
124.60
123.80
129.81
140.92
143.29
133.87
153.60
162.18
152.83
121.64
110.54
103.05
118.96
109.71
97.51
69.68
56.28
52.82
52.94
48.23
45.21
45.11
58.26
67.86
77.42
99.02
103.35
105.54
109.80
115.47
182.48
195.00
186.81
157.93
136.29
124.93
114.84
119.32
89.67
63.44
51.58
56.01
60.90
57.26
48.17
46.19
61.39
93.16
110.78
138.77
161.22
190.94
194.08
168.24
139.97
140.21
136.61
125.98
121.31
129.78
125.08
85.77
73.39
49.72
45.69
44.24
44.04
44.07
44.21
44.14
43.17
41.97
42.70
42.65
42.65
42.51
48.40
43.60
42.75
43.27
44.19
43.75
42.90
42.79
43.90
45.90
46.12
45.99
45.55
44.07
44.01
44.04
44.07
43.97
42.93
41.76
42.35
42.38
42.50
42.64
42.64
42.51
42.85
42.71
42.60
42.52
42.43
42.69
43.92
45.94
45.94
46.01
45.65
44.04
44.05
43.89
44.15
44.02
69.36
100.58
105.16
105.37
106.49
102.43
96.13
90.17
85.46
85.51
85.92
86.13
86.24
84.93
81.12
80.47
60.64
48.26
45.76
44.24
44.17
44.05
44.05
43.97
66.91
108.94
129.20
108.54
105.56
116.50
112.52
113.83
104.46
104.31
103.05
114.25
93.76
99.44
95.90
77.99
72.11
57.21
57.18
48.37
56.09
53.07
45.22
47.70
71.72
79.69
110.60
129.02
128.17
146.94
134.88
127.89
129.25
126.25
125.73
120.58
115.76
117.37
111.78
91.08
74.75
56.76
54.29
53.49
48.35
47.49
44.87
47.91
84.79
95.36
121.91
133.06
147.77
142.36
136.28
137.20
130.83
124.82
125.79
120.33
115.77
113.00
112.94
98.56
70.05
55.68
46.81
54.96
52.53
45.78
44.33
44.54
58.03
75.64
96.38
79.04
132.21
121.76
135.75
136.49
135.08
129.09
127.04
123.94
119.75
123.16
123.99
85.15
64.12
49.19
44.94
43.09
43.09
43.06
43.08
43.12
42.09
40.98
41.65
41.65
41.56
41.77
41.64
41.87
41.71
41.85
41.73
41.92
41.86
41.95
42.83
45.43
45.42
45.37
44.82
43.16
43.21
43.16
43.26
43.24
42.01
41.10
41.81
41.66
41.70
41.66
41.95
41.77
42.27
43.66
43.44
42.50
41.79
41.73
42.73
45.44
45.44
45.38
45.04
43.41
43.17
43.22
43.20
43.09
78.23
104.10
109.91
113.45
237.23
197.74
142.81
130.96
124.36
122.82
117.61
115.75
113.54
109.53
108.98
97.72
76.47
56.04
49.25
47.41
56.09
57.69
47.94
49.62
108.04
113.75
115.74
121.96
124.09
128.18
127.86
124.76
121.51
121.80
122.57
118.65
119.38
120.80
117.76
97.23
91.83
63.58
51.38
51.23
54.67
52.04
51.24
46.28
64.06
73.19
112.21
132.86
123.28
124.19
123.53
117.01
113.73
114.84
114.03
114.26
115.40
112.85
111.62
96.63
78.28
61.12
52.50
50.14
53.50
54.01
50.25
50.64
96.96
108.37
116.66
124.36
130.93
129.30
129.85
128.89
128.33
128.60
122.88
120.83
120.92
121.20
117.96
92.77
73.70
63.36
48.18
44.75
48.16
46.89
43.45
46.81
94.63
106.20
118.22
123.44
133.81
134.45
127.46
127.10
125.08
123.97
118.89
118.81
116.08
118.06
113.85
92.62
76.53
61.54
46.93
44.52
46.19
46.45
43.33
46.43
45.33
44.29
41.82
44.73
46.42
43.76
43.78
43.12
44.01
44.06
44.03
42.48
41.82
41.76
42.57
45.42
45.44
45.37
44.97
43.43
43.26
43.41
43.27
43.29
42.04
41.03
41.57
41.62
41.83
41.60
41.94
41.69
41.96
41.82
42.17
42.19
41.78
41.89
42.74
45.41
45.55
45.43
45.10
43.43
43.30
43.25
43.40
43.31
78.64
94.03
179.37
140.26
151.01
179.16
143.48
134.01
124.05
121.87
122.30
121.41
119.84
120.19
114.63
86.08
86.37
51.03
49.30
51.54
56.66
51.56
49.00
45.51
132.55
141.44
109.95
118.71
120.02
123.69
117.43
115.88
117.27
124.51
123.68
123.59
123.02
118.97
111.47
90.10
69.18
59.71
49.19
44.59
47.80
51.68
51.14
48.09
69.71
130.44
128.34
118.73
126.99
129.18
124.39
117.08
115.46
118.42
116.10
115.24
115.07
115.01
109.92
87.62
67.71
58.84
46.95
45.60
46.99
46.94
44.02
46.32
102.19
109.45
113.46
121.30
121.54
122.80
122.83
119.48
119.13
118.13
116.10
115.44
115.10
112.49
109.59
97.73
80.14
65.16
54.74
51.00
55.49
53.04
44.80
47.23
97.15
112.92
118.40
119.27
130.50
130.90
127.01
125.16
125.26
120.48
121.07
118.97
117.93
118.73
114.29
92.27
68.96
58.52
47.97
43.43
45.99
45.93
44.80
45.05
45.32
43.88
44.09
42.55
44.97
45.85
45.88
42.24
46.40
47.22
46.19
42.08
42.20
42.01
42.64
45.46
45.44
45.51
45.09
43.25
43.10
43.17
43.23
43.18
42.04
41.06
41.73
41.70
41.81
41.96
41.80
41.89
41.84
41.87
42.03
41.80
42.29
44.75
58.22
61.23
61.27
61.39
60.99
59.46
59.17
59.07
59.16
59.11
85.26
104.46
107.08
107.58
111.17
236.55
219.40
168.63
144.90
135.29
128.09
119.99
121.69
118.29
111.63
98.29
67.16
58.35
52.33
53.69
55.98
53.22
47.17
46.52
75.47
147.90
164.99
117.03
114.48
119.89
122.59
123.47
123.95
122.06
117.19
117.64
116.15
117.10
111.46
92.29
73.92
72.34
59.60
49.05
52.69
53.79
44.92
46.25
95.94
112.10
113.74
122.88
125.82
131.72
124.95
125.11
124.96
123.27
119.40
119.86
119.22
118.61
113.57
99.77
79.85
58.85
53.24
48.09
51.18
55.47
53.87
46.41
95.33
110.04
117.16
124.86
131.38
134.05
129.24
126.95
125.02
121.38
121.90
118.51
120.27
116.28
113.06
90.45
71.55
66.29
46.16
45.85
46.46
43.24
43.26
43.22
62.04
77.21
81.28
82.08
100.07
187.05
121.47
113.58
119.56
121.32
117.52
114.44
114.40
113.35
109.55
95.12
64.27
52.21
45.10
43.40
43.09
43.20
43.10
43.26
42.03
40.96
41.48
41.44
41.82
41.78
41.54
41.51
41.61
41.64
41.67
41.68
41.55
41.74
42.16
45.50
45.33
45.15
44.83
43.20
42.97
43.08
43.08
43.03
41.94
40.66
41.31
41.40
41.56
41.93
41.37
41.44
41.58
41.81
41.67
41.59
41.55
44.38
57.79
61.07
61.09
61.07
60.77
59.09
59.04
59.21
59.19
58.97
85.22
132.30
205.27
152.15
121.53
119.39
117.23
117.00
118.80
120.71
121.57
121.58
122.48
122.35
115.67
85.48
84.11
52.63
44.91
50.79
55.10
54.70
51.14
51.14
102.92
116.58
112.31
121.37
122.95
120.32
116.15
114.46
114.04
117.59
113.76
115.74
115.39
115.48
110.90
81.76
70.52
54.69
50.65
46.58
46.64
44.71
44.18
43.98
63.41
83.15
147.61
145.53
78.88
71.61
77.93
83.56
93.68
100.47
105.91
104.72
104.48
104.47
100.77
101.58
108.76
90.74
77.61
77.68
83.36
80.90
77.54
76.50
91.77
104.21
107.15
107.25
107.65
105.65
105.63
103.69
104.78
105.29
104.97
104.99
104.51
104.67
102.61
108.72
107.04
73.84
75.88
74.55
74.06
73.98
73.97
73.86
90.01
104.25
106.75
81.92
107.33
112.21
112.54
110.24
109.77
111.31
108.65
104.30
105.37
104.26
100.95
101.53
102.69
84.09
75.39
74.00
73.98
73.87
73.74
73.79
72.88
71.56
72.08
72.13
72.41
72.22
72.23
72.09
72.19
71.66
72.51
72.00
72.09
72.17
72.60
75.88
75.96
76.04
75.68
73.42
73.33
73.34
73.38
73.40
72.53
71.05
71.65
71.83
71.66
71.56
71.49
71.51
71.49
71.79
74.53
71.58
71.51
71.53
71.94
75.00
74.90
75.51
75.53
73.24
73.26
73.28
73.25
73.31
90.24
103.71
135.09
260.63
253.92
216.29
197.07
106.05
87.42
84.91
85.00
84.28
84.42
84.37
82.25
100.97
98.39
81.18
73.50
71.93
71.95
72.11
72.10
72.01
83.99
88.74
90.40
82.96
82.72
82.94
82.80
89.82
218.93
241.10
243.49
218.37
182.78
168.90
158.21
117.39
93.52
55.40
38.32
48.38
44.35
48.84
44.59
48.96
142.84
185.14
144.39
126.92
121.64
126.73
126.32
122.15
116.97
113.80
114.54
115.22
112.98
112.36
106.38
84.19
74.12
49.02
40.48
38.68
34.56
38.21
38.27
38.06
117.64
138.11
109.15
107.55
108.93
110.08
108.50
109.52
108.08
109.04
109.35
109.30
109.10
108.89
103.27
81.01
67.56
48.07
38.92
35.37
38.27
38.32
34.32
38.15
112.18
125.16
106.47
115.85
116.84
117.25
117.07
112.14
110.95
110.66
114.43
113.84
114.56
113.39
108.50
90.48
68.31
61.26
44.90
44.93
46.21
46.11
41.86
45.99
45.14
43.76
42.08
42.27
44.24
46.69
46.11
41.47
44.71
44.73
44.89
44.05
49.67
47.78
50.12
54.27
58.71
52.10
52.70
54.49
55.66
55.42
43.51
48.52
46.76
40.90
46.08
47.00
55.42
51.54
48.99
52.95
56.12
48.07
51.25
56.30
56.56
67.46
71.16
74.29
74.41
74.38
74.09
72.52
72.55
72.60
72.69
72.58
78.20
99.23
237.82
188.75
148.12
135.78
130.02
132.49
127.63
124.54
128.78
127.17
120.95
119.99
113.79
91.14
85.92
53.09
43.75
52.48
51.16
44.85
45.84
46.48
122.12
133.59
111.79
118.26
118.85
121.00
120.43
119.17
121.61
123.78
118.67
118.05
113.98
114.40
107.64
99.93
79.29
61.49
44.17
45.44
46.06
45.90
41.90
46.17
114.84
129.78
112.12
118.64
119.44
120.05
117.23
121.16
123.70
121.16
119.49
119.77
116.92
116.34
112.56
101.37
82.38
61.36
46.84
44.22
46.67
47.12
47.22
42.46
127.26
142.19
114.54
118.77
122.01
125.69
118.95
118.59
123.67
128.24
129.27
123.05
116.93
116.66
114.57
101.05
83.39
62.64
47.41
43.10
45.90
47.00
46.81
42.64
131.28
146.71
122.83
122.06
123.03
129.96
128.63
127.03
126.35
128.55
124.01
125.26
124.37
125.23
120.09
98.26
80.52
62.49
48.22
42.72
46.94
46.94
46.73
42.68
46.22
44.37
44.99
42.93
43.82
47.37
47.94
47.37
43.61
47.43
47.39
47.43
46.17
67.16
43.15
55.32
52.22
56.74
57.12
52.56
51.77
51.62
56.36
51.46
56.92
52.66
46.15
42.77
43.47
49.31
57.46
57.31
58.04
66.27
72.93
72.51
71.78
71.79
71.98
74.85
74.59
74.71
74.23
72.68
72.70
72.74
72.69
72.57
78.47
118.76
257.26
258.14
213.34
197.86
180.85
178.36
175.29
174.06
159.72
150.42
139.48
123.84
113.70
101.51
93.75
55.89
39.04
36.45
38.81
38.82
34.79
39.43
136.84
167.13
138.66
115.68
118.76
121.05
125.96
124.93
123.21
122.29
121.82
121.09
118.62
113.19
109.80
92.78
72.38
62.76
41.14
35.03
39.07
39.07
38.06
35.35
107.44
118.98
103.60
127.05
169.24
141.71
120.58
119.53
124.69
128.50
123.86
128.72
133.90
120.76
113.26
99.40
75.10
57.91
40.78
35.11
38.99
38.93
38.75
34.95
120.79
152.46
117.66
54.97
114.56
114.46
118.12
129.63
123.43
123.89
139.39
125.99
116.83
113.33
102.34
91.28
66.03
52.17
38.23
74.65
68.52
61.20
60.67
61.01
100.47
138.86
122.95
112.32
114.33
126.64
134.65
127.06
128.89
130.48
143.34
143.95
137.20
133.30
114.61
111.20
110.22
85.37
69.64
91.91
115.91
114.23
116.20
113.78
113.33
106.23
105.78
110.38
117.49
119.17
121.18
125.46
127.45
127.09
126.89
124.49
120.73
119.24
115.21
118.25
113.93
109.31
109.19
107.68
108.43
105.70
107.03
109.50
108.70
107.43
108.58
108.09
109.95
111.49
111.79
110.68
113.48
114.89
126.83
115.58
110.67
109.23
107.87
105.89
105.45
108.26
107.57
107.19
108.18
108.32
109.11
107.87
107.22
110.72
113.84
118.07
114.68
113.90
121.22
117.55
120.62
120.45
121.83
125.83
118.10
112.57
110.83
111.51
112.86
114.07
113.31
62.76
36.25
39.04
39.61
39.50
104.86
141.45
123.53
134.14
154.99
157.77
145.14
139.36
148.92
165.09
145.96
143.77
159.55
188.89
129.86
91.38
86.45
50.89
41.10
43.86
47.03
45.00
41.32
37.45
150.57
190.96
131.82
132.12
137.01
138.83
136.52
131.34
143.90
144.97
136.80
134.91
130.30
125.66
115.85
88.28
71.77
61.08
46.40
39.35
43.43
41.51
41.87
37.49
139.92
169.93
133.08
149.70
196.41
202.01
211.52
226.15
204.31
212.66
240.38
166.84
128.78
119.67
111.28
94.77
77.21
63.38
44.59
47.63
54.08
53.06
49.58
44.52
150.44
185.51
149.88
163.70
200.14
215.71
226.16
227.24
229.51
236.04
231.68
168.63
133.20
127.72
118.77
106.80
86.95
74.46
58.70
47.51
47.67
47.48
48.16
43.24
47.53
45.40
46.63
45.11
43.50
47.61
48.07
49.68
47.98
44.95
49.49
55.37
49.70
49.21
49.44
64.49
56.47
55.67
45.37
48.32
48.14
44.15
48.70
48.25
48.30
46.16
42.34
46.83
49.07
54.82
52.73
58.03
69.45
55.28
58.61
62.07
57.08
59.58
53.94
53.43
58.04
53.52
55.54
51.26
56.88
50.36
50.41
55.99
169.90
233.45
205.17
212.52
234.10
225.72
230.78
244.12
260.87
267.22
214.87
182.52
155.61
139.47
135.84
127.16
111.97
70.11
53.85
49.00
52.63
55.22
51.15
47.46
131.47
138.49
147.50
208.29
227.68
230.85
235.29
230.48
234.10
249.66
240.63
169.83
134.72
123.15
115.06
102.42
93.38
75.73
57.14
48.68
55.29
54.68
57.19
49.43
148.39
196.74
152.90
181.94
217.17
237.49
228.60
222.29
226.09
226.11
226.88
165.41
128.18
118.04
115.80
108.61
96.64
77.63
54.15
51.80
56.33
56.14
55.22
51.82
147.64
191.28
156.49
172.25
203.03
224.80
218.90
214.85
228.21
238.27
241.26
183.09
145.62
138.39
133.98
114.82
111.28
70.65
57.54
60.88
59.69
56.44
52.32
47.84
154.89
172.83
132.71
165.64
197.37
218.96
218.14
205.93
216.57
232.47
231.76
170.54
138.50
130.11
124.15
86.46
77.60
76.28
79.94
66.27
64.36
64.94
63.46
64.18
63.85
62.40
62.16
62.47
62.42
63.89
64.13
64.62
63.84
66.01
62.74
63.85
62.40
63.70
63.72
66.00
66.62
70.90
71.00
67.53
65.01
63.60
62.08
63.49
63.06
60.12
60.47
60.48
60.89
62.31
64.08
69.33
68.76
65.87
63.67
67.00
75.71
66.49
64.97
66.96
68.08
71.83
70.66
66.64
63.89
62.73
64.78
62.47
64.10
161.76
221.08
209.00
223.63
246.79
256.95
250.83
235.14
248.64
191.66
158.18
136.64
130.47
116.84
79.04
71.77
69.75
63.56
58.95
64.43
64.34
57.72
55.75
55.28
145.37
197.46
176.99
179.02
216.75
215.37
205.74
238.72
267.76
224.06
161.78
138.49
149.91
134.91
80.57
74.99
70.49
60.64
55.72
59.14
60.78
63.35
57.51
57.17
151.08
177.00
159.16
177.95
235.65
249.03
237.58
233.12
246.02
226.54
164.68
123.36
116.04
114.35
78.02
69.18
70.26
62.38
68.93
67.69
58.48
50.93
52.29
56.24
139.96
153.22
144.16
167.28
237.11
229.12
215.92
239.45
242.97
232.09
161.68
124.86
121.75
123.96
88.36
68.02
65.56
65.26
69.04
63.14
51.23
47.79
51.40
53.48
135.79
154.50
143.20
179.15
222.62
231.87
223.03
239.21
250.39
230.25
147.99
118.90
115.80
117.91
81.51
64.29
67.52
63.70
63.45
55.72
54.06
53.91
55.64
53.34
54.28
52.30
50.86
49.96
52.84
54.00
53.83
54.31
54.78
54.90
54.25
57.00
57.45
57.21
57.48
57.41
57.19
55.85
53.85
50.91
46.51
52.43
54.66
54.59
54.12
53.24
51.46
50.82
53.78
54.47
51.71
55.73
55.93
54.24
58.87
66.13
58.00
55.46
58.91
58.27
58.60
57.42
56.09
56.21
55.87
55.26
54.08
55.37
144.49
195.96
203.01
210.14
224.80
256.22
240.85
231.95
252.37
204.01
140.06
124.05
123.45
126.18
74.31
66.06
68.07
60.79
61.34
64.69
66.30
55.22
43.36
57.96
128.34
170.00
167.63
181.99
226.75
247.45
228.44
247.49
247.98
233.63
163.76
132.45
124.31
125.55
79.21
70.57
70.23
67.63
61.84
63.44
63.17
63.20
56.88
56.17
124.95
167.08
162.27
162.72
207.58
237.06
249.56
248.02
239.76
223.99
160.39
120.05
110.96
109.89
85.14
66.33
73.88
69.27
61.36
62.07
55.70
57.14
57.18
55.61
123.11
168.45
162.67
169.14
212.77
226.33
220.09
213.68
237.20
247.41
171.34
126.83
118.57
114.95
76.75
77.16
84.80
71.38
71.05
64.45
66.30
70.99
65.89
62.93
123.42
158.02
157.67
167.96
212.24
232.90
225.73
214.15
240.14
245.37
191.10
140.81
133.39
131.21
86.04
77.48
73.68
63.76
66.26
58.21
63.13
64.05
63.12
63.51
57.07
49.17
58.58
60.35
61.34
61.60
61.46
64.32
62.96
63.02
60.56
61.30
61.70
64.65
65.09
64.94
66.20
63.49
62.25
61.30
58.69
51.39
60.17
60.35
62.06
58.45
48.57
54.76
58.53
62.05
61.07
62.45
64.28
63.91
62.83
61.86
63.28
64.45
60.51
60.77
58.74
64.54
62.93
62.16
61.86
47.52
60.64
62.55
146.79
207.87
200.22
189.79
234.50
266.45
253.96
240.97
253.75
213.30
166.19
138.79
138.09
139.84
95.70
83.78
77.17
65.40
60.11
68.42
67.56
67.05
52.85
62.55
133.39
179.34
171.75
173.79
230.49
242.13
243.28
241.01
267.12
259.18
191.88
145.02
125.05
137.31
99.86
82.98
75.80
66.57
70.01
71.96
66.21
63.43
46.63
61.69
137.98
179.67
176.06
178.94
227.04
254.99
257.70
255.03
260.21
247.68
190.81
147.88
139.06
142.35
100.75
84.42
74.71
64.97
68.48
79.81
71.50
64.64
49.51
61.85
142.09
177.88
171.81
184.51
227.39
241.18
253.90
248.55
271.37
260.18
183.50
138.14
133.97
136.27
94.50
76.60
81.32
76.56
68.51
72.18
66.11
70.22
67.15
62.02
151.55
195.52
184.54
190.41
241.49
265.11
250.13
240.41
239.53
261.64
209.58
148.17
131.12
143.44
98.27
78.42
77.32
70.33
62.79
57.98
51.61
59.76
62.55
62.48
60.20
61.54
57.16
55.36
57.12
61.87
63.66
62.36
64.12
66.23
71.09
67.08
63.89
63.75
66.35
68.33
65.96
66.77
63.85
66.69
63.89
63.40
62.23
58.74
60.11
54.77
58.33
64.42
62.59
63.06
72.84
72.25
63.77
63.82
68.27
73.70
64.61
65.36
64.72
64.16
67.52
66.95
66.01
66.86
64.49
63.12
61.08
61.54
158.92
243.03
240.55
245.35
274.97
284.27
280.25
260.88
269.62
229.49
147.00
128.00
132.56
129.08
90.53
76.88
65.84
56.28
59.15
57.20
63.39
59.26
51.11
50.13
143.30
204.40
188.26
200.61
233.89
258.40
258.31
258.13
264.97
260.72
199.62
136.37
122.85
125.48
86.50
77.42
72.18
56.51
51.01
55.26
58.27
62.83
55.69
55.15
131.20
179.84
173.98
191.76
235.42
257.45
252.97
255.66
278.55
275.73
230.14
148.89
122.39
128.26
85.90
70.30
68.66
65.60
62.58
68.80
69.27
59.09
55.25
55.44
137.99
196.06
180.97
192.95
239.11
261.19
250.16
235.81
257.84
267.32
205.09
134.02
124.21
128.40
83.96
67.56
66.02
64.29
60.01
64.74
59.62
71.32
68.83
62.38
137.63
174.59
171.12
195.50
232.93
255.39
263.55
253.76
275.70
264.21
211.52
144.06
127.74
143.23
94.13
68.43
71.68
64.92
51.02
51.48
55.60
54.04
55.72
55.26
54.49
53.17
49.43
50.65
51.96
53.32
59.59
57.38
55.72
54.28
56.04
54.36
53.07
55.59
55.83
56.86
59.49
55.81
55.34
54.90
55.83
54.23
55.62
55.41
53.76
53.82
52.89
53.90
53.12
53.48
54.63
54.91
55.79
59.07
66.07
59.35
57.10
58.62
58.24
58.75
56.02
59.17
55.46
56.20
55.82
54.98
55.12
55.90
169.01
214.36
190.94
158.30
142.62
141.53
142.65
140.01
135.02
133.31
136.20
133.03
131.00
128.59
75.54
56.57
56.04
50.56
47.81
50.75
54.00
54.63
55.05
52.85
133.88
196.41
178.94
187.64
228.86
246.98
259.97
248.90
265.87
262.66
205.76
137.24
117.48
124.36
92.21
73.29
64.87
61.05
58.16
61.16
61.50
64.05
56.11
57.27
148.33
186.35
171.82
181.79
220.97
231.49
244.37
245.50
267.13
263.95
202.56
139.95
117.82
122.22
88.35
77.57
68.80
63.55
58.53
68.03
64.82
57.64
56.33
57.03
141.67
181.11
168.89
192.98
231.71
249.67
233.44
214.27
237.72
268.48
202.24
140.77
121.88
127.79
99.08
83.65
76.90
74.01
65.43
62.35
67.68
70.40
64.00
64.02
140.67
198.59
176.77
199.11
244.34
274.32
267.30
249.61
273.00
277.09
206.93
139.37
135.40
144.31
100.35
79.03
67.08
63.42
61.82
59.26
52.01
59.41
62.57
62.47
62.96
60.99
60.33
62.20
60.74
57.55
60.97
59.80
65.05
66.27
66.11
58.88
61.44
65.36
63.64
64.83
62.27
64.24
60.34
60.29
60.90
56.11
56.80
54.92
57.48
57.63
60.09
58.93
60.95
58.21
59.73
66.02
67.42
65.01
71.92
66.26
59.37
64.67
64.19
69.51
62.98
61.77
60.39
62.72
60.42
62.54
60.84
55.65
160.85
241.79
235.59
243.15
264.86
282.25
268.27
258.03
274.11
234.44
168.96
144.44
140.28
144.58
91.82
76.94
74.94
60.91
60.07
73.82
78.75
69.89
63.93
65.13
167.37
211.25
189.01
195.90
252.70
255.94
236.83
258.27
264.00
256.75
192.24
153.12
137.06
131.93
84.51
75.46
77.35
72.68
76.12
80.11
71.95
69.24
68.40
66.73
172.51
195.22
169.62
188.22
234.68
269.47
251.69
238.62
258.76
259.57
202.00
142.41
126.82
134.43
86.54
75.57
73.77
71.85
68.97
69.60
72.03
66.55
63.54
63.71
130.03
169.49
178.63
188.96
237.72
251.99
234.60
217.94
238.66
259.59
196.70
147.12
136.31
126.21
89.58
77.46
77.20
59.70
72.47
70.11
72.60
60.10
66.30
63.43
124.68
176.69
181.40
173.53
222.25
230.90
223.84
218.10
240.99
255.44
219.90
160.57
134.89
137.74
91.49
70.41
72.17
74.42
60.15
60.81
59.93
59.73
59.96
48.65
57.43
57.81
58.56
62.06
60.20
52.16
58.10
61.45
61.38
60.81
60.15
59.73
60.07
63.16
62.82
62.79
59.28
57.17
55.90
58.49
59.37
60.01
59.85
59.83
57.71
59.10
51.65
53.21
56.41
59.69
60.09
59.92
60.34
59.52
59.46
59.69
59.69
63.02
62.32
62.15
59.53
55.65
54.58
59.38
56.90
51.77
51.83
52.41
160.56
223.57
214.17
208.75
228.77
266.30
269.72
241.63
251.63
217.65
161.60
134.84
132.12
129.04
77.37
70.30
68.21
56.70
63.55
68.25
63.92
60.88
57.04
43.14
141.09
167.42
165.69
162.14
215.70
228.72
226.92
232.56
241.63
227.43
189.56
151.77
131.28
128.47
85.35
69.27
72.05
55.27
57.99
64.22
64.58
60.08
58.66
49.65
139.49
161.19
158.67
171.23
214.41
254.60
239.00
215.99
237.76
242.91
184.21
138.28
122.85
125.91
80.05
70.12
65.52
62.51
57.68
55.32
50.85
64.90
56.34
53.65
121.98
163.33
170.16
162.74
199.53
220.91
217.21
203.43
227.71
253.45
185.10
132.87
119.06
119.59
82.78
73.39
73.94
47.57
63.78
70.26
63.47
45.66
55.86
55.11
123.92
166.67
159.91
158.16
204.78
221.33
215.28
201.49
220.01
244.68
185.28
131.13
120.60
132.14
88.85
70.48
65.88
57.77
62.13
59.57
45.47
50.46
53.06
49.31
41.85
51.76
51.06
36.85
51.64
52.88
47.70
40.87
52.35
52.15
52.27
39.75
50.65
56.62
55.82
46.79
48.96
55.74
53.30
38.88
53.18
52.74
39.02
52.89
52.81
37.90
49.59
51.00
50.62
39.53
52.15
52.92
51.38
39.11
52.61
53.44
54.75
53.25
43.40
56.08
55.92
56.25
43.71
48.41
53.78
54.60
53.74
53.79
166.86
224.19
215.33
217.84
246.13
268.27
254.64
226.89
244.36
215.33
155.31
132.69
131.42
137.04
86.62
66.87
61.79
62.30
70.77
68.60
51.26
47.24
57.39
56.62
129.76
177.45
174.41
176.15
222.52
214.40
195.42
217.07
220.56
219.37
159.97
118.64
113.91
116.17
76.46
68.66
49.49
50.60
53.72
55.08
56.93
59.30
52.46
37.30
126.49
174.55
165.29
150.97
186.03
222.19
200.00
197.52
222.93
211.55
173.54
130.02
120.16
126.77
77.16
67.98
64.23
56.04
41.21
63.33
65.11
59.02
53.93
43.36
126.62
161.35
167.17
170.15
210.79
206.27
204.04
206.47
227.09
226.26
171.16
129.14
127.22
134.68
89.83
76.52
66.88
64.54
54.70
71.30
65.08
56.97
45.56
59.85
131.08
180.89
178.66
172.59
200.98
209.42
199.68
204.78
211.43
206.48
154.92
122.74
124.49
130.35
80.07
73.48
70.05
55.43
67.60
68.36
68.02
49.68
59.16
57.99
46.70
51.23
54.92
55.42
42.17
57.80
57.28
57.63
48.90
50.11
56.31
56.73
57.84
52.53
51.72
59.01
58.70
56.70
44.35
56.86
56.93
52.67
46.48
56.32
57.02
43.40
54.49
55.71
56.50
46.76
49.66
56.43
55.76
55.64
48.35
49.11
58.99
59.65
58.74
44.79
59.31
58.35
43.29
56.05
57.01
42.67
56.37
57.44
147.67
197.70
143.32
162.37
157.95
151.21
158.57
150.53
144.47
143.52
144.37
142.77
130.58
120.76
76.81
65.12
64.61
73.22
55.06
70.68
67.51
48.54
58.49
43.91
128.94
168.28
171.31
164.59
162.64
155.32
154.93
159.53
150.13
141.09
139.91
139.81
149.97
149.38
88.77
66.88
52.54
63.07
56.35
44.05
58.20
58.45
54.31
56.87
123.35
162.07
166.71
138.76
132.70
130.88
129.28
135.63
136.02
133.65
125.31
114.13
116.70
126.41
73.00
52.79
58.62
58.70
42.96
56.72
43.81
55.49
46.76
52.22
113.77
151.62
154.18
129.76
120.68
133.31
135.14
137.14
133.42
129.58
126.36
126.44
128.88
127.67
71.56
65.16
69.14
52.28
62.79
63.67
48.98
65.97
60.73
44.58
114.94
145.06
145.10
137.27
135.00
130.63
127.38
122.98
123.48
118.27
118.66
120.10
122.70
117.90
70.61
62.73
61.83
54.63
56.17
57.25
42.59
56.04
55.65
42.37
56.86
49.81
45.44
54.69
45.07
50.93
55.83
55.40
43.71
53.27
55.82
55.41
54.90
48.08
58.99
58.96
53.22
49.42
56.95
45.92
52.89
56.25
42.71
56.77
43.91
54.29
41.23
53.66
54.93
40.92
55.06
55.55
45.91
50.65
56.81
55.67
48.30
54.72
59.27
49.78
42.33
50.58
37.67
47.14
48.58
35.47
48.25
35.38
123.02
149.02
154.89
146.80
124.08
113.69
116.02
124.52
121.08
119.03
116.81
116.05
117.01
116.96
71.10
60.51
56.35
40.84
52.32
51.03
43.07
54.85
42.67
42.99
112.25
144.08
142.10
125.01
120.67
119.78
120.13
121.48
121.53
120.59
119.58
119.14
122.96
121.01
71.06
57.89
52.08
37.03
48.75
48.35
35.44
47.84
39.37
44.48
104.86
143.00
149.08
133.29
125.02
120.76
123.00
127.01
121.64
114.62
112.92
111.74
115.11
115.78
61.86
48.94
52.03
48.36
36.26
48.58
38.12
45.08
48.16
35.25
106.67
149.59
153.67
138.15
128.55
129.30
126.08
130.63
128.53
127.98
124.55
124.86
130.03
134.37
74.60
59.17
49.34
38.72
47.85
35.44
37.93
37.76
37.34
37.42
83.03
99.11
74.76
52.94
53.04
57.45
50.76
52.47
55.21
56.97
66.26
68.67
70.26
68.76
58.74
47.61
43.76
43.33
45.90
41.08
38.92
38.59
38.40
38.28
38.83
35.91
36.55
38.09
37.42
36.75
36.88
37.00
35.68
36.05
35.99
36.21
39.13
39.81
39.65
39.46
39.42
39.26
37.91
37.80
37.75
37.83
37.73
37.68
39.10
35.71
35.66
35.51
36.26
37.97
39.85
37.09
37.10
37.12
37.40
36.80
39.06
39.66
39.66
39.64
39.51
39.22
37.83
37.79
37.84
37.61
37.59
38.28
68.56
91.78
118.44
135.74
215.83
185.83
168.92
177.11
172.84
147.30
128.01
107.89
90.82
82.69
74.46
64.75
50.39
57.55
48.58
57.11
48.33
52.85
48.92
46.08
95.38
100.19
113.34
135.22
149.74
152.51
163.38
179.46
181.84
183.33
145.86
109.22
87.36
90.17
68.12
63.30
57.28
50.01
58.12
56.42
60.50
49.41
47.10
50.41
96.48
130.52
137.59
137.88
158.33
162.38
174.61
175.95
176.38
182.91
145.34
119.55
99.33
91.26
70.76
55.38
59.67
59.43
50.79
62.15
50.34
53.75
48.48
41.03
107.92
134.18
152.28
152.20
171.95
178.96
172.11
166.61
172.18
177.88
144.25
117.05
85.33
64.54
65.82
62.98
63.43
61.10
53.31
45.75
45.37
45.28
45.33
45.35
70.45
91.46
117.66
125.19
130.80
145.12
142.39
144.81
143.95
145.26
128.39
117.38
120.81
124.55
124.37
120.86
117.35
116.66
113.13
123.78
126.67
128.44
129.98
130.37
133.74
131.05
131.46
117.69
110.80
108.63
108.74
108.74
108.25
106.64
106.78
106.78
110.67
110.10
109.56
110.62
111.98
112.72
114.04
127.80
131.55
132.63
133.00
132.93
134.13
131.26
131.29
123.64
110.84
107.59
106.99
84.92
83.87
84.16
84.18
83.96
87.31
86.62
86.94
87.21
87.73
87.79
87.79
88.61
90.05
96.56
97.30
97.72
107.98
118.18
139.22
137.82
146.00
149.23
147.74
149.19
148.63
135.25
127.53
119.47
119.78
122.44
127.12
122.93
134.10
126.71
117.33
131.77
137.03
135.07
134.13
134.00
142.48
151.87
174.57
162.29
152.46
149.76
146.16
146.15
142.53
140.14
115.40
147.98
216.67
197.02
200.62
201.25
185.24
181.86
172.72
169.65
168.05
161.97
157.40
157.81
138.98
190.71
237.00
189.64
188.30
160.77
137.05
143.25
158.48
167.92
142.71
122.38
114.83
95.24
107.36
98.73
99.53
97.75
86.25
94.03
91.75
91.06
86.74
76.36
87.26
81.47
114.08
144.78
156.91
156.59
159.44
154.51
158.39
166.89
139.62
121.50
99.07
101.05
111.36
111.32
110.47
111.10
100.20
105.03
102.55
106.17
107.69
87.80
102.17
107.43
112.77
119.79
150.54
166.01
164.34
164.48
158.87
159.07
135.47
120.24
117.65
119.43
113.77
89.36
90.18
96.89
103.07
87.19
83.77
77.90
77.86
85.84
81.42
86.24
92.16
95.06
125.60
134.30
126.71
117.95
128.14
134.03
131.66
107.03
106.42
97.19
94.25
98.87
92.61
94.00
98.22
89.04
98.58
96.57
85.93
102.66
102.04
84.29
96.47
107.84
124.17
128.14
107.82
111.63
128.13
136.79
134.82
104.56
92.71
101.00
99.76
100.76
100.58
109.43
101.73
95.58
94.93
98.53
92.34
72.35
72.89
79.18
107.78
113.92
118.51
145.66
157.22
155.89
160.20
146.91
118.55
101.04
95.06
78.01
86.10
80.83
83.61
82.41
73.02
84.54
105.25
105.79
90.97
100.46
123.13
125.86
117.14
110.77
114.18
118.94
146.64
168.16
169.84
161.44
127.76
93.79
91.14
92.11
93.03
89.42
94.30
81.57
75.16
84.27
76.39
71.05
94.07
103.73
109.75
106.40
116.44
186.66
141.45
105.77
102.41
112.89
126.67
136.26
94.01
72.77
76.92
80.72
92.59
101.84
95.57
75.31
80.37
85.35
98.56
128.30
144.03
142.43
154.09
154.13
139.81
113.74
97.05
121.71
129.66
142.68
168.03
172.64
133.02
85.91
66.31
72.98
82.32
82.27
85.38
103.55
61.11
48.32
46.78
42.75
42.32
39.87
135.72
213.74
142.63
102.65
100.72
110.37
108.60
109.14
108.81
120.05
112.37
101.94
99.45
97.82
78.53
59.50
56.42
51.24
54.78
52.23
45.13
40.83
39.28
39.03
39.01
35.86
35.98
43.09
48.38
50.24
50.16
50.07
50.39
50.43
51.59
52.36
53.93
53.63
53.74
53.80
53.43
50.64
45.72
46.86
42.61
43.72
41.77
41.41
41.15
38.25
44.43
48.46
49.06
49.01
49.06
50.38
50.70
60.45
48.50
49.38
51.98
52.15
53.44
53.52
53.40
51.43
48.29
47.54
41.90
41.03
41.15
40.95
58.93
69.68
91.71
94.13
101.88
124.50
149.61
146.91
145.32
122.56
108.47
81.47
81.68
75.50
66.36
68.91
50.00
46.33
42.83
35.85
36.98
41.53
35.70
37.09
69.66
82.36
97.18
98.09
142.71
142.27
146.88
160.79
152.41
153.14
126.48
95.61
78.00
70.70
67.76
47.93
62.19
42.48
35.32
39.38
50.67
34.76
35.10
36.49
61.53
79.67
112.88
121.16
147.08
155.36
151.83
152.81
152.11
155.87
100.92
76.42
68.12
58.98
62.87
53.03
53.43
52.62
40.47
42.54
45.95
40.26
37.27
37.03
49.52
64.11
88.75
107.43
155.05
153.63
146.45
143.85
148.40
153.10
129.62
95.20
94.64
80.10
64.31
48.06
50.05
61.62
51.49
53.14
56.95
50.74
44.30
42.82
63.76
81.54
118.72
139.99
153.07
154.17
153.05
154.76
153.58
154.25
131.07
92.81
81.25
88.92
78.69
56.82
61.61
45.79
49.36
38.45
38.53
41.14
37.49
36.95
38.87
38.62
45.63
36.81
49.56
36.98
41.83
43.13
38.94
49.47
39.38
50.63
41.32
51.73
38.79
40.35
50.33
40.13
37.99
37.35
37.20
37.31
37.28
37.14
38.83
39.98
46.08
41.25
41.29
42.88
38.17
48.30
37.53
47.65
37.93
52.12
41.27
52.32
40.46
41.55
47.74
38.76
37.46
37.44
45.62
38.15
38.92
45.81
78.51
92.65
74.64
75.04
79.83
91.40
92.14
90.64
95.53
80.09
77.41
91.94
83.46
79.33
58.54
39.41
40.46
38.56
40.10
39.29
39.72
37.94
37.37
47.04
80.35
109.56
113.81
121.63
145.95
155.54
155.29
157.68
153.80
158.03
118.33
101.35
92.09
77.84
54.27
53.51
55.04
48.33
51.71
54.29
44.33
55.61
50.78
43.07
80.22
117.72
115.67
105.81
126.03
102.42
157.25
164.57
157.57
161.08
131.53
96.02
80.13
65.23
58.38
53.55
51.30
54.20
52.14
56.91
51.34
51.91
47.36
51.09
86.34
122.24
129.72
105.65
132.72
147.41
147.13
146.44
146.18
151.60
123.63
93.80
89.30
80.39
64.49
56.25
58.37
43.85
50.11
52.89
52.06
46.63
43.87
44.14
73.64
81.99
92.94
92.44
125.12
142.75
142.08
143.37
148.25
154.41
127.26
85.80
79.31
90.24
71.55
54.22
52.25
59.82
50.52
42.94
42.97
42.83
42.26
42.94
44.37
42.47
40.03
39.68
40.47
40.66
40.79
40.71
40.61
40.71
40.68
41.11
43.06
43.12
43.20
44.25
47.05
42.95
43.19
41.87
42.52
42.73
42.12
41.38
43.52
41.66
39.62
39.48
39.52
39.53
36.51
36.03
36.15
36.21
36.37
37.63
39.78
39.90
44.20
42.25
42.47
41.33
40.10
39.93
39.40
39.36
38.87
40.16
62.50
81.48
98.15
93.96
91.59
92.93
94.89
98.22
108.37
164.27
142.05
110.24
86.40
81.39
69.40
61.19
67.16
59.22
41.19
49.38
54.33
48.07
49.59
39.90
74.66
100.71
108.22
97.22
97.00
96.95
157.91
151.09
137.40
123.19
87.68
87.04
82.25
73.98
62.75
70.57
55.32
49.56
44.26
39.50
44.26
35.84
47.37
43.68
85.79
104.93
121.66
118.73
121.51
140.86
140.88
167.94
173.24
168.90
144.36
135.60
117.87
129.82
80.27
53.54
55.23
44.68
45.76
49.25
46.34
41.40
42.44
35.88
89.20
143.61
148.98
143.82
126.54
125.34
120.41
118.24
122.79
128.42
116.50
107.63
98.22
98.24
79.12
60.61
44.63
39.77
38.68
45.94
43.11
39.38
36.14
38.23
89.81
140.15
161.86
142.69
130.45
132.76
127.09
122.22
124.54
122.77
114.71
114.69
124.40
114.88
69.99
51.91
56.76
48.73
35.29
37.41
34.91
37.23
35.01
34.96
38.33
34.73
33.06
35.41
33.11
39.26
35.25
33.22
36.00
36.68
36.80
38.78
39.87
39.29
36.56
39.54
36.74
38.73
34.94
36.92
34.96
37.39
34.99
35.06
38.44
34.76
35.35
33.13
35.91
37.78
36.28
36.69
36.43
36.75
37.36
37.81
40.22
38.24
39.33
39.17
36.71
38.92
35.10
35.43
37.34
34.98
37.23
34.75
150.40
208.67
177.62
157.95
146.38
146.16
140.84
138.98
164.40
145.16
138.25
140.49
151.30
146.76
68.51
44.46
36.91
42.44
37.23
48.28
51.84
45.01
38.12
37.50
140.25
217.86
204.82
174.42
135.51
140.62
139.01
136.45
130.50
133.77
130.78
125.98
131.08
133.91
66.63
37.73
39.54
37.23
39.20
47.34
52.85
49.50
42.08
40.35
175.43
242.90
178.62
149.79
142.76
146.39
142.79
167.07
175.03
173.25
147.06
145.45
146.94
167.04
84.23
36.76
42.66
39.64
40.86
38.54
40.86
40.90
40.84
38.12
111.08
174.28
181.46
187.25
184.15
179.54
178.55
195.41
189.11
175.73
158.53
180.53
206.15
219.28
93.30
39.81
41.86
41.54
38.13
40.68
40.71
40.75
40.67
40.61
108.43
173.60
196.28
202.33
192.12
195.60
181.08
168.04
156.17
154.46
161.28
164.37
167.58
164.71
77.50
39.63
41.90
39.34
37.92
40.22
38.01
37.92
37.92
40.38
39.43
38.17
38.46
36.08
36.19
37.97
38.60
36.28
38.67
36.35
39.07
40.83
39.75
39.71
41.70
39.71
41.57
39.45
38.08
38.09
40.57
38.03
38.13
39.87
40.14
38.28
36.33
39.26
36.59
38.99
36.30
39.06
37.10
40.63
41.69
43.85
40.54
43.78
41.02
42.21
39.65
39.40
39.66
37.95
38.03
40.34
37.94
37.83
280.23
357.95
246.00
179.54
162.45
149.87
150.61
166.97
192.00
168.79
161.68
186.33
182.58
170.27
81.64
46.31
51.09
46.54
51.35
55.22
55.34
49.89
46.27
44.41
175.68
248.68
210.09
158.69
144.35
154.65
144.81
169.25
185.46
187.09
154.93
142.17
136.92
132.93
73.66
50.36
47.61
43.83
42.71
55.56
52.79
53.66
45.06
39.11
113.87
162.97
139.14
115.89
130.62
145.76
173.49
179.32
178.91
185.37
164.31
142.21
132.82
131.43
83.52
55.56
56.47
57.64
46.97
38.31
41.17
40.93
38.51
41.98
103.30
152.50
152.15
140.44
136.42
160.04
182.62
193.36
182.10
185.99
161.14
148.65
147.10
128.86
67.79
42.12
43.18
59.54
54.51
58.15
50.16
50.83
48.12
41.96
129.31
202.75
182.25
148.50
140.67
146.04
156.38
189.49
201.67
199.72
161.09
135.59
144.67
139.92
71.03
53.82
62.99
60.24
50.17
43.07
41.94
41.62
39.10
41.57
39.60
40.06
37.39
38.67
40.11
39.23
38.70
40.75
40.86
41.85
43.75
41.04
42.99
43.19
42.67
39.91
42.54
42.16
38.23
40.71
40.76
38.32
40.76
38.17
42.31
38.62
35.82
35.61
32.94
35.54
35.88
36.69
35.49
37.05
34.66
36.56
39.43
36.62
39.34
38.91
37.43
39.21
37.13
35.53
37.72
35.03
37.61
37.49
121.27
189.40
178.92
148.16
131.79
131.10
126.11
123.45
132.30
130.67
114.68
113.43
127.02
132.02
66.07
36.14
49.72
49.56
46.16
41.93
48.72
52.55
42.39
38.04
156.53
222.05
186.19
150.45
136.57
151.71
144.04
136.29
129.31
158.79
142.53
131.60
140.13
127.71
80.57
50.82
50.37
44.82
39.39
40.41
48.37
49.94
39.46
38.80
152.20
222.66
180.27
156.21
138.34
149.09
141.70
154.81
178.00
183.66
154.64
142.55
134.63
133.95
87.32
59.03
50.37
45.07
36.80
34.66
37.83
34.70
35.35
34.59
178.00
251.98
192.85
148.72
141.49
149.93
134.33
129.48
143.32
174.57
153.74
154.34
136.23
123.17
89.65
58.67
58.67
46.19
47.09
41.16
39.70
37.24
35.37
35.36
160.17
233.12
184.99
143.95
135.37
134.90
132.25
143.53
165.38
176.02
145.35
142.63
143.83
148.82
86.45
56.24
52.79
47.86
37.71
35.79
36.99
34.59
36.92
34.62
36.08
37.86
33.57
35.89
34.38
33.91
40.18
34.11
39.31
33.06
38.91
38.05
36.36
39.06
38.77
36.44
39.13
36.15
37.25
34.79
36.64
34.74
37.03
34.59
38.58
35.61
34.61
33.33
32.95
35.87
35.47
34.47
36.05
36.64
35.12
34.81
38.76
36.84
38.20
37.77
36.86
36.23
37.17
34.76
34.77
37.12
34.54
34.63
245.68
338.72
246.91
187.67
157.55
143.49
140.22
138.77
133.83
146.26
159.68
166.03
199.49
212.13
94.91
51.33
46.65
50.58
47.62
40.01
35.98
46.08
42.49
38.35
238.03
336.45
235.79
164.60
146.68
147.85
149.72
151.21
153.26
154.58
150.28
170.24
197.51
204.15
97.57
52.34
59.98
50.43
35.92
34.80
37.08
34.77
34.76
34.67
223.01
302.86
222.83
172.64
159.64
161.76
156.62
152.24
153.84
183.17
163.37
171.89
194.34
194.74
97.60
60.27
46.53
46.11
37.69
37.77
37.78
40.12
37.72
37.25
219.98
305.51
230.65
177.81
167.25
160.92
180.21
167.61
147.30
148.52
152.71
140.75
139.60
134.03
75.93
52.73
44.29
44.02
40.88
40.36
37.88
37.83
40.59
37.77
239.02
335.69
243.41
184.42
172.83
157.76
154.07
158.70
151.88
155.13
143.72
141.96
147.19
139.05
70.70
41.58
37.96
37.77
37.35
39.70
37.36
37.30
40.05
37.37
38.84
38.16
37.81
35.31
35.22
37.20
35.29
38.05
38.25
35.30
38.50
39.79
38.97
41.04
38.92
41.52
39.06
41.18
37.61
37.46
39.85
37.56
39.78
37.51
38.94
38.66
37.46
35.41
37.38
35.47
38.18
38.53
36.05
37.72
38.36
39.80
39.09
41.53
38.82
41.42
38.99
40.66
18.69
0.00
37.05
37.42
39.23
37.41
264.56
339.25
240.83
194.04
166.04
155.64
155.34
169.34
176.64
161.21
160.19
163.29
119.98
135.72
76.59
39.86
42.08
39.19
37.43
39.74
37.44
39.81
37.29
37.14
175.85
234.19
165.66
137.72
126.09
136.41
136.94
135.97
130.05
134.94
130.80
128.44
134.02
131.66
72.00
41.20
38.95
38.75
39.84
37.51
39.74
37.32
39.75
37.40
190.14
258.85
190.70
149.74
142.00
141.81
157.46
152.07
136.99
133.11
136.00
140.56
153.37
158.19
73.11
41.44
38.96
40.98
37.29
37.22
37.44
39.75
37.36
37.24
255.08
340.49
255.58
183.27
159.59
149.44
152.19
146.53
143.92
152.84
155.47
141.59
148.96
148.34
75.83
41.13
44.24
39.33
37.32
37.41
39.72
37.32
37.32
39.94
203.15
283.71
216.17
174.13
156.92
156.52
157.99
166.04
161.17
160.40
153.71
151.59
160.19
167.17
84.84
46.47
39.80
39.69
40.41
38.22
38.16
38.24
40.19
38.07
39.84
41.83
36.29
36.36
36.19
39.07
36.29
36.43
38.78
36.28
36.44
37.35
42.22
39.86
39.72
42.40
39.89
39.55
38.15
40.53
38.18
38.18
38.34
34.91
36.49
36.36
32.75
32.95
32.93
32.87
32.95
32.90
32.87
32.98
32.94
34.14
36.42
36.53
36.42
36.44
36.65
36.19
34.86
34.82
34.74
34.84
34.68
34.71
343.85
436.95
299.92
240.07
212.48
194.98
175.54
173.51
164.43
152.42
144.73
156.45
163.24
152.99
85.86
52.21
48.27
37.83
37.05
37.03
37.08
36.81
37.06
36.86
242.84
320.41
196.31
145.67
141.87
150.13
146.77
132.21
115.48
101.93
92.57
95.77
120.96
137.91
73.03
36.79
36.82
37.02
