42.83
42.25
41.45
41.53
41.55
51.85
53.28
52.21
48.57
45.32
46.05
45.69
45.49
45.76
46.03
45.85
42.17
44.22
48.05
48.74
48.37
48.31
48.07
45.74
37.34
38.01
38.64
37.50
36.92
46.99
51.14
51.87
54.83
67.81
69.45
68.13
69.85
69.64
68.61
68.95
51.47
55.11
49.73
48.13
48.02
48.23
48.22
45.32
39.73
39.18
37.11
36.28
36.47
46.88
50.39
49.45
51.60
67.28
67.72
68.53
69.32
69.66
71.78
70.92
67.72
53.74
49.41
47.12
49.85
49.39
47.14
45.37
36.97
36.77
36.42
37.39
37.02
46.08
50.13
51.71
55.04
70.30
69.33
67.78
68.86
69.39
67.62
67.60
68.10
56.99
50.05
48.35
48.50
47.67
47.79
47.35
44.41
43.33
43.19
43.27
43.01
43.06
43.50
43.18
38.98
37.17
37.09
36.91
37.01
36.67
36.99
38.06
41.24
43.99
46.76
46.71
46.84
47.02
46.73
46.89
46.96
49.10
49.36
49.24
48.96
48.92
49.29
49.15
48.17
43.78
42.99
42.83
43.20
43.45
42.39
42.25
42.03
44.99
48.65
48.48
48.64
48.69
48.64
44.66
41.92
45.71
44.47
42.86
41.96
42.08
42.75
46.90
62.29
66.27
67.42
70.34
71.98
76.79
77.30
75.89
75.46
70.88
71.86
68.57
65.84
66.70
65.35
64.35
57.46
54.83
52.44
50.67
49.33
49.54
49.48
52.84
65.74
71.46
72.96
74.66
75.53
86.22
94.26
95.82
97.52
85.14
84.70
77.54
70.44
68.22
67.01
65.32
60.06
58.74
54.12
52.50
52.31
52.04
52.44
54.19
68.48
72.36
74.09
77.73
82.88
92.76
96.65
99.47
99.67
88.86
88.15
80.28
74.12
70.35
69.64
66.05
45.09
40.53
43.99
42.77
42.16
51.86
57.98
60.17
69.93
73.04
41.32
80.84
83.75
101.03
87.73
87.71
83.62
79.29
79.79
72.69
68.25
66.39
66.28
62.35
41.79
41.31
38.69
38.03
37.03
46.22
52.38
57.75
69.72
73.73
72.99
74.99
78.18
78.74
81.38
80.89
77.39
69.56
68.86
67.69
66.37
57.17
54.06
48.25
36.40
36.37
36.19
36.18
36.08
44.83
50.90
50.99
45.80
44.50
44.49
51.97
55.37
66.34
67.79
67.51
62.15
63.77
66.49
58.77
52.78
51.86
51.65
47.94
36.31
36.25
35.83
35.93
35.77
44.97
51.46
51.66
47.08
45.11
44.50
44.24
56.77
59.04
59.29
60.69
60.91
62.37
68.08
66.95
65.95
66.04
65.97
60.70
40.07
37.33
36.67
36.66
36.63
45.52
51.95
55.76
70.00
73.30
75.39
77.04
88.59
93.02
101.61
101.45
101.47
92.85
90.69
86.55
75.31
73.13
69.45
63.40
40.44
37.94
37.87
35.75
35.63
45.92
51.75
56.03
69.02
75.00
77.41
95.22
94.89
103.37
97.50
97.73
102.99
90.34
87.54
79.33
75.76
71.46
70.19
63.18
40.23
40.40
40.34
36.88
36.15
45.99
52.33
55.92
68.19
72.35
75.51
78.41
93.31
103.89
105.57
98.48
94.74
91.60
91.57
87.90
79.77
74.99
70.16
63.34
39.99
37.37
39.13
35.63
35.21
44.58
51.13
55.51
67.84
73.34
77.34
80.89
89.46
104.21
104.48
103.04
98.02
89.46
89.93
86.27
82.41
75.70
65.50
64.63
38.90
42.04
40.30
37.52
38.69
49.28
55.53
57.44
69.05
73.01
73.21
74.05
89.06
93.63
92.61
88.29
88.15
80.24
81.51
79.50
73.30
61.61
54.96
49.67
36.97
36.78
36.54
35.54
35.57
44.55
51.47
51.46
45.98
44.80
44.82
51.78
55.02
63.13
67.64
68.30
72.77
73.77
77.74
63.82
55.37
53.61
53.56
49.45
37.89
37.50
37.68
37.34
37.48
46.36
52.82
53.25
47.19
44.87
42.85
42.24
52.58
63.90
65.50
68.02
71.31
70.77
76.44
73.97
70.26
68.33
66.69
61.35
40.42
36.18
36.12
35.75
35.89
45.07
51.91
52.29
47.16
56.29
57.27
57.24
57.88
59.69
59.41
62.77
62.74
51.90
52.56
51.89
52.00
51.20
51.20
47.10
36.05
36.22
35.99
35.97
35.71
44.45
50.87
55.50
70.01
76.69
78.32
80.48
82.32
83.86
87.59
88.71
85.22
80.71
78.70
73.06
69.57
69.58
69.27
63.38
44.71
39.18
38.28
37.14
36.46
45.37
51.12
56.14
64.74
72.34
76.37
75.63
77.91
80.80
83.17
83.88
82.80
77.66
77.90
73.47
68.65
68.50
68.39
62.21
41.07
37.29
38.88
36.81
36.28
26.89
35.01
0.00
0.00
0.00
0.00
0.00
0.00
0.00
0.00
0.00
0.00
0.00
0.00
0.00
0.00
0.00
0.00
0.00
0.00
0.00
0.00
0.00
0.00
0.00
0.00
0.00
0.00
0.00
0.00
0.00
0.00
0.00
0.00
0.00
0.00
0.00
0.00
0.00
0.00
0.00
0.00
0.00
0.00
0.00
0.00
0.00
0.00
0.00
0.00
0.00
0.00
0.00
0.00
0.00
0.00
0.00
0.00
0.00
0.00
0.00
0.00
0.00
0.00
0.00
0.00
0.00
0.00
0.00
0.00
0.00
0.00
0.00
0.00
0.00
0.00
0.00
0.00
0.00
0.00
0.00
0.00
0.00
0.00
0.00
0.00
0.00
0.00
0.00
0.00
0.00
0.00
0.00
0.00
0.00
0.00
0.00
0.00
0.00
0.00
0.00
0.00
0.00
0.00
0.00
0.00
0.00
0.00
0.00
0.00
0.00
0.00
0.00
0.00
0.00
0.00
0.00
0.00
0.00
0.00
0.00
0.00
0.00
0.00
0.00
0.00
0.00
0.00
0.00
0.00
0.00
0.00
0.00
0.00
0.00
0.00
0.00
0.00
0.00
0.00
0.00
0.00
0.00
0.00
0.00
0.00
0.00
0.00
0.00
0.00
0.00
0.00
0.00
0.00
0.00
0.00
0.00
0.00
0.00
0.00
0.00
0.00
0.00
0.00
0.00
0.00
0.00
0.00
0.00
0.00
0.00
0.00
0.00
0.00
0.00
0.00
0.00
0.00
0.00
0.00
0.00
0.00
0.00
0.00
0.00
0.00
0.00
0.00
0.00
0.00
0.00
0.00
0.00
0.00
0.00
0.00
0.00
0.00
0.00
0.00
0.00
0.00
0.00
0.00
0.00
0.00
0.00
0.00
0.00
0.00
0.00
0.00
0.00
0.00
0.00
0.00
0.00
0.00
0.00
0.00
0.00
0.00
0.00
0.00
0.00
0.00
0.00
0.00
0.00
0.00
0.00
0.00
0.00
0.00
0.00
0.00
0.00
0.00
0.00
0.00
0.00
0.00
0.00
0.00
0.00
0.00
0.00
0.00
0.00
0.00
0.00
0.00
0.00
0.00
0.00
0.00
0.00
0.00
0.00
0.00
0.00
0.00
0.00
0.00
0.00
0.00
0.00
0.00
0.00
0.00
0.00
0.00
0.00
0.00
0.00
0.00
0.00
0.00
0.00
0.00
0.00
0.00
0.00
0.00
0.00
0.00
0.00
0.00
0.00
0.00
0.00
0.00
0.00
0.00
0.00
0.00
0.00
0.00
0.00
0.00
0.00
0.00
0.00
0.00
0.00
0.00
0.00
0.00
0.00
0.00
0.00
0.00
0.00
0.00
0.00
0.00
0.00
0.00
0.00
0.00
0.00
0.00
0.00
0.00
0.00
0.00
0.00
0.00
0.00
0.00
0.00
0.00
0.00
0.00
0.00
0.00
0.00
0.00
0.00
0.00
0.00
0.00
0.00
0.00
0.00
0.00
0.00
0.00
0.00
0.00
0.00
0.00
0.00
0.00
0.00
0.00
0.00
0.00
0.00
0.00
0.00
0.00
0.00
0.00
0.00
0.00
0.00
0.00
0.00
0.00
0.00
0.00
0.00
0.00
0.00
0.00
0.00
0.00
0.00
0.00
0.00
0.00
0.00
0.00
0.00
0.00
0.00
0.00
0.00
0.00
0.00
0.00
0.00
0.00
0.00
0.00
0.00
0.00
0.00
0.00
0.00
0.00
0.00
0.00
0.00
0.00
0.00
0.00
0.00
0.00
0.00
0.00
0.00
0.00
0.00
0.00
0.00
0.00
0.00
0.00
0.00
0.00
0.00
0.00
0.00
0.00
0.00
0.00
0.00
0.00
0.00
0.00
0.00
0.00
0.00
0.00
0.00
0.00
0.00
0.00
0.00
0.00
0.00
0.00
0.00
0.00
0.00
0.00
0.00
0.00
0.00
0.00
0.00
0.00
0.00
0.00
0.00
0.00
0.00
0.00
0.00
0.00
0.00
0.00
0.00
0.00
0.00
0.00
0.00
0.00
0.00
0.00
0.00
0.00
0.00
0.00
0.00
0.00
0.00
0.00
0.00
0.00
0.00
0.00
0.00
0.00
0.00
0.00
0.00
0.00
0.00
0.00
0.00
0.00
0.00
0.00
0.00
0.00
0.00
0.00
0.00
0.00
0.00
0.00
0.00
0.00
0.00
0.00
0.00
0.00
0.00
0.00
0.00
0.00
0.00
0.00
0.00
0.00
0.00
0.00
0.00
0.00
0.00
0.00
0.00
0.00
0.00
0.00
0.00
0.00
0.00
0.00
0.00
0.00
0.00
0.00
0.00
0.00
0.00
0.00
0.00
0.00
0.00
0.00
0.00
0.00
0.00
0.00
0.00
0.00
0.00
0.00
0.00
0.00
0.00
0.00
0.00
0.00
0.00
0.00
0.00
0.00
0.00
0.00
0.00
0.00
0.00
0.00
0.00
0.00
0.00
0.00
0.00
0.00
0.00
0.00
0.00
0.00
0.00
0.00
0.00
0.00
0.00
0.00
0.00
0.00
0.00
0.00
0.00
0.00
0.00
0.00
0.00
0.00
0.00
0.00
0.00
0.00
0.00
0.00
0.00
0.00
0.00
0.00
0.00
0.00
0.00
0.00
0.00
0.00
0.00
0.00
0.00
0.00
0.00
0.00
0.00
0.00
0.00
0.00
0.00
0.00
0.00
0.00
0.00
0.00
0.00
0.00
0.00
0.00
0.00
0.00
0.00
0.00
0.00
0.00
0.00
0.00
0.00
0.00
0.00
0.00
0.00
0.00
0.00
0.00
0.00
0.00
0.00
0.00
0.00
0.00
0.00
0.00
0.00
0.00
0.00
0.00
0.00
0.00
0.00
0.00
0.00
0.00
0.00
0.00
0.00
0.00
0.00
0.00
0.00
0.00
0.00
0.00
0.00
0.00
0.00
0.00
0.00
0.00
0.00
0.00
0.00
0.00
0.00
0.00
0.00
0.00
0.00
0.00
0.00
0.00
0.00
0.00
0.00
0.00
0.00
0.00
0.00
0.00
0.00
0.00
0.00
0.00
0.00
0.00
0.00
0.00
0.00
0.00
0.00
0.00
0.00
0.00
0.00
0.00
0.00
0.00
0.00
0.00
0.00
0.00
0.00
0.00
0.00
0.00
0.00
0.00
0.00
0.00
0.00
0.00
0.00
0.00
0.00
0.00
0.00
0.00
0.00
0.00
0.00
0.00
0.00
0.00
0.00
0.00
0.00
0.00
0.00
0.00
0.00
0.00
0.00
0.00
0.00
0.00
0.00
0.00
0.00
0.00
0.00
0.00
0.00
0.00
0.00
0.00
0.00
0.00
0.00
0.00
0.00
0.00
0.00
0.00
0.00
0.00
0.00
0.00
0.00
0.00
0.00
0.00
0.00
0.00
0.00
0.00
0.00
0.00
0.00
0.00
0.00
0.00
0.00
0.00
0.00
0.00
0.00
0.00
0.00
0.00
0.00
0.00
0.00
0.00
0.00
0.00
0.00
0.00
0.00
0.00
0.00
0.00
0.00
0.00
0.00
0.00
0.00
0.00
0.00
0.00
0.00
0.00
0.00
0.00
0.00
0.00
0.00
0.00
0.00
0.00
0.00
0.00
0.00
0.00
0.00
0.00
0.00
0.00
0.00
0.00
0.00
0.00
0.00
0.00
0.00
0.00
0.00
0.00
0.00
0.00
0.00
0.00
0.00
0.00
0.00
0.00
0.00
0.00
0.00
0.00
0.00
0.00
0.00
0.00
0.00
0.00
0.00
0.00
0.00
0.00
0.00
0.00
0.00
0.00
0.00
0.00
0.00
0.00
0.00
0.00
0.00
0.00
0.00
0.00
0.00
0.00
0.00
0.00
0.00
0.00
0.00
0.00
0.00
0.00
0.00
0.00
0.00
0.00
0.00
0.00
0.00
0.00
0.00
0.00
0.00
0.00
0.00
0.00
0.00
0.00
0.00
0.00
0.00
0.00
0.00
0.00
0.00
0.00
0.00
0.00
0.00
0.00
0.00
0.00
0.00
0.00
0.00
0.00
0.00
0.00
0.00
0.00
0.00
0.00
0.00
0.00
0.00
0.00
0.00
0.00
0.00
0.00
0.00
0.00
0.00
0.00
0.00
0.00
0.00
0.00
0.00
0.00
0.00
0.00
0.00
0.00
0.00
0.00
0.00
0.00
0.00
0.00
0.00
0.00
0.00
0.00
0.00
0.00
0.00
0.00
0.00
0.00
0.00
0.00
0.00
0.00
0.00
0.00
0.00
0.00
0.00
0.00
0.00
0.00
0.00
0.00
0.00
0.00
0.00
0.00
0.00
0.00
0.00
0.00
0.00
0.00
0.00
0.00
0.00
0.00
0.00
0.00
0.00
0.00
0.00
0.00
0.00
0.00
0.00
0.00
0.00
0.00
0.00
0.00
0.00
0.00
0.00
0.00
0.00
0.00
0.00
0.00
0.00
0.00
0.00
0.00
0.00
0.00
0.00
0.00
0.00
0.00
0.00
0.00
0.00
0.00
0.00
0.00
0.00
0.00
0.00
0.00
0.00
0.00
0.00
0.00
0.00
0.00
0.00
0.00
0.00
0.00
0.00
0.00
0.00
0.00
0.00
0.00
0.00
0.00
0.00
0.00
0.00
0.00
0.00
0.00
0.00
0.00
0.00
0.00
0.00
0.00
0.00
0.00
0.00
0.00
0.00
0.00
0.00
0.00
0.00
0.00
0.00
0.00
0.00
0.00
0.00
0.00
0.00
0.00
0.00
0.00
0.00
0.00
0.00
0.00
0.00
0.00
0.00
0.00
0.00
0.00
0.00
0.00
0.00
0.00
0.00
0.00
0.00
0.00
0.00
0.00
0.00
0.00
0.00
0.00
0.00
0.00
0.00
0.00
0.00
0.00
0.00
0.00
0.00
0.00
0.00
0.00
0.00
0.00
0.00
0.00
0.00
0.00
0.00
0.00
0.00
0.00
0.00
0.00
0.00
0.00
0.00
0.00
0.00
0.00
0.00
0.00
0.00
0.00
0.00
0.00
0.00
0.00
0.00
0.00
0.00
0.00
0.00
0.00
0.00
0.00
0.00
0.00
0.00
0.00
0.00
0.00
0.00
0.00
0.00
0.00
0.00
0.00
0.00
0.00
0.00
0.00
0.00
0.00
0.00
0.00
0.00
0.00
0.00
0.00
0.00
0.00
0.00
0.00
0.00
0.00
0.00
0.00
0.00
0.00
0.00
0.00
0.00
0.00
0.00
0.00
0.00
0.00
0.00
0.00
0.00
0.00
0.00
0.00
0.00
0.00
0.00
0.00
0.00
0.00
0.00
0.00
0.00
0.00
0.00
0.00
0.00
0.00
0.00
0.00
0.00
0.00
0.00
0.00
0.00
0.00
0.00
0.00
0.00
0.00
0.00
0.00
0.00
0.00
0.00
0.00
0.00
0.00
0.00
0.00
0.00
0.00
0.00
0.00
0.00
0.00
0.00
0.00
0.00
0.00
0.00
0.00
0.00
0.00
0.00
0.00
0.00
0.00
0.00
0.00
0.00
0.00
0.00
0.00
0.00
0.00
0.00
0.00
0.00
0.00
0.00
0.00
0.00
0.00
0.00
0.00
0.00
0.00
0.00
0.00
0.00
0.00
0.00
0.00
0.00
0.00
0.00
0.00
0.00
0.00
0.00
0.00
0.00
0.00
0.00
0.00
0.00
0.00
0.00
0.00
0.00
0.00
0.00
0.00
0.00
0.00
0.00
0.00
0.00
0.00
0.00
0.00
0.00
0.00
0.00
0.00
0.00
0.00
0.00
0.00
0.00
0.00
0.00
0.00
94.69
126.29
110.90
111.07
109.25
92.92
82.82
83.43
67.31
42.40
42.44
40.10
40.11
38.67
60.34
57.68
54.12
69.40
75.49
78.27
104.62
117.05
118.39
122.56
110.69
98.96
76.96
79.13
80.47
73.51
72.38
73.54
66.73
40.00
39.90
37.00
35.35
35.58
51.59
54.77
52.21
66.03
73.05
77.19
106.19
105.62
110.71
107.33
103.67
104.27
89.80
70.22
76.22
69.41
59.87
55.51
51.22
37.15
36.96
37.01
37.47
36.73
53.04
55.20
50.22
48.57
47.41
59.76
84.03
86.55
84.49
87.85
84.54
88.75
85.97
82.57
59.38
57.71
60.26
54.95
52.27
37.46
37.29
37.23
38.08
37.28
54.71
56.59
51.13
50.93
50.31
79.69
72.23
91.23
83.96
90.82
86.16
95.98
87.11
94.91
81.60
68.92
74.14
66.42
65.01
41.74
36.79
36.68
36.95
36.62
54.14
54.04
54.31
70.11
75.44
105.85
102.92
120.29
118.45
132.26
120.67
113.21
121.37
104.85
105.84
98.14
91.52
73.16
71.45
43.04
43.77
50.74
45.83
35.67
54.78
54.09
53.17
69.48
99.91
104.15
118.14
112.89
135.77
130.31
133.08
125.20
111.88
114.96
106.00
94.53
101.72
79.79
65.42
41.78
38.34
45.80
40.80
35.25
57.38
54.33
52.90
70.43
109.03
101.48
112.68
118.96
116.02
123.00
124.21
117.30
118.60
104.92
98.54
104.96
92.37
80.42
64.24
41.38
43.34
42.54
41.30
41.63
60.84
59.29
53.96
70.37
99.51
103.46
118.02
115.41
132.47
118.41
133.39
122.83
112.17
115.09
106.83
95.38
79.04
73.05
54.04
24.27
42.81
38.07
38.67
39.53
59.32
59.87
59.29
72.62
87.20
109.61
112.33
106.94
116.98
110.66
111.74
116.61
99.63
94.14
96.89
72.01
61.02
61.48
49.70
37.30
38.25
37.01
37.20
36.68
53.22
54.94
50.71
49.30
50.64
85.74
84.17
93.91
87.50
93.41
88.34
92.93
86.17
92.44
77.00
75.11
57.88
56.08
52.90
39.43
39.87
39.82
39.13
38.85
53.88
58.79
51.04
48.35
50.94
80.97
73.63
90.86
88.89
93.33
89.92
98.22
87.18
95.99
90.11
83.37
78.58
76.46
63.85
41.64
38.03
38.74
37.65
42.97
63.20
64.36
64.27
73.23
103.08
101.24
112.17
117.63
116.71
115.82
129.47
106.94
118.95
103.15
103.30
98.16
82.11
69.43
66.53
50.64
45.92
44.12
43.50
42.95
62.38
62.13
56.94
73.04
104.30
106.03
121.06
126.81
139.05
123.91
136.64
130.38
122.27
119.71
103.07
103.35
89.22
88.53
69.20
40.87
42.03
39.27
36.62
34.62
56.22
54.44
53.62
72.38
86.08
111.51
117.16
116.30
119.09
132.63
126.83
118.94
121.77
107.06
101.07
88.89
76.23
82.38
68.21
45.68
50.53
41.19
35.44
35.63
55.07
53.50
53.79
69.29
97.27
104.51
116.41
117.94
128.96
130.05
133.47
129.12
112.57
114.44
114.11
96.28
84.47
77.84
65.99
46.66
43.51
43.35
42.43
42.49
62.67
62.44
64.27
73.41
97.67
105.53
114.93
109.37
123.12
114.61
116.05
118.52
97.28
102.60
97.81
93.65
65.18
68.53
54.86
36.05
36.22
35.73
35.83
36.46
59.36
55.93
49.09
63.88
74.43
73.86
86.44
87.85
87.97
88.37
93.25
86.93
93.44
84.04
89.36
74.52
76.77
57.72
53.35
38.53
39.37
38.77
39.26
39.48
59.11
56.13
52.64
53.70
83.35
72.61
84.79
87.68
96.03
96.24
105.92
91.23
103.41
89.26
102.64
86.79
90.92
69.16
63.35
41.10
36.61
37.39
37.11
39.28
62.97
58.88
62.30
81.88
109.89
110.15
115.02
132.19
132.90
126.76
133.22
132.58
125.60
119.86
114.93
102.47
103.79
100.01
76.20
42.63
47.17
43.56
36.34
37.01
60.73
52.26
53.56
98.33
100.65
118.87
118.83
132.45
132.71
131.51
139.61
138.66
130.74
110.34
120.77
101.79
103.96
101.19
90.09
49.05
51.72
43.25
35.89
35.69
57.16
53.31
52.62
70.79
83.79
92.71
110.72
119.07
119.88
115.40
119.36
121.01
110.08
100.85
88.11
73.40
80.51
72.69
67.92
44.49
44.67
46.75
38.75
38.09
58.31
54.60
55.25
69.55
79.14
104.03
114.18
95.17
117.43
127.51
124.21
115.02
115.63
103.75
81.14
83.10
76.67
79.33
70.07
44.21
39.74
38.25
37.80
39.94
63.37
58.95
56.47
81.63
106.80
100.76
106.36
106.50
106.01
109.03
102.60
104.69
91.50
84.92
69.35
68.43
67.26
57.21
52.64
37.81
38.06
39.06
38.01
37.18
55.04
54.84
51.65
50.30
59.85
80.84
85.30
87.71
96.62
87.42
95.80
87.01
91.71
83.41
77.39
58.28
64.77
56.20
51.10
39.19
39.53
40.47
38.88
38.77
57.32
56.47
53.41
52.15
81.69
72.79
84.25
86.54
96.36
95.40
105.60
99.13
97.99
95.96
96.45
85.28
79.11
71.75
74.99
41.61
38.04
37.39
38.37
37.72
60.06
53.82
54.58
75.25
112.20
106.00
119.33
124.97
134.57
127.49
133.75
124.50
116.29
119.67
107.72
101.73
94.86
77.55
78.33
46.16
44.10
43.88
41.94
37.67
60.50
54.99
55.32
83.12
112.42
105.79
115.32
131.12
120.81
136.06
127.30
116.82
95.83
81.46
85.83
78.75
81.15
85.32
78.29
41.55
37.48
36.83
36.21
35.97
62.18
54.91
55.62
70.59
93.70
110.27
117.23
118.01
127.57
120.13
130.81
131.59
116.31
114.13
110.51
83.05
90.01
80.58
71.86
46.73
39.66
38.30
39.20
38.67
60.93
56.21
54.69
75.75
117.10
109.37
126.13
136.96
140.32
137.27
141.90
138.28
129.65
118.90
106.66
107.84
93.52
90.80
66.11
42.24
36.38
36.02
36.79
35.51
59.38
55.29
54.98
82.83
112.67
111.72
130.72
123.67
137.75
139.05
126.78
135.99
127.42
114.82
109.75
97.72
95.65
77.44
75.19
43.14
36.84
36.71
36.87
35.89
59.97
55.70
54.42
83.96
71.68
92.03
92.91
108.29
98.43
109.07
107.44
104.10
109.50
96.89
95.16
83.36
88.68
79.77
78.90
47.49
43.06
39.22
38.80
38.36
60.92
54.69
52.74
84.05
71.99
81.73
77.61
97.64
94.40
107.05
98.50
105.59
97.25
104.99
90.91
102.22
89.77
98.85
72.43
41.43
38.60
37.92
38.64
37.03
57.10
54.57
52.09
77.55
107.53
107.65
117.73
132.55
126.24
135.92
131.44
128.73
120.03
121.98
107.60
101.12
98.89
93.64
82.08
48.96
46.14
43.64
38.54
37.77
60.73
56.83
53.81
71.28
109.55
106.85
124.81
134.13
134.70
128.58
124.30
129.17
119.28
109.51
115.24
101.14
87.06
81.16
79.20
50.07
41.43
40.26
37.08
36.25
60.05
53.61
56.29
86.25
108.46
107.80
121.60
131.67
140.04
141.02
139.80
133.25
133.61
129.52
118.28
115.03
113.90
99.80
80.31
48.93
42.66
39.83
38.20
37.13
62.27
56.51
58.98
112.13
105.03
126.69
126.46
139.41
140.55
144.06
144.40
139.85
134.58
132.49
123.25
115.91
100.98
109.27
86.31
58.62
51.08
42.66
36.62
36.32
63.06
59.04
80.94
95.80
110.06
118.18
123.05
133.33
131.24
139.13
137.39
134.09
126.78
122.64
110.44
112.71
97.52
102.56
69.69
45.65
43.25
37.47
36.97
37.09
61.61
58.79
58.84
89.50
78.84
97.60
98.28
115.02
108.45
120.94
121.33
115.85
113.43
113.68
100.23
111.60
101.43
90.37
76.35
47.06
39.05
39.52
40.33
39.35
62.26
58.65
67.31
87.02
79.03
96.37
92.58
113.11
107.41
119.42
106.87
118.85
121.65
109.54
111.99
101.68
109.30
101.17
93.02
59.48
48.58
44.83
43.53
43.54
74.66
76.21
82.06
91.85
111.55
101.48
121.73
111.03
118.31
110.69
118.51
119.76
111.92
109.18
105.67
100.28
100.28
89.74
65.70
49.36
46.66
41.61
37.70
37.27
63.46
55.25
54.91
83.11
117.00
102.42
123.68
124.50
117.61
135.11
125.61
130.19
120.93
117.07
115.06
101.68
108.91
81.26
72.41
49.36
48.11
39.81
38.37
37.70
62.50
55.50
54.97
86.03
110.64
106.70
113.08
127.78
116.09
126.45
116.44
125.50
108.63
110.14
107.28
106.46
108.12
91.93
86.33
49.35
46.72
40.04
38.16
37.77
60.17
55.80
56.13
94.81
103.31
112.78
116.39
127.21
113.16
123.59
115.61
117.69
102.13
113.38
99.28
99.45
97.26
88.70
66.38
40.64
36.82
36.60
36.35
35.70
57.73
52.65
56.09
89.93
102.06
112.67
117.17
119.44
123.75
116.76
124.74
113.44
117.39
104.23
95.82
81.50
85.15
69.60
52.65
36.28
36.66
36.44
36.61
36.08
57.34
53.96
50.83
81.90
73.49
96.12
95.62
109.58
99.42
110.22
103.44
108.43
108.62
101.77
92.28
90.43
82.32
86.50
67.44
47.33
39.37
39.33
38.22
39.31
60.13
56.22
55.11
88.81
82.23
90.50
87.92
93.78
84.20
95.63
86.23
95.12
92.08
80.37
86.42
81.80
85.31
77.95
79.25
41.37
39.13
39.84
38.89
38.68
58.91
54.21
53.05
88.38
88.27
105.49
97.12
113.02
103.86
113.60
109.56
115.18
106.49
83.57
90.71
81.58
84.94
75.45
60.97
37.90
38.12
38.37
37.40
37.38
57.07
51.80
49.67
59.52
78.97
74.11
116.21
97.71
107.80
98.24
105.00
96.86
91.64
72.51
83.53
71.65
63.45
64.30
53.73
41.85
37.97
38.86
35.68
35.38
56.84
52.37
55.09
88.60
87.59
103.88
97.53
108.96
100.76
112.75
106.59
105.91
90.14
78.32
80.73
74.48
64.67
57.68
59.87
37.03
36.97
36.56
36.62
37.23
58.23
52.93
54.93
89.14
96.34
112.88
114.88
112.27
118.00
107.09
118.66
104.32
100.27
78.65
83.88
77.96
81.75
78.24
70.18
45.88
41.29
38.07
37.17
36.79
58.83
53.77
52.47
82.26
51.60
104.89
110.69
102.44
114.98
102.52
115.03
98.73
103.37
74.71
84.78
73.74
81.23
74.09
57.83
37.12
36.81
37.68
36.44
36.76
57.54
53.69
49.18
65.18
77.89
74.18
75.92
76.44
82.52
79.99
89.85
77.81
87.52
68.89
82.36
75.62
80.97
77.60
68.74
43.52
37.59
37.66
37.20
36.99
59.50
55.32
55.59
75.93
66.44
69.49
78.95
84.55
81.23
87.98
69.20
65.19
79.99
67.34
77.96
57.32
55.80
53.45
51.00
37.45
37.47
37.07
36.73
37.63
59.23
54.51
56.44
83.58
82.32
80.92
100.55
94.84
95.26
104.75
94.79
107.68
92.21
96.24
77.35
83.57
78.18
75.86
73.59
43.94
39.26
36.33
36.12
35.63
58.53
64.88
68.05
88.12
97.20
105.55
113.16
110.36
118.46
114.91
125.51
110.29
111.40
97.02
96.80
80.28
90.65
72.36
78.68
44.52
42.74
43.35
38.06
35.99
57.65
65.66
72.47
86.88
104.57
105.04
117.49
116.06
114.45
124.35
112.68
126.15
114.04
100.34
105.08
90.16
95.71
84.26
83.67
50.03
48.54
45.11
37.30
36.67
60.80
59.13
83.23
82.40
102.51
108.67
109.69
111.84
109.56
118.15
109.61
120.85
91.66
94.52
74.12
89.91
73.92
84.65
66.83
44.54
36.85
36.64
36.16
36.68
56.65
52.34
53.93
69.87
100.19
98.42
100.84
104.62
94.96
107.05
97.47
109.86
80.16
85.42
69.09
80.63
66.02
58.71
56.92
37.14
36.85
37.27
36.62
36.34
54.05
51.48
48.74
58.88
72.34
69.71
80.21
70.57
84.30
70.95
87.22
78.41
83.63
76.74
73.41
78.98
72.80
64.77
53.35
37.60
36.23
36.64
36.59
36.81
57.74
53.37
51.78
81.27
68.43
77.70
69.82
75.74
69.10
76.71
69.04
78.32
65.58
76.52
66.01
77.21
57.98
53.88
50.94
36.90
37.13
36.03
36.09
36.17
57.51
53.15
54.07
67.51
81.00
103.78
97.28
99.02
94.80
101.78
93.54
91.10
68.05
71.51
80.72
57.19
55.73
53.29
48.56
37.25
36.86
37.33
36.33
37.23
54.53
54.00
55.57
79.97
101.06
97.77
103.26
99.28
105.99
100.25
107.39
100.86
99.34
86.50
89.70
88.74
77.19
67.67
65.92
48.05
48.29
43.80
37.14
36.07
56.72
52.42
53.75
78.22
93.95
101.62
99.52
104.20
96.03
100.08
94.78
96.27
87.41
83.30
70.78
68.53
64.95
63.02
49.62
37.47
37.53
37.13
37.95
36.69
56.04
53.05
53.89
72.01
108.41
95.34
106.05
101.16
100.25
101.74
101.11
103.20
94.72
88.59
80.23
66.63
65.47
60.65
54.42
41.43
40.80
39.13
36.99
37.13
54.18
52.21
64.49
77.45
99.56
101.53
104.01
107.24
104.07
116.59
115.62
118.03
95.60
92.89
73.48
82.28
73.55
77.66
60.10
36.22
36.57
36.15
36.80
36.01
54.36
52.32
70.68
71.23
79.47
85.70
84.16
88.35
85.89
93.92
84.57
94.80
83.92
92.38
82.42
79.94
80.08
75.64
61.92
39.13
39.79
39.71
38.86
39.44
59.96
63.82
75.45
73.36
78.32
72.61
84.86
75.42
80.62
77.22
79.57
81.94
86.77
76.17
78.77
79.62
77.28
78.14
66.62
45.72
44.07
38.89
39.35
38.81
59.40
56.43
52.62
51.11
71.30
68.28
76.02
69.68
76.94
74.62
76.87
72.41
72.15
71.57
71.34
65.40
55.16
57.68
50.46
37.34
37.26
36.18
36.49
36.36
52.12
51.34
67.76
86.79
95.00
98.42
100.08
100.32
103.21
104.21
106.44
111.51
97.55
97.08
78.00
83.53
72.20
72.62
51.57
36.71
43.12
42.87
39.31
38.50
56.79
55.78
76.68
94.68
99.02
99.61
110.39
112.39
112.15
119.09
109.02
120.06
101.03
109.22
86.33
89.54
81.69
81.36
62.14
39.15
43.44
40.54
39.54
40.18
61.26
66.55
83.51
91.69
115.61
108.16
122.47
112.83
124.37
117.85
123.46
126.46
112.62
113.71
88.20
100.09
83.38
89.33
68.75
45.19
45.49
41.86
37.14
36.71
58.52
69.81
78.89
87.60
112.57
104.21
117.08
112.34
120.01
129.05
127.97
129.62
112.20
97.51
99.82
85.32
91.77
79.84
79.57
46.77
42.77
38.94
39.49
38.46
60.81
71.87
80.44
72.49
93.65
85.89
98.24
91.21
100.39
101.54
94.55
105.53
94.06
105.65
95.04
94.28
89.98
89.33
80.95
50.34
50.22
49.16
48.96
47.99
64.97
78.22
84.65
78.01
95.98
86.61
104.41
100.65
101.91
110.26
104.53
111.42
103.96
106.27
95.38
84.83
88.59
79.17
78.88
43.50
43.34
42.91
39.50
35.94
58.70
70.96
82.77
91.83
117.75
108.95
123.23
113.06
124.82
128.21
119.49
124.62
106.71
113.63
100.58
90.62
91.05
82.59
76.53
43.41
44.08
42.63
35.40
36.05
58.33
71.76
79.79
89.94
115.65
106.72
122.08
112.10
124.84
125.39
116.71
127.05
119.53
105.05
97.31
87.46
91.23
82.05
76.12
44.05
43.65
42.62
42.58
35.80
59.10
71.02
81.55
91.38
117.35
107.53
121.67
114.25
124.28
128.93
130.91
126.30
119.45
105.92
111.78
96.30
105.25
85.46
82.73
44.70
44.81
43.63
43.84
42.33
69.70
72.84
85.70
93.11
119.08
110.53
122.74
112.45
125.75
127.16
127.49
127.14
120.94
111.48
108.30
96.12
102.90
81.99
84.78
45.68
47.13
46.65
44.89
46.18
72.68
79.10
86.05
97.23
114.53
108.88
119.73
121.36
117.46
129.11
128.36
127.81
107.29
106.34
103.52
93.53
88.57
85.16
75.05
44.28
45.80
45.36
40.17
36.84
59.71
74.45
83.24
78.74
92.26
84.88
98.72
87.97
99.43
99.91
96.59
105.27
98.40
99.79
94.94
93.79
83.34
90.45
73.52
47.77
47.32
47.41
46.34
40.20
62.36
73.45
82.38
74.72
94.14
84.64
107.60
101.96
113.24
117.07
109.51
118.57
119.28
117.58
100.13
105.26
89.27
94.78
72.66
48.01
47.51
47.53
46.88
47.63
75.49
79.09
92.56
103.25
122.18
118.19
126.82
129.91
131.93
136.81
140.49
140.50
132.59
125.18
116.51
115.44
112.65
97.78
87.34
52.48
51.61
50.85
48.92
48.52
89.28
99.18
104.33
114.75
127.93
126.63
131.47
133.94
135.85
138.15
139.85
138.21
129.46
123.49
116.78
115.80
110.06
97.20
85.46
45.68
45.55
44.36
44.36
43.05
73.43
79.70
89.08
108.31
117.00
121.78
119.04
127.56
129.65
134.42
141.57
142.01
136.11
126.16
116.58
114.02
107.37
93.37
81.94
46.90
46.33
46.13
45.12
45.87
79.07
83.97
95.72
101.17
126.33
128.63
130.88
135.19
136.17
139.28
140.50
138.12
131.60
126.30
118.20
115.66
106.59
106.14
79.30
45.66
44.78
44.63
42.91
43.15
74.49
78.92
97.82
105.55
123.47
126.72
129.03
131.84
132.46
132.66
136.25
134.38
121.26
112.25
110.46
111.05
95.74
95.05
87.05
46.09
45.02
45.48
46.52
44.17
69.52
76.86
90.11
85.21
97.40
94.16
104.65
105.69
102.48
107.54
107.13
103.08
109.02
107.41
101.39
103.90
85.47
98.14
73.93
50.22
49.39
48.32
47.99
47.63
77.56
81.59
92.34
87.94
100.57
94.56
113.16
115.11
109.91
116.37
117.96
117.78
118.30
109.01
108.09
97.57
103.16
81.55
86.45
44.90
45.40
44.17
43.87
43.34
74.52
76.10
87.51
99.18
118.87
115.33
125.92
127.43
129.28
128.63
132.21
133.52
126.85
120.50
113.15
104.19
106.29
86.96
88.39
45.70
45.17
44.28
44.64
43.24
76.50
78.93
96.85
105.70
121.67
119.28
128.84
129.92
131.59
132.46
133.23
133.33
124.88
119.79
113.14
101.41
101.66
87.67
83.21
44.63
44.07
43.46
39.36
35.38
56.67
74.77
82.30
109.60
110.47
123.98
121.22
128.78
130.77
131.08
132.75
132.59
124.82
120.10
110.94
98.74
91.64
90.74
74.58
45.94
44.33
44.38
42.21
37.07
57.71
71.77
82.73
106.64
110.57
123.61
119.61
127.16
128.40
127.79
129.47
128.65
124.26
118.61
110.07
100.57
100.30
88.02
85.67
47.78
46.54
44.28
44.81
44.13
69.53
74.95
88.16
96.89
118.00
114.10
124.27
126.26
128.27
131.81
130.59
131.00
115.97
107.95
106.00
95.65
89.90
96.58
75.96
46.51
45.80
46.10
44.09
45.54
70.61
76.27
89.11
85.20
96.76
91.36
101.96
94.50
103.28
103.30
95.44
104.88
100.50
101.85
99.54
91.51
91.38
90.20
78.95
47.77
45.95
46.91
44.41
45.23
58.79
71.91
80.60
80.24
87.78
88.74
102.98
103.23
112.16
104.57
115.07
115.55
106.79
113.66
94.65
98.38
84.43
88.27
75.91
46.66
45.33
45.63
41.62
37.13
57.82
70.13
78.87
90.45
114.37
109.31
123.97
117.58
127.29
126.88
128.76
128.01
122.00
109.87
109.99
100.36
96.17
81.49
82.02
46.50
46.19
44.55
43.48
35.33
56.72
72.21
81.77
105.18
108.60
124.52
124.68
126.16
130.87
133.34
137.60
139.79
130.04
124.32
114.79
105.23
103.62
87.25
82.98
46.23
48.07
46.14
45.93
44.38
60.68
72.90
79.67
103.18
115.27
119.86
125.39
118.19
128.86
130.28
131.20
131.39
124.23
119.16
110.99
98.29
104.52
87.43
91.49
52.89
71.50
64.99
56.47
43.28
78.17
84.44
90.72
119.72
119.83
131.45
132.88
134.38
136.86
137.98
138.56
140.03
131.70
126.46
118.03
116.67
99.17
103.31
82.43
47.67
46.37
45.46
43.56
44.62
76.30
80.88
96.49
82.49
123.56
126.89
129.87
133.89
137.61
143.02
147.68
149.60
134.07
122.06
118.13
119.11
116.49
114.48
100.73
48.32
49.20
47.72
46.62
46.85
78.88
85.93
101.97
98.72
107.14
113.31
116.68
119.85
126.39
125.38
127.49
135.06
134.76
131.60
131.77
129.39
121.31
120.11
108.68
54.59
53.52
51.91
49.96
50.24
91.72
116.47
109.66
109.94
112.79
114.64
127.51
135.13
138.66
141.11
146.66
148.51
148.21
146.70
137.08
133.06
129.10
127.73
113.85
52.38
51.75
50.85
50.35
50.49
92.64
111.76
113.94
124.99
133.44
139.75
143.79
148.69
156.13
162.01
161.72
160.95
155.12
151.14
139.51
134.89
129.94
135.24
113.85
50.35
48.87
48.73
46.37
47.41
90.74
109.03
115.77
124.64
132.34
134.76
140.40
143.48
150.61
155.24
159.84
158.52
150.95
145.62
135.12
131.77
126.38
124.75
111.50
50.59
48.99
47.99
46.31
47.04
88.70
106.38
112.08
125.88
131.55
134.55
139.34
143.59
149.95
154.87
155.73
156.15
151.19
146.18
135.27
130.60
127.86
123.98
99.76
47.66
47.95
46.32
45.61
46.38
86.44
96.51
103.81
98.38
106.40
109.27
111.63
113.91
117.25
120.41
123.88
124.01
124.75
120.46
117.64
118.35
115.65
112.37
93.31
48.77
47.24
45.82
45.47
46.48
84.23
90.50
104.69
114.30
128.12
131.15
134.25
138.31
141.92
144.81
145.34
144.17
132.21
124.16
121.43
117.80
115.72
115.40
93.74
49.59
50.25
50.08
48.01
47.68
92.11
111.24
105.65
107.97
108.89
113.62
114.99
116.95
120.60
123.90
127.07
126.88
126.34
124.51
122.17
122.33
121.48
119.35
102.63
54.13
52.63
52.96
51.21
51.25
95.62
118.56
114.57
112.38
115.72
117.38
128.49
134.27
137.39
137.26
139.24
140.35
139.66
134.97
122.99
117.83
113.30
103.77
87.60
47.75
45.81
45.65
44.16
45.51
78.52
84.24
94.33
109.55
127.17
125.27
132.43
135.83
142.79
146.85
148.42
147.62
140.47
133.30
120.97
120.28
109.06
109.83
91.16
48.90
47.62
47.29
45.46
44.68
73.76
84.30
87.07
115.65
124.23
131.27
134.47
138.12
143.64
146.96
148.34
147.79
141.06
135.87
125.00
121.49
117.63
115.41
92.03
49.81
47.60
46.62
45.90
45.80
82.02
90.27
100.09
119.61
127.36
133.17
136.63
141.60
148.56
154.39
159.84
163.44
156.46
151.09
140.61
136.85
132.61
129.33
114.60
50.74
50.65
49.41
49.69
49.57
94.46
120.19
94.40
95.73
153.66
188.55
177.04
189.16
188.92
183.03
189.98
181.70
176.39
162.91
144.59
149.00
132.85
128.02
111.77
51.52
51.45
51.21
50.81
50.54
106.28
120.02
137.38
136.15
153.54
162.36
170.75
181.82
178.83
181.79
175.89
177.04
158.22
145.10
138.11
137.69
142.51
128.86
111.11
54.11
54.87
53.59
52.92
52.78
105.33
122.86
134.76
121.16
128.51
134.00
135.64
149.65
149.31
161.23
162.05
160.31
159.31
149.89
143.43
140.95
136.10
135.55
121.62
58.11
58.61
56.66
56.95
56.47
116.21
140.38
146.52
131.28
138.65
142.57
153.84
168.08
172.35
174.01
174.34
174.41
173.90
167.57
148.26
140.89
131.33
129.56
117.58
55.22
54.74
53.88
52.27
52.51
109.87
134.36
140.27
147.81
158.73
169.11
177.24
189.47
193.58
194.54
194.46
188.52
180.37
172.23
160.41
147.81
141.86
134.36
111.56
52.83
52.38
50.45
50.09
49.57
103.82
122.56
129.03
136.39
149.39
148.44
169.71
173.24
179.27
186.47
185.19
188.83
174.75
161.27
160.82
143.85
145.94
132.71
110.81
54.36
51.73
50.24
50.01
48.33
102.91
120.81
131.93
143.08
161.99
165.20
166.84
179.42
182.58
185.08
183.63
182.04
175.00
170.87
153.29
142.13
136.54
127.40
103.28
53.06
52.21
50.43
49.47
48.77
101.95
118.02
119.55
130.88
144.00
144.84
147.68
161.85
162.08
166.85
168.32
162.72
163.93
145.57
135.79
129.48
119.88
121.01
105.74
58.31
57.59
56.00
52.08
53.92
104.41
116.14
118.28
131.00
140.61
156.06
148.18
157.40
167.59
168.91
176.11
170.39
148.44
139.42
124.75
119.78
128.30
106.92
94.31
49.93
49.71
48.17
47.24
48.03
92.48
94.42
107.86
103.08
105.01
123.02
120.05
131.89
137.01
137.46
148.85
142.54
144.16
133.28
123.43
133.79
116.10
120.48
88.80
49.74
50.39
50.58
48.44
47.39
97.80
106.47
122.91
118.46
124.26
128.41
139.74
152.60
155.52
163.98
164.70
173.35
166.33
156.01
144.01
135.91
134.56
135.74
113.62
54.40
53.39
52.32
51.00
50.61
111.89
137.00
147.80
156.28
167.00
167.28
174.27
174.74
183.97
182.94
184.19
183.37
172.65
158.00
146.92
127.24
125.07
119.74
105.55
51.92
52.88
52.27
52.83
51.71
111.44
137.61
115.69
150.31
154.66
159.60
163.46
171.54
180.86
183.88
183.04
184.33
173.31
170.97
154.13
145.88
143.97
135.30
113.74
55.60
55.19
53.79
54.20
53.66
118.95
144.58
123.50
134.47
167.30
173.94
165.99
172.99
187.39
190.15
190.17
194.51
186.87
177.47
158.86
139.75
132.90
131.20
106.01
57.17
56.70
55.34
55.38
55.04
122.75
146.21
149.34
158.35
167.46
173.39
175.71
182.33
187.09
187.68
192.78
190.15
184.19
172.29
161.51
149.21
146.43
139.07
124.77
58.50
56.77
56.02
54.91
53.26
121.07
147.62
142.91
162.44
174.23
176.61
184.47
191.60
193.05
196.89
196.88
195.31
180.30
163.38
157.44
150.69
137.77
132.33
113.02
52.60
51.95
51.17
50.87
50.42
110.71
136.14
130.33
127.63
129.30
133.59
148.00
154.76
157.02
159.55
163.13
161.11
150.04
153.65
141.39
136.49
133.71
127.71
105.02
53.99
53.54
52.28
53.51
51.86
109.90
128.03
128.80
125.66
128.05
130.18
154.85
157.61
162.98
174.04
177.89
178.99
168.85
158.95
141.03
134.11
125.85
117.54
112.31
50.56
48.78
49.65
50.11
49.66
107.42
126.15
124.28
141.14
148.66
152.43
164.43
174.25
180.01
162.69
197.27
188.26
174.87
162.70
150.67
145.24
135.27
127.35
109.46
54.75
54.40
52.37
52.38
51.40
109.71
134.09
130.86
151.14
160.70
166.20
169.68
180.56
185.78
188.29
193.87
189.55
167.44
135.79
141.46
127.99
140.66
132.77
111.56
57.99
59.55
57.44
56.07
53.41
119.13
144.85
135.62
142.78
140.37
165.52
162.04
161.41
171.32
173.92
177.60
170.45
158.44
131.94
134.84
120.81
122.13
124.48
110.22
52.21
53.41
51.15
51.16
50.68
107.49
135.59
129.87
149.03
163.60
170.56
174.01
176.53
177.10
174.99
184.06
176.69
162.54
153.56
130.73
125.59
123.01
119.56
99.80
53.41
55.89
52.70
53.21
53.67
106.51
127.11
129.63
153.40
159.84
166.36
174.21
180.98
185.15
185.26
185.50
185.17
169.73
155.64
148.84
136.17
132.44
131.46
111.69
54.62
55.36
53.45
54.55
52.94
113.62
136.96
132.21
138.53
140.57
141.32
148.62
156.58
154.43
160.38
167.46
164.42
159.54
152.13
142.93
144.34
130.92
119.88
103.93
52.38
52.32
52.95
52.87
50.63
109.20
138.23
125.60
135.61
129.35
129.49
143.94
161.64
161.00
161.28
169.45
166.31
167.70
160.74
141.83
138.53
124.60
127.44
110.87
52.64
53.32
52.42
53.42
50.85
105.92
118.54
118.60
146.58
149.88
160.65
180.26
183.15
190.46
195.56
195.54
193.15
180.52
169.77
150.66
143.54
134.96
118.93
107.53
53.91
52.54
52.94
51.35
52.37
118.51
145.35
129.68
143.41
158.27
161.54
162.86
172.22
172.09
176.42
177.82
171.75
166.73
152.92
139.70
134.83
125.75
124.43
104.99
53.00
51.39
52.39
51.14
51.08
114.25
141.32
130.32
156.52
162.65
173.40
179.97
190.62
193.17
192.01
191.57
186.87
177.00
164.74
145.89
128.02
116.80
116.41
110.22
53.04
51.38
51.02
50.81
50.91
108.94
130.09
108.07
146.43
154.83
158.94
163.93
172.01
180.80
181.00
181.28
179.33
166.35
157.38
140.73
136.51
127.73
124.60
103.93
54.25
52.22
52.28
51.71
51.71
105.83
125.76
113.02
140.88
152.24
153.15
156.20
162.43
162.39
163.04
164.14
163.84
142.27
125.48
119.94
116.68
114.13
105.69
85.49
47.11
50.05
47.82
48.86
47.17
99.28
113.21
106.63
122.75
121.56
127.23
132.30
128.43
140.80
136.32
130.07
128.32
123.45
105.56
107.23
104.84
104.68
103.09
89.33
49.84
49.15
49.56
49.06
48.81
101.12
114.75
105.90
107.69
126.47
127.07
146.03
146.16
150.08
154.37
147.14
159.07
150.33
140.81
129.49
117.35
112.87
103.60
95.06
47.84
48.34
47.80
47.67
47.24
90.04
100.63
100.81
120.31
138.50
137.98
144.41
160.57
161.81
170.73
169.21
166.34
150.05
149.73
128.25
123.02
122.96
102.50
98.24
48.76
48.69
47.44
47.26
47.24
83.30
85.84
98.44
112.60
134.59
133.36
138.29
155.28
153.05
165.19
160.17
166.77
160.00
138.56
138.69
118.32
117.23
110.18
89.92
52.54
53.03
48.82
48.47
47.34
84.18
89.47
100.03
109.52
124.50
143.85
142.47
166.28
159.17
175.65
169.79
175.54
157.97
140.25
138.15
121.44
115.36
112.08
88.80
49.87
48.78
49.49
49.17
50.69
91.65
100.87
99.07
128.03
132.02
160.08
156.23
162.03
180.95
171.46
181.10
171.54
152.28
154.98
135.44
125.37
127.28
109.74
98.33
56.51
51.07
50.99
50.37
49.44
87.95
85.96
87.35
110.48
120.12
126.89
137.97
140.81
140.88
150.64
156.67
160.56
131.31
118.44
117.54
117.65
114.73
113.22
105.46
43.17
42.80
43.37
42.27
43.21
101.38
119.31
108.78
116.30
128.45
126.79
126.81
130.65
130.72
126.78
131.58
129.34
125.27
122.42
122.13
119.84
115.35
111.67
88.73
43.77
42.73
43.31
43.14
43.54
96.35
108.84
102.24
101.18
111.68
112.66
107.20
114.13
119.58
113.26
110.37
122.42
112.85
109.05
118.65
107.54
98.11
100.86
90.44
42.13
41.50
41.11
41.04
40.80
89.13
106.35
95.59
111.32
146.19
139.41
151.96
157.67
166.09
157.82
169.36
174.04
149.03
135.98
143.05
145.80
134.07
123.78
127.54
117.31
125.46
119.75
98.56
109.09
95.85
94.69
98.62
106.74
145.58
129.94
180.57
171.74
190.36
188.15
202.55
193.03
178.10
148.29
146.29
140.82
126.11
134.77
108.48
77.75
51.75
54.17
49.42
49.75
75.23
84.03
103.20
111.41
140.85
147.64
169.13
164.78
173.09
170.92
185.48
171.46
168.60
143.90
129.62
137.62
114.84
107.10
99.22
51.62
51.81
52.27
50.88
50.93
94.35
100.95
106.15
144.05
151.77
169.67
185.33
190.65
200.82
197.88
200.30
193.50
187.79
171.05
164.46
160.00
152.84
144.91
128.57
62.96
57.24
60.62
60.89
58.79
120.66
144.25
128.89
139.51
172.32
174.08
180.38
184.02
183.68
183.31
181.82
181.58
168.71
161.32
158.85
148.81
126.68
123.03
103.86
56.43
53.44
52.87
50.81
50.28
104.81
123.46
108.62
104.73
133.28
145.54
157.12
160.63
168.29
161.88
174.09
170.32
164.42
160.09
142.78
136.21
134.61
126.21
98.62
52.95
52.00
51.81
52.61
52.33
109.98
136.03
119.04
117.03
145.38
146.41
150.89
163.69
162.91
166.04
162.97
161.96
156.18
146.53
146.75
141.79
146.97
124.37
118.40
55.47
50.43
51.31
48.95
49.49
104.99
126.72
119.31
159.10
174.04
184.08
193.21
201.71
200.22
200.74
202.43
202.07
192.18
180.85
172.96
160.40
155.48
148.63
117.24
55.95
55.07
54.34
54.31
54.21
109.30
120.00
113.43
147.59
169.96
177.62
192.40
202.27
206.17
207.47
207.99
205.69
201.91
196.05
186.77
174.48
167.27
158.87
141.13
58.70
56.17
57.98
61.25
57.49
113.55
140.32
123.46
162.90
177.08
180.61
189.65
199.13
205.30
207.71
207.06
204.92
198.10
193.99
192.08
172.97
156.78
154.21
136.82
56.68
53.35
52.81
54.04
52.78
112.15
145.38
123.43
134.50
179.01
168.80
189.68
197.55
204.76
206.80
206.18
202.08
198.02
185.95
180.25
168.18
155.00
152.24
118.87
57.61
54.83
59.50
63.36
58.86
115.71
144.88
122.46
149.51
178.52
186.81
196.06
201.82
203.09
201.95
199.58
198.76
184.00
173.51
168.76
161.64
146.79
133.27
115.58
53.64
52.63
56.42
52.88
55.77
109.85
132.12
121.42
123.29
137.92
137.35
153.71
164.22
162.82
164.82
164.45
164.70
156.76
157.85
145.11
121.60
122.45
115.01
91.34
51.26
52.80
50.61
51.18
51.24
106.09
134.70
122.19
129.11
141.16
138.77
144.71
167.57
167.55
172.56
174.52
171.49
158.20
146.23
138.32
126.36
128.46
121.62
109.48
53.53
52.61
49.38
49.18
50.26
103.92
135.00
107.62
108.28
146.74
141.42
150.95
154.67
158.12
165.05
158.03
151.07
156.48
142.14
136.29
127.02
115.90
114.34
91.58
50.19
49.74
49.14
51.80
48.16
95.71
113.37
110.12
129.31
152.60
173.42
184.28
197.62
203.09
202.81
201.73
197.28
187.41
171.29
170.07
162.51
149.31
146.14
129.98
58.50
56.34
50.98
54.63
50.25
110.35
137.41
124.90
145.42
172.06
176.30
183.96
196.61
200.10
204.86
201.20
202.73
191.63
180.86
177.79
165.38
151.18
151.05
140.37
58.75
51.34
51.84
51.00
49.00
111.18
135.35
116.83
152.97
176.67
177.37
184.55
191.85
201.98
202.89
205.77
192.81
186.64
187.50
172.38
164.98
153.10
145.89
125.33
57.25
53.94
52.37
50.65
51.90
107.45
136.01
116.86
151.30
165.69
178.00
187.52
194.03
198.10
199.67
195.84
184.23
174.99
163.31
164.97
159.85
146.32
132.27
120.64
54.66
52.78
54.77
54.88
52.51
119.87
120.88
124.18
144.77
136.81
139.80
151.94
163.30
167.03
168.68
168.45
168.20
163.73
154.31
136.11
123.83
113.44
104.06
100.59
50.86
51.58
52.60
51.25
50.97
108.81
128.49
109.62
109.79
138.01
138.79
146.54
164.90
168.37
169.36
170.61
164.73
160.54
144.94
139.10
136.83
123.27
118.93
112.43
52.49
49.65
49.15
48.35
45.75
106.46
115.38
112.21
128.96
147.60
178.66
177.53
181.17
183.85
187.77
188.07
183.19
174.32
160.69
147.83
142.16
122.55
129.49
115.73
55.76
55.79
53.95
51.35
50.48
123.89
148.17
128.83
135.08
165.25
172.23
176.85
188.48
189.57
191.36
190.50
182.86
170.59
158.86
127.70
141.59
135.27
137.33
125.08
53.56
48.89
49.10
52.62
51.42
119.68
136.82
119.73
123.33
141.72
160.76
176.68
177.97
179.85
183.09
182.57
176.05
166.15
155.16
137.11
138.58
132.78
128.89
112.33
53.21
48.81
48.64
48.86
45.09
92.88
90.89
91.62
111.22
123.03
149.31
159.58
173.20
176.55
173.00
181.53
168.12
158.92
162.76
138.89
125.58
124.25
123.90
95.64
50.21
48.56
48.45
46.45
43.40
78.30
82.24
83.98
111.57
123.14
137.74
149.32
150.12
175.55
167.27
167.87
180.86
161.24
145.58
149.72
132.16
118.62
104.56
86.51
49.85
50.44
49.72
50.28
49.61
104.64
112.92
104.63
112.26
117.44
121.44
131.75
136.77
142.21
150.69
151.97
162.64
136.60
116.39
104.19
98.36
96.22
94.51
82.38
48.07
48.67
46.60
47.72
46.98
94.86
104.44
96.31
96.48
97.09
112.01
112.24
125.15
131.32
132.05
139.92
135.81
142.67
136.00
118.44
123.82
118.12
115.97
104.30
53.06
48.49
47.69
47.80
46.66
100.22
107.47
103.49
121.15
149.32
160.18
173.43
181.38
183.22
186.34
181.73
172.37
165.07
132.99
135.90
130.28
126.39
122.13
99.51
51.89
48.03
47.07
51.24
47.59
84.29
71.46
106.33
115.17
128.64
143.42
156.44
174.76
178.78
182.88
183.56
179.53
178.10
166.52
142.64
136.37
135.11
123.92
99.35
52.68
53.54
52.77
52.62
49.73
99.54
100.23
98.89
120.45
140.64
149.45
167.67
181.21
183.93
188.72
186.65
179.62
170.49
152.93
155.07
131.25
127.04
118.05
113.46
51.98
48.88
52.43
49.35
45.57
85.42
86.40
95.66
102.69
133.90
136.84
159.52
167.25
169.65
184.38
176.13
165.08
171.16
147.85
130.21
139.46
125.39
113.81
110.53
49.92
48.31
49.67
43.18
36.63
66.06
64.23
81.14
107.20
122.84
128.30
137.16
152.43
150.49
158.75
150.42
144.72
144.57
120.83
114.49
122.74
98.01
89.90
84.59
48.24
38.87
39.22
38.37
39.21
61.29
60.31
65.31
89.13
93.17
94.99
117.48
113.74
126.85
117.23
128.31
116.17
123.45
101.88
110.47
89.85
90.92
85.55
73.05
42.35
36.94
35.98
36.86
35.95
57.16
57.33
54.99
88.75
79.67
98.18
94.76
119.89
114.29
134.03
124.56
132.21
121.07
128.58
114.74
123.20
114.67
110.15
117.18
54.67
51.26
49.67
49.79
48.57
106.90
123.21
114.56
126.29
143.33
166.71
180.55
183.34
187.34
188.41
146.58
151.98
135.57
123.32
123.95
115.55
108.37
111.35
86.83
51.06
48.09
41.08
38.12
37.08
71.32
65.38
63.11
122.12
116.87
118.52
126.31
150.36
163.01
155.81
153.22
148.32
128.72
129.50
122.50
113.35
109.10
107.74
94.06
49.69
38.90
39.60
38.30
36.64
67.64
63.56
85.47
110.70
114.13
117.67
140.41
139.43
159.00
158.06
159.60
158.76
136.78
134.61
135.41
128.63
124.59
117.22
94.70
52.14
56.45
56.27
52.83
46.10
95.45
79.32
99.95
114.76
123.95
130.96
158.92
167.37
164.83
163.25
134.90
142.27
136.21
134.07
127.88
119.31
116.96
114.26
97.54
45.31
40.87
44.30
42.33
37.85
69.61
66.37
77.81
128.02
125.99
128.51
132.04
144.62
148.59
142.59
147.87
130.74
124.64
119.11
117.72
110.78
95.38
89.11
93.55
48.28
44.73
36.58
35.71
35.97
63.37
60.10
56.23
102.15
92.27
97.83
118.26
119.90
121.15
129.58
128.71
121.54
117.84
102.47
113.06
91.45
86.62
92.75
80.31
46.60
47.46
45.63
45.85
44.51
75.87
60.07
80.92
80.80
81.58
87.95
104.50
113.48
117.33
118.34
121.26
122.84
109.48
121.22
115.69
105.62
100.38
108.12
82.60
45.72
36.90
37.67
36.42
36.79
62.61
57.03
58.07
86.10
117.69
118.35
145.91
140.45
138.81
144.91
150.10
137.29
125.85
127.31
130.40
110.81
111.56
107.69
81.87
41.90
38.73
44.14
44.39
38.40
58.11
58.07
57.60
77.11
120.75
112.96
123.64
152.29
148.37
149.24
160.01
149.11
136.82
130.05
126.57
108.31
105.19
100.73
91.26
40.54
37.73
39.94
39.51
37.57
59.61
59.27
58.68
118.32
109.36
127.40
136.22
153.86
154.73
152.93
151.90
143.82
140.31
132.71
122.83
112.99
116.98
94.14
72.07
40.82
40.88
39.44
39.12
38.90
57.99
59.87
58.49
96.11
115.12
122.78
134.29
160.85
159.30
153.02
162.88
151.14
154.58
134.93
122.30
124.90
111.58
105.32
95.71
48.43
46.70
47.73
38.43
37.02
62.43
62.40
66.83
114.33
116.32
135.00
140.71
148.63
157.99
151.37
153.15
148.39
138.49
121.43
112.29
119.82
103.36
87.95
89.33
45.30
43.68
36.64
36.42
37.71
60.60
58.35
55.57
85.37
82.89
92.69
115.32
114.07
118.61
128.53
116.51
122.67
114.00
110.34
96.21
95.66
80.71
87.90
66.38
37.18
37.30
36.63
38.17
36.82
56.51
57.95
52.85
74.73
83.13
88.77
95.42
110.28
119.44
124.60
123.13
122.40
118.88
111.56
109.15
107.86
100.87
94.77
68.16
42.09
37.71
37.05
37.07
36.23
55.53
56.57
56.98
89.91
116.27
119.33
129.82
149.36
144.76
162.80
159.84
153.42
152.53
126.71
123.22
121.85
109.95
111.96
92.46
50.57
41.55
37.11
36.77
38.10
59.82
60.60
61.46
98.73
118.90
126.24
147.67
149.60
151.19
170.55
162.32
165.97
153.78
134.59
122.53
126.45
108.01
109.22
77.46
42.39
43.86
42.37
38.10
38.71
60.36
62.39
59.16
96.64
109.83
130.35
136.90
142.11
161.13
154.52
157.30
156.71
135.43
127.15
123.75
120.75
106.87
102.35
98.21
41.34
44.30
38.46
36.68
36.93
57.16
57.18
56.31
86.11
113.15
126.83
126.07
137.77
147.29
152.56
149.30
142.71
133.47
133.63
122.97
105.09
97.82
78.15
74.13
45.86
46.33
43.97
39.61
36.52
54.87
56.72
55.78
73.13
103.71
110.67
125.36
121.83
126.60
132.44
135.46
130.23
116.37
108.71
110.99
106.39
79.70
67.13
56.69
36.70
36.66
37.49
36.58
36.73
55.69
58.15
52.51
56.66
92.46
76.86
88.85
99.45
96.32
108.78
97.21
96.17
91.99
86.63
93.24
78.39
82.53
58.85
53.30
36.71
36.89
36.30
36.71
36.68
55.13
56.72
52.33
53.04
80.24
76.82
93.32
94.61
99.09
104.29
98.42
104.72
83.87
93.44
84.48
83.76
81.07
67.16
52.72
38.15
36.66
36.64
37.01
36.58
54.19
56.23
53.94
68.45
92.41
106.64
116.13
129.03
124.21
134.90
122.15
131.96
110.83
95.78
105.44
117.90
109.77
115.20
95.30
67.60
58.07
46.94
39.53
39.56
62.81
63.20
61.43
89.78
103.38
117.14
111.00
137.35
133.04
129.55
145.71
131.53
106.58
104.21
94.38
85.58
92.31
75.90
75.67
37.71
38.13
37.80
37.03
36.89
54.44
56.27
57.43
85.62
113.69
119.12
129.81
145.76
146.69
160.83
157.04
145.85
132.06
134.17
130.93
116.42
103.90
112.53
91.06
50.06
49.12
46.03
44.15
44.59
72.08
62.22
64.21
94.23
116.27
123.66
143.14
155.84
155.18
166.33
159.25
149.42
138.46
140.55
127.60
114.77
117.76
107.48
94.20
48.15
47.69
44.21
37.72
37.19
60.02
62.07
57.48
82.37
111.29
122.65
126.27
127.85
131.44
135.20
133.08
128.23
114.91
108.45
112.01
100.03
68.03
66.82
57.83
37.57
37.13
36.51
35.09
36.29
53.56
55.76
51.22
51.75
71.72
84.22
97.87
93.27
108.07
105.65
102.53
114.07
101.49
102.60
93.49
64.18
60.49
58.38
51.31
36.80
35.93
36.05
36.26
36.00
51.94
55.14
52.03
50.67
55.47
83.42
78.34
91.81
106.42
100.72
111.33
107.87
103.17
112.17
89.13
80.42
77.27
74.04
67.54
41.16
38.02
37.56
36.63
36.59
52.75
56.12
56.31
74.49
82.79
121.17
116.18
122.04
130.67
143.33
136.41
129.89
119.96
120.44
115.91
86.28
80.52
76.65
67.01
43.28
39.68
39.43
36.06
36.29
53.55
56.14
55.42
73.36
88.99
119.25
125.50
133.72
148.63
157.01
147.46
140.85
136.25
132.52
121.82
109.18
88.97
85.40
71.20
42.14
37.62
40.97
38.24
38.21
55.21
57.86
56.83
75.96
101.64
115.00
128.74
130.20
136.02
150.78
146.75
139.81
130.18
123.48
115.63
108.92
79.42
82.47
67.59
42.02
40.67
37.17
36.68
36.44
54.88
57.40
56.88
84.44
114.10
113.75
116.05
134.36
138.71
134.11
138.50
139.35
129.91
114.34
110.25
101.51
91.74
80.10
68.14
38.94
38.88
41.89
45.34
40.28
57.40
60.73
59.59
72.35
96.11
113.57
115.64
114.12
128.84
128.70
120.37
117.57
111.46
84.87
80.33
71.72
65.96
63.01
56.04
36.43
35.93
35.36
35.68
35.84
51.01
57.68
52.08
52.31
52.02
82.77
87.50
100.97
91.93
102.18
97.38
101.70
99.21
97.93
68.74
53.28
54.12
54.99
51.21
35.61
35.83
35.30
35.76
35.89
51.14
54.24
48.86
48.21
62.83
75.80
79.87
94.46
109.59
98.42
112.72
102.34
108.36
104.88
104.48
101.37
97.96
95.71
71.88
41.54
35.92
36.31
35.77
35.42
52.29
54.86
52.95
69.89
75.33
80.51
90.49
139.61
126.36
121.35
130.34
104.81
80.95
85.71
86.51
81.66
82.45
83.06
73.73
44.47
37.84
35.55
35.95
35.41
46.42
54.35
52.29
71.15
78.48
82.39
94.04
139.21
130.46
119.20
127.33
120.37
94.11
81.38
81.49
80.34
80.29
83.52
74.60
44.12
37.29
36.19
35.76
36.08
46.73
55.75
55.39
72.25
78.84
81.32
82.08
84.78
90.99
93.30
95.32
96.85
85.69
82.04
77.88
72.88
74.19
73.74
67.68
44.08
46.62
38.82
36.48
36.00
47.33
56.00
55.82
74.87
83.28
84.69
87.11
121.97
118.84
126.73
128.60
117.65
112.64
82.19
77.38
73.65
72.67
72.57
65.39
40.27
38.84
45.07
39.43
35.79
46.48
56.28
55.53
73.76
80.60
79.73
106.28
108.53
120.64
112.96
113.39
119.97
103.83
83.16
77.78
74.62
62.52
59.43
52.42
36.92
37.35
36.23
36.19
36.34
46.85
54.21
48.99
49.51
49.12
58.64
79.77
100.57
91.73
102.97
96.00
96.86
102.03
91.16
65.07
55.36
54.21
54.01
49.04
36.27
36.25
36.12
36.46
36.48
49.97
54.13
49.55
48.75
52.46
75.28
74.31
88.69
98.93
91.78
107.09
93.86
105.05
92.48
100.32
77.50
70.32
69.21
62.65
40.41
37.02
36.64
35.81
36.08
48.98
53.24
51.95
70.35
79.23
110.82
107.91
116.54
129.37
132.39
128.42
132.59
122.60
111.50
105.45
102.56
87.24
74.52
66.63
41.35
39.18
43.61
38.09
35.87
51.92
54.78
52.98
69.54
79.38
115.11
110.56
129.80
139.48
140.71
143.82
145.11
133.24
125.07
118.04
111.95
100.09
80.52
69.46
39.29
38.32
41.43
36.64
36.06
54.27
55.78
56.91
70.86
100.51
110.58
116.03
126.77
137.11
143.39
139.62
138.78
126.42
125.55
114.32
94.88
98.02
72.12
65.64
44.33
37.65
37.63
36.47
36.21
52.56
55.36
55.57
69.99
90.21
118.35
128.41
127.19
149.28
138.32
139.21
138.24
137.61
124.29
114.16
102.94
83.78
79.34
72.20
48.23
38.52
38.30
36.98
37.05
54.21
54.96
55.29
70.67
104.48
104.43
119.40
116.52
127.97
132.32
125.10
118.11
113.82
117.13
99.42
94.58
79.96
62.51
54.70
36.04
35.59
37.05
35.56
35.40
53.05
53.18
52.23
48.31
61.12
78.01
83.54
93.38
94.95
95.79
99.26
93.42
98.46
95.67
84.11
75.11
57.95
56.94
50.20
36.09
36.63
35.85
35.99
36.42
53.94
53.58
52.05
49.11
63.82
77.20
72.21
90.84
96.78
101.04
98.04
103.83
99.67
99.64
93.21
96.26
74.80
85.50
63.11
39.93
35.98
36.30
35.73
35.11
53.31
52.98
51.42
48.95
59.75
93.15
78.94
97.68
86.50
103.03
95.28
105.31
91.75
87.44
79.30
78.16
59.19
57.05
52.90
38.71
38.25
38.79
37.58
37.04
54.42
55.63
56.31
72.38
90.17
106.21
110.25
116.39
135.32
133.59
131.91
136.38
125.51
89.41
83.73
78.02
76.21
73.59
66.84
44.65
37.39
36.78
36.57
36.20
50.27
54.01
54.19
71.01
80.63
84.77
89.92
113.17
119.42
129.22
126.10
117.27
113.86
86.17
83.85
78.74
76.65
73.97
65.81
46.32
38.49
36.90
36.63
36.58
49.17
54.30
53.24
70.42
77.59
81.05
118.30
118.80
124.94
135.65
126.46
123.00
124.15
112.38
82.91
77.22
76.06
73.23
67.70
46.60
37.95
36.87
36.90
36.45
50.99
54.31
52.70
70.45
76.76
94.99
108.96
116.14
113.85
117.25
120.64
109.04
102.51
105.84
77.61
72.19
62.63
59.69
53.30
36.79
37.26
36.98
37.01
36.90
50.26
54.71
51.05
48.85
47.97
50.66
74.45
84.61
99.02
91.21
95.70
93.80
89.20
92.22
63.44
56.13
54.13
54.72
50.31
37.05
37.13
37.35
36.59
35.80
47.36
54.16
49.44
48.39
48.59
52.18
73.10
87.57
91.49
102.50
96.07
103.23
96.77
99.05
99.23
78.39
70.85
69.76
63.63
40.19
36.63
35.70
36.75
35.55
47.22
53.78
54.82
70.20
78.07
87.09
118.33
121.92
118.77
122.10
136.84
128.29
113.28
108.89
90.44
76.79
74.32
71.35
65.17
40.32
42.67
36.54
35.89
35.47
49.68
54.25
53.28
70.80
84.87
112.08
113.92
115.73
125.24
93.16
93.15
93.22
89.24
91.32
81.98
78.11
76.68
76.30
67.93
43.31
37.15
36.72
36.71
35.96
51.54
55.65
55.57
71.95
81.13
81.85
85.62
99.27
127.24
112.73
96.82
90.69
88.91
84.34
79.12
76.13
73.51
72.10
65.25
43.73
38.48
37.54
36.11
36.12
47.76
54.60
52.71
70.10
77.77
85.02
87.97
90.84
92.47
91.29
93.53
92.55
90.05
87.08
80.76
75.04
74.32
73.31
65.82
45.72
37.62
36.29
35.93
36.01
45.87
53.13
53.08
71.60
82.05
80.13
78.76
78.75
76.38
75.17
74.01
74.11
72.60
68.40
67.74
67.18
58.33
56.82
50.36
33.57
33.99
33.81
33.46
33.55
44.15
51.90
48.59
47.00
47.19
50.47
58.65
60.15
59.98
58.67
65.67
61.66
59.94
62.64
54.55
50.93
51.13
51.80
48.04
33.23
33.17
32.89
32.93
32.90
43.61
50.42
47.72
44.96
45.83
46.95
46.70
56.74
59.87
60.93
66.04
66.18
61.82
64.67
64.38
63.85
63.42
64.33
58.70
35.18
31.55
31.04
31.14
31.20
41.68
49.46
50.38
64.75
77.61
81.09
82.33
81.86
83.08
89.67
86.86
83.52
80.58
79.42
73.63
69.20
68.85
67.71
61.10
39.80
34.38
32.31
31.58
31.22
42.06
49.65
49.10
67.24
78.72
82.86
84.03
81.27
83.18
81.71
81.85
80.63
79.74
75.04
69.89
73.14
64.51
63.60
58.19
34.81
36.84
40.47
33.79
32.03
41.98
47.34
46.52
63.50
70.13
79.31
76.84
80.05
84.74
85.50
108.14
80.31
77.68
75.49
66.16
57.05
56.90
55.26
49.14
36.20
36.51
35.81
35.57
35.10
51.42
53.16
48.54
46.21
44.88
44.55
45.30
52.06
65.53
59.31
50.23
48.51
51.02
53.38
53.07
51.65
52.41
51.74
48.03
33.91
34.21
34.40
34.03
34.46
51.71
52.64
48.43
46.20
45.46
45.24
44.67
45.35
45.09
45.01
45.49
45.09
47.80
49.49
50.96
50.31
50.25
50.02
47.79
35.14
35.59
34.76
34.98
35.70
44.74
50.78
47.87
44.16
43.95
45.16
55.10
55.19
55.62
57.57
58.16
58.33
62.66
65.48
58.03
53.79
53.58
53.81
49.84
34.76
34.66
34.72
34.61
35.01
44.22
49.41
46.85
45.37
46.14
46.43
47.38
57.76
61.95
61.72
64.18
64.24
66.44
68.17
69.42
69.35
68.99
69.22
64.49
39.86
36.86
36.44
36.62
36.66
45.79
50.97
52.42
68.91
79.73
83.88
85.15
85.26
87.17
110.25
91.67
84.24
79.88
76.96
76.72
71.27
70.38
68.91
63.87
48.81
41.18
46.16
47.29
44.10
51.53
58.01
56.23
68.58
78.78
82.83
87.25
98.60
102.46
84.80
85.74
88.67
79.37
77.73
76.19
71.69
72.69
71.81
67.97
52.92
43.70
37.69
38.07
54.19
51.21
52.39
53.10
66.95
76.35
81.50
99.80
97.67
109.33
107.11
112.17
99.13
105.30
83.59
81.64
74.41
69.59
68.74
67.06
53.16
44.40
45.62
40.30
56.72
52.15
51.40
54.33
68.98
76.65
77.97
91.12
107.95
111.47
117.42
113.38
93.17
83.93
86.24
79.25
75.17
73.46
72.28
69.19
53.28
42.02
44.68
37.71
50.74
51.15
51.56
52.06
67.60
74.96
78.96
83.06
109.10
101.53
109.45
105.11
97.24
76.02
77.55
69.88
68.98
69.56
60.38
62.90
40.05
34.98
35.87
38.13
51.08
52.16
51.95
50.13
48.43
46.32
49.20
77.33
67.74
80.24
75.21
82.65
68.98
70.69
75.06
70.03
65.39
66.26
57.79
53.96
41.83
35.57
35.59
38.61
56.12
53.74
52.44
51.45
48.42
47.56
47.34
47.28
60.80
62.25
62.97
65.56
66.61
70.46
73.14
71.33
70.20
70.07
68.86
67.89
54.30
40.13
37.39
38.53
53.20
53.36
53.10
52.88
68.42
77.35
76.64
78.36
80.28
98.75
79.70
79.67
78.52
77.61
76.62
75.71
74.73
71.36
70.62
71.33
55.82
43.43
47.99
44.58
51.36
51.91
52.04
52.85
71.24
78.49
77.39
79.78
95.71
98.91
99.30
102.27
96.69
92.21
91.71
90.16
86.13
84.99
85.82
83.47
57.92
41.75
46.58
38.56
60.08
56.99
55.98
59.04
74.27
80.85
84.05
85.38
84.79
86.78
92.65
89.32
88.40
85.36
82.91
82.72
83.80
82.69
81.84
81.80
57.30
40.14
41.01
36.17
58.37
57.33
56.29
58.62
72.34
81.81
85.39
88.23
91.61
92.24
89.66
88.34
86.20
83.67
83.88
82.71
80.66
81.54
81.17
80.37
47.08
36.20
38.14
36.92
56.14
55.93
56.91
58.44
64.76
67.23
70.64
71.38
73.00
85.14
87.52
86.93
84.05
70.66
70.01
61.89
59.17
60.80
54.26
52.13
32.78
25.19
25.12
27.58
45.94
47.45
46.35
44.92
41.39
41.14
40.23
53.93
65.86
71.14
72.27
70.27
76.08
69.15
66.97
59.47
56.17
55.09
51.97
51.47
32.86
25.16
25.20
27.45
45.99
46.96
46.36
45.14
41.41
41.12
40.10
40.22
39.99
39.67
39.34
39.75
39.13
41.12
43.23
44.49
44.59
44.88
45.54
45.78
31.20
25.37
25.15
27.35
41.63
43.55
43.52
46.24
52.47
63.19
62.27
63.22
63.62
61.65
62.38
62.96
62.38
50.02
47.67
47.65
47.72
47.68
46.81
44.14
30.85
26.17
25.51
27.51
40.64
42.58
42.27
45.62
53.49
63.37
65.09
65.99
65.16
63.87
62.98
64.06
62.42
50.42
45.56
49.49
51.60
51.87
47.79
47.76
33.74
28.81
28.33
30.14
43.73
45.17
45.27
46.99
51.83
63.09
63.23
63.17
63.23
55.60
52.68
54.42
55.62
47.77
44.41
44.63
44.13
44.09
44.42
45.15
44.72
45.54
45.30
44.86
44.58
44.55
43.68
45.72
55.29
65.97
65.58
65.63
63.68
65.85
65.20
61.64
61.65
50.34
48.03
49.80
50.04
50.19
49.86
50.20
33.06
27.11
27.00
29.11
43.55
44.36
43.67
44.65
50.87
63.33
64.21
59.78
60.90
61.04
66.21
67.78
68.59
50.98
47.08
45.61
46.16
46.72
44.56
43.74
33.10
27.66
27.10
27.90
38.70
40.66
39.67
38.63
35.26
34.71
33.82
33.62
36.74
37.91
39.42
41.45
43.22
41.77
43.25
43.97
43.41
43.15
42.35
42.02
32.40
27.42
27.07
28.05
39.55
41.37
40.31
39.49
35.82
34.51
34.64
36.40
46.11
44.70
46.99
52.22
52.04
50.90
52.31
47.17
46.24
45.61
45.72
44.00
14.52
24.52
26.90
28.00
41.03
42.68
42.87
43.78
47.90
49.28
48.68
50.59
53.67
49.89
50.54
50.38
51.76
49.54
54.49
54.15
50.73
51.41
50.78
49.42
33.84
26.76
25.75
26.64
41.54
43.55
44.40
43.99
38.50
39.40
37.70
36.35
37.96
37.19
36.86
36.90
37.17
39.47
41.93
42.31
41.94
42.12
42.08
41.66
31.11
25.69
25.50
26.54
39.93
42.05
40.99
40.24
36.11
35.91
35.85
35.45
35.27
35.33
34.94
35.25
34.96
37.34
40.10
40.18
39.88
39.68
39.85
39.27
30.20
25.70
25.24
26.39
36.98
38.68
38.15
39.09
40.79
41.41
41.88
41.82
42.57
43.64
45.08
45.28
45.20
42.35
44.39
43.34
42.27
42.41
41.95
41.86
32.90
27.37
26.74
27.81
39.24
40.53
39.93
39.43
40.93
44.12
43.56
43.71
44.78
44.11
44.05
43.70
43.28
39.48
41.99
40.89
40.99
38.77
38.78
38.68
29.97
25.37
24.82
25.84
36.15
38.19
37.96
37.18
32.98
32.88
32.28
32.29
32.30
32.52
32.11
32.22
32.49
34.18
37.18
37.79
37.70
37.80
38.33
38.07
29.72
25.58
24.86
25.98
34.91
36.95
37.30
36.53
32.59
32.54
31.89
31.68
31.73
31.89
31.72
31.85
31.62
33.97
37.09
36.74
36.63
36.92
36.91
36.73
29.34
25.39
24.80
25.87
34.86
37.21
37.15
40.34
42.09
54.74
55.95
55.43
55.53
55.46
55.52
55.33
54.76
42.16
39.26
37.61
37.13
37.26
37.03
36.94
29.42
25.61
24.76
25.69
34.87
37.08
36.73
38.03
40.62
52.66
55.74
55.80
55.78
55.99
55.55
55.32
54.25
42.67
40.74
39.08
38.41
38.47
38.55
38.42
