29.92
29.51
30.17
30.35
29.03
59.26
76.02
76.04
83.27
82.46
83.05
72.55
72.66
81.95
83.98
82.62
80.12
72.10
73.94
82.12
80.49
73.44
52.65
32.64
28.00
28.59
29.39
29.21
30.02
58.10
78.12
77.08
78.38
98.58
105.08
108.49
107.36
104.30
112.64
108.75
97.36
80.63
82.96
86.81
84.83
84.80
59.55
37.41
32.35
33.08
32.93
31.50
31.44
59.09
76.92
78.89
86.01
94.53
95.54
98.35
94.69
103.17
109.25
106.39
105.64
104.77
102.98
91.86
89.61
100.31
62.37
35.56
31.43
31.93
31.13
31.43
30.86
62.05
80.07
78.55
90.92
102.64
107.58
110.38
116.99
114.00
113.50
109.38
108.91
103.63
106.01
102.21
95.85
99.35
67.45
44.69
31.19
31.12
31.06
31.27
30.99
30.83
54.24
67.57
65.68
69.36
83.67
95.03
94.27
89.33
88.96
94.83
100.04
102.42
101.41
101.84
91.86
85.11
72.71
59.76
50.11
49.36
50.19
49.40
49.33
49.82
49.71
49.50
48.02
47.89
58.59
57.41
57.31
57.92
57.96
56.55
57.10
56.69
60.43
60.31
58.91
54.23
44.07
41.79
41.91
41.13
30.03
29.24
30.22
59.55
80.27
85.07
97.48
109.61
113.21
114.33
113.68
114.38
114.65
115.98
109.00
96.76
96.04
99.21
107.74
108.37
78.03
57.89
56.96
54.22
39.90
32.06
32.10
62.12
78.96
87.06
95.00
108.71
112.05
108.38
108.58
113.07
112.76
119.11
115.42
102.37
103.64
103.58
105.10
101.84
79.29
60.42
53.22
50.44
43.54
43.64
41.78
70.01
84.33
85.21
90.41
94.27
98.41
106.29
105.96
119.70
127.03
119.70
117.21
105.27
106.32
106.68
105.14
101.42
78.51
61.51
57.07
53.89
53.20
51.99
52.30
79.39
92.09
93.99
106.05
114.33
62.50
116.40
118.48
120.92
128.79
124.88
121.93
118.89
117.11
116.87
118.57
119.73
91.24
68.64
53.25
47.78
44.62
43.39
43.67
69.99
82.89
84.21
96.82
102.50
108.94
107.73
111.77
119.56
125.92
127.63
120.50
115.50
116.98
117.31
114.72
117.70
88.23
57.05
51.77
45.29
44.53
44.82
43.80
36.96
55.89
69.40
80.39
87.57
90.82
93.75
93.94
92.86
95.29
95.43
97.65
103.39
105.50
105.96
106.83
111.12
87.57
69.58
54.62
53.43
54.08
53.13
53.47
53.16
54.16
52.96
51.81
51.04
56.72
59.71
65.59
61.25
61.07
61.66
63.41
61.51
63.04
61.06
54.45
54.49
54.11
54.12
54.09
53.55
54.06
53.90
52.64
78.00
91.70
90.94
101.01
114.80
124.18
118.32
124.86
124.73
125.05
124.86
121.94
108.33
105.49
103.19
103.70
103.29
80.57
65.29
62.00
60.76
60.69
60.25
60.80
85.11
99.09
98.05
107.34
120.13
121.30
119.80
131.83
138.57
136.91
124.59
119.01
107.45
106.62
105.69
105.60
104.42
81.58
64.61
61.08
61.06
60.80
60.56
57.53
79.61
93.86
93.41
104.22
112.48
117.60
132.78
126.42
117.18
118.93
119.51
115.92
106.21
109.61
108.45
110.26
112.93
94.55
70.51
60.78
56.03
54.36
53.08
46.90
75.46
89.16
89.94
98.67
108.03
120.39
126.23
118.74
122.25
123.07
124.50
122.80
118.26
120.24
120.06
117.28
114.54
94.26
76.73
61.25
59.44
59.14
59.43
59.34
83.62
94.27
94.34
111.48
121.58
128.75
122.71
121.06
134.32
124.80
121.94
121.35
118.56
115.64
115.23
118.81
115.42
92.96
72.90
58.54
56.33
55.36
47.46
48.32
47.12
60.29
71.62
73.29
83.94
87.56
92.05
95.37
94.27
95.73
96.90
102.96
102.57
103.07
101.20
101.68
102.48
80.89
63.97
46.97
40.10
31.81
32.34
30.25
31.50
31.14
31.07
29.16
30.65
36.10
39.94
40.05
57.45
58.41
60.01
61.21
65.00
64.20
63.46
60.60
54.65
54.98
55.95
54.43
43.56
42.17
42.38
35.50
61.76
80.29
82.10
81.56
80.86
82.07
81.11
90.82
100.16
101.64
102.41
100.22
103.04
101.86
101.64
97.11
91.93
69.94
44.31
34.24
33.63
34.04
33.54
32.76
58.76
77.06
75.06
82.89
93.11
102.35
113.73
114.99
118.81
116.04
106.20
102.74
89.21
90.88
89.77
88.10
85.62
62.37
42.63
34.79
34.26
34.64
33.83
33.22
62.06
73.24
72.18
78.44
83.68
96.82
114.06
114.39
108.06
109.36
109.56
107.57
96.89
95.15
95.14
93.39
88.21
57.44
37.13
34.93
34.39
34.06
33.83
33.07
60.83
73.90
72.48
84.12
100.01
109.39
117.40
110.57
114.88
116.62
109.81
110.41
106.70
108.85
109.40
105.81
99.15
73.66
56.03
41.67
34.23
34.16
33.73
34.18
59.76
72.55
72.29
84.37
99.14
106.84
112.32
110.00
110.08
111.89
112.66
109.43
106.99
106.53
105.13
101.32
98.83
80.21
59.23
38.03
34.18
34.41
34.28
32.93
34.30
53.29
62.29
60.76
64.51
81.33
89.15
88.57
87.08
89.56
88.92
96.19
100.86
101.85
101.46
99.30
97.53
79.02
68.54
58.77
50.11
39.61
33.16
33.88
33.29
34.08
33.74
32.32
32.38
32.60
33.11
40.31
41.94
43.44
43.43
41.29
40.33
53.12
53.12
55.93
55.49
51.87
38.04
34.57
33.83
33.82
32.88
33.41
60.63
79.55
79.55
83.92
92.13
100.21
105.49
96.75
97.77
106.71
109.40
93.88
101.34
99.93
98.17
99.36
98.79
77.70
58.13
47.69
47.35
46.44
41.06
36.25
58.88
75.78
78.34
88.68
101.20
112.22
107.92
110.80
108.94
111.58
108.36
26.03
97.07
95.12
100.51
101.19
98.85
80.44
65.31
58.19
53.48
54.90
53.98
54.17
77.57
87.95
86.89
94.96
100.94
103.36
107.05
108.53
109.27
111.00
118.03
119.83
103.55
96.42
96.07
95.18
94.28
78.02
60.47
55.62
53.63
50.73
43.44
43.00
68.70
76.88
78.61
96.91
116.08
124.20
120.92
118.47
125.92
124.34
122.18
120.28
112.80
112.49
111.60
109.64
113.62
91.29
73.32
67.26
61.41
55.80
55.67
48.16
70.67
80.37
81.49
109.85
122.46
123.35
129.15
127.88
124.14
121.51
126.36
121.88
105.62
104.12
99.86
99.96
99.58
80.54
64.93
56.12
55.18
54.92
54.66
54.78
54.72
73.42
81.99
78.47
79.53
89.43
99.35
107.18
130.93
134.21
131.93
130.89
108.83
99.59
99.27
99.38
102.60
88.23
78.27
68.49
59.37
59.75
59.62
60.00
61.77
61.90
59.99
58.22
57.09
55.60
54.68
55.94
54.99
56.05
55.08
57.12
57.03
59.14
59.34
59.94
58.78
59.39
60.26
60.03
59.09
59.43
58.11
58.38
88.52
97.21
95.92
113.17
121.45
130.18
132.28
131.63
131.61
122.20
125.11
120.97
115.33
114.40
112.60
117.81
107.42
84.58
64.37
59.11
57.61
49.20
48.70
49.08
77.55
89.39
90.63
112.03
123.75
126.47
139.33
130.20
129.90
131.63
129.49
122.90
107.11
108.54
106.77
105.06
99.32
80.75
66.00
61.93
56.49
57.04
56.07
49.19
73.75
84.25
83.80
96.60
119.15
115.67
118.34
114.30
106.99
107.98
97.66
93.16
87.70
93.68
100.13
89.12
85.25
64.92
39.29
32.48
31.03
32.76
31.00
33.21
59.94
74.98
74.92
94.52
110.22
130.24
133.60
119.23
114.92
110.23
110.23
114.58
105.37
106.10
104.73
100.72
91.94
71.52
50.42
42.37
41.84
41.48
37.96
35.13
60.98
71.66
73.12
88.18
101.48
106.63
117.07
112.45
110.28
107.11
111.09
105.81
107.63
107.04
104.87
96.09
96.84
75.09
58.71
49.53
36.74
35.42
32.75
32.24
32.61
52.84
65.41
68.02
71.41
70.21
76.51
86.50
96.14
91.56
86.49
94.64
97.48
101.69
105.15
87.57
85.91
68.14
54.25
42.54
32.26
32.00
31.61
32.48
32.67
33.26
33.62
32.61
30.75
33.48
37.46
36.34
37.19
35.00
37.42
37.83
43.17
43.87
43.57
33.46
35.51
35.32
34.03
34.27
33.14
34.19
33.10
32.65
63.95
82.78
83.31
85.93
100.31
102.88
100.34
105.41
109.25
115.87
111.16
110.71
95.99
91.00
93.73
93.57
81.83
57.13
42.84
40.05
38.95
38.75
38.71
37.26
65.56
78.69
75.91
91.38
112.68
122.48
118.32
116.38
116.20
112.77
109.54
102.47
100.29
98.33
97.22
95.74
88.14
66.45
51.47
40.98
37.41
37.31
37.70
36.79
67.10
83.27
84.65
97.06
118.12
124.37
113.66
110.20
111.09
116.16
118.65
112.49
99.33
98.11
91.71
88.92
89.48
71.44
58.36
55.61
53.99
46.92
46.15
45.93
69.06
78.60
86.78
107.71
119.91
129.86
128.57
118.68
121.94
120.23
120.76
120.20
110.92
107.14
107.73
108.03
103.76
79.09
64.65
60.11
60.32
60.61
58.95
29.77
74.26
101.80
98.74
112.44
118.09
119.64
120.95
121.72
122.32
119.52
113.99
113.40
108.18
110.85
111.41
111.60
111.16
89.19
75.89
73.10
63.07
54.99
46.03
42.68
43.09
68.98
80.34
81.14
92.22
98.70
105.79
105.10
112.16
115.21
112.17
111.26
107.61
102.22
100.90
95.85
90.70
67.93
52.66
36.99
31.63
31.33
30.90
31.36
30.85
32.47
31.84
31.12
31.11
32.26
30.14
31.37
30.77
33.75
34.34
33.17
32.25
33.29
33.48
32.07
31.42
33.21
31.64
31.97
31.48
32.33
31.54
30.95
60.08
80.19
77.81
88.03
98.88
113.14
113.86
110.65
112.46
118.81
122.55
122.40
105.67
100.10
98.74
97.64
93.94
72.29
53.05
44.28
43.39
42.09
41.21
40.61
70.94
83.96
82.41
92.04
105.72
110.06
106.58
106.91
105.91
101.36
111.02
107.73
101.51
82.51
81.14
77.61
76.76
60.88
47.12
40.00
39.82
40.48
40.20
40.01
65.72
77.21
79.14
87.75
93.63
61.48
96.59
94.01
102.77
113.70
108.11
107.49
91.47
88.00
98.52
97.65
96.15
70.59
49.88
41.05
37.79
37.02
34.90
33.71
62.44
81.79
79.17
101.18
115.26
122.35
116.70
112.07
107.72
109.29
108.71
105.92
100.45
101.53
101.02
91.69
91.77
70.09
51.38
48.68
39.60
41.28
38.86
38.79
65.56
73.70
76.28
95.27
108.99
104.36
106.36
111.40
122.12
120.31
118.00
109.49
108.12
101.34
93.57
92.74
93.14
75.61
51.43
45.74
44.02
43.82
42.32
40.87
42.25
64.00
79.23
71.22
74.04
87.29
92.27
94.38
95.82
100.61
105.74
104.88
101.06
96.88
91.39
84.78
78.61
64.51
48.52
42.05
33.88
34.42
32.97
33.29
34.67
36.34
35.26
35.19
33.48
34.92
37.53
44.09
42.32
43.31
45.78
52.01
51.52
51.32
51.73
52.76
54.55
52.14
47.55
47.58
48.01
45.42
43.36
42.96
68.58
72.49
72.23
85.50
106.52
106.59
103.55
107.09
104.27
106.33
114.87
114.68
105.19
110.40
120.65
112.58
106.92
84.76
64.08
48.47
44.87
43.88
35.04
35.08
60.49
75.87
80.44
98.20
103.38
105.31
105.92
112.99
119.79
120.05
117.17
117.37
106.96
104.13
103.09
103.35
104.33
85.73
65.79
56.08
55.62
55.98
56.11
55.21
79.07
91.23
90.20
103.37
115.73
117.43
118.47
122.63
122.30
121.54
124.29
127.13
115.26
113.53
108.23
103.80
107.90
87.70
72.01
63.72
60.84
56.84
50.98
46.48
71.58
81.26
80.38
90.47
106.67
113.89
113.75
125.32
129.19
128.10
131.24
129.72
124.43
126.76
123.02
123.61
115.35
95.77
84.37
80.43
65.42
57.03
54.34
54.19
80.26
91.84
89.16
110.78
111.28
120.48
126.42
128.02
125.55
126.75
127.87
127.20
114.21
118.36
116.02
118.71
119.30
99.70
83.71
64.86
60.56
59.82
59.79
59.58
59.81
80.97
95.06
95.66
112.41
120.31
123.80
123.19
114.87
115.14
113.76
112.82
112.51
106.71
108.28
106.51
106.71
86.05
64.59
64.33
63.66
64.25
62.70
63.57
61.40
57.75
55.28
56.01
56.93
63.18
70.89
70.22
70.68
71.12
73.49
71.83
69.33
75.38
73.60
74.33
75.45
75.63
77.04
70.30
67.11
61.62
61.75
56.03
81.71
91.83
89.53
96.50
102.07
105.60
115.72
117.50
114.91
113.99
116.25
121.81
116.22
109.04
110.22
108.31
108.95
92.49
77.43
71.54
64.37
53.80
44.88
43.79
68.77
77.40
77.26
88.30
96.05
102.79
105.04
115.44
115.20
113.43
120.19
132.66
123.19
117.10
127.62
118.85
119.11
97.96
76.27
76.66
75.50
66.33
62.41
62.43
87.00
96.35
97.10
100.53
104.27
106.27
113.91
116.87
114.74
119.46
122.80
118.19
120.15
116.24
117.70
114.12
112.51
93.35
73.04
71.64
69.96
56.79
55.25
48.63
71.95
82.53
95.98
104.48
103.26
102.55
109.86
117.08
126.69
126.82
120.97
116.13
107.10
105.94
111.54
107.05
112.31
92.08
74.46
72.70
72.88
62.56
60.56
59.36
85.98
95.22
91.87
75.15
56.32
72.58
70.60
83.42
76.82
121.45
119.50
124.58
114.62
109.30
113.98
113.33
107.43
85.86
68.13
61.72
58.69
58.33
57.83
58.57
58.14
71.03
80.40
88.38
91.48
95.00
96.50
103.16
102.67
104.26
103.62
103.06
99.86
97.59
96.46
96.04
96.79
84.18
72.13
65.34
57.91
52.34
43.81
43.54
35.31
34.10
32.53
32.71
32.26
41.58
45.44
45.97
49.94
55.77
63.35
64.72
62.92
64.28
67.40
65.91
67.19
66.76
64.66
66.56
65.00
65.90
64.75
62.52
82.00
87.85
79.01
87.67
96.40
108.33
105.61
103.82
108.93
127.77
128.77
122.53
117.31
111.17
118.60
115.21
113.22
93.14
78.78
73.12
64.33
62.07
61.61
61.49
84.71
96.96
96.37
103.43
115.00
120.26
122.97
122.56
116.62
117.40
123.00
125.14
114.11
115.62
117.80
115.87
108.97
85.69
67.73
55.79
54.70
46.75
46.54
46.30
69.87
78.89
81.20
97.57
107.54
107.68
108.72
113.72
115.01
118.72
118.17
113.04
96.71
97.27
98.18
89.54
86.99
68.64
55.57
47.78
41.47
36.08
34.60
34.36
55.48
70.24
80.52
83.92
97.23
110.59
111.78
110.61
111.38
113.99
117.20
116.79
115.56
110.95
108.19
100.81
102.88
80.10
65.05
63.39
45.55
41.02
40.68
39.75
65.58
79.50
78.13
96.37
107.59
118.53
125.10
128.45
115.20
110.20
117.38
123.63
110.55
102.62
109.58
106.61
99.65
81.76
64.54
59.60
58.59
51.16
49.82
49.81
50.79
69.74
81.65
86.45
84.51
96.88
101.10
104.73
107.74
105.59
105.11
103.96
105.78
105.52
105.43
107.13
106.37
95.43
82.29
80.34
73.04
68.25
71.77
70.46
61.39
58.89
59.83
56.48
54.12
57.41
64.48
68.78
72.63
76.10
70.83
72.87
71.27
73.99
74.37
73.42
79.19
79.41
75.52
76.61
75.26
76.41
70.83
67.21
81.20
88.65
82.93
101.65
119.87
132.92
136.63
127.51
130.26
132.93
133.76
126.98
111.37
110.62
114.22
111.11
105.89
95.18
83.24
81.44
78.78
66.21
61.28
59.43
80.77
90.49
88.72
98.09
107.51
129.25
127.64
139.13
136.36
136.46
127.61
125.82
123.99
121.22
123.63
121.68
118.11
97.55
75.30
63.85
63.26
64.10
68.08
70.57
80.44
86.93
84.52
100.35
121.67
128.07
123.91
124.59
130.34
134.59
130.40
123.94
110.52
104.86
102.82
100.33
99.76
80.56
66.41
62.68
58.00
55.63
61.45
58.41
78.03
84.72
92.56
99.15
107.23
124.60
125.08
133.02
129.40
134.94
127.27
123.91
117.94
111.09
105.36
100.06
95.05
71.77
56.99
53.93
44.97
45.37
45.01
35.80
58.34
74.85
76.33
91.39
103.78
111.61
111.06
117.49
119.87
131.74
141.14
140.12
115.64
110.76
117.44
111.48
108.77
82.24
58.47
56.71
51.10
46.23
46.29
45.39
46.35
57.88
72.00
81.02
81.22
101.59
109.71
112.76
116.38
114.11
112.72
113.08
116.01
109.29
101.67
97.87
89.09
77.03
61.84
61.43
55.50
55.88
49.30
46.09
46.06
49.55
53.90
52.78
51.41
55.05
63.14
66.80
63.88
74.59
71.53
70.77
70.85
71.29
73.28
72.92
73.35
63.24
62.25
56.58
53.97
47.90
46.17
45.80
69.53
78.33
76.29
80.11
94.39
111.93
109.57
103.12
103.36
107.38
105.21
103.91
92.08
91.89
94.77
96.34
94.05
70.17
63.21
61.28
52.49
50.86
48.65
49.69
64.54
76.65
75.26
90.81
104.55
108.61
111.36
112.81
109.91
148.49
158.62
142.28
141.24
127.24
99.37
109.99
125.97
72.59
55.08
42.57
50.84
62.99
61.16
52.44
64.81
77.12
76.10
93.41
124.47
149.30
151.60
171.58
162.01
151.78
180.89
167.60
152.40
147.43
137.31
124.05
119.85
75.22
54.30
48.69
48.90
52.24
36.20
34.82
61.06
73.33
72.69
85.96
146.28
159.91
150.31
151.04
155.62
171.82
181.25
187.65
165.39
159.38
127.84
121.61
104.93
74.75
41.64
22.31
46.40
45.29
45.64
37.99
63.70
75.17
73.71
95.61
104.48
137.19
159.04
145.23
141.57
147.83
163.62
149.96
134.42
109.81
103.44
83.40
78.10
58.85
54.13
40.12
38.58
38.17
36.23
36.59
36.74
59.01
72.73
73.59
76.37
86.52
124.73
135.80
129.62
132.47
133.43
127.01
127.66
114.30
106.96
104.48
89.40
66.31
55.44
45.70
45.76
45.88
45.00
43.91
44.39
42.17
40.42
40.49
39.18
40.15
64.66
53.71
56.07
59.80
61.51
60.15
58.94
69.67
61.31
62.83
62.19
59.27
49.86
47.78
49.08
44.08
49.01
47.61
61.49
73.49
72.63
86.15
97.92
109.47
108.75
129.53
140.73
149.04
162.51
150.94
155.75
165.60
138.60
125.51
110.76
74.55
51.51
49.61
48.18
44.13
43.31
43.09
70.05
82.83
82.28
92.84
101.59
114.80
161.80
132.59
136.71
171.63
173.09
171.41
149.01
137.29
120.14
118.25
114.89
82.71
59.57
61.25
59.36
54.48
52.18
45.04
69.39
75.82
75.63
86.84
97.34
124.46
147.34
142.14
128.90
139.36
143.34
126.75
131.85
105.62
117.12
110.76
95.17
74.48
60.65
40.46
35.24
36.23
35.26
34.70
61.70
74.58
73.83
92.58
108.24
128.26
179.16
147.76
136.51
163.94
152.97
161.37
157.74
113.92
112.00
96.36
108.15
64.40
44.14
38.04
34.95
35.87
38.93
45.99
61.78
74.14
71.89
97.28
112.11
174.40
171.16
172.78
155.86
153.19
178.09
162.15
140.91
99.59
115.51
99.66
98.73
65.70
41.40
55.71
40.17
47.55
56.17
34.17
49.43
82.83
93.24
110.19
111.95
132.88
115.94
135.28
123.74
139.90
131.84
148.70
146.68
115.01
100.12
90.45
86.46
74.42
50.94
38.72
37.92
37.92
49.57
52.73
35.20
41.84
45.32
38.10
50.96
38.68
57.46
46.40
56.80
54.08
57.64
51.60
49.68
58.83
63.85
51.09
51.17
58.94
61.22
50.66
47.80
48.63
47.77
47.37
65.24
73.96
75.11
120.30
160.99
172.04
173.89
175.27
157.75
159.66
178.64
165.60
137.72
126.66
127.73
125.95
111.78
80.43
55.14
65.38
64.59
53.47
50.12
49.65
72.01
75.42
80.46
99.73
177.69
168.53
177.66
175.33
170.61
169.59
168.13
165.59
143.60
135.25
115.70
120.18
102.42
76.17
64.38
62.04
58.81
54.39
53.66
53.45
75.97
77.52
78.12
93.35
100.06
107.85
110.59
103.34
101.13
102.35
102.55
99.18
88.83
88.91
89.70
80.25
77.81
58.36
51.71
50.74
49.63
48.16
46.60
45.62
66.70
74.70
73.56
86.42
99.49
113.21
112.91
61.38
125.00
118.03
112.28
109.22
95.85
90.62
83.70
78.48
79.04
63.95
51.04
49.73
47.78
37.84
37.52
37.54
62.21
75.49
76.84
101.07
114.25
112.90
110.59
113.68
109.50
145.38
158.94
118.61
85.25
78.08
83.03
77.66
75.54
58.32
53.17
51.53
43.36
48.61
48.90
47.50
44.45
61.85
71.46
71.62
73.75
85.48
138.64
137.87
123.48
113.37
107.69
110.18
91.34
92.93
82.88
88.77
91.61
74.74
48.74
42.99
51.89
50.23
50.20
49.94
50.02
46.80
45.29
39.50
44.20
54.42
55.12
67.79
52.33
53.32
61.29
65.02
52.31
64.02
59.46
55.32
65.45
56.48
58.71
45.54
39.08
39.73
38.14
45.95
66.00
74.20
72.08
92.96
142.17
168.41
143.84
154.23
170.84
182.55
175.61
176.49
155.72
141.31
139.59
111.52
121.46
83.85
62.89
67.03
74.66
59.16
55.18
55.60
74.29
82.64
80.77
104.40
177.40
165.82
160.62
167.14
153.97
176.81
155.35
145.38
114.06
102.27
98.42
95.86
105.33
58.48
43.30
37.84
38.19
38.68
38.71
56.61
76.56
95.74
107.01
114.88
136.78
131.24
139.19
136.85
134.91
170.97
151.31
144.00
115.11
114.77
99.94
97.78
93.89
69.42
43.86
40.27
48.89
45.96
74.71
46.37
63.14
76.43
83.10
141.11
142.97
150.72
165.96
166.77
177.86
177.50
179.35
159.98
157.29
126.55
136.68
124.80
116.01
67.20
52.64
54.05
61.44
70.61
57.05
48.87
69.18
77.38
120.58
155.02
164.54
184.84
193.84
193.90
184.11
185.65
179.04
185.97
146.88
117.66
120.25
116.17
122.76
74.78
62.35
57.32
69.43
68.40
54.98
49.49
50.77
63.26
77.88
128.50
103.84
123.42
152.16
158.39
156.72
171.21
165.81
155.81
159.33
157.04
124.94
115.68
122.29
78.57
71.99
68.90
53.72
59.38
62.05
51.18
49.75
49.29
68.97
50.39
51.11
57.86
57.56
54.22
61.35
50.72
57.04
61.17
59.71
65.57
60.24
56.25
68.11
56.67
61.77
63.73
55.32
51.83
51.44
50.21
74.06
79.94
86.75
89.73
156.67
176.45
183.01
181.24
184.17
186.11
189.84
190.74
168.18
166.36
149.20
156.52
145.40
75.03
66.30
63.96
75.95
62.79
54.46
52.17
78.39
90.59
89.09
101.13
150.39
175.14
185.50
176.41
186.79
188.17
178.26
176.33
149.38
129.89
133.94
118.79
102.35
82.49
51.04
56.18
58.89
56.85
61.06
54.50
87.07
85.71
105.33
127.21
159.80
164.15
159.84
174.20
184.24
183.02
191.15
185.70
165.89
144.35
142.01
145.79
148.61
78.37
60.23
71.57
57.74
59.55
73.39
61.26
71.65
80.10
110.74
133.89
159.63
176.36
192.29
174.51
176.99
195.51
202.47
195.09
184.07
174.56
173.77
176.85
172.91
103.96
71.00
69.17
73.18
66.40
64.68
62.22
110.64
130.19
118.26
164.52
165.51
192.51
205.23
203.51
197.81
202.67
196.05
185.83
174.64
143.21
133.89
130.47
118.41
77.64
59.11
61.16
63.61
65.32
61.68
68.63
54.93
70.34
114.77
141.56
155.13
163.83
167.25
168.23
169.97
160.59
171.00
168.53
155.34
151.34
153.16
152.18
152.55
85.91
52.63
63.87
53.19
63.69
66.88
57.75
50.16
48.67
64.46
55.87
55.44
62.73
62.48
55.11
73.78
53.04
62.85
64.48
63.74
59.95
68.86
59.62
61.46
64.35
62.60
56.22
60.23
63.73
56.84
59.66
130.04
155.53
154.18
163.92
181.29
176.90
193.26
187.63
181.66
182.74
180.19
162.39
153.36
118.34
119.58
105.09
112.86
75.66
57.41
63.75
57.97
61.02
66.09
56.68
99.30
116.86
113.44
139.34
147.80
156.76
159.27
148.11
156.26
155.65
166.93
158.54
134.93
105.39
115.12
106.77
131.78
65.12
53.06
61.11
59.94
59.77
51.50
51.20
96.61
95.18
109.58
128.90
146.22
161.93
153.12
169.13
164.85
159.88
143.08
151.81
131.83
118.87
138.97
107.62
109.81
66.91
67.36
54.65
60.40
64.29
67.00
50.89
68.95
77.65
82.01
132.53
125.17
120.59
139.34
164.46
164.80
175.32
160.19
140.69
148.02
115.72
115.02
118.89
112.88
58.35
60.04
58.98
59.42
59.05
48.13
45.68
68.59
75.94
80.20
92.71
151.70
173.21
154.14
181.47
148.40
153.91
163.95
167.95
122.61
114.69
116.13
107.68
109.23
74.20
50.03
66.46
52.64
47.03
47.44
47.03
46.49
68.51
81.14
115.27
89.83
113.70
139.08
148.01
147.01
136.42
143.63
132.32
140.61
125.57
119.11
123.21
106.47
79.91
53.04
60.11
61.26
63.32
49.77
47.10
47.90
46.84
46.58
69.30
47.06
51.71
62.82
46.89
60.33
57.17
55.48
53.52
56.70
65.77
52.52
62.70
53.63
61.19
60.35
52.74
58.79
59.60
51.82
49.20
72.14
83.52
83.97
79.35
136.17
160.88
172.48
180.83
171.69
169.82
153.16
159.89
145.87
131.61
130.85
111.24
98.12
68.25
59.59
55.40
56.86
49.66
49.00
47.05
72.87
80.73
80.16
102.10
138.22
128.99
156.77
149.75
173.14
171.42
174.70
163.84
123.39
109.27
112.17
114.14
118.69
60.13
42.87
44.63
52.24
38.18
38.17
37.53
65.45
77.69
84.55
120.42
153.16
141.69
172.77
161.46
174.03
179.19
159.04
151.72
146.92
113.85
117.55
115.94
107.41
74.56
53.78
33.81
39.33
39.63
57.27
43.25
94.79
97.01
104.85
141.99
142.75
154.18
161.79
177.34
178.28
167.22
170.31
170.45
145.58
112.79
112.12
113.24
110.98
68.61
49.28
50.33
65.58
50.04
50.13
48.46
91.98
105.43
104.48
125.28
72.10
157.06
151.62
140.23
156.65
163.14
162.90
155.68
134.72
112.73
108.51
98.41
101.52
71.77
47.80
47.28
45.23
46.86
46.12
32.89
51.62
87.08
95.07
92.65
105.17
98.08
126.70
109.47
112.67
109.01
107.86
107.99
105.30
116.95
106.92
108.15
104.83
64.75
60.46
48.09
49.89
56.65
49.14
52.86
45.93
43.13
56.58
43.98
52.49
48.60
55.50
45.31
49.36
58.52
48.44
52.05
55.68
45.79
53.62
60.77
51.37
58.04
57.02
55.45
50.74
55.98
46.31
46.42
108.29
101.91
111.26
123.24
148.04
164.24
175.31
183.98
171.97
180.17
171.61
165.12
147.09
135.77
116.53
139.90
138.83
82.31
53.60
54.00
60.30
51.09
57.22
52.98
106.13
111.13
115.17
136.33
132.63
151.64
160.58
165.72
174.13
173.21
175.94
184.57
171.33
151.89
166.33
163.94
144.77
100.31
55.90
65.88
69.62
59.55
61.58
54.03
110.74
119.28
126.17
167.05
168.55
162.67
156.30
145.35
153.26
158.32
177.22
167.60
130.09
116.23
156.24
136.41
155.59
76.21
66.90
58.21
59.02
60.16
58.64
60.08
121.24
127.89
128.47
151.48
135.20
140.24
153.94
139.79
150.23
154.55
153.73
141.43
134.30
129.26
123.73
102.90
106.54
67.97
61.70
62.78
51.15
53.47
45.96
46.94
70.84
74.97
73.59
85.43
95.98
103.21
160.06
143.90
125.70
125.97
146.46
127.93
112.90
106.68
101.83
91.53
111.91
70.53
47.24
44.09
57.52
44.36
41.15
43.02
42.81
59.21
70.53
71.90
97.18
103.99
106.19
102.11
104.18
100.63
98.78
107.73
113.26
113.95
112.37
102.26
103.17
63.07
57.76
63.84
48.40
43.59
44.00
43.28
42.82
42.52
42.68
47.85
52.87
47.58
51.41
56.11
43.35
49.88
48.40
51.77
53.18
44.63
57.32
46.29
53.65
46.37
54.04
45.74
53.44
44.43
43.17
43.01
67.21
71.39
71.12
70.30
73.13
84.73
88.90
88.29
121.82
111.34
107.33
97.22
96.49
86.90
80.13
73.62
74.62
53.40
36.00
32.61
32.14
32.58
41.50
37.24
59.67
70.94
70.39
81.31
88.17
87.26
92.00
91.23
92.01
91.29
92.53
98.98
79.12
76.59
76.48
78.04
76.90
54.88
44.48
44.15
42.81
43.15
43.13
42.68
66.12
70.93
62.01
65.59
69.26
69.30
74.41
74.65
132.21
144.17
157.26
145.48
132.26
107.07
109.34
92.08
84.81
52.53
27.44
40.65
36.95
36.93
27.68
27.49
56.24
72.71
73.78
80.25
126.67
133.09
132.34
144.31
129.84
142.26
135.88
142.75
114.24
120.78
96.59
103.30
104.81
77.50
41.04
33.35
30.69
30.79
30.00
29.21
56.99
68.88
67.81
95.87
129.79
135.25
139.99
151.66
145.15
162.81
144.22
150.58
135.64
103.53
111.59
99.53
102.23
64.84
52.71
57.79
44.66
39.46
43.73
28.10
37.60
58.32
70.44
77.67
103.70
104.42
106.17
122.85
115.17
102.80
117.05
105.75
129.60
115.50
99.26
110.48
106.67
66.14
56.01
56.71
61.24
47.72
43.53
43.97
41.14
42.21
41.29
54.58
50.21
54.22
42.76
43.47
52.99
53.36
48.99
51.91
44.36
44.72
56.38
46.00
52.11
50.57
52.01
45.86
53.84
50.87
51.34
45.81
68.80
82.99
79.40
80.65
79.78
116.16
106.33
112.91
116.87
113.17
113.26
120.13
120.01
123.82
119.29
125.13
114.06
71.21
45.45
44.41
42.22
44.45
44.13
42.72
68.04
72.87
72.33
82.59
111.66
142.57
132.20
137.34
136.16
153.00
157.77
156.89
128.20
127.98
113.08
128.38
97.92
66.45
48.98
61.72
46.33
45.57
45.79
39.10
66.57
74.70
77.45
92.79
156.51
138.89
144.00
149.74
154.27
162.58
171.15
166.43
141.64
137.46
155.10
136.99
130.66
77.24
48.18
47.79
52.48
49.99
58.35
61.30
77.45
76.88
96.18
149.41
141.09
165.13
170.35
189.25
184.83
180.27
178.85
176.93
163.60
154.98
157.67
143.88
143.87
73.80
57.19
59.63
55.87
48.11
69.89
50.23
68.85
83.40
132.80
141.19
143.95
164.07
176.27
186.69
179.50
185.19
172.87
180.74
155.81
138.63
137.84
141.77
127.63
73.52
63.76
58.75
59.28
62.71
56.68
62.24
47.60
63.41
120.22
108.67
123.54
117.79
126.58
130.71
135.15
130.34
138.31
131.87
133.06
134.65
126.32
114.63
134.20
74.54
66.80
60.34
57.68
63.96
64.15
57.76
50.45
57.04
66.03
54.62
58.32
62.66
66.55
62.81
62.72
73.02
59.26
63.63
64.12
70.01
59.51
59.69
66.66
68.67
58.73
58.95
61.33
69.05
57.06
59.87
130.46
148.38
143.70
163.12
170.01
177.54
191.46
181.16
179.03
198.67
184.81
183.58
158.46
141.89
140.49
145.26
136.89
89.82
63.91
56.50
60.99
64.45
66.46
55.91
115.47
130.22
131.21
170.74
164.71
188.58
183.26
194.46
174.84
200.06
195.21
196.96
174.94
156.37
151.04
161.68
146.98
81.16
65.78
63.54
64.88
63.36
66.55
61.98
123.93
130.02
141.81
172.89
163.22
170.37
173.98
174.06
181.46
176.92
177.07
161.24
152.16
147.32
148.77
148.91
142.43
76.41
71.62
73.44
62.22
62.01
70.88
64.66
124.18
140.38
136.98
155.66
153.75
182.81
176.10
178.75
171.11
175.80
177.01
170.66
144.75
153.80
144.81
135.36
138.69
85.79
71.18
53.45
67.78
63.27
51.27
64.96
119.60
138.00
140.24
150.79
144.82
173.80
166.90
155.79
180.92
174.03
148.84
152.83
136.15
136.91
139.67
148.82
144.37
78.97
70.35
56.13
69.32
66.89
50.17
65.61
68.05
109.37
138.09
139.55
140.03
139.40
136.05
133.69
138.42
141.14
138.36
139.91
137.64
143.23
151.73
131.17
136.14
84.17
70.01
60.46
62.26
58.73
67.69
62.37
74.97
54.31
62.60
60.30
80.39
59.61
72.43
61.14
67.08
71.13
89.04
82.94
81.83
76.43
66.88
69.18
68.80
69.43
65.03
66.74
65.79
67.19
61.19
65.50
136.82
153.83
154.65
155.42
169.92
174.10
190.52
174.41
175.67
184.35
178.44
174.55
166.69
156.40
178.87
174.97
175.05
100.68
74.32
63.11
67.34
74.22
62.44
67.94
148.24
172.32
170.54
182.89
184.32
185.24
185.70
171.19
169.77
175.37
196.09
180.24
162.02
151.79
164.45
163.65
164.10
97.82
63.62
61.73
66.22
68.20
62.79
63.22
130.89
143.66
144.03
155.79
173.39
179.24
177.32
188.47
189.43
202.42
195.34
196.96
162.20
159.44
174.64
172.86
168.11
103.28
64.63
69.71
65.55
77.25
61.16
62.08
139.81
151.76
146.03
164.70
166.29
178.85
188.03
206.81
202.31
208.85
212.59
206.84
166.66
150.95
155.80
156.63
149.60
94.50
61.57
70.30
65.09
74.45
59.85
75.32
84.35
90.70
137.25
158.66
183.06
174.40
169.00
171.51
182.13
170.28
183.56
186.87
142.18
147.97
145.80
145.98
151.52
93.67
71.28
57.70
63.87
71.97
59.84
61.36
73.00
114.15
143.29
144.19
144.86
143.47
146.17
151.13
143.80
157.87
165.77
164.92
167.93
157.39
154.65
147.06
143.71
86.19
69.63
62.31
66.40
63.67
67.43
62.84
80.03
74.84
68.88
66.08
82.55
65.04
83.83
65.32
62.79
76.13
84.18
79.27
78.82
82.68
79.12
67.71
68.93
73.08
64.70
70.05
67.93
77.23
60.27
69.68
138.90
162.09
155.48
167.61
168.84
176.28
182.71
189.52
195.92
188.45
188.23
182.64
150.64
155.57
150.77
166.85
153.12
96.43
73.94
63.54
63.29
76.25
61.87
64.30
133.92
146.67
147.02
165.86
170.70
182.48
180.61
162.00
184.23
159.17
174.50
180.31
157.94
143.80
147.22
145.83
149.72
93.72
71.46
59.59
66.42
63.09
70.80
68.75
80.42
85.83
131.61
149.26
163.41
157.83
164.80
156.56
166.30
168.00
178.65
173.20
153.76
147.30
153.69
146.21
150.03
82.74
70.25
63.40
72.91
59.69
64.20
64.95
86.91
87.65
120.09
147.93
151.31
166.59
173.95
166.41
161.94
176.18
189.29
184.65
148.99
148.51
154.90
159.54
160.27
97.16
59.04
69.89
60.74
71.44
68.09
53.68
120.26
142.17
140.13
158.72
161.47
163.59
166.24
155.26
177.67
163.72
170.66
153.80
151.63
145.92
151.24
145.15
157.10
98.30
68.05
60.32
73.12
62.43
63.70
61.69
63.65
117.94
143.04
145.59
145.85
146.83
144.14
146.96
147.53
141.53
142.20
153.55
164.12
152.75
157.38
130.84
137.96
87.91
62.20
68.24
64.68
65.83
71.73
56.06
60.35
113.59
125.79
112.34
138.05
117.26
112.21
127.45
138.74
139.03
135.77
153.59
155.18
102.66
79.95
58.27
75.19
61.06
66.48
66.45
72.13
60.88
67.45
57.38
72.92
85.34
101.97
160.00
153.73
164.94
167.77
178.25
164.73
144.68
144.36
148.67
160.50
162.90
164.61
164.91
155.12
86.79
67.28
71.07
57.19
65.24
75.72
57.93
73.46
87.56
123.75
151.70
153.46
167.95
179.09
164.65
185.29
159.61
171.05
184.10
154.06
145.74
148.63
158.96
166.08
93.81
62.05
65.63
73.44
63.75
64.24
64.71
103.77
96.13
138.82
151.97
185.39
193.73
196.00
198.09
186.38
189.16
199.83
195.28
168.42
156.06
156.89
158.60
153.40
97.61
79.06
75.40
77.81
81.53
69.83
80.27
132.76
145.66
147.06
159.33
175.67
176.76
182.71
194.38
177.44
183.97
188.49
193.97
154.96
149.54
154.44
165.32
165.56
78.38
71.66
63.65
64.85
65.28
72.33
59.81
126.39
143.97
143.75
131.92
160.76
178.07
168.82
172.94
194.30
203.12
194.18
188.40
152.78
161.00
166.55
168.88
166.22
104.24
68.32
63.23
69.21
65.22
72.19
59.65
69.01
118.22
160.80
167.85
165.09
169.34
169.00
172.00
175.66
171.10
174.56
174.50
175.91
167.68
163.10
151.57
150.84
92.89
75.11
68.40
72.27
65.94
66.84
68.16
74.39
60.43
70.27
62.44
73.99
65.68
68.15
74.31
63.16
75.64
83.93
70.45
75.21
82.25
86.75
73.33
76.50
77.79
75.09
74.89
73.62
71.00
67.16
73.93
166.25
193.13
188.16
196.87
207.65
174.36
127.31
231.43
220.29
195.09
189.51
202.03
163.27
165.39
176.52
162.12
160.15
105.07
73.69
73.99
70.36
71.13
71.86
70.76
150.85
175.38
170.20
181.68
176.17
182.99
188.33
188.47
179.48
189.79
197.64
184.35
157.54
161.25
170.55
177.22
170.35
106.89
69.51
69.84
68.28
74.78
64.16
73.86
145.24
159.31
170.63
173.54
185.63
186.38
188.51
177.10
171.07
190.16
175.02
167.74
150.43
158.42
150.45
156.39
167.85
100.57
68.36
66.12
69.89
65.52
67.01
67.04
132.90
148.86
147.01
147.03
149.89
149.32
147.50
166.10
164.14
168.21
169.56
165.80
167.65
169.89
163.69
168.07
168.68
100.24
74.71
59.51
66.32
65.77
65.74
72.11
134.32
150.09
148.42
153.72
154.40
155.97
172.84
165.86
165.85
165.78
173.17
167.24
170.33
169.11
170.34
167.62
169.21
92.28
72.19
63.04
70.30
66.82
67.03
63.25
63.14
127.82
163.44
166.86
156.69
149.80
169.66
164.66
169.00
167.47
169.27
168.69
121.30
84.14
59.69
76.13
75.58
71.41
66.53
73.70
65.91
73.51
68.04
65.80
72.26
68.74
62.81
71.88
68.75
64.54
82.17
65.38
77.71
69.34
72.61
73.78
73.72
64.33
79.94
69.96
69.09
71.43
68.94
67.69
69.73
66.86
72.73
69.53
88.48
104.44
134.45
169.00
192.30
192.03
183.39
182.05
196.90
194.57
186.16
189.20
154.15
146.55
160.64
160.51
150.21
90.37
75.58
60.45
77.16
57.90
67.49
68.29
80.38
91.37
117.17
155.09
161.17
196.28
189.76
189.67
187.81
191.09
197.62
195.02
154.97
158.66
163.06
164.90
148.39
89.08
73.33
59.41
69.77
64.60
74.68
60.63
133.32
147.80
145.37
160.92
171.98
190.29
167.07
200.07
196.30
195.71
198.17
201.71
161.11
159.96
169.45
170.38
166.10
97.88
73.21
71.05
62.04
69.82
74.64
62.66
143.48
163.30
163.90
180.02
172.09
180.89
183.86
173.06
179.88
194.65
190.69
173.11
163.54
153.75
157.71
150.81
154.23
101.31
78.34
59.78
68.79
72.00
67.86
69.79
152.64
175.90
167.74
181.38
185.67
186.01
184.94
171.19
177.37
178.71
187.95
187.69
173.25
151.44
153.17
146.05
143.54
103.23
67.53
67.58
69.36
71.79
69.63
78.86
60.91
123.57
154.67
150.85
151.80
151.85
153.21
154.49
156.19
167.86
164.92
169.54
143.18
87.67
77.83
76.03
80.26
74.82
70.26
78.59
70.58
75.72
71.54
68.72
79.45
65.12
72.54
71.81
70.53
74.20
72.18
89.20
73.01
76.48
80.49
89.03
72.63
81.62
77.12
70.88
88.85
71.96
84.02
69.12
81.00
77.11
70.16
78.31
167.35
216.76
200.60
200.88
196.28
196.88
209.01
193.10
198.22
190.36
172.33
172.92
172.94
177.43
192.68
192.18
186.12
108.56
82.60
79.21
88.07
77.04
75.75
83.49
164.26
191.64
189.93
198.36
195.09
199.01
185.78
170.49
179.48
184.13
190.25
174.11
176.81
158.76
157.87
165.81
157.92
103.70
68.67
79.23
75.66
70.61
73.92
72.59
163.05
180.43
178.09
191.31
179.40
180.16
187.93
178.87
191.56
188.42
185.76
181.89
176.04
164.65
166.66
158.35
156.51
100.55
72.28
69.85
71.63
70.46
77.40
68.30
145.49
156.69
153.63
89.45
168.68
182.58
168.76
167.79
170.02
178.71
170.40
172.38
159.37
150.11
150.77
148.69
150.69
90.49
71.66
70.38
66.31
74.03
70.08
71.28
136.71
154.77
151.70
168.66
168.40
185.35
177.70
174.71
190.98
194.27
190.36
203.95
162.07
149.87
151.74
150.46
151.52
90.12
70.61
77.23
69.46
70.48
63.13
70.07
70.26
122.02
146.05
149.90
149.58
146.19
148.81
152.04
149.11
151.90
150.06
152.09
119.63
80.05
69.35
72.96
71.83
70.96
73.64
72.28
71.80
67.89
70.28
70.32
84.84
85.53
83.33
84.43
87.14
88.23
92.94
79.03
77.69
74.37
73.81
82.40
75.07
81.59
87.25
76.94
68.81
85.22
77.22
87.63
71.65
75.27
73.66
77.71
170.59
226.10
207.02
215.66
199.68
202.36
190.48
185.24
192.76
176.06
181.36
189.44
165.93
156.56
163.27
160.76
160.15
97.47
80.30
80.38
69.72
68.80
76.07
69.36
148.10
165.09
155.79
176.28
177.07
170.22
180.47
186.82
178.48
182.55
181.51
193.62
163.93
157.52
158.49
165.48
158.40
100.78
82.49
62.61
83.62
70.05
77.88
81.76
144.83
172.38
157.49
175.90
178.27
172.47
199.34
178.44
188.99
186.63
181.18
191.89
162.69
151.97
156.52
145.06
147.57
89.21
74.34
70.63
72.42
77.56
72.04
77.91
151.49
163.35
156.82
177.15
195.36
195.30
202.30
207.46
210.84
196.82
221.43
197.87
169.69
153.81
177.31
160.00
159.23
101.43
87.48
76.93
75.84
70.81
72.43
76.92
156.21
166.63
155.01
187.32
184.69
185.80
191.88
189.83
187.10
179.76
180.73
188.10
174.04
162.18
161.80
161.04
158.33
102.50
81.11
62.28
87.76
70.02
70.56
75.69
71.66
134.24
168.58
157.52
170.86
166.56
171.27
167.14
156.82
160.21
158.47
159.92
139.91
76.66
72.43
74.42
82.13
68.47
71.41
80.98
64.31
83.10
61.91
76.90
77.97
70.21
72.48
71.86
74.11
81.52
78.96
84.08
90.25
80.14
90.04
95.05
80.31
80.76
89.15
70.82
90.02
76.36
86.59
76.27
82.34
74.29
83.81
81.67
165.85
204.61
183.83
185.41
200.32
189.34
205.00
187.47
189.80
187.25
178.13
185.07
166.58
163.62
162.37
166.63
163.13
99.34
77.27
75.76
81.61
74.88
77.06
76.24
154.73
178.44
159.36
175.70
170.66
185.91
181.16
187.29
181.50
183.23
188.62
179.12
165.08
158.59
156.46
159.09
167.14
103.62
85.24
74.39
76.26
69.83
75.16
75.83
155.60
170.97
161.93
169.87
172.74
166.27
170.92
171.86
170.59
172.64
166.54
162.19
161.36
160.08
157.87
159.15
159.55
97.14
81.47
82.30
74.70
74.08
72.04
74.78
157.89
166.42
162.79
172.73
199.29
211.14
195.65
191.51
190.97
192.18
190.20
193.98
174.73
169.79
171.02
168.41
170.94
112.04
100.46
89.52
97.80
94.48
89.92
93.82
167.15
182.91
171.45
182.03
194.10
187.75
187.86
185.54
181.30
184.18
187.50
188.76
176.97
165.92
171.56
165.22
171.18
113.18
92.61
90.25
95.30
82.35
96.46
86.85
93.00
131.37
172.99
167.97
170.47
171.42
170.41
164.51
168.50
166.45
174.77
167.63
150.75
105.05
91.53
99.11
97.60
83.52
96.05
89.58
85.46
91.12
80.73
92.44
84.23
86.77
89.90
76.99
92.27
85.21
98.10
86.81
98.10
95.86
104.24
97.82
91.50
105.43
100.55
102.48
94.85
98.02
97.33
97.96
90.06
97.93
97.39
85.36
180.10
197.05
184.58
193.84
193.34
195.69
196.35
199.35
200.00
196.18
197.03
185.41
179.88
171.68
169.80
171.97
177.70
117.93
92.05
98.75
80.04
98.22
89.17
89.83
160.53
196.24
168.81
185.51
182.81
187.42
186.76
188.35
182.24
183.78
193.85
192.89
171.85
166.98
162.82
169.72
161.13
120.21
90.49
81.28
94.53
84.51
91.86
87.36
156.13
182.64
171.60
169.58
171.21
173.36
173.65
176.75
176.72
179.11
185.30
177.85
184.73
176.35
182.86
172.98
180.72
132.82
126.56
119.09
115.95
104.27
103.61
110.43
140.56
161.35
158.74
158.47
163.52
160.08
164.73
168.02
162.62
169.68
175.21
169.91
165.20
164.55
168.41
166.28
165.17
132.75
114.37
118.69
109.62
117.99
103.44
108.64
168.42
183.44
168.62
182.17
193.87
192.64
191.31
181.68
193.91
188.17
195.88
187.36
178.23
169.87
173.38
170.74
173.30
126.62
119.74
107.76
116.72
110.82
107.18
108.89
103.68
146.30
153.93
164.04
163.06
165.09
164.76
169.21
162.63
168.26
165.33
165.69
156.61
124.46
109.90
119.67
109.49
120.35
110.79
114.36
106.14
106.00
111.34
109.39
109.12
106.28
113.27
97.66
116.33
113.39
115.45
117.43
117.34
122.31
120.22
116.77
119.81
117.30
122.80
124.10
120.49
114.74
114.55
112.48
114.68
104.82
102.45
107.86
174.67
185.62
192.28
190.29
193.01
190.18
191.24
186.11
189.64
194.84
186.82
175.97
175.41
175.25
174.05
173.81
170.34
124.04
108.65
104.49
109.25
108.24
101.35
106.26
146.23
162.20
162.67
173.34
174.61
178.28
176.70
180.30
178.85
176.82
178.32
179.33
165.70
162.50
161.28
163.58
167.71
133.39
99.73
105.84
109.37
109.99
97.87
101.86
147.24
156.95
155.92
167.74
179.24
180.80
180.89
178.83
179.21
179.60
179.93
175.34
170.64
172.68
171.11
167.21
166.40
123.98
101.78
98.07
104.40
97.32
94.40
91.33
138.04
150.87
151.93
169.68
176.51
183.99
183.04
186.72
186.63
182.42
174.72
171.95
155.36
155.52
160.24
157.46
158.02
125.89
101.43
112.46
117.72
101.16
96.54
104.36
149.43
160.79
159.31
177.18
184.33
183.50
183.11
180.01
182.04
185.04
183.89
185.26
177.48
170.99
171.84
172.32
172.28
134.98
120.40
100.44
113.18
110.45
115.33
106.65
116.18
135.66
161.49
163.34
164.29
167.60
165.59
165.12
169.76
164.00
168.04
169.07
151.38
125.04
115.24
110.85
115.62
114.32
97.86
111.59
109.50
111.91
104.69
99.47
102.53
110.27
99.49
107.36
99.36
105.39
106.39
110.52
107.20
109.97
108.16
108.46
118.14
116.05
112.92
107.97
105.35
112.82
115.37
104.52
110.13
109.36
104.60
103.28
162.88
177.68
171.11
179.19
191.26
199.93
198.81
195.75
193.31
194.27
191.87
187.03
172.92
170.09
170.99
170.35
167.36
124.43
115.00
103.27
107.93
105.39
107.16
104.15
143.63
157.61
153.65
167.49
177.32
187.35
185.09
183.03
184.02
191.30
195.79
198.49
177.15
167.83
167.62
174.71
174.01
130.84
105.71
112.88
107.32
108.21
112.61
104.14
147.62
160.82
154.86
173.32
187.17
194.28
200.92
195.90
191.99
194.69
199.58
194.36
178.84
173.66
173.76
171.50
171.53
127.71
107.68
106.44
107.42
105.54
116.63
103.33
151.16
163.65
165.93
186.33
199.29
200.09
197.10
197.71
204.42
206.23
203.41
192.44
186.66
179.20
184.55
176.08
176.05
143.92
116.93
118.07
115.43
113.82
120.44
108.95
157.17
173.78
163.26
193.22
193.61
203.61
197.62
195.55
201.43
193.25
196.77
186.44
168.91
169.42
161.52
162.49
161.31
129.46
122.27
5.16
12.29
109.79
124.96
112.95
109.46
150.28
175.32
179.88
175.93
181.54
188.30
181.37
176.42
180.82
179.45
181.67
164.55
134.69
124.40
130.68
116.57
127.62
120.89
122.80
123.16
121.46
123.26
119.98
123.97
119.61
116.73
114.76
126.68
118.49
125.94
136.44
133.11
131.89
135.70
124.78
136.12
126.78
125.03
129.24
129.89
137.32
117.81
129.93
124.82
115.43
122.39
119.41
178.43
202.18
187.52
197.56
205.00
207.44
220.60
224.59
221.48
215.73
217.57
212.20
198.88
188.43
189.49
187.04
181.11
136.74
128.20
118.24
112.61
98.85
116.15
110.80
152.03
169.45
166.77
187.58
212.99
212.22
214.50
209.63
225.83
229.46
229.71
220.82
197.72
185.77
181.87
185.54
177.52
144.33
119.01
120.58
117.16
113.15
116.98
110.10
169.17
184.63
174.68
184.90
194.56
202.82
214.98
213.64
215.02
216.12
212.67
212.23
196.76
190.75
186.85
170.94
179.02
145.34
126.83
124.36
128.31
119.68
122.48
120.73
171.29
185.51
170.44
195.10
198.11
202.13
200.18
206.25
201.63
210.46
201.14
192.97
179.87
175.75
180.17
175.59
176.83
129.12
121.10
119.99
117.72
112.83
114.37
101.18
145.47
160.37
159.62
192.14
200.43
204.64
206.85
203.67
199.16
203.68
192.36
198.86
181.13
175.28
178.38
168.93
173.47
130.29
117.24
112.66
115.01
104.23
108.38
125.04
108.92
148.11
163.34
169.04
165.04
167.01
167.15
169.41
169.80
164.14
168.37
166.90
149.89
129.46
112.20
116.44
111.40
105.84
116.69
120.47
109.50
116.11
117.86
110.43
122.18
110.41
117.23
115.99
124.10
114.17
125.29
118.22
128.71
123.02
131.99
130.71
27.97
0.00
138.95
117.09
105.69
117.09
117.12
109.41
113.83
113.12
106.16
118.14
168.83
195.34
181.27
173.88
169.95
172.22
174.42
171.69
169.56
171.22
167.68
173.68
167.41
167.21
165.15
168.90
165.17
124.03
114.34
101.84
105.47
112.47
98.91
106.98
144.59
159.70
155.86
176.57
199.27
193.54
200.40
199.17
203.45
207.69
206.93
213.29
188.39
172.73
166.91
168.35
171.65
125.01
109.26
99.00
103.93
103.58
95.88
105.47
149.40
180.04
166.38
184.62
188.75
210.28
215.68
210.19
202.49
200.37
201.41
201.31
186.14
172.79
179.01
171.20
167.71
127.10
113.17
114.02
109.92
109.31
109.00
117.22
159.12
181.65
166.01
192.29
201.97
196.62
200.67
198.05
201.93
199.77
212.91
208.28
187.98
173.93
176.41
175.19
173.65
134.81
112.35
111.88
101.62
101.23
96.42
110.12
151.09
164.40
162.08
191.66
195.50
204.33
206.64
202.51
210.13
218.02
225.33
198.08
183.85
174.11
176.12
168.39
172.86
133.81
113.19
109.39
112.37
100.07
113.19
102.05
105.40
142.86
159.13
167.62
166.49
164.98
169.97
165.27
174.32
175.94
175.17
163.61
151.22
113.20
118.63
105.56
112.44
104.57
108.63
112.61
103.72
111.66
97.21
113.45
99.50
108.46
97.44
114.72
113.68
107.16
116.31
120.86
124.82
128.64
128.34
128.54
122.18
126.14
115.08
117.32
108.39
110.09
103.65
116.75
105.47
112.07
103.90
106.78
170.38
191.00
176.69
187.49
192.49
198.13
194.95
195.78
208.49
201.00
199.84
184.87
174.55
169.93
173.53
178.67
178.59
126.22
106.85
113.41
116.88
115.47
119.04
116.68
158.45
171.19
169.14
185.12
179.72
179.33
183.21
189.25
185.07
185.97
191.03
192.46
172.84
152.39
148.96
158.75
149.75
115.72
114.50
110.12
102.53
109.99
101.50
115.64
150.24
162.14
160.04
179.68
185.60
190.88
202.06
187.59
188.55
187.72
187.15
185.19
168.74
166.51
164.96
158.71
151.85
112.11
98.75
89.33
102.62
91.23
105.33
92.11
138.06
139.50
142.24
168.41
177.04
183.88
186.80
179.71
182.76
179.78
186.69
182.21
173.20
160.04
166.30
161.39
157.36
119.59
102.92
100.99
104.26
104.03
100.82
102.10
141.28
140.06
150.53
155.81
169.19
177.49
179.48
185.31
182.79
189.48
191.23
189.98
169.06
157.22
156.66
156.14
151.44
118.22
101.60
107.64
103.93
105.64
96.39
103.68
110.85
126.27
159.70
160.38
160.67
159.21
161.89
163.13
161.91
162.38
164.36
164.29
149.53
105.16
114.26
101.14
106.69
115.06
96.36
110.38
94.22
108.26
98.11
107.56
100.91
109.31
90.67
102.93
110.73
100.41
106.68
110.26
100.20
115.02
107.11
115.78
109.57
111.74
111.04
114.05
103.75
105.53
110.78
104.61
106.22
104.62
107.70
108.75
157.02
172.85
163.55
175.46
183.31
194.89
191.52
199.16
192.23
205.55
195.58
199.23
173.96
162.50
162.38
160.90
155.59
118.00
105.27
111.79
104.28
98.73
98.31
104.35
155.45
153.08
145.11
169.93
186.77
189.52
189.52
188.94
191.28
196.10
190.60
202.86
186.26
169.12
164.79
168.40
170.98
128.24
121.96
113.57
121.09
112.78
109.98
115.67
157.37
155.90
164.02
173.47
182.46
184.71
184.88
188.74
193.98
196.25
195.69
194.09
170.37
158.33
168.15
158.12
148.21
113.33
104.96
101.76
108.26
104.17
88.84
106.06
136.91
139.42
147.00
174.50
182.81
190.55
187.73
183.88
195.37
197.51
192.90
186.83
174.33
166.64
173.66
153.24
164.11
117.36
108.84
104.22
96.68
106.80
106.47
106.77
141.27
145.13
155.45
169.22
180.66
189.32
184.86
183.80
183.36
180.15
182.35
190.08
162.05
157.18
156.43
153.78
150.02
109.60
101.68
97.49
92.51
96.46
91.40
87.37
78.60
82.23
137.06
128.65
125.56
144.27
149.58
150.69
147.49
149.41
139.64
86.52
79.38
139.50
101.69
97.44
91.75
97.82
94.72
96.44
82.34
96.23
96.59
81.97
67.03
59.89
65.38
87.66
85.67
88.55
94.29
89.48
98.66
101.57
100.52
106.61
111.00
114.11
106.22
118.17
107.26
99.71
117.28
120.16
116.97
108.83
118.07
105.97
158.87
175.88
166.93
179.86
182.91
185.31
193.93
198.62
192.43
189.40
187.08
183.44
174.83
158.18
162.79
168.76
165.44
120.65
98.86
103.85
99.78
96.20
94.19
99.57
139.37
147.21
154.12
167.29
179.81
180.71
183.89
174.82
181.26
191.47
186.46
193.22
159.09
145.86
157.45
153.91
135.26
104.67
95.53
90.81
87.46
96.28
96.19
87.91
126.63
132.77
137.28
157.64
165.50
182.92
181.61
186.17
183.19
194.73
181.98
185.70
174.27
155.19
161.84
166.49
154.96
111.27
109.28
107.21
96.60
99.44
99.66
118.51
127.86
149.27
151.85
176.12
183.06
183.28
183.35
182.94
184.62
187.66
184.63
182.23
169.44
153.43
174.14
163.15
149.58
121.94
98.51
112.28
103.00
96.84
89.82
111.30
126.19
140.86
159.35
174.03
185.58
188.53
189.55
185.92
185.73
181.85
188.79
181.83
167.13
157.78
158.69
159.91
137.51
106.08
97.64
104.54
97.65
85.34
86.97
94.83
86.94
114.34
129.70
143.05
136.66
149.65
149.20
150.35
150.78
150.61
150.37
151.05
125.55
104.84
92.14
104.91
104.77
95.57
102.05
103.28
89.51
93.10
92.44
94.32
83.61
88.49
91.81
94.11
86.42
108.08
81.84
108.41
90.61
103.59
103.17
109.01
104.36
112.93
96.89
106.89
90.68
95.09
87.22
103.04
85.70
99.16
86.10
83.29
146.91
151.07
137.50
128.00
160.68
169.17
175.59
176.52
176.62
183.62
181.13
175.93
170.01
155.63
154.09
141.23
147.66
101.19
83.65
83.90
90.18
84.90
76.99
77.38
86.12
91.42
91.81
101.30
136.84
166.95
165.99
176.07
178.87
177.33
180.87
186.42
171.48
149.86
134.37
134.27
143.78
108.82
85.11
92.23
85.53
86.13
75.58
67.64
96.07
108.41
133.41
158.06
162.75
172.20
185.88
179.24
186.43
194.00
185.72
183.76
164.12
135.70
137.69
136.93
135.42
95.52
87.86
85.79
78.90
81.83
82.94
82.78
103.62
122.94
121.82
172.25
181.81
187.56
195.99
187.67
186.96
184.75
186.98
192.11
172.92
154.60
159.00
148.16
144.81
113.88
101.11
97.46
88.42
89.09
93.11
92.33
122.80
140.07
147.08
170.01
180.78
179.31
183.78
182.16
184.05
185.67
184.08
176.21
159.81
155.61
158.12
151.25
143.90
112.62
82.94
96.80
79.64
89.54
91.39
95.07
79.15
122.38
120.87
140.80
133.00
147.62
143.78
145.50
148.04
149.33
135.58
137.02
125.86
94.96
107.78
90.62
98.45
97.48
90.96
94.98
98.79
78.85
84.42
85.61
93.12
82.81
79.84
85.53
89.90
85.28
89.44
85.89
96.20
109.86
114.19
114.66
89.57
93.61
100.33
99.82
92.87
104.42
84.56
97.91
80.85
90.08
74.65
62.21
84.67
97.20
93.16
137.06
158.41
159.60
178.77
183.26
185.74
185.59
185.60
183.45
168.34
160.72
158.04
153.07
142.38
109.21
102.87
87.42
93.08
84.92
86.30
92.21
129.06
136.30
132.07
168.88
177.40
182.72
179.79
179.72
178.08
184.60
183.09
183.35
175.83
143.92
150.73
158.09
148.63
120.88
106.29
94.97
97.57
92.63
75.11
70.08
99.37
104.76
104.80
143.41
168.10
175.61
177.73
184.13
180.93
185.24
190.20
189.88
156.01
148.31
139.52
146.98
121.34
99.07
88.07
94.51
78.19
81.08
65.20
60.57
86.14
94.38
93.50
117.32
176.57
169.53
177.11
180.87
173.62
177.31
179.51
177.26
158.34
135.51
139.52
117.37
99.14
71.22
68.73
60.06
58.80
58.13
57.66
64.60
82.03
90.67
89.83
119.50
123.79
133.03
173.76
181.72
172.66
173.67
179.90
173.64
157.21
153.03
154.27
145.46
125.60
90.99
67.46
58.97
57.41
65.06
56.96
57.37
64.17
75.71
87.99
107.21
137.69
126.98
142.98
142.25
140.26
145.44
137.61
133.35
119.66
95.36
79.57
79.55
92.28
87.62
83.92
86.57
73.15
58.96
59.72
65.65
60.30
59.11
57.39
59.06
66.27
82.55
78.49
81.57
76.77
78.61
83.53
84.89
81.17
89.98
91.43
89.11
80.41
87.98
82.86
82.78
70.59
58.55
59.72
65.86
81.91
96.57
90.73
96.58
129.80
146.03
139.56
131.28
139.16
141.13
138.05
140.31
127.98
137.92
127.40
139.51
125.79
101.75
89.95
79.44
79.99
83.08
76.57
77.06
124.62
129.19
148.37
150.01
160.84
172.67
166.17
171.97
169.02
165.26
164.94
163.14
149.06
133.34
137.41
129.09
138.34
101.11
77.16
83.07
80.78
74.96
64.12
59.30
86.38
95.07
90.73
122.89
151.47
162.66
171.28
178.52
176.79
166.46
165.28
169.76
142.22
119.58
129.06
126.66
111.41
72.28
48.41
66.43
54.92
63.83
58.83
51.03
121.32
114.33
129.08
157.44
162.33
168.60
169.99
167.12
169.11
168.43
175.13
168.95
160.43
154.66
152.08
153.71
147.39
95.23
84.99
61.46
62.23
67.58
68.18
67.04
111.51
131.25
127.41
154.53
156.02
164.65
167.64
165.28
173.42
172.02
171.12
173.67
149.96
146.90
147.86
124.20
131.19
95.98
66.65
49.45
50.57
51.17
49.90
52.02
52.12
70.20
81.64
84.23
92.15
132.92
124.67
137.97
139.84
140.69
141.70
129.36
102.78
71.64
68.02
54.52
49.63
49.80
49.94
52.45
50.73
51.40
50.36
48.90
49.87
49.75
43.08
45.59
45.98
46.58
46.30
62.35
49.37
48.56
64.04
47.93
48.81
63.49
55.33
59.53
49.54
50.00
49.02
50.55
49.58
50.76
48.98
50.09
75.35
86.11
83.95
101.17
112.22
112.70
112.98
163.03
161.37
165.97
168.99
168.44
153.24
153.07
133.36
133.26
113.30
63.50
48.96
42.18
42.48
50.14
50.60
50.15
78.58
89.34
93.33
107.24
121.44
138.11
177.63
168.08
163.59
175.04
183.86
182.67
164.26
137.60
134.96
132.12
138.72
93.15
65.28
55.41
58.04
57.27
58.24
57.11
84.94
95.73
94.99
103.14
107.38
136.49
163.54
162.91
164.40
177.12
167.96
163.14
137.36
128.57
132.66
121.54
107.51
78.92
50.36
44.09
46.82
48.19
48.88
54.16
74.51
87.05
89.02
107.62
112.17
110.50
148.02
163.80
172.94
161.25
177.22
168.56
139.57
109.18
95.13
90.95
90.23
68.77
49.21
46.33
45.82
48.66
49.72
48.16
74.44
84.34
85.31
106.33
116.33
124.85
125.34
126.50
124.85
124.85
126.07
175.65
148.77
106.54
93.04
89.98
93.66
63.80
50.64
45.01
47.16
50.24
50.77
50.23
50.48
69.71
81.38
83.04
84.70
93.53
100.38
142.62
125.15
132.64
100.31
116.09
102.19
53.96
73.50
58.37
50.31
49.70
51.70
51.07
48.61
50.34
48.45
48.12
48.59
47.39
46.56
46.32
46.59
46.49
47.39
48.47
51.17
53.01
53.03
54.34
53.42
55.01
51.82
53.09
51.77
51.88
51.22
50.30
48.21
48.20
48.67
49.09
75.15
86.99
84.38
98.74
106.80
115.67
115.69
123.95
118.67
114.73
116.85
112.84
95.92
99.04
97.73
103.49
99.13
64.70
51.79
48.92
37.79
37.44
37.21
37.03
68.58
83.61
85.60
100.52
109.89
109.13
110.49
117.54
115.40
109.54
109.08
109.67
107.32
93.27
91.85
95.86
92.19
64.82
50.29
41.19
40.20
40.53
39.98
40.01
73.29
90.27
89.05
96.56
102.63
104.40
106.56
104.77
107.92
114.35
110.06
104.90
86.44
84.09
84.64
84.00
81.11
54.65
37.87
34.43
33.86
34.45
33.36
33.73
64.54
77.90
76.62
88.11
99.13
102.66
106.51
105.07
104.93
110.66
114.74
105.71
95.21
93.91
94.37
97.05
90.81
61.64
44.51
40.16
39.59
39.48
38.91
39.21
72.02
84.66
57.56
63.66
71.94
124.84
121.55
123.03
126.38
139.86
135.64
131.36
102.73
103.39
97.94
91.89
92.21
60.85
38.79
34.34
34.17
33.52
33.49
32.75
32.99
63.82
85.11
81.82
82.08
87.00
93.77
98.80
103.88
101.85
101.63
99.93
81.44
73.52
72.15
68.54
49.95
51.02
50.05
50.18
48.87
49.10
48.65
48.60
43.94
44.02
42.42
41.90
44.25
43.47
47.71
60.59
69.54
65.08
67.43
68.52
66.70
68.34
67.96
66.51
62.05
55.37
54.58
56.37
41.76
43.76
43.01
40.45
73.57
90.73
89.67
99.37
109.62
119.48
124.51
132.15
139.00
140.15
137.60
136.74
114.85
116.47
118.86
119.06
114.13
83.00
65.03
54.14
53.92
52.19
48.14
55.61
76.76
92.49
95.68
112.69
130.57
128.74
128.36
138.36
138.70
163.98
162.64
164.21
149.47
123.59
121.15
120.08
119.30
85.77
69.07
55.21
55.84
66.06
56.25
63.25
90.09
102.80
103.28
106.51
115.42
131.95
144.05
138.18
166.39
152.17
160.89
154.11
130.89
120.54
110.65
109.91
109.25
79.99
63.67
47.98
50.41
54.97
52.25
55.18
81.79
92.68
93.57
118.86
121.56
129.66
131.13
169.07
154.47
163.43
174.78
169.67
145.20
138.83
121.65
120.64
118.82
88.08
71.74
54.63
55.14
66.39
58.92
61.23
86.05
97.75
98.93
115.30
129.92
164.20
161.97
162.40
159.23
169.39
178.74
166.41
132.55
115.93
109.22
109.34
96.92
75.02
53.99
39.55
38.01
49.17
46.83
51.65
54.56
67.81
88.76
86.02
85.09
90.13
102.15
121.13
112.08
116.24
119.81
119.53
101.26
57.59
70.41
71.40
70.19
62.83
62.28
61.55
54.79
54.00
50.52
53.72
50.85
51.14
49.96
52.59
52.77
53.42
58.09
58.20
56.10
49.83
60.18
53.42
59.47
62.59
52.22
68.46
71.34
71.72
65.66
65.03
61.52
54.40
55.38
56.48
81.53
90.25
90.69
88.62
89.73
94.49
94.72
95.55
128.12
109.52
122.25
112.86
127.67
108.77
111.96
110.76
101.92
75.48
60.14
38.09
47.55
52.78
56.75
55.74
80.15
90.88
91.76
105.63
116.05
126.24
128.99
130.36
128.63
123.38
128.26
137.42
120.66
111.14
110.10
107.99
100.64
73.83
52.68
47.84
49.02
48.38
46.97
48.59
79.84
102.04
100.52
104.43
121.09
124.87
104.88
119.14
122.62
135.24
136.75
135.33
104.88
99.94
97.23
91.44
92.76
64.70
42.99
27.48
26.87
26.90
27.34
26.58
66.55
91.71
84.26
108.99
118.53
117.84
117.83
123.11
127.74
134.99
134.49
128.34
111.98
110.52
110.90
106.88
102.89
72.23
50.62
46.13
48.35
47.03
44.31
44.63
76.42
98.62
102.17
109.12
116.57
125.86
128.96
138.19
137.40
133.79
126.92
131.90
113.99
100.82
99.64
93.76
92.09
66.42
45.41
41.03
39.87
40.19
39.02
28.94
28.00
60.09
89.88
91.60
83.58
92.52
92.86
92.97
95.29
96.70
96.78
95.63
80.75
67.15
45.40
40.43
41.05
40.42
40.86
41.09
40.04
40.24
39.14
32.52
28.26
27.87
26.12
23.02
22.82
26.33
27.10
36.79
49.49
57.38
58.56
55.62
56.82
58.70
57.39
55.38
55.82
43.88
50.28
50.69
46.86
46.79
30.83
48.42
77.49
91.20
94.99
98.44
112.61
116.88
129.19
125.70
134.64
147.14
140.81
143.59
121.97
114.32
118.11
120.64
101.94
65.83
44.70
39.40
40.46
39.97
39.32
39.22
68.78
93.83
95.06
106.87
117.43
122.23
120.01
125.28
125.53
126.11
126.67
131.92
128.16
120.36
117.84
117.23
117.51
92.43
72.41
66.39
66.57
65.51
66.07
66.92
99.75
120.79
120.56
124.85
126.78
128.37
127.98
127.39
129.36
135.06
132.00
129.76
113.07
111.48
108.49
103.51
104.41
78.36
52.64
46.23
46.74
46.57
46.19
46.00
79.16
99.82
99.96
117.86
123.87
134.38
131.49
130.48
129.35
127.87
126.82
122.19
116.56
112.15
112.10
110.34
107.86
80.85
58.79
53.56
53.79
54.33
53.93
54.26
92.92
106.54
105.12
118.64
124.47
125.42
127.04
126.15
129.68
126.22
120.64
119.76
106.28
104.14
98.53
97.65
96.54
68.91
54.38
49.16
49.11
48.33
48.44
48.90
48.59
73.52
91.79
92.74
92.06
92.96
94.71
95.08
94.39
97.26
100.56
100.03
81.23
67.56
53.36
47.43
46.65
47.58
46.97
46.92
46.75
47.54
58.09
58.43
57.84
57.29
56.97
55.88
57.26
58.04
57.58
57.21
57.87
50.42
44.01
50.49
50.75
53.58
51.86
52.63
51.61
52.33
51.84
50.59
50.66
50.45
50.23
50.44
85.86
97.61
98.47
106.19
114.29
120.86
127.29
127.67
142.25
141.11
134.01
132.54
121.18
108.95
114.55
116.19
104.68
65.44
42.71
37.70
38.45
38.05
40.92
49.09
68.17
84.64
89.62
95.17
107.53
123.99
118.53
118.63
124.32
119.09
122.41
116.23
106.88
109.05
98.63
100.75
98.63
75.21
56.56
59.28
50.67
47.54
46.42
46.42
76.37
92.67
91.61
101.19
107.15
110.23
119.68
119.27
116.16
122.45
121.75
126.00
106.31
99.17
99.67
98.67
97.94
80.83
61.40
56.44
56.86
57.10
56.66
55.97
82.47
99.22
94.28
91.70
91.72
91.82
97.33
97.18
98.58
101.47
102.61
104.61
105.32
106.24
106.53
106.46
106.40
79.11
50.83
52.28
56.03
55.78
55.49
54.87
81.14
97.78
92.08
88.31
80.98
85.32
90.73
91.18
91.32
92.88
93.17
92.39
89.66
83.84
84.25
93.41
88.25
64.79
50.01
49.70
50.58
44.79
38.11
38.47
37.64
63.61
83.84
82.04
87.36
94.63
88.48
83.43
94.26
94.19
94.21
92.58
73.02
51.71
50.11
53.28
51.52
50.08
39.63
38.86
38.52
38.55
38.01
39.01
37.71
38.81
37.39
32.93
33.83
33.44
33.77
33.17
32.18
33.30
32.15
32.93
44.66
49.40
49.75
51.40
51.75
48.73
49.44
49.17
49.67
38.67
38.45
38.33
71.27
85.69
93.63
92.61
99.86
119.44
129.96
126.05
126.57
131.95
129.59
137.25
121.78
118.34
116.47
117.67
107.71
76.59
56.10
51.97
51.58
52.00
51.02
50.96
71.69
86.89
95.89
102.53
108.69
120.59
120.68
118.45
118.74
123.09
134.89
137.31
124.23
117.17
117.85
118.33
117.06
99.12
76.96
70.56
71.31
74.06
73.05
72.75
99.42
115.87
115.15
118.99
120.85
122.76
122.23
129.49
147.52
153.40
151.42
141.03
119.25
115.44
113.59
111.86
111.83
84.77
61.10
56.58
51.01
33.83
48.50
48.74
81.49
97.04
102.48
117.40
123.39
122.09
127.98
134.47
139.92
135.47
131.49
135.13
127.00
124.53
123.54
121.02
120.17
87.10
60.43
55.84
54.34
54.63
55.99
55.05
85.02
105.77
103.97
113.17
121.32
127.47
132.54
133.86
145.36
150.75
144.46
138.10
118.50
118.44
116.20
114.81
104.10
74.34
52.17
47.21
47.18
45.86
46.85
46.84
46.80
77.38
99.08
94.51
93.02
97.30
100.48
99.58
108.98
110.46
112.05
109.84
87.40
72.70
58.70
54.18
54.28
54.38
54.59
53.94
54.26
53.30
53.08
52.84
53.13
53.28
52.88
52.01
51.54
52.66
52.82
43.09
0.00
0.00
43.72
52.48
52.13
54.53
53.57
54.66
52.40
52.35
52.45
52.67
51.75
52.13
51.34
52.40
88.58
109.41
111.54
120.79
127.67
129.49
131.29
133.15
132.01
130.42
132.34
131.20
118.64
117.93
116.58
116.24
105.47
79.30
55.30
48.80
50.31
50.14
49.43
43.76
77.19
100.20
98.57
95.89
111.71
118.51
119.85
117.20
119.02
118.75
119.21
117.62
105.25
105.30
104.99
105.27
98.91
68.72
44.96
40.80
39.93
39.94
39.85
39.09
71.07
91.10
92.61
105.73
109.41
118.66
120.34
124.73
124.84
128.97
126.71
124.29
108.51
40.48
0.00
18.44
0.00
0.00
0.00
0.00
0.00
0.00
0.00
0.00
0.00
25.05
21.92
20.85
0.00
0.00
0.00
0.00
0.00
0.00
0.00
0.00
0.00
0.00
0.00
0.00
0.00
0.00
0.00
0.00
0.00
0.00
0.00
0.00
0.00
0.00
0.00
0.00
0.00
0.00
0.00
0.00
0.00
57.47
115.37
109.22
99.30
102.80
101.38
100.84
100.34
67.18
42.74
37.53
37.21
37.30
36.92
36.82
36.39
65.03
94.90
92.72
93.09
92.62
92.16
95.61
96.07
96.76
96.50
96.97
80.57
70.94
49.66
28.58
43.15
44.99
45.50
44.65
45.40
45.33
44.74
44.98
44.31
36.99
36.59
34.06
34.90
34.12
33.38
35.24
35.41
34.53
35.53
34.63
36.07
38.35
37.45
37.29
36.83
31.88
27.65
26.14
35.92
36.59
28.79
24.33
65.54
81.85
87.74
100.25
100.45
110.24
120.05
116.54
124.34
127.10
115.28
100.45
103.09
91.10
90.45
90.81
85.34
66.10
44.90
38.62
38.99
38.95
38.02
38.61
71.84
87.97
87.40
87.77
102.47
113.36
112.63
108.51
115.90
114.60
119.89
113.39
88.05
94.71
86.17
86.19
92.74
61.76
43.57
38.45
38.23
38.23
37.67
38.68
70.50
85.87
86.53
91.34
106.73
105.17
107.05
112.72
112.91
109.63
105.32
105.59
94.28
87.33
92.23
88.46
86.40
66.71
44.29
38.88
39.17
38.83
38.40
38.19
69.60
87.51
87.02
99.38
110.36
109.30
112.99
117.61
115.08
115.70
118.54
114.28
101.15
95.16
92.33
99.35
89.83
61.30
34.09
25.91
26.63
25.17
26.14
25.98
59.59
78.76
82.30
98.34
108.57
120.89
121.26
120.14
115.33
115.34
119.98
114.05
93.51
93.17
89.95
84.78
91.50
56.67
39.77
44.94
42.05
34.01
34.94
34.31
33.59
61.21
82.05
81.09
82.95
92.67
87.19
85.71
91.51
91.20
90.86
90.78
67.73
56.60
48.43
45.58
43.24
38.40
32.86
38.16
43.98
43.36
38.69
32.85
32.97
33.66
33.43
31.00
29.93
34.01
41.77
42.45
44.37
45.34
45.66
38.36
34.17
39.22
43.26
50.49
45.79
42.22
47.28
24.28
0.00
42.74
41.17
42.91
72.68
91.06
92.02
82.13
91.65
93.17
93.67
92.06
92.46
92.01
91.37
89.84
90.70
87.02
87.17
87.23
85.34
59.02
35.16
30.67
35.51
35.47
35.35
43.75
76.67
94.17
92.73
91.59
90.95
93.67
92.71
90.53
91.65
90.92
91.92
92.02
92.47
92.38
92.84
92.51
91.85
60.78
35.31
35.27
36.67
36.47
36.28
36.02
70.16
88.47
88.21
87.58
86.98
87.79
87.17
87.82
87.31
87.66
86.49
87.42
88.35
87.37
88.53
87.06
87.73
64.07
39.53
24.75
25.36
26.04
24.79
24.44
59.21
80.03
78.95
76.60
82.42
88.08
88.56
89.09
88.43
89.30
86.99
87.70
88.37
87.41
87.26
87.13
88.37
63.38
41.45
36.27
37.39
24.77
23.11
22.37
60.70
78.62
87.40
86.58
79.79
81.62
91.63
90.43
88.89
89.08
79.73
78.54
84.04
89.16
89.21
82.36
79.47
64.06
43.17
25.10
26.31
27.39
25.70
26.51
26.51
57.16
77.43
77.32
77.33
78.00
78.18
77.91
78.50
77.28
78.21
77.24
63.41
39.52
38.25
35.62
24.34
24.88
25.83
26.84
27.37
25.40
25.68
26.00
26.21
26.48
25.60
21.57
20.97
23.20
23.17
23.91
23.47
23.19
21.74
22.99
21.06
24.44
25.28
24.01
25.08
25.67
25.59
26.11
26.43
28.71
26.03
27.38
62.40
85.37
85.72
83.23
82.43
85.55
83.56
81.41
80.95
82.80
89.24
79.22
83.26
87.53
79.91
80.26
89.05
57.93
31.70
23.54
26.23
25.75
25.12
23.76
60.61
80.91
79.62
77.09
88.33
79.06
82.33
89.45
84.70
76.79
85.20
88.67
88.10
85.51
78.47
84.76
82.64
55.76
34.67
