22.21
21.41
21.38
20.99
21.51
22.06
34.61
36.28
30.51
29.11
28.45
27.36
24.99
23.89
23.56
23.56
24.84
28.15
26.74
25.90
21.70
20.47
23.17
23.84
24.13
24.77
25.10
25.96
26.22
26.66
34.54
38.44
33.65
34.16
29.75
25.13
24.74
23.36
22.67
22.49
25.84
29.58
27.64
25.32
21.43
22.16
23.71
23.97
24.69
25.03
25.14
25.98
26.07
27.18
34.15
37.05
32.01
31.44
33.67
26.76
23.61
22.34
21.56
19.80
22.33
26.47
25.78
22.91
18.38
18.94
20.75
22.15
21.64
22.69
23.01
23.48
23.80
23.44
32.91
35.83
30.44
29.34
26.69
23.76
18.40
18.15
17.64
18.54
19.12
20.75
22.26
21.77
14.17
12.61
14.96
16.61
17.78
19.93
20.02
19.62
21.28
21.90
20.87
20.40
16.21
13.37
6.40
4.23
4.02
4.19
4.01
3.93
4.70
7.08
10.53
10.70
10.71
10.72
10.93
11.14
10.79
11.91
11.77
12.57
13.58
13.28
13.07
13.43
8.43
7.29
6.45
5.50
5.34
5.37
5.06
5.31
4.86
7.68
11.76
12.39
13.87
15.91
16.18
18.27
19.69
18.68
19.57
19.93
20.74
20.66
32.36
34.32
30.12
28.66
24.73
22.69
21.04
21.43
24.01
22.99
24.27
26.01
25.51
27.95
14.27
12.51
13.85
15.45
17.45
17.95
16.77
18.98
21.02
20.77
32.74
33.26
27.74
26.35
22.70
19.18
20.24
22.02
24.40
30.78
33.18
31.63
27.87
22.02
13.98
11.12
13.12
12.74
14.01
13.77
15.44
15.99
16.80
17.00
32.74
38.40
32.47
30.44
27.95
25.86
23.24
22.88
23.83
22.85
22.74
22.41
23.75
23.30
15.45
12.31
12.45
15.39
16.47
16.46
16.27
16.51
16.47
16.48
36.17
35.33
29.34
27.43
13.77
25.02
23.29
23.01
23.00
24.24
25.97
27.60
27.62
25.99
19.44
15.19
14.84
13.51
16.41
17.36
17.85
17.83
19.19
18.56
34.28
37.44
32.25
29.67
26.09
24.51
23.34
23.18
23.43
24.21
22.97
23.42
25.59
23.52
15.93
12.60
12.81
13.34
14.89
16.44
17.42
17.52
18.27
18.19
16.98
16.96
14.41
9.01
6.23
6.26
6.11
6.17
6.11
6.34
6.53
7.80
12.49
12.47
12.40
12.60
12.69
12.92
12.66
12.88
13.02
13.27
13.70
13.53
14.37
14.41
11.09
8.53
6.51
6.28
6.22
6.22
6.19
6.22
6.75
7.86
11.95
12.39
12.56
12.43
14.24
15.16
15.15
14.67
14.49
14.34
14.56
14.23
32.48
35.11
28.99
28.13
25.49
23.30
22.22
22.05
23.32
26.88
27.13
27.10
25.40
24.44
16.94
13.54
13.22
13.46
13.49
13.32
13.63
13.30
13.70
13.19
33.18
31.58
26.77
25.41
24.20
21.75
21.53
21.52
21.54
21.98
23.00
24.17
22.92
22.30
15.83
11.14
11.26
11.47
11.29
12.31
12.03
11.81
13.39
14.73
32.13
31.67
27.98
25.92
22.72
21.77
21.24
22.98
26.78
30.20
33.98
29.86
23.94
22.33
14.52
15.18
12.13
12.33
12.68
14.02
14.61
15.19
16.51
16.52
32.85
35.81
30.38
27.84
24.55
22.89
22.31
22.50
25.21
26.48
26.63
23.82
24.07
23.12
17.68
11.85
11.82
12.18
11.99
12.22
12.01
12.53
12.15
12.43
32.10
32.26
26.96
25.84
22.78
22.31
21.86
22.92
26.02
27.09
25.72
24.55
26.09
25.04
16.68
13.87
14.01
13.85
14.69
15.70
16.25
18.14
19.91
20.04
20.60
21.20
15.32
10.75
7.65
7.35
7.31
7.33
7.24
7.26
7.53
9.13
13.41
13.56
13.86
13.55
14.14
15.23
15.97
17.08
17.75
18.53
20.13
21.05
21.41
20.41
15.59
10.50
7.44
7.56
7.26
7.27
7.29
7.17
7.62
8.14
13.49
13.72
13.46
13.55
13.83
13.77
14.01
14.03
14.50
15.01
15.30
15.10
33.84
35.09
26.76
25.89
23.42
21.25
20.23
20.47
20.48
21.35
21.74
23.60
25.75
24.51
16.97
14.79
16.46
18.16
20.28
20.36
21.31
22.02
22.33
23.13
34.74
38.90
32.38
31.80
28.06
24.45
23.40
23.10
22.75
23.78
23.39
25.25
24.70
23.50
16.28
17.66
14.75
16.79
19.59
19.63
20.23
21.01
21.11
22.13
31.87
37.52
32.71
31.16
27.85
23.20
21.88
21.51
21.34
21.08
22.30
23.33
22.09
21.71
17.59
13.92
16.36
18.52
19.90
21.11
21.72
22.15
22.21
23.08
32.82
39.00
33.12
30.49
27.44
24.42
23.23
21.87
22.60
24.42
27.40
23.25
24.02
22.96
16.48
12.20
12.05
14.23
16.47
19.12
19.75
20.63
21.41
22.26
33.22
39.94
32.89
31.27
26.44
23.62
22.44
22.13
23.72
25.08
23.28
21.76
23.26
29.14
16.93
13.74
14.83
16.19
16.97
20.60
22.54
22.16
23.22
23.52
23.21
22.87
18.19
12.35
7.83
7.57
7.52
7.44
7.43
7.69
7.69
8.43
13.33
13.69
13.73
14.05
14.53
16.26
17.22
18.52
19.82
20.97
21.46
21.22
20.79
21.20
17.22
11.34
7.70
7.52
7.63
7.45
7.41
7.38
7.73
8.62
12.97
13.32
13.62
13.94
14.28
16.48
16.02
18.17
19.97
21.57
20.31
20.43
34.93
40.50
33.30
30.75
26.19
24.37
24.63
26.08
30.41
31.16
24.92
22.42
24.54
24.53
16.71
10.88
10.90
11.30
11.01
11.21
11.91
13.15
14.92
13.72
31.24
33.12
27.12
25.08
21.98
21.11
21.06
23.50
24.96
25.65
6.41
23.50
25.07
24.13
15.05
11.12
11.40
11.10
11.22
11.40
11.09
11.43
11.05
11.11
30.70
29.93
25.52
24.02
21.96
21.10
21.11
23.22
29.02
30.85
29.62
28.95
25.90
24.83
15.42
10.52
10.57
10.69
10.78
10.70
10.98
10.68
11.27
11.92
30.40
32.79
27.75
24.83
21.52
20.85
20.91
23.75
27.18
30.43
27.94
26.73
23.95
22.09
15.71
12.34
12.61
12.37
12.38
12.69
12.30
12.37
12.68
12.50
31.33
29.14
25.34
22.90
21.07
21.20
22.58
26.87
30.36
29.86
25.76
23.65
24.43
22.66
14.18
10.80
10.87
11.02
11.26
10.91
10.96
11.24
10.88
10.86
10.20
9.03
4.97
4.50
4.76
4.48
4.49
4.42
4.48
4.39
4.78
4.93
10.24
11.10
10.76
10.77
10.76
10.93
10.86
10.85
10.99
10.87
10.78
10.77
10.33
9.09
5.53
4.77
4.83
4.56
4.63
4.55
4.57
4.64
5.09
5.93
10.17
10.96
11.24
10.99
10.97
11.42
11.63
11.80
11.07
11.30
10.94
10.93
30.69
29.81
25.68
24.67
23.64
22.03
21.96
21.32
21.66
21.93
20.95
23.55
24.07
24.16
18.54
10.52
10.82
10.61
11.29
12.43
12.86
12.79
12.39
12.24
31.18
32.53
26.71
24.86
23.77
21.73
21.33
21.36
20.98
21.18
18.16
18.72
21.45
21.84
14.13
13.60
11.89
11.59
11.93
11.96
12.43
13.55
14.12
14.73
31.84
34.66
31.44
29.68
26.65
25.01
25.21
24.97
23.72
23.82
24.22
25.85
23.18
22.85
17.67
16.72
17.86
18.46
21.25
22.40
22.75
23.58
23.99
23.92
32.38
34.66
34.36
32.76
31.11
25.60
23.56
22.66
22.52
22.99
23.13
23.43
23.95
23.92
18.27
16.01
17.71
18.91
21.54
21.65
22.14
22.64
23.14
23.42
32.87
37.68
32.50
27.86
24.31
19.86
18.43
18.23
18.66
23.84
24.27
22.21
22.07
23.70
15.54
13.01
14.60
14.86
16.61
18.58
18.40
19.52
20.69
20.59
19.83
18.74
13.58
8.68
7.06
6.10
6.14
6.04
5.99
6.18
6.46
7.03
10.90
12.69
14.08
15.92
17.54
19.71
21.92
22.89
23.15
23.12
23.92
24.06
24.38
21.81
19.26
17.04
7.82
6.42
5.97
6.03
5.97
6.23
6.33
6.34
10.58
12.48
12.46
14.17
16.16
16.85
18.45
19.59
21.09
21.64
19.15
18.30
33.44
38.15
30.47
29.19
26.80
24.50
22.74
22.86
22.80
25.20
24.09
27.32
25.44
25.47
17.90
18.20
19.21
20.52
21.80
23.45
22.27
22.78
23.47
23.80
32.83
36.67
34.16
32.30
27.14
23.31
22.01
21.60
22.92
26.65
32.03
26.79
22.05
22.21
14.73
11.21
11.23
12.75
13.46
14.29
14.60
14.41
15.37
15.72
31.67
34.27
28.68
27.73
25.06
22.14
21.26
21.31
21.18
23.82
26.33
26.58
23.04
23.54
16.62
13.43
13.31
13.33
13.61
13.41
13.50
13.79
13.41
13.34
32.70
27.42
25.50
23.96
23.35
23.26
23.23
23.67
23.60
22.95
20.66
21.91
21.77
22.02
14.24
12.12
11.45
11.60
11.58
11.45
11.47
11.42
5.96
8.21
30.25
29.02
25.52
23.87
22.64
21.62
21.49
21.80
21.54
21.12
20.32
19.62
20.89
22.55
14.60
11.48
11.80
11.51
11.58
12.46
13.07
13.92
13.66
13.79
13.55
11.96
9.49
6.45
5.17
5.20
5.17
5.17
5.14
5.46
5.45
5.77
9.47
11.49
11.49
13.52
14.62
15.46
17.47
18.87
20.10
20.72
20.94
21.38
21.65
19.90
15.52
10.41
7.15
5.72
5.43
5.19
5.16
5.17
5.52
5.91
9.39
11.74
12.98
15.05
15.92
17.10
16.36
16.47
15.38
16.05
16.31
16.78
32.27
33.15
26.72
26.21
25.25
25.55
24.48
23.33
21.10
21.51
21.78
22.99
21.84
22.46
15.46
14.70
17.08
18.90
20.24
20.96
21.68
21.94
22.81
22.88
33.13
35.72
34.63
32.27
28.57
25.59
23.95
23.91
23.80
24.61
25.37
24.84
23.82
24.51
17.56
16.04
19.01
20.51
22.17
22.50
22.99
23.97
24.80
24.52
32.04
33.06
33.21
32.70
17.85
24.68
22.87
22.00
21.30
21.94
23.13
24.49
25.59
26.94
18.00
15.67
16.49
16.77
17.10
16.89
18.11
17.63
17.50
17.62
34.31
35.89
30.57
30.98
30.60
30.34
30.21
30.95
30.30
28.52
27.08
27.65
23.06
23.88
21.89
18.52
18.66
20.00
19.30
20.60
20.80
18.67
20.25
20.39
31.87
35.16
32.48
32.97
29.41
29.65
28.22
26.44
27.60
28.75
30.83
31.29
27.03
23.53
19.88
17.65
19.85
21.12
23.49
23.36
23.13
24.00
23.95
25.93
25.30
21.63
17.93
15.25
8.76
6.52
6.15
4.83
4.69
5.06
5.11
5.31
8.46
11.25
12.88
15.92
17.79
20.02
21.31
21.53
22.15
22.93
23.94
23.71
23.28
20.42
17.83
14.87
7.83
5.74
4.84
5.11
4.78
4.84
5.36
5.36
8.56
11.02
11.18
11.58
12.50
15.10
16.39
17.91
19.15
19.66
20.39
20.45
31.68
35.22
35.64
31.38
25.43
22.74
21.68
21.48
24.21
27.76
29.81
27.39
25.98
27.69
18.70
12.80
12.98
14.33
15.92
16.49
18.70
19.51
19.34
21.03
33.59
36.76
35.05
29.41
24.38
23.24
23.29
26.69
29.84
32.38
30.44
28.22
27.48
28.84
19.31
15.00
15.00
15.39
15.03
15.08
15.22
15.21
15.24
15.16
34.77
32.97
27.18
26.63
25.22
23.32
23.37
27.65
31.21
34.92
34.95
33.28
30.01
28.98
18.32
11.05
11.11
11.05
11.15
11.65
12.30
13.08
14.14
13.79
31.37
32.95
27.40
23.96
21.64
21.83
22.79
29.35
32.88
34.84
33.30
31.18
27.62
27.33
16.84
11.41
11.59
11.67
11.75
12.01
11.70
11.81
12.22
12.03
31.62
27.85
25.69
24.27
21.73
21.66
25.44
31.20
34.13
39.25
31.17
29.72
31.07
30.43
19.23
15.11
15.15
15.15
15.27
15.34
15.33
15.45
15.45
15.12
14.94
10.72
8.98
8.86
8.73
8.75
8.72
8.89
8.72
9.63
11.41
11.12
13.01
15.92
15.19
15.29
15.10
15.25
15.15
15.32
15.66
15.29
15.46
15.54
15.89
11.67
9.07
8.84
8.80
8.72
8.75
8.86
9.82
10.89
11.66
11.24
13.12
15.83
15.29
15.10
15.23
15.30
15.27
15.34
15.66
15.39
15.38
15.48
35.21
32.43
30.05
28.43
26.83
26.73
31.62
35.32
38.92
38.78
35.85
33.53
30.89
31.14
19.28
13.48
13.21
13.14
13.18
13.21
13.90
14.96
15.31
15.26
35.04
31.41
28.25
24.73
23.24
24.88
32.12
38.26
43.10
44.10
40.31
37.76
31.72
31.10
19.55
15.48
15.05
15.12
14.31
12.94
12.82
12.78
12.67
12.69
31.31
27.60
31.41
29.90
29.75
36.71
43.42
45.48
44.80
43.52
37.89
35.89
29.58
30.75
16.51
12.27
11.70
11.57
11.67
11.57
11.57
11.73
11.62
11.55
27.83
22.98
27.88
26.24
24.99
23.05
28.28
32.89
32.92
31.66
26.48
25.67
24.07
24.62
15.81
13.31
12.96
12.59
12.53
12.52
12.48
12.55
12.46
12.45
24.38
23.65
25.04
25.38
24.35
23.49
23.30
22.50
22.24
21.85
20.57
20.78
19.89
23.03
15.18
12.40
12.46
12.50
14.53
13.69
15.36
16.61
16.69
18.40
19.21
13.19
8.74
6.26
5.79
5.75
5.77
5.71
5.71
6.01
5.97
6.13
8.75
11.99
12.08
12.48
12.15
12.37
13.50
15.76
15.68
16.28
18.32
18.18
18.03
13.90
9.83
5.74
6.06
5.75
5.72
5.74
5.74
5.66
7.58
7.80
9.05
12.47
12.00
12.09
12.13
12.19
12.28
12.38
12.46
12.39
12.67
13.53
31.92
29.45
24.78
21.03
18.88
18.79
19.24
19.73
20.75
19.85
19.73
20.11
20.02
22.96
15.36
12.49
12.49
12.04
11.59
11.66
11.99
11.63
11.78
11.51
31.43
24.85
22.78
22.49
21.05
19.46
21.57
21.69
19.49
18.27
20.97
21.86
19.56
22.25
15.31
11.42
12.12
12.64
13.16
13.39
14.03
15.11
15.24
14.77
31.71
28.51
24.13
23.00
20.39
18.76
18.02
17.93
17.56
18.35
18.84
19.28
18.89
22.06
14.34
11.44
11.53
13.31
14.51
15.80
18.19
18.90
19.87
21.19
32.09
31.15
28.24
26.78
21.24
19.67
19.49
19.54
20.51
21.47
22.48
22.91
21.50
23.61
16.03
12.82
13.25
13.15
14.39
14.06
15.83
17.37
18.42
18.60
33.42
20.35
10.72
6.24
5.19
4.96
5.27
6.16
7.60
11.82
12.52
11.66
12.75
15.07
12.30
10.90
11.00
10.89
11.18
11.39
11.05
11.14
11.60
11.32
11.02
6.76
5.13
4.40
4.71
5.48
5.93
5.81
4.75
5.71
5.99
7.28
7.20
11.40
11.37
10.95
11.27
11.39
11.74
11.77
11.64
11.83
11.78
11.67
11.61
6.67
4.04
4.31
4.09
4.04
4.03
4.59
6.00
8.15
7.00
6.30
7.65
12.11
11.77
11.53
11.25
11.31
11.51
11.96
11.70
11.73
11.70
11.83
25.91
14.07
7.49
7.82
8.15
10.96
12.03
17.16
21.87
24.55
26.67
22.59
16.20
15.49
11.95
11.08
10.22
9.70
8.72
9.15
9.00
9.17
9.21
9.15
18.09
9.88
8.79
8.95
9.30
11.56
13.20
12.08
20.07
23.03
21.67
19.49
14.78
15.10
10.56
10.29
10.30
10.01
10.06
10.05
10.13
10.22
10.60
10.28
16.86
10.83
11.31
10.08
9.02
9.78
12.59
14.97
22.28
23.59
23.73
21.96
17.55
17.88
14.66
14.13
13.97
13.64
12.83
11.38
11.60
12.16
12.32
12.17
17.85
11.85
9.66
8.22
7.78
10.42
10.64
10.93
11.60
13.65
10.44
8.15
6.86
10.85
10.49
10.68
11.21
11.60
11.28
11.45
11.73
13.41
13.11
14.63
24.13
17.97
13.49
12.56
13.42
12.65
12.33
12.98
12.54
14.57
12.57
11.88
7.53
10.34
8.23
8.82
9.10
9.29
9.43
9.22
9.64
9.90
10.16
10.63
9.78
3.63
1.45
0.92
0.97
0.74
0.99
1.16
0.88
0.85
1.28
1.28
2.59
7.59
7.94
8.05
8.22
8.66
9.15
9.24
9.52
9.34
9.44
9.78
8.45
3.02
1.19
0.82
0.87
0.68
1.48
0.56
1.08
0.58
1.58
0.85
2.52
7.88
7.55
8.11
8.74
9.15
9.78
9.35
9.34
9.52
9.65
10.86
20.30
14.05
12.68
10.60
10.63
12.40
14.77
18.21
27.56
30.78
28.52
25.99
19.44
19.56
13.37
11.86
13.08
11.81
11.33
11.32
11.78
11.70
11.72
11.75
19.52
12.20
10.27
8.77
9.03
13.29
18.39
25.56
32.36
29.51
23.51
20.57
15.02
16.45
10.73
9.42
9.23
9.39
9.46
9.52
9.46
9.43
9.61
9.33
12.19
8.79
9.37
8.79
8.62
9.56
11.16
14.56
19.77
22.14
19.74
18.48
14.23
15.85
12.28
11.45
11.42
11.50
11.64
11.65
11.96
12.09
12.13
12.11
19.35
11.97
9.24
8.58
9.35
14.43
17.41
27.24
33.15
35.89
30.16
28.39
20.91
21.87
16.37
15.32
20.95
16.00
8.08
15.03
15.13
15.48
15.65
15.34
24.84
16.60
13.63
12.59
12.99
17.61
18.37
23.82
26.87
25.88
20.36
17.62
12.56
14.18
12.16
11.28
11.31
11.72
11.68
12.03
11.94
11.96
12.27
11.99
10.31
6.22
5.04
5.00
5.00
5.23
4.94
4.91
4.91
4.87
5.12
4.92
5.70
10.71
11.14
10.95
11.16
11.53
11.89
11.88
11.95
12.09
12.10
11.75
10.05
6.51
5.03
5.02
5.00
5.20
4.93
4.93
4.88
4.87
5.19
5.08
5.38
11.05
10.82
11.23
11.23
11.31
11.32
11.53
11.81
12.04
12.08
11.88
20.06
11.47
9.28
8.39
9.11
10.56
15.51
18.74
22.01
26.49
23.03
21.22
14.57
15.85
10.93
9.18
9.44
9.43
9.59
9.83
9.79
10.18
9.99
9.96
16.65
10.84
10.34
11.41
15.52
27.32
30.56
31.31
34.07
35.24
27.66
24.86
17.50
19.53
12.07
10.63
10.47
10.70
10.92
10.81
10.89
11.06
11.25
11.18
14.65
9.47
9.94
12.65
17.46
18.21
19.38
21.89
24.33
25.90
23.77
22.43
16.47
18.09
12.48
12.31
12.54
10.50
10.62
10.77
10.85
11.11
11.39
10.83
16.44
11.71
11.18
10.79
12.71
17.04
20.68
23.43
24.79
28.47
26.88
25.07
19.94
20.05
13.48
13.18
12.44
12.45
12.56
12.41
12.36
12.65
13.03
12.75
17.64
11.76
10.06
9.81
14.51
20.39
25.56
27.35
26.98
26.72
25.23
23.69
18.56
19.67
12.64
10.27
10.50
10.54
10.51
10.40
10.52
10.63
10.55
10.49
7.42
3.77
4.06
4.09
4.10
4.22
4.11
3.96
4.02
3.94
4.21
4.09
4.63
9.74
9.98
10.36
10.35
10.55
10.48
10.40
10.61
10.83
10.88
10.87
7.65
4.30
4.13
4.07
4.07
3.97
4.08
3.92
4.23
3.93
4.22
3.99
4.35
9.66
10.06
10.42
10.26
10.57
10.64
10.45
10.65
10.76
10.77
10.49
16.40
11.57
15.10
25.73
32.05
36.07
42.05
44.04
45.67
47.35
45.11
41.52
31.01
29.02
15.63
11.86
11.94
12.03
12.18
12.09
12.20
11.24
10.62
10.26
13.30
10.15
13.63
17.68
24.57
30.93
34.66
38.67
39.54
40.69
37.62
36.82
26.51
26.99
15.01
10.34
9.55
9.62
9.14
9.53
9.43
9.35
9.43
9.67
11.64
8.88
9.36
11.21
11.72
13.06
15.97
16.70
18.15
23.55
23.26
16.64
12.92
14.61
11.38
9.76
8.92
9.82
10.43
10.45
10.47
10.84
10.45
10.43
17.72
7.67
8.63
10.18
10.06
12.67
10.26
22.10
23.04
22.42
17.34
17.35
12.47
15.31
11.26
14.01
10.67
10.80
10.75
10.78
10.89
10.83
10.82
10.76
10.45
7.68
7.47
9.39
11.95
15.02
17.40
17.38
19.42
20.60
18.73
16.43
11.96
14.18
11.37
11.54
11.66
12.20
12.11
12.00
12.03
12.18
11.87
12.12
8.20
5.50
5.10
5.11
5.13
5.02
5.37
4.99
5.16
5.04
5.21
5.11
5.34
10.38
11.14
11.11
11.23
11.38
11.55
11.72
12.26
11.83
11.91
11.86
7.74
5.38
5.08
5.04
5.02
5.32
5.01
4.99
4.91
4.95
5.22
4.96
5.38
10.21
10.80
10.82
11.15
10.99
11.05
11.24
11.17
11.42
11.50
11.40
16.90
11.85
13.69
20.36
26.28
28.77
32.99
35.14
33.29
35.17
31.00
28.75
20.37
19.94
13.18
11.75
11.20
11.39
11.43
11.30
11.49
11.37
11.47
11.31
12.65
8.77
11.95
18.44
21.75
23.16
25.44
28.47
26.85
24.44
19.09
13.13
9.56
12.64
10.73
10.70
10.85
10.68
10.51
8.99
9.12
9.47
10.47
10.26
11.32
7.65
5.61
7.40
11.11
15.53
17.47
19.55
19.82
24.13
26.10
19.26
13.82
15.19
9.54
7.99
12.18
10.94
11.02
10.98
11.12
11.34
11.33
11.47
12.84
8.50
6.95
10.52
20.88
26.51
30.39
33.99
37.54
36.86
36.89
31.76
22.81
23.62
12.72
8.95
11.83
11.52
11.64
11.75
11.72
11.68
11.85
11.68
12.79
10.41
13.04
21.08
27.78
33.84
41.13
43.50
49.70
53.03
49.05
46.74
34.64
32.03
18.78
14.38
13.97
14.37
14.25
14.15
14.49
14.36
14.52
14.39
9.67
8.05
7.98
7.94
7.92
7.91
7.84
8.07
7.85
9.17
10.38
9.65
9.45
12.88
13.90
14.15
13.98
14.07
14.32
14.32
14.21
14.25
14.35
14.16
9.60
8.00
7.95
7.87
7.92
7.85
7.84
7.85
7.94
9.08
10.85
12.51
10.87
13.58
14.35
13.87
14.20
14.01
14.30
14.35
14.33
14.46
14.50
14.52
20.49
17.11
16.47
20.06
24.69
28.55
31.93
36.31
37.74
39.33
34.87
34.44
24.33
23.92
14.27
9.00
9.06
9.38
9.46
9.29
9.30
9.21
9.43
8.81
9.77
12.13
14.65
19.77
25.90
32.49
35.89
39.14
37.33
31.13
26.19
20.95
15.44
16.64
11.25
10.18
9.19
8.79
9.10
9.05
9.13
9.24
9.38
8.99
8.60
5.75
8.33
12.38
18.74
24.73
26.99
32.19
34.88
43.28
34.92
34.23
25.20
22.94
12.40
9.40
12.88
10.67
10.23
10.30
10.39
10.38
10.41
10.34
11.01
11.51
16.74
23.29
28.51
36.32
43.99
45.15
48.47
52.51
46.30
40.93
29.46
27.22
13.73
8.84
9.08
8.91
9.09
9.11
8.62
9.11
8.97
9.01
10.71
12.39
19.33
26.60
32.22
37.16
42.98
44.95
50.04
56.26
54.10
48.41
38.92
33.76
17.98
12.23
12.26
11.37
10.85
10.97
10.72
11.04
11.03
11.12
5.64
3.68
3.77
3.77
3.63
3.69
3.84
4.98
8.36
8.88
9.87
12.56
10.54
13.44
12.55
11.31
10.83
10.99
10.77
11.14
11.01
11.15
11.01
11.03
5.47
3.92
3.67
3.64
3.65
3.54
3.59
6.02
9.09
9.37
14.42
15.83
12.12
13.55
13.13
12.08
11.01
10.62
10.92
10.76
10.85
10.89
11.11
10.71
30.26
23.88
27.92
27.89
26.44
29.10
29.49
25.78
24.71
26.56
26.68
26.50
17.37
17.05
12.16
9.33
9.15
9.17
9.45
9.45
9.38
14.22
14.53
14.30
15.01
14.88
17.06
19.29
22.96
25.05
27.70
30.64
33.06
43.63
33.47
29.11
22.74
21.36
14.34
11.21
10.87
11.20
11.27
11.22
12.90
17.36
17.35
17.27
17.67
18.38
18.79
21.74
25.36
29.38
31.37
34.02
36.89
46.56
33.38
32.35
24.37
22.12
14.68
14.88
15.39
15.25
15.57
15.58
15.68
15.71
16.00
15.41
16.39
15.62
18.66
25.16
28.77
31.64
34.94
38.99
39.00
42.23
38.61
33.30
27.20
26.18
19.22
15.48
15.13
15.34
15.53
15.57
15.62
15.63
15.80
15.64
16.01
15.86
17.89
23.80
28.67
34.40
38.53
42.15
44.18
45.82
40.44
37.27
29.12
26.31
13.25
8.68
8.79
9.02
8.81
8.96
8.96
9.08
9.08
8.78
1.29
0.10
0.06
0.05
0.02
0.06
0.07
0.02
3.90
6.67
4.99
5.15
7.24
9.07
9.84
8.57
8.95
8.57
8.97
8.82
9.01
8.97
8.97
8.66
1.31
0.10
0.07
0.07
0.06
0.46
0.07
1.42
6.01
5.41
5.32
4.36
5.35
8.60
8.93
8.90
8.71
8.79
8.82
8.78
8.81
8.90
9.19
8.34
15.47
14.59
18.75
22.57
24.11
27.04
29.48
32.04
35.86
34.70
31.17
29.35
22.67
21.47
14.49
11.14
11.48
11.56
11.17
11.43
11.51
11.57
11.84
11.36
11.22
11.83
14.18
17.92
17.93
20.80
22.16
24.30
25.63
28.29
24.58
23.73
17.14
17.04
11.43
9.36
9.82
10.74
10.65
10.83
10.80
11.14
11.43
10.98
10.54
10.89
14.86
16.85
21.34
26.18
28.64
33.01
33.36
33.79
22.86
18.82
14.06
15.70
15.67
13.07
13.29
13.18
13.29
13.31
13.20
13.15
13.37
12.61
13.49
14.61
16.68
23.19
28.49
32.54
36.47
37.59
35.45
32.19
29.65
28.53
20.41
20.92
13.22
8.47
8.50
8.70
8.79
8.82
8.57
8.57
8.65
8.05
8.12
10.94
12.60
12.19
24.12
28.78
36.41
35.90
35.98
31.08
30.42
27.33
20.98
20.23
17.63
14.94
14.79
14.84
14.79
14.92
14.87
14.72
15.17
13.93
9.09
8.50
8.51
8.48
8.39
8.42
8.33
8.33
8.22
8.49
8.69
9.77
9.42
11.72
14.20
14.13
14.44
14.13
14.38
14.51
14.45
14.45
14.50
13.58
8.71
8.67
8.44
8.32
8.38
8.26
8.30
8.24
8.35
9.15
8.67
8.64
8.76
11.92
14.30
14.75
14.70
14.76
14.88
14.78
15.19
14.86
14.93
14.14
21.70
20.60
20.34
25.38
32.30
36.40
41.27
46.78
49.49
50.72
46.19
45.67
36.96
35.22
22.72
17.44
17.05
17.26
17.22
17.38
17.36
17.37
17.27
16.19
26.32
26.14
25.54
31.90
34.99
38.44
43.29
48.13
47.34
50.06
47.98
43.32
33.09
28.89
15.66
7.81
7.78
7.81
7.49
7.57
7.90
8.01
8.28
6.80
12.80
15.77
22.28
28.04
35.24
43.50
45.47
46.31
46.95
51.55
45.02
42.64
30.80
27.65
13.40
7.87
8.06
7.98
8.20
7.43
7.78
7.75
7.75
6.43
13.23
14.88
19.95
27.40
30.95
36.35
40.86
39.14
40.86
41.27
32.66
30.91
21.93
19.47
12.25
9.71
9.96
9.47
9.92
9.76
9.87
9.84
9.95
9.28
9.91
8.86
10.16
15.13
20.12
23.27
26.30
27.87
29.63
35.82
30.49
26.04
19.74
18.22
13.33
10.28
10.30
10.34
10.56
10.63
10.74
11.57
12.10
10.57
5.30
4.37
4.27
4.33
4.25
4.29
4.30
4.18
4.52
4.13
4.38
4.24
5.64
8.74
10.91
10.03
10.29
10.39
10.02
10.39
10.43
10.51
10.68
9.17
4.91
4.31
4.24
4.27
4.27
4.23
4.23
4.22
4.43
4.22
4.43
4.56
4.50
7.24
9.96
10.09
10.18
10.20
10.32
10.41
10.40
10.70
10.42
9.67
14.16
11.73
14.62
15.42
17.41
16.09
16.94
21.15
24.41
20.98
14.32
12.46
9.65
11.06
9.32
7.45
7.48
7.87
8.13
9.38
9.19
8.91
9.20
7.35
11.50
5.68
9.55
10.46
15.59
18.30
21.49
24.19
26.18
27.29
23.35
21.14
14.67
13.98
15.13
12.29
12.47
12.63
12.34
12.53
12.84
12.48
12.75
11.58
11.86
11.11
11.07
12.75
14.42
17.38
18.79
20.32
20.52
21.18
17.12
17.91
14.59
14.35
15.20
13.81
14.19
14.32
14.14
14.47
14.39
14.27
14.45
13.57
14.79
13.41
13.08
14.61
16.54
18.38
21.79
25.68
26.86
29.79
28.96
27.62
22.66
20.87
17.09
13.90
13.94
14.18
14.16
14.33
14.86
14.92
14.82
13.36
16.54
10.59
11.37
17.04
24.06
26.27
28.65
31.11
33.21
33.54
34.36
31.83
26.09
22.38
15.47
11.74
11.96
12.02
12.03
11.96
11.98
12.09
12.22
10.85
6.38
5.80
5.74
5.77
5.67
5.72
5.62
5.66
5.54
6.27
7.72
10.57
10.01
9.60
12.57
11.77
11.61
11.96
12.02
12.23
11.94
12.08
12.32
10.45
5.93
5.94
5.72
5.68
5.65
5.67
5.57
5.55
5.56
5.58
5.98
7.76
7.50
8.69
11.36
11.58
11.48
11.77
11.85
11.51
11.82
11.78
11.93
10.05
20.43
16.24
14.88
14.48
17.36
19.27
20.53
22.66
25.27
26.13
27.09
26.95
20.80
19.91
19.63
12.20
12.23
12.15
12.28
12.55
12.95
12.75
12.64
11.12
13.12
8.42
13.04
19.06
23.88
26.31
29.65
32.65
33.19
34.46
33.56
31.00
24.25
20.78
15.42
12.00
11.99
12.23
12.21
12.22
11.73
10.98
11.26
9.50
10.07
8.94
12.80
17.25
25.02
28.54
32.68
31.57
34.35
41.45
41.14
34.49
26.32
22.20
13.78
8.69
7.14
7.41
7.37
7.35
7.42
7.51
7.25
5.25
7.47
10.41
13.35
19.43
25.01
29.79
32.90
36.48
37.39
38.73
38.97
37.16
27.68
23.23
14.34
9.34
9.60
8.99
9.51
9.43
9.57
9.68
9.63
7.69
12.88
14.46
19.12
25.53
29.33
34.01
37.82
40.20
45.32
46.76
42.71
43.86
32.28
27.53
15.21
9.19
9.41
9.39
9.42
9.30
9.58
9.83
9.37
7.74
3.88
3.67
3.60
3.65
3.60
3.62
3.51
6.05
9.48
9.57
11.19
13.80
14.01
12.65
14.18
11.11
9.69
9.26
9.38
9.25
9.42
9.31
9.52
7.46
3.61
3.56
3.82
3.53
3.54
3.58
5.13
8.70
9.28
13.99
16.18
15.66
12.54
12.08
13.49
12.57
10.61
9.23
9.48
9.17
9.44
9.24
9.43
7.67
25.57
24.52
26.21
29.94
33.91
36.44
40.40
42.57
43.62
43.71
44.33
44.01
32.48
27.47
16.08
9.24
10.20
8.77
8.74
8.87
8.87
8.96
9.17
6.64
20.19
22.42
28.02
15.49
23.67
45.07
38.33
38.67
41.95
42.77
41.55
39.81
29.03
24.56
13.62
7.49
7.49
7.71
7.49
7.68
7.70
7.72
7.66
5.78
14.73
18.24
24.44
28.70
34.61
35.48
37.46
41.79
44.14
44.37
45.40
44.25
31.98
28.32
14.15
7.56
7.55
7.77
7.37
7.68
7.51
7.82
7.50
5.49
17.63
19.00
23.25
27.43
31.17
36.07
38.77
41.29
44.34
45.11
44.74
44.78
32.72
27.13
13.53
6.93
7.80
7.07
7.14
7.32
6.94
7.29
7.08
4.90
20.46
20.69
24.65
28.60
32.85
35.96
38.49
42.07
43.75
44.10
44.90
42.64
32.09
27.08
13.77
7.44
7.47
7.78
7.12
7.41
7.52
7.63
7.69
5.18
0.28
0.02
0.03
0.00
0.02
0.01
3.26
7.95
8.44
8.80
10.53
13.65
14.03
11.80
12.75
10.29
8.95
7.66
7.64
7.69
7.67
7.62
7.73
5.11
0.02
0.02
0.37
0.01
0.00
1.75
9.11
11.01
12.09
21.97
23.50
20.94
17.69
15.39
16.17
14.08
12.09
10.34
8.54
7.59
7.35
7.67
7.41
5.52
30.19
33.28
32.07
40.20
46.92
47.60
50.61
53.18
54.68
55.10
54.26
53.40
41.15
36.40
18.39
9.37
9.26
8.61
8.64
8.04
7.91
7.98
7.38
4.85
31.90
33.63
33.25
37.41
41.34
45.15
48.66
51.19
51.63
54.03
52.31
48.92
37.06
34.19
17.58
8.83
8.58
7.70
7.74
7.63
7.18
7.36
7.43
4.96
22.77
25.12
29.92
34.32
38.11
45.12
48.52
52.82
54.86
57.45
57.42
56.00
44.28
38.44
19.60
10.69
10.47
9.92
9.51
9.05
8.84
9.18
8.90
6.27
28.51
26.63
26.39
33.26
38.74
43.21
50.11
52.19
54.24
55.32
53.48
55.01
43.41
34.63
20.58
15.02
16.41
17.11
20.50
14.76
10.58
10.41
10.59
8.27
22.75
24.22
28.55
34.28
38.27
41.66
47.45
51.03
53.19
51.46
51.36
50.32
38.15
34.95
20.03
12.08
11.73
11.21
10.84
10.63
10.48
10.81
10.73
8.72
4.04
3.78
3.76
3.73
4.71
9.59
12.12
13.53
14.43
17.30
23.75
24.70
21.69
19.17
19.75
15.85
13.86
12.31
11.06
11.26
10.54
10.78
10.53
8.48
3.94
3.73
3.98
3.70
6.96
11.30
12.48
15.13
24.61
27.65
28.36
26.94
26.61
24.02
24.17
20.53
17.37
14.02
13.02
11.54
10.63
10.53
10.86
8.78
35.09
34.41
33.36
39.00
43.26
44.14
47.02
48.38
50.58
50.55
50.97
49.41
38.16
33.63
18.80
11.27
10.48
10.29
10.40
9.87
9.18
9.37
9.02
6.68
26.59
25.47
28.05
32.65
35.65
39.01
44.54
46.22
47.33
47.76
48.01
49.45
38.80
30.71
17.58
10.69
10.34
9.65
9.61
9.09
9.38
9.36
9.25
6.90
20.50
21.92
26.03
30.43
34.94
37.69
42.12
45.28
47.21
46.84
47.58
47.33
34.91
32.09
17.45
10.45
9.85
9.35
9.04
8.60
8.94
8.60
8.91
6.42
19.33
20.42
23.89
29.81
32.66
36.58
39.57
43.95
46.41
47.11
46.90
47.37
34.78
29.97
16.19
9.04
8.15
8.42
7.99
7.30
7.32
7.53
7.27
5.44
21.33
21.70
24.13
28.85
33.06
36.05
40.25
44.97
49.57
48.88
46.07
44.73
32.92
29.12
16.77
10.11
9.58
9.31
9.34
9.25
9.02
9.21
9.41
7.33
3.32
3.37
3.29
3.66
3.60
7.13
8.58
10.12
10.71
11.09
15.98
19.08
17.90
14.47
15.78
13.13
11.98
9.94
9.44
8.95
9.23
8.89
8.97
7.26
3.60
3.29
3.34
3.36
3.26
6.46
10.23
10.96
12.44
19.82
23.18
20.83
19.75
16.40
16.87
13.59
12.12
10.37
9.23
8.99
9.27
9.03
9.22
7.52
27.24
24.98
28.32
34.97
40.84
42.35
46.04
50.38
51.06
51.17
50.87
49.38
37.81
33.11
17.81
8.41
8.08
7.86
7.38
7.59
7.37
7.58
7.70
5.16
19.32
20.96
25.87
34.93
41.03
45.28
49.77
50.66
52.24
49.62
51.38
50.81
38.08
31.58
16.41
8.80
8.48
8.20
8.10
7.36
7.54
7.35
7.21
5.53
18.43
19.80
24.17
30.08
34.41
37.98
40.27
44.08
44.92
44.05
46.45
45.11
34.34
30.47
16.47
8.81
8.27
7.76
7.86
7.60
7.08
6.89
7.21
4.97
20.89
20.96
25.20
33.80
36.68
41.31
45.21
48.66
49.04
51.38
50.97
50.94
38.33
34.37
19.82
11.98
11.23
11.12
10.90
10.82
10.43
10.85
10.49
8.88
26.00
25.88
24.60
36.70
42.59
47.70
53.11
56.28
57.92
59.87
59.99
58.54
46.04
39.64
21.61
12.48
12.17
11.88
11.17
11.25
11.26
10.97
10.41
9.13
4.47
4.66
5.35
7.81
12.69
14.29
14.12
15.97
15.80
29.68
31.92
25.80
26.20
22.81
23.63
20.81
20.26
18.88
17.67
15.05
13.81
12.65
12.00
9.71
4.42
3.60
4.12
8.56
12.05
13.81
23.30
30.09
31.62
31.90
34.88
35.62
30.67
27.73
27.47
24.01
21.00
19.17
15.64
13.72
13.08
12.40
11.62
9.39
39.95
44.26
45.76
46.40
50.67
53.77
57.05
58.01
60.67
61.27
60.67
59.46
47.42
41.05
22.08
12.53
12.18
12.06
11.50
11.61
11.22
10.90
10.83
9.02
35.26
36.52
37.36
41.36
44.68
48.47
51.02
53.29
55.58
56.15
55.68
54.90
42.80
37.61
21.09
12.37
11.91
11.74
11.37
11.19
11.13
11.07
10.54
9.18
32.84
33.03
34.15
38.80
42.05
45.37
48.36
49.48
51.76
52.72
52.59
52.20
38.61
34.14
20.00
12.05
11.75
11.43
11.22
11.00
10.67
10.54
10.84
9.07
27.41
27.89
30.45
34.60
39.83
43.56
46.63
49.89
52.33
53.88
54.43
52.51
40.51
35.41
20.24
12.36
11.75
11.49
11.23
11.21
10.49
10.75
10.60
9.21
28.15
29.00
31.92
36.27
40.18
44.56
47.29
50.53
52.27
52.79
53.82
53.15
41.91
36.89
20.06
11.93
11.86
11.18
11.24
11.14
11.22
10.95
11.08
9.50
4.19
3.28
3.23
3.94
8.65
11.85
12.88
17.76
16.12
27.95
27.34
27.42
23.65
21.97
22.75
21.07
18.38
15.16
14.53
13.88
13.72
12.48
11.63
10.64
4.77
3.97
5.49
9.02
9.66
11.08
20.20
25.10
27.46
27.39
29.61
27.92
24.74
20.18
21.30
18.43
14.97
12.86
11.45
10.39
10.65
10.75
10.56
9.25
31.84
31.59
29.68
35.78
40.65
40.19
44.87
46.84
48.74
48.13
48.74
47.81
35.96
30.03
16.23
8.68
8.09
7.85
7.70
7.21
7.00
7.39
7.14
5.80
21.13
20.83
25.00
30.65
34.74
39.00
42.79
46.86
47.72
49.16
50.58
49.83
38.30
33.74
16.61
8.78
8.28
7.83
8.38
7.57
7.18
7.15
7.18
5.93
24.07
24.36
28.16
35.21
39.77
47.46
54.81
61.22
74.07
75.66
68.80
62.66
51.37
45.06
24.57
13.38
12.38
12.35
11.50
11.24
11.36
10.93
11.34
9.03
38.76
38.86
35.44
40.75
43.92
44.68
48.11
54.54
58.17
60.19
59.72
56.47
42.56
36.61
18.89
10.72
10.02
9.45
9.61
9.63
9.28
8.87
8.66
7.80
37.82
40.63
38.16
48.45
56.23
57.33
58.83
59.21
57.25
54.24
53.94
50.79
40.16
35.58
18.59
11.19
13.08
12.18
11.75
11.97
11.63
11.49
11.26
10.23
4.94
5.06
6.46
9.11
12.96
13.78
15.94
16.81
30.54
35.15
34.52
33.59
30.08
26.06
26.93
23.97
22.18
20.28
18.82
18.55
16.95
15.94
14.20
13.44
7.60
8.85
11.81
16.14
20.24
24.67
29.56
30.87
34.23
34.89
34.63
34.60
30.52
25.83
25.75
22.73
20.95
19.35
18.17
16.86
15.33
14.80
14.06
12.64
45.01
54.05
52.17
53.70
55.82
57.63
61.43
62.63
64.01
64.10
63.99
63.40
50.80
44.48
23.35
13.05
11.62
11.66
10.62
10.38
10.24
9.78
9.58
8.68
38.83
44.07
42.85
45.90
50.55
54.52
59.06
60.59
62.17
64.21
64.08
63.21
52.46
45.14
25.51
14.18
13.68
13.29
12.14
11.85
11.18
11.13
10.54
9.96
39.37
44.20
44.47
44.04
44.21
47.27
48.92
50.75
51.78
52.25
52.62
51.25
39.97
35.71
18.78
9.99
9.62
9.41
8.96
8.65
8.33
8.15
8.23
7.35
34.16
35.83
32.78
37.43
41.47
45.54
51.00
54.41
54.55
54.29
54.10
53.70
40.84
35.71
19.29
10.53
9.79
9.45
9.32
8.86
9.18
8.97
9.32
8.28
33.80
37.41
37.66
41.71
47.56
48.29
47.35
50.80
54.16
54.92
55.18
53.62
39.28
34.64
18.93
9.77
9.87
9.33
8.80
8.94
9.14
8.63
8.35
7.63
0.73
0.41
0.00
1.03
7.86
10.37
13.37
13.78
15.12
22.83
31.11
28.27
26.67
23.36
22.31
18.76
16.79
13.40
11.54
11.29
10.69
9.92
9.17
8.03
0.89
0.01
1.07
8.17
11.31
12.37
14.34
26.58
30.80
32.38
33.09
31.09
28.13
23.31
24.32
21.69
20.23
18.46
16.77
15.38
14.88
14.17
13.51
12.56
44.88
56.87
51.58
49.62
49.54
50.42
53.28
55.32
52.61
54.37
57.03
55.60
42.00
38.08
19.00
9.23
8.75
8.56
8.70
8.28
8.31
8.39
7.93
8.20
36.75
37.32
32.40
38.80
43.71
51.12
61.07
65.04
63.59
64.95
68.92
75.26
57.65
44.13
24.89
13.77
12.67
12.33
12.19
11.84
11.64
10.89
10.72
10.65
42.34
44.78
38.85
40.80
45.06
46.51
50.74
56.93
60.29
62.37
61.25
60.22
45.92
42.65
21.63
13.93
15.13
10.57
10.55
10.55
9.99
9.94
9.99
9.47
41.00
47.32
53.88
57.77
62.06
64.75
69.93
76.94
79.83
79.85
69.78
67.70
53.65
47.83
26.54
15.84
16.83
15.56
14.74
13.80
13.76
13.20
12.90
12.78
46.06
54.58
55.35
59.47
65.11
75.50
82.45
81.22
82.09
82.56
75.72
66.60
53.76
46.14
25.21
13.46
12.01
11.90
11.19
11.09
10.66
10.54
10.47
9.89
3.36
3.40
5.56
9.70
12.31
14.60
16.54
19.72
33.63
34.99
35.94
35.54
32.10
27.71
27.94
24.23
21.00
19.70
17.65
16.74
15.89
13.58
13.29
12.46
6.60
7.34
9.91
14.16
18.59
24.07
27.21
29.47
33.60
35.72
35.90
34.05
31.04
28.22
26.76
23.38
21.33
19.12
17.10
16.62
15.13
14.05
13.51
13.85
43.22
55.02
62.14
69.42
54.65
64.34
69.78
72.64
71.93
63.78
60.49
60.11
45.18
40.19
24.84
17.91
15.13
15.16
15.16
14.41
14.14
14.80
13.70
13.47
43.81
44.95
51.85
58.00
61.65
65.50
68.99
73.08
74.40
76.62
60.87
48.12
34.76
31.52
22.77
16.39
16.33
16.06
15.99
15.42
15.98
14.53
14.10
14.13
39.62
35.09
36.96
41.40
40.41
46.59
43.76
59.50
63.63
59.98
49.16
44.85
33.30
29.57
19.27
11.36
8.19
8.16
8.20
8.01
8.31
7.98
8.33
7.95
35.95
40.23
53.55
46.90
55.49
58.66
58.76
60.17
67.28
63.62
58.38
53.91
38.91
35.75
21.40
13.98
13.87
13.94
13.68
13.58
12.98
13.32
12.96
12.78
41.54
44.26
53.98
57.97
61.29
64.66
65.79
69.13
73.02
69.68
62.09
60.98
46.93
40.49
23.68
14.22
13.94
13.41
13.04
12.92
12.85
12.35
12.22
12.05
7.16
6.23
7.81
10.18
13.33
15.08
17.19
24.87
32.60
37.62
37.37
34.76
31.20
29.45
30.69
24.71
18.12
15.87
14.78
16.03
17.25
16.98
14.89
12.57
6.70
5.87
7.69
10.62
16.27
20.07
25.29
31.65
38.28
41.08
43.60
40.76
37.52
33.26
30.86
28.22
25.58
23.71
22.13
21.05
20.88
19.27
18.14
15.97
45.88
46.89
56.59
64.29
68.46
72.55
77.24
86.35
89.64
82.09
79.09
71.67
49.35
43.82
27.91
16.22
10.84
10.41
10.05
10.14
9.22
9.26
9.10
9.16
39.35
37.79
42.62
43.95
48.92
50.85
59.57
58.82
66.70
63.34
62.70
54.12
36.61
34.95
20.44
12.80
10.67
10.75
10.60
10.08
9.78
9.81
9.59
9.34
38.84
39.27
47.11
50.76
58.06
60.93
64.94
66.84
73.82
75.50
73.77
64.11
42.09
36.67
22.99
11.09
9.20
9.09
8.75
8.46
10.09
9.88
9.78
9.63
33.26
32.01
48.44
54.53
59.86
66.92
72.36
72.63
74.86
70.32
66.83
60.09
46.79
41.16
23.47
17.86
17.77
14.91
10.71
10.83
10.41
10.40
10.30
10.36
37.69
34.34
48.86
53.37
50.08
49.47
51.77
52.21
59.10
55.86
57.52
55.19
43.86
31.78
19.93
13.13
12.58
12.66
12.21
12.47
12.32
12.46
12.31
11.97
7.18
5.41
5.78
7.04
12.16
14.27
15.39
17.87
26.86
33.27
26.77
19.68
14.88
15.92
17.48
16.55
16.27
15.73
14.05
13.11
13.12
12.48
13.14
12.07
7.84
6.88
6.68
9.55
13.70
16.12
21.13
27.44
32.15
32.24
33.13
33.43
28.44
28.16
26.38
23.60
22.94
19.94
18.94
18.15
16.64
15.42
13.78
12.73
42.16
41.49
42.01
44.46
49.02
54.58
58.78
64.47
65.79
66.41
64.92
58.22
44.43
39.36
21.69
13.90
13.66
8.41
8.24
8.28
8.24
8.01
7.41
7.51
25.89
26.68
35.01
40.93
53.20
56.05
58.24
60.08
65.06
67.96
70.11
66.95
53.34
48.21
27.27
17.03
19.61
15.86
14.93
14.88
14.80
14.64
14.02
13.93
33.57
32.77
41.40
44.62
51.04
56.29
62.37
65.45
69.47
73.83
83.66
76.01
60.88
50.52
26.27
15.50
15.69
13.73
13.04
12.75
12.78
12.61
12.50
11.98
34.81
34.16
44.86
46.16
54.84
56.65
61.44
68.41
69.67
74.29
86.67
76.53
64.13
54.66
32.88
16.37
14.93
14.08
15.16
14.37
14.32
14.39
13.73
13.43
35.75
34.92
42.34
42.45
49.88
56.18
61.39
63.43
65.22
67.91
68.94
65.53
50.58
48.45
30.38
19.09
15.06
15.03
15.03
14.62
13.83
13.28
12.68
12.29
8.27
6.40
7.97
11.55
13.52
16.16
24.49
30.78
36.87
38.14
38.89
37.66
34.15
32.10
28.71
26.91
24.52
21.58
19.55
17.17
17.16
16.69
14.24
13.01
8.35
6.11
6.91
8.86
14.44
18.91
23.31
29.10
30.20
30.46
28.57
29.83
29.32
32.33
30.58
24.47
23.17
17.75
16.02
14.42
12.65
12.27
11.62
12.15
34.39
31.85
40.64
43.38
45.59
49.90
57.48
59.13
62.20
63.64
59.10
54.44
47.35
42.77
23.34
17.01
15.94
14.53
14.29
14.51
13.97
13.50
13.74
13.37
33.52
31.17
39.10
43.39
53.80
59.80
63.69
69.83
75.82
76.55
80.41
79.00
62.11
54.63
30.22
18.79
14.99
12.97
12.13
11.71
11.83
11.32
11.02
10.59
31.43
31.17
39.08
43.09
51.54
58.40
64.87
77.06
75.11
83.07
80.81
69.50
55.55
48.70
27.29
11.26
10.64
9.69
8.79
8.76
8.68
8.75
8.57
8.12
28.51
31.59
42.91
45.85
52.95
53.93
57.14
58.78
61.09
64.92
64.10
58.46
48.36
45.71
27.04
17.43
16.72
15.84
15.88
15.77
13.43
12.66
12.16
11.73
38.68
38.25
41.89
41.23
46.68
51.54
56.35
57.60
59.94
65.54
68.30
68.58
55.73
42.75
26.60
14.44
10.04
9.63
10.45
10.25
8.89
7.91
7.97
7.84
3.35
1.39
1.55
6.16
9.18
11.93
12.25
14.81
21.93
25.93
25.79
26.57
25.38
24.15
21.89
21.53
19.12
17.42
16.29
14.90
15.29
12.32
11.02
9.14
4.12
2.48
5.27
6.93
11.11
15.70
19.35
25.12
28.41
29.37
30.37
28.51
25.10
24.75
22.73
21.35
20.05
17.62
16.41
14.49
14.30
12.08
11.73
8.58
38.67
40.57
43.40
46.86
51.49
53.38
57.75
60.42
68.18
64.14
57.45
55.72
48.16
45.03
24.23
15.18
11.42
11.44
9.91
9.83
8.53
8.65
7.97
7.96
32.91
29.20
41.27
46.69
53.16
54.73
60.22
64.10
67.09
72.68
75.55
67.57
56.70
54.75
31.99
20.15
15.37
14.98
13.92
13.64
12.98
12.70
11.71
11.75
37.55
38.01
44.84
42.52
46.89
52.74
58.00
63.30
67.85
73.56
74.91
69.05
54.56
46.47
23.45
17.45
16.74
15.51
14.98
14.48
14.50
14.68
14.13
13.58
41.10
40.39
39.98
38.24
45.56
50.10
52.31
52.25
53.30
56.49
59.48
54.87
39.77
37.01
21.79
11.65
12.03
11.17
11.10
9.73
10.03
10.19
9.27
8.82
32.04
31.74
36.89
38.96
43.48
46.07
52.38
59.87
61.26
64.45
69.21
63.52
57.00
50.21
27.07
14.46
14.11
13.08
13.03
11.96
11.89
11.37
11.97
11.27
8.05
4.92
7.81
9.76
13.02
14.12
15.91
23.16
26.82
31.14
31.15
31.63
26.12
29.55
26.50
24.89
23.73
21.01
18.64
18.59
18.57
14.42
14.79
12.87
9.78
6.96
9.82
12.86
17.95
22.14
23.53
30.22
34.59
35.78
35.70
25.67
20.83
22.41
20.67
19.77
18.20
16.28
16.80
16.42
15.78
13.36
13.62
11.81
41.27
38.55
33.58
35.64
38.51
41.52
46.12
54.82
56.49
56.12
55.69
52.34
45.15
42.52
26.17
14.27
13.46
13.08
12.96
12.45
11.34
11.50
11.07
11.12
35.02
35.51
37.37
35.92
48.40
51.40
54.73
57.81
61.40
67.89
71.83
68.69
50.42
46.82
26.75
17.18
16.91
17.48
16.84
17.05
16.28
15.56
14.67
14.53
41.82
42.90
41.60
47.02
50.24
54.17
59.37
65.02
71.44
75.06
75.60
70.28
58.15
56.70
35.75
15.51
15.45
14.57
14.62
14.06
13.43
12.96
13.07
11.79
43.83
46.66
43.52
43.12
50.80
55.52
55.65
60.81
63.76
64.30
67.63
64.36
56.19
48.60
26.49
15.56
16.05
14.16
13.40
12.88
12.29
11.59
12.01
11.23
38.21
36.17
40.79
41.33
45.14
50.33
59.20
65.47
66.92
68.87
71.82
68.43
54.90
48.89
30.07
18.89
18.49
16.10
14.33
14.40
14.26
13.81
13.42
13.36
10.59
7.89
8.07
9.96
12.37
12.95
14.80
23.19
31.21
37.27
35.42
33.86
29.71
30.81
26.24
24.05
22.83
22.31
19.63
18.86
16.65
15.40
15.42
15.18
11.82
8.46
9.97
14.02
18.43
22.01
24.09
25.70
28.58
29.84
29.87
28.25
28.11
34.14
25.61
22.88
21.08
19.08
18.80
17.61
15.18
14.81
13.93
13.30
42.55
42.60
43.08
44.87
45.69
46.80
47.49
46.86
53.52
63.26
55.05
45.61
35.85
35.90
24.25
20.66
16.83
12.78
13.22
13.25
13.08
12.82
12.23
12.35
42.98
37.32
39.97
36.04
44.79
45.12
44.24
47.87
56.32
52.88
55.81
56.46
44.88
38.18
18.83
13.18
13.37
13.66
13.19
12.88
12.57
12.56
12.50
12.42
40.94
40.14
42.21
38.32
44.43
44.28
42.74
47.34
53.06
55.31
53.26
50.23
32.68
28.86
18.53
13.23
13.51
13.31
13.15
13.12
12.87
13.26
13.04
13.06
30.98
25.27
32.79
35.04
46.10
49.68
53.01
53.71
59.14
58.91
59.21
52.71
34.81
31.99
17.99
12.99
12.82
12.43
12.57
12.46
9.30
9.15
8.83
9.16
22.60
17.74
29.33
33.22
42.65
49.41
56.14
58.92
58.67
64.39
71.13
69.13
53.44
37.89
16.78
10.25
9.90
9.43
9.62
9.50
10.08
9.50
9.66
9.53
7.34
3.64
2.33
3.96
5.90
6.73
7.86
10.24
15.76
22.97
19.60
14.11
11.94
13.18
11.14
10.61
9.68
9.48
9.52
8.77
8.68
8.55
8.53
8.60
5.43
2.22
1.28
1.76
8.49
11.45
8.14
9.24
16.26
21.13
27.29
25.20
20.33
20.61
17.78
14.79
12.97
11.32
10.39
10.27
9.34
9.13
8.81
8.84
36.58
31.34
36.17
39.37
42.83
52.49
53.55
47.32
50.98
57.19
53.26
43.31
30.35
27.97
18.59
15.24
11.66
11.72
11.99
11.63
11.69
12.02
11.73
11.56
27.68
20.93
28.14
30.54
40.65
44.79
46.69
49.26
49.06
49.39
50.97
50.87
41.72
38.62
19.36
12.98
11.57
11.64
11.89
11.61
11.54
11.89
11.58
11.52
30.36
23.34
29.11
35.54
43.36
47.93
55.17
59.51
55.41
57.49
58.72
53.26
40.54
33.70
19.56
19.14
22.48
11.41
11.22
10.98
10.87
11.13
10.79
10.96
28.30
22.47
28.10
33.27
43.67
46.63
49.59
51.41
54.52
57.29
57.18
51.39
38.22
36.33
21.43
16.89
14.83
13.67
13.88
13.61
13.87
13.79
13.77
13.76
27.54
20.97
24.42
27.54
34.47
37.09
40.13
42.41
52.12
54.34
56.02
50.26
30.99
28.04
18.97
13.22
13.48
13.14
13.48
13.57
13.43
13.49
13.80
13.37
11.09
7.83
7.26
7.31
7.22
7.36
9.51
10.73
11.74
14.43
18.40
19.44
20.47
18.66
15.97
14.85
14.10
13.09
13.05
13.23
13.22
12.98
13.56
13.00
10.92
7.34
7.38
7.12
12.84
13.74
16.18
12.64
20.50
24.37
25.81
24.94
22.96
22.47
19.66
19.71
21.94
18.74
17.07
16.59
15.40
14.50
13.80
13.51
43.39
39.60
41.50
44.83
42.60
41.52
50.99
52.83
55.05
40.79
36.39
30.90
25.66
20.91
12.71
10.73
10.65
10.43
10.65
10.76
10.53
10.51
10.52
10.66
21.54
14.69
16.43
13.86
24.36
30.95
36.31
44.01
39.72
34.30
34.81
33.63
25.88
24.66
16.17
15.09
18.87
13.37
12.96
13.28
13.34
13.41
13.06
13.18
23.89
17.40
21.29
22.45
23.17
23.87
31.90
38.38
45.86
53.99
50.83
50.60
36.81
27.45
18.18
14.14
8.69
8.53
8.81
8.50
8.81
8.54
8.81
8.44
22.69
15.21
23.71
27.93
36.35
36.13
41.07
40.09
41.66
41.06
43.40
34.91
20.64
20.38
14.57
11.89
12.17
14.83
17.30
14.58
10.10
8.78
9.14
8.70
17.57
11.71
17.33
22.02
27.49
27.91
34.37
39.51
41.93
47.23
43.40
44.08
29.29
22.29
14.16
11.33
11.05
13.40
13.97
14.48
9.88
8.48
8.46
8.13
6.07
1.23
0.42
0.70
0.43
0.37
0.55
4.10
5.26
6.35
6.56
8.45
9.27
9.88
10.08
9.52
8.45
8.12
8.38
8.16
8.38
8.22
8.48
8.12
6.05
1.21
0.42
0.37
0.38
1.23
3.77
5.12
6.60
9.72
13.46
12.68
12.24
11.52
11.00
8.67
8.50
8.20
8.39
8.48
8.35
8.39
8.20
8.34
18.48
10.34
10.74
21.70
29.97
38.12
41.14
36.91
39.16
51.25
46.46
38.13
30.86
25.99
17.43
8.16
8.15
8.25
8.04
7.90
8.18
8.26
8.35
8.02
8.95
3.41
4.90
9.95
17.06
28.47
33.73
32.52
33.20
34.76
32.32
28.46
25.27
20.33
10.35
7.75
8.18
8.30
8.28
8.22
8.13
8.12
8.26
8.18
10.51
7.51
9.34
14.85
21.35
24.64
26.87
30.92
34.44
39.66
31.64
28.96
21.54
18.33
11.29
8.08
8.08
8.13
8.24
8.19
8.28
8.13
8.45
7.84
8.11
4.35
5.52
9.53
18.06
24.42
29.27
33.25
35.03
35.36
35.87
33.54
25.91
21.59
13.55
8.52
8.20
8.38
8.08
8.27
8.33
8.27
8.42
8.02
14.13
7.93
11.26
18.10
25.10
25.24
27.47
30.38
32.66
33.31
34.57
31.01
24.83
21.85
11.50
7.96
8.03
8.08
8.22
7.88
8.16
8.26
8.23
7.91
6.58
1.21
0.96
0.41
0.40
0.45
0.54
2.62
5.11
6.32
6.15
7.66
9.74
9.59
8.79
7.97
8.14
7.94
8.12
8.22
8.18
8.23
8.22
7.88
6.71
1.18
0.36
0.38
0.38
0.40
0.53
2.63
6.46
6.42
9.13
9.43
11.03
9.34
8.95
8.13
7.87
7.94
7.91
7.83
8.21
8.19
8.21
8.10
12.91
6.93
8.39
14.12
20.66
26.15
29.78
33.92
36.74
43.67
38.77
36.16
27.87
22.75
11.79
7.94
8.29
7.75
8.23
8.21
8.33
8.27
8.16
7.97
11.94
7.23
9.18
14.82
20.95
26.87
29.06
33.03
33.94
33.34
34.18
31.09
24.94
21.51
13.39
9.38
8.14
8.28
8.28
8.27
8.11
8.25
8.23
8.25
9.35
2.94
5.60
11.13
18.37
23.72
25.82
28.54
33.26
37.59
32.45
29.03
24.37
20.57
11.63
8.04
8.20
8.18
8.25
8.13
8.34
8.31
8.50
8.02
9.18
2.05
3.77
9.17
15.51
18.90
21.89
25.48
28.80
26.08
24.26
21.57
18.35
16.77
9.96
8.25
8.26
8.35
8.28
8.38
8.35
8.39
8.61
8.73
8.02
1.41
0.41
0.87
4.56
9.42
16.59
23.00
25.66
25.26
25.66
26.61
21.53
16.43
10.46
8.35
8.33
8.41
8.46
8.41
8.68
8.43
8.36
8.57
7.10
1.48
0.41
0.72
0.40
0.39
0.38
0.40
1.26
3.09
3.66
3.43
8.47
8.52
8.07
8.03
7.86
8.23
8.13
8.40
8.36
8.48
8.63
8.50
7.54
2.15
1.01
0.91
0.62
0.60
0.60
0.52
2.52
3.85
3.84
4.13
8.20
8.52
8.29
8.05
8.43
8.31
8.46
8.24
8.45
8.41
8.44
8.33
12.61
5.96
13.56
14.31
22.23
25.06
30.44
33.23
44.12
36.74
33.12
30.97
30.13
28.14
18.50
15.91
11.57
11.56
11.52
11.47
11.74
11.83
11.90
13.23
18.04
12.62
19.86
22.01
31.93
37.42
40.46
41.09
42.80
44.82
45.08
40.75
31.67
25.26
16.29
16.68
19.17
15.23
13.19
13.77
12.35
10.61
10.77
10.68
12.82
7.38
9.80
14.94
27.55
40.53
46.35
48.17
55.64
61.01
47.96
39.67
33.23
28.66
18.42
15.36
15.23
14.72
15.15
15.19
15.09
10.45
10.71
10.42
19.76
12.11
20.31
28.13
36.04
41.00
45.33
47.02
49.24
50.80
42.65
38.02
32.88
29.05
19.28
15.08
15.44
15.15
15.12
15.30
15.37
15.29
15.33
15.02
21.85
15.01
17.36
21.30
26.43
31.42
37.92
40.75
37.28
39.76
36.62
33.71
29.21
26.88
20.27
17.66
17.60
17.64
17.63
17.77
17.72
18.13
17.70
18.04
17.18
12.35
11.64
11.58
11.48
11.67
11.38
9.70
8.85
9.44
10.09
9.93
14.85
14.91
14.77
14.69
14.84
14.93
14.77
14.93
15.17
15.32
15.55
15.11
14.59
9.66
8.95
8.88
8.84
9.11
8.78
8.67
8.70
8.77
9.71
10.05
15.65
14.69
14.84
14.73
14.61
14.87
15.28
15.22
15.43
15.45
15.67
15.38
18.47
11.81
12.76
15.02
18.79
22.03
28.82
36.40
39.56
39.47
33.19
26.56
25.37
21.91
15.96
13.61
13.51
13.60
13.58
15.43
14.39
14.07
14.19
14.30
14.92
9.65
13.12
14.74
17.73
21.51
33.05
40.28
48.52
45.37
35.72
32.95
29.17
25.50
17.56
14.94
15.00
14.87
14.99
14.94
15.02
15.33
15.17
13.68
13.06
7.21
8.58
11.51
15.10
25.21
34.02
36.02
41.41
42.58
33.17
30.02
26.79
27.36
15.77
13.61
13.88
12.87
12.78
12.78
12.64
12.86
12.82
13.05
14.43
8.58
8.69
11.20
20.63
22.45
25.75
31.59
32.32
31.56
28.30
25.46
19.99
16.94
13.15
13.25
13.97
13.15
13.26
13.24
13.18
13.14
13.19
13.30
14.53
9.39
12.59
16.32
23.59
27.78
29.32
30.90
34.54
35.44
29.74
27.95
25.94
23.02
16.36
14.03
13.98
14.32
11.52
11.49
11.63
12.02
11.75
11.95
11.34
7.02
5.48
4.86
5.15
5.33
4.61
5.18
4.68
4.73
4.84
5.75
10.79
11.07
11.09
11.04
11.34
11.34
11.16
11.22
11.39
11.73
11.61
11.61
11.45
7.05
4.92
5.34
4.96
5.05
4.81
4.85
5.13
4.43
5.05
6.31
11.01
11.24
10.93
11.08
10.90
10.94
11.02
11.02
11.15
11.05
11.15
11.37
14.98
8.82
9.02
10.79
15.12
21.39
25.27
24.30
22.16
22.31
18.46
17.37
17.60
16.17
14.17
14.19
12.07
11.03
11.42
11.98
11.87
13.10
12.11
13.51
11.65
6.59
7.78
7.70
11.21
13.11
12.64
12.35
21.26
21.80
23.56
22.84
17.69
12.10
10.44
10.06
10.40
10.23
10.73
14.02
13.87
13.22
13.57
13.25
13.14
8.96
11.26
11.37
13.05
17.70
11.58
12.92
14.50
19.35
19.81
18.78
14.90
9.97
9.56
10.41
12.83
11.50
11.80
13.67
15.34
17.00
19.01
19.63
15.44
9.48
9.58
8.70
10.86
10.35
11.04
13.98
16.82
22.85
23.61
16.23
15.47
15.26
12.30
11.27
11.09
11.74
12.71
14.46
13.98
14.28
16.00
15.72
13.08
7.75
6.79
7.38
9.04
9.91
9.63
10.32
20.37
27.59
27.27
18.95
15.09
12.54
10.51
9.05
9.87
10.12
9.94
10.30
9.92
10.26
10.62
11.30
11.09
7.51
4.55
3.27
3.28
3.29
3.15
3.07
3.13
3.08
3.01
4.53
8.23
8.37
8.46
8.60
8.58
8.65
8.67
8.99
8.63
8.73
9.45
9.40
9.50
5.43
3.05
3.12
3.25
3.01
2.94
3.07
3.07
3.00
3.08
4.52
8.34
8.55
8.32
8.55
8.72
8.64
9.34
9.43
9.90
10.22
9.84
10.00
9.86
5.34
6.30
7.46
7.51
15.52
22.62
26.47
28.73
27.03
25.37
21.45
19.32
16.24
11.38
10.06
10.17
10.16
10.14
11.09
12.15
11.93
12.09
11.87
11.47
8.33
6.24
8.00
10.75
17.38
21.57
26.88
32.93
33.65
34.29
32.47
21.84
14.97
8.75
6.79
9.55
8.26
8.28
8.28
8.41
8.35
8.31
8.26
8.44
7.95
7.65
7.74
13.34
23.32
23.31
26.44
28.83
32.79
31.60
31.02
22.20
17.16
12.77
10.65
9.59
9.74
9.87
9.92
9.85
10.05
9.75
9.84
9.96
9.63
6.70
6.56
10.66
15.37
21.32
27.85
32.05
32.10
34.73
33.29
18.10
15.19
9.41
7.37
7.14
7.49
7.57
7.68
13.66
13.78
13.77
13.92
13.94
12.92
10.04
9.72
15.99
24.13
29.74
30.35
30.38
34.42
34.47
32.47
22.13
17.46
12.64
11.94
17.17
18.02
14.11
14.38
14.26
14.20
14.20
14.20
13.86
13.49
9.91
8.40
8.41
8.44
8.29
8.20
8.17
7.15
7.11
11.72
13.70
13.58
13.83
13.67
14.07
14.07
14.11
14.04
14.14
14.09
14.00
13.94
13.47
13.58
9.67
8.50
8.42
8.20
8.18
8.18
8.06
7.81
7.93
11.96
13.57
13.66
13.70
13.75
13.48
13.62
13.81
13.64
13.92
13.81
13.88
15.40
22.20
18.93
13.23
16.07
18.67
22.79
26.64
26.62
28.92
30.71
28.98
28.41
24.29
21.88
15.94
13.65
13.81
13.70
13.84
13.78
13.74
13.79
14.01
15.88
18.13
17.36
15.13
15.49
24.88
34.15
36.21
32.61
30.55
30.16
29.76
29.77
26.75
23.69
16.94
13.23
13.16
13.22
13.16
13.29
13.68
13.73
14.03
13.85
15.06
11.12
10.54
14.01
15.48
13.40
21.78
28.88
28.40
29.69
29.04
26.93
17.70
14.36
10.98
9.92
10.06
10.32
10.25
10.58
12.39
8.81
9.73
11.48
11.04
8.61
12.77
11.75
11.07
13.79
20.42
32.62
29.75
31.47
31.81
29.36
14.30
11.24
11.93
10.47
10.03
9.75
10.24
10.75
10.66
10.62
11.02
12.72
13.81
11.12
13.23
13.69
14.22
17.13
20.17
25.93
29.69
31.13
31.40
32.40
25.67
21.22
17.73
16.46
13.41
13.82
13.86
13.89
13.88
14.03
14.23
14.15
14.42
11.69
9.43
8.44
10.01
11.27
8.02
7.98
7.99
8.06
7.92
10.30
13.01
12.94
13.84
13.64
14.00
14.21
14.31
14.61
14.43
14.34
14.48
14.57
14.40
11.89
9.03
8.36
8.05
8.04
8.04
7.93
7.95
7.85
8.14
10.23
12.99
13.00
13.80
13.65
13.76
13.86
14.16
14.59
14.28
14.39
14.62
14.12
14.51
11.75
10.40
9.52
10.50
10.47
13.12
20.75
27.74
40.20
34.38
23.55
17.03
13.55
16.72
13.27
13.08
13.23
13.22
13.55
13.56
13.67
13.91
13.67
13.78
11.45
13.35
15.30
26.87
23.84
22.35
29.13
22.15
16.87
20.83
22.19
12.71
11.28
11.04
10.53
10.68
17.02
15.08
15.03
14.98
15.01
15.16
16.82
19.59
18.11
19.69
21.78
20.02
14.48
14.84
15.58
13.72
16.01
15.92
15.04
13.77
10.91
14.83
10.56
10.84
10.75
10.62
10.85
10.72
10.63
10.80
12.42
13.39
11.58
12.91
16.23
15.17
20.65
18.20
15.86
16.11
16.01
15.65
16.02
7.70
7.49
8.31
10.11
13.07
12.86
14.51
15.71
15.57
14.73
15.30
16.03
15.57
13.22
12.91
12.19
13.92
14.66
14.50
15.58
16.50
17.89
16.24
17.45
12.97
12.28
9.55
8.62
8.49
8.65
9.30
12.52
13.47
13.67
13.53
15.69
16.09
14.03
11.40
9.84
5.28
4.65
0.81
1.06
0.32
0.70
1.17
3.82
6.54
6.68
7.03
8.00
8.44
8.76
8.47
8.59
6.21
12.75
14.00
13.60
13.84
11.55
9.03
6.57
0.72
0.65
1.30
4.45
1.72
0.54
0.80
3.46
6.52
6.41
7.86
8.66
14.58
14.63
8.66
10.41
13.43
13.62
13.82
15.59
13.30
10.79
10.61
12.64
11.70
10.91
10.70
10.51
8.89
13.24
11.85
9.87
11.75
11.90
12.21
12.49
12.43
12.83
12.79
13.02
14.29
11.41
14.23
16.29
14.91
13.33
12.08
12.15
13.50
13.30
12.48
12.20
11.43
15.05
19.87
19.07
12.35
10.99
16.38
16.12
18.40
19.60
19.74
19.87
19.57
20.10
19.96
21.85
24.88
19.48
22.84
18.51
15.27
13.60
11.75
10.90
10.80
11.02
11.81
13.02
13.04
11.70
17.25
14.49
12.80
13.04
13.11
12.65
13.31
13.38
13.47
13.98
13.98
12.34
9.24
8.35
6.54
5.99
5.72
5.38
5.28
5.28
6.09
8.36
10.80
10.86
11.25
11.53
11.87
12.31
12.29
12.69
12.47
13.43
12.74
14.92
15.80
15.16
12.53
11.58
11.76
10.79
9.22
8.33
7.87
7.52
7.46
11.68
14.51
14.68
15.61
16.01
17.14
16.48
16.73
18.14
17.31
17.59
17.80
17.72
19.01
16.96
13.93
11.15
9.18
7.64
6.83
6.30
6.12
6.69
6.41
10.01
13.56
14.31
15.42
16.04
16.41
17.20
16.76
17.49
17.43
18.29
18.49
18.51
19.43
16.97
14.43
11.91
9.04
7.14
5.86
5.32
5.28
5.27
5.58
8.14
11.51
13.06
13.73
15.22
15.53
15.99
16.01
17.33
16.99
17.33
17.58
17.06
20.78
18.02
16.92
17.08
21.14
20.87
15.10
12.88
12.70
14.72
14.35
16.46
19.35
20.16
23.04
25.10
22.35
23.07
23.26
23.06
23.44
23.70
23.66
24.17
24.92
24.15
19.36
16.87
15.04
19.40
19.13
16.57
13.79
12.62
12.64
16.03
18.34
18.37
19.56
19.82
20.43
19.98
20.64
20.39
20.74
21.28
20.91
21.07
21.39
20.13
17.81
13.13
15.68
20.57
17.23
14.49
14.83
18.37
20.77
11.88
15.48
12.74
12.38
13.34
16.76
16.80
17.18
17.26
17.74
13.36
11.33
11.60
11.62
10.81
9.62
9.12
12.15
17.63
17.09
12.77
14.08
18.32
15.70
18.12
13.83
12.98
14.06
14.86
13.49
12.49
13.14
13.13
13.33
13.39
13.83
13.44
14.94
14.50
12.44
13.74
13.55
12.96
12.65
13.14
12.77
12.23
11.48
15.52
17.19
17.47
18.54
13.46
14.58
14.96
15.07
15.31
15.21
15.51
15.44
15.83
15.65
14.88
10.94
9.52
7.40
7.91
7.68
5.89
6.04
5.93
6.53
9.14
11.24
12.03
12.92
13.15
13.61
14.03
14.20
14.39
14.38
14.66
14.52
14.28
14.49
13.66
9.86
9.40
8.33
8.26
13.20
11.47
6.13
6.80
7.03
10.25
12.42
12.57
13.07
13.78
13.64
13.73
13.60
13.85
13.83
14.34
13.68
14.15
14.63
13.38
14.93
15.59
17.59
16.12
15.71
14.85
14.41
15.13
15.50
15.98
18.17
18.67
20.98
16.45
16.34
17.14
16.96
17.31
17.93
17.50
18.28
18.09
20.22
19.64
17.12
15.33
15.66
14.14
12.98
12.60
13.36
13.01
13.09
15.68
19.17
20.65
21.61
22.24
22.77
23.12
22.79
18.52
18.94
19.41
19.23
19.82
21.57
20.03
18.32
17.12
14.87
13.48
11.87
11.95
12.45
12.02
13.99
16.66
15.63
15.48
17.18
17.49
18.34
18.83
19.22
19.02
21.83
20.01
20.29
20.64
21.90
20.73
16.39
15.34
15.24
14.45
14.60
13.27
13.14
12.89
15.88
15.29
15.98
17.29
18.69
20.73
25.95
20.79
17.71
15.19
15.19
15.88
15.67
15.40
17.53
17.24
15.99
14.54
13.38
12.77
11.07
11.13
12.14
10.92
11.04
12.02
11.50
12.32
13.89
16.45
13.87
14.61
14.34
14.81
14.81
14.83
11.45
15.20
15.26
14.52
10.04
8.44
6.17
4.79
4.58
5.07
4.62
4.54
4.52
7.03
9.48
10.60
11.65
12.73
14.23
15.09
13.67
13.72
14.55
13.98
14.38
14.18
14.37
13.95
9.87
8.06
6.08
5.27
4.43
4.40
4.72
4.86
5.26
8.77
12.27
12.71
13.84
14.65
14.70
14.81
15.32
15.95
17.19
16.47
17.57
18.29
21.18
19.63
17.49
18.41
17.34
15.91
14.64
13.85
13.50
13.90
13.67
13.39
16.99
18.14
19.21
19.88
20.08
20.48
20.66
20.63
21.15
21.40
22.04
22.62
25.30
24.06
18.57
15.89
16.85
15.72
14.55
13.60
13.38
12.46
11.16
16.03
16.62
17.63
18.74
19.15
19.19
19.56
19.57
20.22
20.22
20.04
20.42
21.12
24.50
24.71
19.75
16.35
14.44
11.83
11.04
10.08
9.98
9.27
8.76
12.59
14.74
11.93
12.79
13.96
13.87
14.19
13.86
14.68
15.12
15.25
15.56
16.26
19.98
19.22
13.71
11.53
11.14
9.68
8.28
7.50
9.53
9.93
10.78
17.21
15.29
16.48
17.97
18.23
18.50
21.00
22.70
21.71
21.64
22.27
22.39
23.38
26.52
25.27
20.60
18.92
16.81
15.49
10.37
8.68
4.24
4.11
4.07
7.21
11.14
12.45
14.08
15.41
15.48
15.60
15.92
16.48
16.77
16.83
17.20
18.11
18.59
17.01
12.80
10.79
8.09
5.09
4.44
3.91
3.80
3.93
3.81
6.85
10.29
11.56
13.50
14.46
14.46
14.89
14.93
14.90
15.01
15.12
14.80
14.93
15.57
15.24
11.90
9.97
6.96
4.47
4.01
4.10
4.32
4.04
4.03
7.03
10.02
11.20
12.71
13.13
14.03
14.02
9.69
0.00
13.88
15.02
15.20
15.42
18.72
16.21
10.79
10.64
9.54
6.74
5.87
5.08
5.45
5.21
5.91
8.59
11.42
11.48
12.13
13.55
14.19
14.20
14.49
14.09
14.28
14.14
13.97
13.94
16.39
14.91
11.46
11.29
10.72
9.80
8.79
8.52
8.24
8.23
7.71
10.47
13.53
13.82
13.93
14.50
14.44
14.29
13.82
13.92
14.90
14.46
15.00
15.06
17.97
16.22
11.04
10.98
11.96
10.77
9.70
8.09
6.72
5.75
6.25
9.16
12.92
14.41
14.01
14.62
15.07
16.48
15.30
16.16
16.59
17.92
17.26
17.71
20.10
19.75
14.57
12.28
8.78
6.66
5.13
3.81
3.96
5.01
6.29
9.73
12.69
13.75
14.30
14.56
14.66
15.33
15.10
15.60
15.36
15.00
15.21
15.23
18.43
17.00
11.90
11.51
13.86
14.26
10.87
10.56
14.68
10.43
10.15
11.72
15.34
16.38
14.53
15.12
14.71
15.77
14.83
14.65
15.32
16.11
15.84
15.74
16.58
15.72
11.97
10.15
8.44
7.94
7.09
6.78
7.33
8.49
8.63
10.73
13.75
14.45
15.16
16.86
18.39
17.46
18.38
18.90
18.70
18.42
18.67
19.05
18.62
18.13
14.56
13.30
11.19
9.03
7.91
7.18
6.87
6.31
6.33
9.19
13.38
14.67
15.30
16.79
16.55
16.59
17.52
17.87
18.35
18.73
18.64
18.76
20.99
20.15
15.20
15.12
13.08
11.00
9.66
10.48
14.30
10.33
10.13
12.80
16.46
17.08
16.94
18.06
18.28
17.72
17.96
18.52
18.70
18.16
17.65
18.47
21.08
19.75
15.01
14.62
14.65
12.39
10.96
8.92
9.06
7.76
7.44
10.64
14.43
15.78
16.58
16.65
17.27
18.76
