81.33
97.26
113.00
81.49
96.20
113.05
82.40
95.60
112.99
82.65
94.02
113.72
82.67
92.66
112.67
84.02
91.18
113.16
84.36
91.62
112.86
85.79
91.06
113.05
87.60
90.51
113.63
89.97
90.77
114.21
87.48
91.16
114.44
96.17
91.88
115.38
94.26
91.35
117.33
95.44
68.41
114.92
91.40
81.95
109.49
101.71
82.84
100.50
113.91
83.35
96.19
115.41
88.35
87.15
113.96
97.34
84.87
104.05
99.97
69.91
83.88
99.82
68.70
77.29
121.39
94.15
85.55
110.72
99.86
82.10
100.57
109.14
79.80
94.26
109.01
106.42
106.38
107.76
106.59
106.78
107.43
109.89
100.86
74.20
67.78
75.32
68.00
81.53
87.32
114.35
82.82
83.71
109.14
92.46
80.33
106.12
102.50
81.02
97.52
111.84
79.81
91.05
112.57
86.84
83.77
110.70
95.77
81.80
102.10
105.82
80.54
93.26
111.35
82.16
86.66
112.07
89.45
79.83
109.17
99.53
80.95
98.07
109.23
76.62
89.81
110.02
83.05
82.28
108.47
91.89
80.15
101.84
102.02
79.03
94.25
110.31
78.37
86.84
109.27
86.16
78.34
106.02
94.06
80.68
99.25
106.83
78.33
92.57
109.87
83.85
84.70
110.48
91.10
85.27
113.33
108.57
85.52
100.84
113.41
81.64
92.70
114.19
86.40
82.87
109.09
95.01
80.14
101.73
104.94
79.27
93.59
111.54
82.37
86.34
111.07
89.99
80.94
109.98
102.04
84.21
100.90
112.49
82.09
92.62
112.69
83.88
83.20
109.68
88.92
78.56
104.20
101.49
78.68
94.44
109.03
77.84
86.96
109.38
86.49
79.63
108.30
98.88
87.31
104.03
110.88
82.70
96.15
115.08
85.69
87.79
110.91
90.75
80.10
106.65
100.83
79.84
97.30
112.91
78.92
89.77
110.64
83.79
81.16
108.57
95.38
82.65
46.83
54.18
68.59
64.22
49.55
84.27
97.79
85.28
106.82
106.61
80.92
94.67
109.79
81.37
87.88
108.59
88.80
79.93
107.61
97.27
81.24
98.07
107.66
82.27
96.72
114.90
88.47
88.87
112.32
96.98
86.62
107.34
101.16
81.11
95.96
109.44
80.06
88.55
108.84
86.63
81.83
108.49
95.39
81.66
99.91
104.79
78.91
92.90
109.14
82.59
85.64
109.34
90.00
81.65
106.30
99.00
80.15
97.43
107.92
78.45
91.24
109.85
85.55
84.20
109.30
93.68
81.57
102.47
102.26
79.89
94.26
109.43
80.86
88.58
109.85
88.25
80.43
109.37
96.40
81.89
100.10
107.57
78.69
92.20
109.40
83.75
86.01
109.10
91.54
81.49
104.45
99.87
80.17
94.87
110.26
83.31
93.61
113.99
90.36
87.31
113.34
96.71
82.85
98.59
102.23
76.27
91.06
110.78
82.67
85.77
110.13
90.35
81.29
107.43
99.59
81.54
97.69
108.60
79.13
95.08
114.09
89.70
88.75
114.44
96.30
85.23
106.21
105.16
80.62
95.39
110.09
82.32
88.91
112.14
89.25
81.51
108.83
97.20
82.02
98.95
106.94
79.43
94.21
114.91
88.80
89.80
115.31
94.30
83.27
107.32
101.90
81.07
94.77
107.08
77.11
86.50
108.13
87.75
83.44
112.45
96.20
82.13
101.06
104.38
79.98
93.54
110.43
83.68
90.33
113.56
94.58
84.65
112.42
102.67
84.59
99.95
106.93
77.70
91.06
110.51
84.64
83.58
108.94
92.93
81.45
102.17
103.83
103.38
102.42
102.43
106.27
114.59
115.68
94.55
72.13
72.12
72.08
72.00
71.66
104.21
90.64
86.81
112.73
98.47
84.42
104.96
108.09
83.03
97.77
114.21
88.61
93.28
116.02
95.85
86.49
114.22
105.45
88.79
105.81
115.35
85.31
97.57
114.81
88.12
86.81
112.53
96.15
83.94
109.56
109.39
86.89
101.96
116.17
86.00
93.89
115.58
92.68
87.94
114.56
102.49
88.32
107.01
112.64
85.45
99.71
117.46
88.60
92.03
116.26
96.52
86.79
111.68
106.66
87.89
104.14
116.34
85.14
95.85
116.32
91.28
88.32
115.34
100.50
87.57
109.69
110.58
86.82
101.16
118.73
87.69
93.14
115.94
94.31
86.26
115.32
103.78
86.78
104.26
113.66
83.65
96.71
116.50
89.84
90.11
115.19
99.36
88.70
114.58
113.21
71.37
70.62
38.99
37.89
34.28
34.89
57.98
60.65
48.54
67.45
69.98
47.55
62.06
76.47
50.65
56.10
77.25
59.14
50.85
76.20
67.83
51.65
70.92
85.41
55.61
66.75
87.56
59.48
58.38
77.63
60.81
49.49
68.89
65.15
42.96
56.69
70.32
42.26
51.94
70.26
49.53
43.90
69.39
56.97
44.34
60.52
67.00
79.29
81.52
83.05
82.43
77.82
78.03
77.87
75.21
69.08
31.47
30.35
30.40
30.89
30.83
31.64
31.46
31.64
31.93
32.21
33.01
32.38
32.94
33.72
32.73
36.54
39.00
33.79
34.90
33.76
36.81
33.76
32.18
30.49
29.83
27.64
27.29
27.66
27.49
27.68
27.58
27.56
27.85
27.66
27.66
27.87
27.68
28.05
28.10
28.22
27.99
28.07
28.05
27.97
28.12
27.78
27.48
27.31
27.27
27.41
27.30
27.37
27.67
27.62
27.49
27.69
27.83
27.60
27.97
27.56
27.75
27.81
27.69
27.97
28.00
27.91
28.09
27.93
27.88
27.63
26.95
26.74
26.70
26.74
26.84
27.07
27.41
27.63
27.63
27.74
27.60
27.83
27.62
27.62
28.05
27.76
34.27
39.63
42.40
37.63
33.48
32.33
31.53
30.40
26.60
26.16
26.21
26.25
26.43
26.85
26.53
26.66
26.56
26.39
26.54
26.87
26.82
26.88
26.79
26.90
36.08
42.71
36.81
31.84
30.82
29.71
30.25
7.57
29.50
26.55
26.78
28.07
31.13
30.37
30.54
30.97
31.21
30.75
30.09
30.26
30.47
30.99
30.68
30.79
31.39
34.50
29.93
30.77
30.19
30.42
30.65
29.71
29.58
28.07
26.27
26.64
26.29
26.53
26.96
27.21
27.96
27.03
28.82
31.27
29.93
30.34
30.18
30.22
31.14
33.40
33.92
28.65
19.41
18.90
17.19
14.45
15.40
11.54
10.67
10.25
10.27
10.32
10.96
12.96
14.27
12.97
14.15
13.60
13.79
13.92
14.36
15.10
26.95
57.61
52.75
49.33
68.48
68.17
65.65
64.89
64.47
63.30
62.84
61.01
59.88
60.50
60.11
60.53
61.51
64.09
63.17
63.20
63.42
63.32
84.49
80.27
57.67
63.52
68.10
57.33
49.33
47.24
47.70
43.86
43.60
43.43
43.26
43.43
43.59
43.68
43.50
43.70
43.74
43.72
43.68
43.63
43.92
43.84
63.82
62.59
43.14
44.66
49.08
46.71
47.59
46.26
47.08
46.24
46.03
47.21
46.05
47.00
46.76
47.58
47.00
47.19
46.16
46.57
47.70
47.40
47.62
45.61
65.36
65.32
47.10
62.61
74.89
72.29
69.61
70.17
69.57
63.12
61.26
67.03
74.10
76.56
73.53
73.49
73.43
73.63
73.11
73.12
72.86
72.92
72.80
72.61
72.73
74.56
78.94
68.36
33.09
32.51
41.31
33.67
33.52
33.74
43.06
67.87
63.85
64.02
63.30
63.81
63.70
62.98
63.60
64.05
63.74
63.41
63.03
63.19
63.37
63.70
66.73
66.16
67.98
68.23
67.65
75.16
86.09
82.62
51.77
66.70
62.43
63.02
63.13
62.96
63.50
62.88
64.09
60.92
61.70
61.73
61.69
62.91
62.86
62.89
64.05
64.48
68.95
65.95
66.02
74.91
89.42
79.51
46.25
60.14
62.11
61.35
60.82
59.33
61.18
61.85
62.03
61.86
61.92
62.31
62.64
62.95
63.26
63.08
64.24
66.31
67.91
68.02
69.37
68.12
90.32
88.17
60.39
61.77
64.79
61.59
62.21
61.87
61.96
62.70
63.16
62.46
63.29
62.24
63.40
62.56
63.14
62.93
62.41
62.74
66.35
65.56
64.18
65.15
85.27
84.01
65.17
58.95
64.04
62.29
62.14
62.61
63.42
63.76
62.92
63.74
63.43
64.63
64.08
64.00
63.49
64.27
63.74
64.46
64.52
64.72
65.65
65.72
83.85
85.29
65.61
57.26
64.96
64.16
63.05
62.37
61.71
61.97
61.70
61.95
61.96
61.94
62.19
62.10
62.33
63.24
64.75
67.47
58.40
50.85
49.78
49.65
67.33
68.68
52.60
40.73
48.23
45.24
40.93
38.55
39.65
39.70
40.00
39.99
40.14
40.41
39.63
41.33
40.30
40.53
43.56
46.49
43.36
44.07
43.60
44.21
61.73
68.64
54.99
38.50
46.81
43.04
39.91
39.95
39.64
39.20
39.55
39.06
39.67
38.88
38.92
39.33
38.86
39.57
40.72
50.30
46.77
51.62
51.29
58.51
82.63
75.95
72.18
63.03
69.54
61.59
60.32
61.22
60.04
58.30
57.11
58.10
57.05
56.48
56.49
55.73
56.90
62.37
59.14
54.74
59.81
59.44
61.91
61.89
61.60
59.23
57.78
57.21
56.14
54.22
55.11
55.22
55.84
55.06
54.59
54.83
54.02
26.69
39.42
53.63
54.50
54.12
57.75
59.05
58.70
58.69
50.11
40.09
40.31
39.76
39.26
38.40
38.11
58.61
51.23
51.36
54.70
54.41
54.28
53.93
53.83
54.16
54.19
53.68
53.69
54.01
54.38
54.74
54.66
54.05
54.91
54.26
54.30
53.87
54.04
53.59
53.01
53.31
52.82
52.93
53.38
53.72
53.33
54.38
54.54
54.45
54.15
55.13
54.63
54.00
55.38
53.94
54.74
55.42
57.16
57.37
57.32
54.86
54.98
53.99
54.05
53.59
53.73
53.92
54.08
54.73
54.39
54.65
54.94
54.45
54.87
55.30
55.13
54.93
57.49
57.44
57.03
47.14
70.36
82.34
102.64
97.08
95.47
97.50
95.14
93.99
94.38
94.45
95.18
94.78
94.65
95.42
96.38
95.37
96.52
96.95
96.67
95.69
97.38
104.66
105.78
114.17
106.60
107.26
100.69
63.30
66.09
67.46
59.41
56.68
56.53
58.68
58.73
58.33
59.93
59.39
59.21
59.64
60.06
59.66
60.83
60.99
64.95
55.29
68.34
69.91
68.24
81.87
85.19
63.64
52.10
45.22
41.96
55.20
59.37
59.44
59.38
59.27
57.78
55.37
56.30
56.81
55.86
56.20
56.14
54.97
54.04
54.75
54.90
48.67
64.51
44.36
59.52
54.73
69.68
36.04
26.96
28.73
28.28
29.31
29.04
29.34
29.75
30.99
30.13
30.22
30.49
30.63
30.60
30.85
36.31
37.02
36.11
31.89
29.50
38.32
46.39
56.04
75.59
69.13
66.01
63.16
64.15
64.60
65.44
65.73
64.79
65.69
66.27
67.00
66.32
66.49
66.74
67.79
64.77
65.17
64.86
63.64
76.03
82.07
68.11
51.07
65.82
59.58
59.10
59.16
60.17
59.34
59.86
59.74
60.56
61.49
60.23
60.91
60.74
61.93
61.05
61.35
60.96
60.15
60.28
52.33
62.88
88.71
75.28
51.97
70.68
59.34
58.94
58.94
58.21
58.26
58.68
58.60
58.44
59.08
59.13
59.27
59.59
59.98
60.34
59.04
65.01
70.47
69.56
68.82
77.33
84.63
73.49
35.38
50.86
64.14
60.78
62.10
61.01
60.55
60.99
61.74
61.70
61.54
61.47
62.70
62.02
62.46
63.00
65.02
63.80
63.74
62.68
62.70
63.11
78.78
82.52
66.55
43.99
63.09
56.93
56.17
55.19
56.27
57.45
58.99
60.64
59.30
60.33
59.43
60.37
59.37
59.15
59.33
62.08
60.76
62.73
61.54
60.60
71.98
82.59
75.52
44.17
62.39
54.65
55.68
55.33
56.12
55.83
55.55
60.02
60.15
59.20
59.65
58.60
58.53
58.68
58.85
60.53
62.59
58.64
58.93
58.94
68.48
82.61
78.71
42.81
60.61
57.22
55.59
55.73
56.11
55.90
55.89
55.79
55.58
57.46
60.19
59.06
59.61
59.71
61.26
62.60
61.11
62.44
64.62
61.59
71.49
85.39
84.48
43.69
27.12
26.29
23.73
22.87
23.08
23.18
23.32
23.17
23.10
23.06
23.23
23.10
23.16
23.01
23.09
23.17
23.42
23.39
23.00
23.09
23.35
23.41
23.30
23.06
22.94
22.88
23.20
23.46
23.50
23.53
23.43
23.34
23.33
23.28
23.35
23.61
29.09
28.58
26.51
26.84
26.20
27.77
26.11
26.06
26.87
26.33
25.24
23.32
23.21
23.01
22.95
22.97
23.14
23.20
23.16
25.19
27.91
27.84
25.72
26.25
26.76
26.74
26.71
22.15
17.99
15.95
13.72
14.41
15.56
20.74
64.51
43.43
40.43
39.98
40.30
40.01
40.21
39.90
40.00
39.69
39.42
41.99
44.26
42.93
43.09
42.93
43.22
56.17
67.97
67.88
60.88
62.52
60.39
61.10
64.92
63.88
47.02
39.83
39.18
39.08
39.57
39.44
39.49
39.42
39.43
39.40
39.00
39.04
38.90
38.86
42.83
44.82
43.86
44.43
44.81
46.39
45.30
44.62
45.65
41.86
39.54
38.71
38.48
38.58
38.19
37.87
37.83
38.94
38.47
38.24
37.78
27.88
8.71
36.51
39.25
36.01
38.11
40.32
48.17
43.21
42.25
41.64
41.77
41.08
55.82
63.00
62.78
62.38
62.69
62.94
62.98
62.89
62.89
62.43
62.12
62.32
62.01
62.15
61.47
42.48
39.25
38.97
39.20
39.37
39.95
42.66
51.72
40.51
41.06
43.96
39.78
40.31
40.48
41.02
40.67
40.89
39.57
40.60
40.25
40.84
39.86
41.53
40.78
39.89
40.37
41.00
41.55
39.51
39.48
40.05
40.16
40.45
39.37
39.76
40.09
39.60
40.25
39.34
40.11
40.04
40.05
40.29
40.26
39.67
40.72
40.63
40.70
39.66
39.98
41.28
39.80
40.84
39.61
40.14
39.31
40.68
38.95
39.51
40.31
39.92
39.66
38.90
40.18
40.17
39.84
40.21
39.40
40.12
39.05
39.48
38.54
40.48
46.70
25.21
17.16
22.27
22.90
22.73
22.27
21.12
13.92
10.93
10.82
10.82
10.96
13.14
15.32
14.44
13.65
14.39
13.92
15.34
14.44
14.83
15.47
18.93
21.97
19.47
20.30
19.16
17.45
24.12
21.18
16.86
13.06
14.95
13.10
13.86
14.23
14.67
14.83
14.44
14.85
14.19
14.05
14.11
14.83
14.29
17.95
23.42
15.40
15.14
21.57
19.91
20.78
23.07
22.98
19.60
12.50
12.34
12.32
11.37
10.89
12.22
15.13
15.99
15.15
14.15
13.95
14.87
15.53
15.34
15.49
63.39
67.55
62.98
59.16
59.40
62.56
56.39
56.35
55.22
52.58
51.38
51.19
53.08
56.64
54.28
54.47
54.32
54.58
54.24
54.71
54.77
54.72
55.12
55.99
59.80
64.03
58.31
33.90
15.61
15.73
20.58
21.92
30.15
14.00
12.86
12.75
15.35
16.81
20.66
28.36
23.46
27.45
28.70
33.06
30.60
35.72
34.26
31.84
37.84
36.78
34.31
44.90
38.69
43.61
48.15
50.05
53.31
49.32
48.30
47.97
46.14
45.79
48.60
44.96
46.18
45.91
43.67
43.32
43.71
46.47
44.80
41.70
44.13
42.34
43.33
44.78
43.96
42.59
46.14
47.89
47.98
49.78
48.68
49.69
50.30
50.32
50.16
49.71
47.40
48.28
44.57
46.07
47.74
48.50
48.14
46.27
53.61
48.15
46.95
46.57
47.07
49.51
51.32
49.56
47.43
46.25
42.11
41.71
41.41
42.01
41.94
42.12
41.98
42.27
42.19
41.61
41.95
41.78
41.90
42.56
45.03
46.15
47.09
48.13
49.23
49.66
48.77
47.58
47.49
45.95
41.65
41.76
41.66
41.91
41.87
41.68
41.58
41.67
41.74
41.88
41.20
41.39
41.81
42.64
46.16
44.14
47.92
51.32
50.31
50.71
53.05
50.25
47.73
42.93
42.26
41.77
41.75
41.94
41.43
42.10
42.50
41.74
41.71
41.87
41.94
41.75
41.93
42.45
44.80
46.00
46.22
45.69
45.69
45.57
45.20
45.61
44.75
43.42
42.60
41.85
41.70
41.77
41.83
42.43
42.07
42.17
41.77
42.32
42.16
41.91
41.77
43.51
79.24
74.77
66.17
55.62
75.24
56.59
56.90
56.82
55.40
53.01
52.25
52.06
52.09
51.87
51.82
51.74
51.65
51.69
51.60
51.42
51.42
51.24
51.23
52.02
52.42
53.09
53.45
53.48
53.64
53.74
53.53
53.56
53.03
52.58
52.31
52.22
52.22
52.12
52.12
52.11
51.99
51.80
51.66
51.48
51.30
51.29
51.34
52.25
52.77
53.22
53.38
53.47
53.50
53.64
53.44
53.48
53.29
52.92
52.42
52.33
52.30
52.13
51.97
51.90
51.76
51.56
51.35
51.28
50.92
50.83
51.07
53.29
55.67
56.90
57.38
57.27
57.32
58.30
59.98
59.00
56.01
53.25
52.59
52.41
52.25
52.12
52.17
52.09
52.05
51.95
51.85
51.60
51.46
51.48
51.61
52.81
55.47
56.69
57.04
57.75
58.64
59.65
59.50
59.29
58.47
56.21
52.85
52.43
52.80
52.49
52.52
52.45
52.41
52.31
52.30
52.13
52.07
51.90
51.84
54.33
57.04
61.81
58.27
60.43
61.70
61.35
61.76
60.28
57.74
55.49
52.92
52.38
52.30
52.45
52.29
52.26
53.15
52.22
51.85
51.65
51.41
51.36
51.60
52.76
55.55
57.70
59.39
59.58
59.93
60.63
60.51
59.97
58.52
55.08
52.84
52.52
52.29
52.33
39.10
25.99
52.05
51.74
51.37
51.25
50.91
50.87
51.25
53.49
56.04
57.24
57.98
59.95
61.07
63.39
64.72
64.74
61.24
53.51
52.07
51.94
51.79
51.83
51.50
51.38
51.32
51.32
51.02
50.99
50.96
51.06
51.05
51.86
52.49
52.71
52.87
52.95
53.03
52.94
53.05
52.63
52.65
52.26
52.20
51.85
51.65
51.56
51.41
51.38
51.37
51.17
51.11
50.71
50.60
50.52
50.74
51.62
52.19
55.08
17.38
15.10
15.54
16.01
15.96
14.98
14.21
14.20
11.78
11.43
11.24
11.32
11.30
11.25
11.08
11.25
11.29
11.23
11.20
11.09
11.09
13.57
15.36
15.98
16.65
37.43
19.20
19.24
18.77
18.34
17.28
13.28
12.71
12.69
12.69
12.63
12.81
12.77
12.73
12.66
12.71
12.63
12.58
12.58
12.60
13.67
16.56
20.05
16.85
17.76
18.76
19.46
19.79
20.66
17.95
15.32
15.10
11.55
11.02
10.94
10.82
10.91
10.83
10.94
10.91
10.79
10.80
10.65
11.48
12.01
14.65
15.88
17.03
20.70
68.12
47.67
45.03
33.29
25.04
17.74
14.71
14.06
15.52
11.63
11.52
11.61
12.07
11.60
11.43
11.44
11.35
11.29
11.32
11.42
13.15
13.94
15.11
16.46
17.12
16.87
16.58
17.34
16.30
14.29
11.50
11.04
10.99
11.05
10.74
10.83
10.82
10.84
10.77
10.75
10.71
10.62
10.62
12.84
15.24
16.49
17.74
18.91
20.78
21.31
38.22
31.55
17.80
13.35
10.79
10.02
9.92
9.99
10.39
9.95
9.89
9.92
9.88
9.96
9.80
9.82
9.86
9.98
9.98
10.37
10.66
10.88
11.35
11.52
11.38
11.47
11.31
10.56
10.34
10.43
10.36
10.23
9.87
9.91
10.04
9.98
9.95
9.88
9.91
9.85
9.84
9.83
10.23
11.48
12.76
13.65
14.73
14.91
13.60
12.16
11.92
11.68
11.40
10.83
10.83
10.91
10.86
10.43
10.79
10.43
10.75
10.35
10.28
10.26
10.38
14.64
20.07
21.37
21.97
19.87
21.42
20.77
20.73
19.90
19.45
15.54
12.45
12.15
12.15
12.14
11.82
11.72
11.16
11.35
10.98
11.38
10.90
11.25
10.84
11.66
13.32
16.26
28.97
38.47
38.88
38.23
36.60
23.91
19.41
17.82
17.63
17.07
17.42
14.35
13.33
12.25
12.22
12.16
12.18
12.02
11.99
11.87
11.96
12.13
14.27
19.15
31.63
17.56
19.87
18.43
18.32
18.25
14.34
10.51
9.99
9.99
9.89
9.86
9.79
9.83
10.36
9.88
9.84
9.88
9.80
9.71
9.74
9.92
10.65
11.72
11.80
9.48
12.32
12.59
12.58
12.98
11.04
9.91
9.81
9.80
9.76
9.74
9.69
9.78
9.71
9.71
9.68
9.70
9.67
9.67
9.60
9.99
13.47
13.83
14.19
14.16
15.09
20.77
28.44
16.74
14.35
12.72
10.51
9.59
9.60
9.50
9.53
9.63
9.62
9.54
9.62
9.61
9.55
9.61
9.61
9.72
9.67
9.72
9.75
9.67
9.50
9.47
9.76
10.17
9.85
9.81
9.82
9.86
9.83
9.84
9.83
9.88
9.86
9.92
9.82
9.82
9.87
9.79
9.82
9.74
9.84
9.81
9.50
9.74
9.94
10.01
9.98
10.24
10.03
10.01
9.96
9.92
9.96
9.94
9.96
9.91
9.95
10.00
9.95
9.87
9.94
9.85
9.89
9.79
13.06
18.48
18.90
19.89
19.28
14.98
18.00
18.99
26.41
34.20
27.99
26.27
25.58
25.69
25.64
25.68
25.68
25.66
25.71
25.57
25.69
25.62
25.61
30.69
30.38
35.48
36.64
30.75
32.18
32.44
32.22
31.64
30.92
27.86
27.67
27.56
27.47
27.68
27.69
27.56
27.61
27.79
27.67
27.68
27.65
27.49
27.61
31.83
60.90
57.30
55.89
56.84
55.91
57.90
59.01
57.87
58.09
57.61
52.53
51.62
52.60
51.71
51.96
51.92
52.50
52.14
51.95
51.80
51.91
51.85
51.74
52.65
55.88
53.33
52.41
53.48
54.96
56.78
56.69
56.41
55.58
52.13
49.07
46.72
46.90
46.64
46.58
46.46
46.22
46.39
46.41
46.26
46.23
46.12
46.39
47.34
52.74
53.38
47.12
42.71
43.44
47.95
73.61
67.93
64.62
61.92
94.01
106.70
95.00
92.69
91.37
91.94
91.75
91.01
91.12
90.92
89.37
89.96
88.89
88.73
89.85
90.70
90.43
95.47
95.20
92.45
90.42
91.51
90.22
90.18
89.98
89.53
89.15
89.56
88.21
88.31
88.17
87.43
87.28
87.23
87.06
86.69
87.27
87.22
88.35
89.05
88.60
89.51
89.58
90.01
90.09
89.50
89.12
89.20
88.42
87.76
87.61
86.79
87.30
87.15
86.49
85.17
85.75
85.94
85.67
85.81
86.32
85.81
88.29
93.61
102.03
99.99
106.00
104.52
104.68
101.06
96.87
92.64
91.37
89.67
89.71
88.89
89.11
86.91
87.82
86.88
87.35
87.30
85.99
86.29
85.89
85.94
88.27
92.07
93.74
96.02
97.97
96.12
95.98
96.55
96.00
93.52
90.92
88.86
88.83
87.90
87.59
86.94
86.47
86.16
86.45
85.66
84.71
85.00
85.86
86.23
89.19
93.32
99.65
103.86
97.44
76.00
69.02
70.90
69.99
65.86
60.28
57.10
55.88
55.09
54.12
53.55
53.70
53.13
52.51
52.22
51.62
51.60
52.00
52.77
58.53
71.45
75.32
73.61
75.44
70.50
68.60
68.55
66.13
64.25
60.07
57.97
56.97
55.30
55.54
54.83
55.27
54.19
53.08
53.91
52.66
52.94
53.60
56.22
61.61
66.51
71.76
69.13
67.56
66.25
66.39
66.26
63.91
61.93
62.57
57.70
56.10
56.61
57.00
55.47
55.27
54.35
54.76
53.45
53.48
53.34
53.69
53.77
57.05
56.99
57.52
57.96
58.65
60.24
59.22
59.84
59.61
58.20
57.41
56.53
56.15
55.71
55.18
54.90
53.58
54.28
52.69
52.59
52.51
52.41
52.97
53.11
55.98
47.22
58.05
62.43
57.16
35.37
22.11
22.28
20.65
17.52
15.65
15.70
16.03
14.86
14.91
15.39
14.47
14.16
13.95
14.17
14.17
13.98
12.80
14.42
17.64
20.03
38.12
37.72
36.61
34.69
32.52
30.35
29.49
25.30
25.27
25.27
25.36
25.20
25.33
25.23
25.23
25.20
25.18
25.26
25.06
25.03
25.21
25.08
26.69
27.39
27.93
29.80
31.89
31.86
32.70
33.19
31.85
28.73
26.30
25.73
25.75
25.63
25.75
25.46
25.59
25.67
25.90
25.99
25.92
25.97
25.51
26.09
27.81
29.31
30.06
30.80
34.13
35.89
35.52
33.53
31.31
27.49
26.43
26.29
25.75
25.61
25.55
25.40
26.06
25.62
25.51
25.56
25.48
25.53
25.62
25.56
27.18
28.68
29.96
31.62
37.73
36.46
35.22
35.12
33.56
29.34
27.61
27.26
27.00
26.68
26.27
25.31
25.14
24.25
24.07
24.23
24.11
24.22
24.29
25.04
26.22
25.20
33.69
34.51
34.75
35.81
36.61
36.87
78.79
75.61
73.46
70.13
69.38
69.57
68.15
68.55
67.19
67.71
67.27
67.32
67.30
67.32
67.75
68.19
68.28
69.77
70.46
71.21
71.96
72.60
72.75
72.62
73.19
71.61
71.11
69.94
69.61
69.19
68.92
68.17
67.67
67.36
67.51
67.21
67.23
67.52
67.98
67.81
69.31
70.03
71.72
71.33
72.47
72.03
72.43
71.82
71.99
71.78
70.59
70.45
69.60
69.45
69.28
69.09
68.32
67.39
66.90
67.06
67.05
66.76
66.85
67.65
72.60
75.11
75.94
76.50
76.88
77.07
76.98
73.20
73.01
70.44
69.22
68.40
68.07
68.33
67.97
67.99
68.24
67.85
68.66
67.75
67.80
67.78
68.11
68.47
62.72
56.19
55.62
55.78
55.96
59.95
63.23
81.08
74.21
72.03
71.46
70.27
70.52
69.47
69.49
69.52
69.41
69.54
68.35
67.88
67.79
67.71
69.90
72.62
73.80
72.66
76.32
74.80
72.43
72.55
77.72
80.46
75.95
71.35
69.60
67.76
67.86
67.88
67.73
67.56
68.51
67.79
67.87
67.62
67.40
67.75
67.76
68.20
73.53
75.75
76.61
76.88
76.78
71.82
72.07
71.76
68.63
67.57
67.50
67.82
67.88
68.01
67.90
67.70
67.63
67.58
67.70
67.37
67.35
67.25
67.69
68.21
58.04
73.68
75.03
75.95
76.53
76.48
75.93
76.56
73.83
72.47
71.68
72.38
71.49
71.87
70.96
70.40
70.61
70.09
70.33
69.36
69.16
69.06
69.35
70.20
71.01
71.18
71.91
72.34
73.49
73.28
72.74
73.67
72.72
71.76
71.73
70.86
71.60
70.72
70.73
70.46
70.10
70.09
69.65
69.56
69.19
69.25
70.01
70.11
70.40
71.54
71.42
72.65
72.60
72.66
71.74
71.20
70.77
70.56
70.99
70.53
69.82
70.09
69.96
69.23
69.36
69.07
69.26
69.32
68.84
68.88
69.50
69.82
71.92
74.33
76.28
77.03
77.06
75.88
77.17
76.79
75.35
73.16
72.37
71.85
71.08
71.50
70.37
70.52
69.88
70.09
69.58
69.36
69.52
68.99
69.61
74.77
76.46
78.10
78.33
78.68
79.74
79.49
79.91
79.51
76.62
75.14
74.91
73.55
72.15
71.60
70.85
71.18
70.73
70.02
69.66
69.34
68.77
68.91
69.54
72.52
76.06
77.79
79.93
82.09
79.72
80.84
79.37
78.92
76.34
76.22
74.19
74.61
73.71
71.72
70.62
70.84
71.09
69.92
68.10
68.31
70.38
68.07
69.25
71.49
74.87
81.84
82.64
79.43
79.51
79.18
79.69
79.52
78.61
77.87
77.67
73.58
71.55
71.71
71.77
71.18
69.21
68.34
68.41
68.17
68.52
67.72
68.21
69.13
63.18
61.11
62.91
61.19
61.43
62.72
61.40
22.29
20.86
20.39
19.61
16.60
14.80
14.11
14.13
14.05
13.79
13.51
13.65
13.80
13.97
13.63
13.48
13.55
14.49
14.88
15.86
15.97
16.00
16.87
16.77
16.22
16.67
16.50
15.73
15.25
15.62
13.84
14.05
14.15
13.80
13.60
13.73
13.82
13.79
13.69
13.83
13.59
15.32
15.17
15.50
15.64
16.16
16.29
16.49
15.67
15.42
16.13
15.20
15.70
14.64
14.72
14.89
14.84
13.77
13.69
13.51
13.52
13.83
13.87
13.88
13.56
15.92
18.62
23.36
22.66
22.57
21.78
22.05
20.82
19.21
15.58
15.44
15.39
14.53
13.96
13.83
13.95
13.07
13.73
13.24
13.05
13.54
13.42
13.26
13.78
20.58
43.13
42.87
43.35
45.03
44.83
44.99
46.47
44.74
39.46
38.51
37.09
36.65
36.11
36.27
35.66
35.15
35.66
35.23
34.33
34.29
33.91
34.15
36.13
38.82
40.71
41.78
40.70
64.39
67.96
65.66
66.00
60.61
58.05
58.38
59.60
57.81
59.38
59.52
58.29
58.89
59.57
58.99
58.10
58.77
58.60
58.13
58.91
62.10
63.92
62.66
62.96
63.72
62.85
62.63
61.61
60.59
58.68
56.03
55.99
55.70
54.70
54.47
54.21
53.77
52.78
53.13
52.30
52.20
52.00
52.11
53.26
62.64
63.05
63.33
62.90
63.98
64.86
65.78
65.53
62.61
60.52
58.16
57.01
56.91
54.83
54.25
53.72
53.36
53.52
52.52
51.52
51.81
51.46
52.29
53.27
53.15
54.55
55.98
58.36
59.68
60.72
61.36
61.58
61.66
61.33
59.04
58.59
57.21
56.15
55.45
54.99
53.80
53.07
53.40
52.49
52.91
52.19
52.90
53.75
54.50
56.16
57.02
58.30
58.55
59.76
59.77
59.21
60.16
58.57
58.14
58.06
55.98
56.91
56.19
55.50
54.56
54.91
54.31
53.79
53.36
53.31
53.35
53.62
53.49
54.38
54.19
55.01
56.70
56.99
56.70
58.00
56.98
56.28
56.15
55.86
54.55
53.73
53.22
53.12
52.45
51.48
51.62
51.28
50.53
54.57
54.50
57.21
54.80
79.68
79.35
80.85
83.88
82.16
83.51
85.12
81.44
80.63
76.99
72.45
71.06
70.08
69.00
69.08
68.62
68.71
68.04
67.38
67.29
66.43
67.81
68.56
71.18
75.23
78.95
80.65
81.36
84.07
84.23
84.79
83.53
81.76
76.85
75.02
73.73
72.77
72.00
71.60
70.28
69.87
69.43
68.89
69.81
72.72
73.37
75.76
77.15
83.36
84.49
84.69
85.27
85.76
86.23
87.04
81.84
79.56
80.13
77.53
75.90
74.99
73.68
73.87
73.36
71.64
70.90
70.24
70.51
69.18
70.51
72.27
76.90
80.03
83.77
85.42
85.83
86.93
87.57
87.52
84.67
83.82
82.86
78.91
75.95
75.77
74.64
73.39
72.52
71.53
70.78
70.15
68.58
68.90
69.96
71.65
74.08
75.26
75.94
79.69
80.83
82.21
83.30
82.82
83.35
82.39
80.89
79.38
77.13
76.72
75.84
74.49
73.81
73.53
72.04
71.82
71.52
71.46
71.30
73.80
75.11
76.19
78.44
79.37
81.31
82.55
84.04
82.51
80.52
79.57
78.49
77.76
78.73
77.01
76.09
74.45
73.34
72.38
72.38
71.78
70.30
70.61
71.46
74.10
75.90
80.79
83.38
84.63
86.22
87.42
88.68
79.47
72.92
71.84
68.26
65.42
64.13
61.45
60.31
58.80
57.93
57.86
56.82
55.49
55.30
55.65
55.86
58.33
62.69
66.46
68.86
69.32
51.99
48.39
63.54
63.41
39.33
24.74
21.33
18.16
16.73
17.19
15.52
15.62
13.15
12.24
12.17
11.89
11.50
11.60
11.68
12.91
23.63
23.94
28.50
27.62
29.10
54.03
48.19
43.75
29.47
25.79
23.36
19.53
18.39
18.05
16.59
15.30
15.95
15.25
14.50
13.50
12.43
12.13
13.20
15.24
22.60
25.90
27.34
26.41
29.10
29.96
32.17
32.02
43.42
65.72
70.68
30.47
21.37
19.52
18.54
17.64
15.92
15.73
15.15
14.35
13.69
13.89
14.19
15.54
18.43
21.92
26.18
29.31
27.82
29.83
30.23
30.84
29.67
26.76
24.91
20.56
18.29
16.97
15.75
16.12
14.57
14.87
12.80
13.38
12.46
11.21
11.26
12.49
15.24
16.97
17.51
19.57
20.64
21.07
21.88
21.85
21.48
22.29
20.73
19.52
17.96
17.42
16.81
14.76
13.96
13.43
13.95
12.79
11.99
11.51
12.21
12.30
14.13
15.22
18.38
18.31
20.59
22.79
23.74
24.31
23.16
23.18
21.52
19.86
17.73
17.11
17.57
15.48
15.18
14.36
14.91
14.10
13.13
13.41
13.46
17.21
23.24
27.84
30.61
30.15
31.17
32.83
33.70
33.14
28.66
27.14
26.31
24.65
23.94
24.46
23.96
22.16
21.44
20.60
16.71
16.67
16.03
16.23
17.41
19.98
29.19
26.27
31.82
29.87
30.99
32.99
33.63
32.67
30.05
28.24
24.37
23.16
21.90
23.12
21.85
20.56
20.20
15.97
14.08
12.17
11.74
12.07
12.80
21.71
24.80
26.89
29.74
31.53
32.58
33.48
33.25
32.33
28.52
26.23
24.74
24.73
23.88
22.54
21.93
21.74
21.84
16.93
13.49
12.96
12.29
12.94
14.15
20.54
25.63
26.48
26.70
28.94
28.34
31.49
30.61
30.33
29.98
27.77
24.86
23.51
22.57
22.93
21.90
16.69
14.89
16.21
14.17
13.43
13.16
13.77
13.91
15.73
21.93
26.41
26.17
28.24
29.93
29.81
29.35
30.32
26.45
24.26
23.33
22.25
22.62
19.13
15.34
16.08
15.40
14.14
12.70
12.00
11.48
11.22
11.58
16.46
18.85
17.98
19.56
22.15
24.20
23.74
23.79
24.28
25.27
24.33
22.95
19.45
16.89
17.57
16.81
15.77
14.77
14.88
13.54
13.70
13.49
13.42
13.50
14.18
16.43
17.33
18.89
19.86
22.48
23.49
23.43
24.14
24.72
24.62
22.01
20.03
19.34
18.87
16.84
16.40
16.04
15.23
14.96
13.78
13.26
13.72
13.62
15.20
20.94
23.15
25.64
27.24
28.90
29.34
29.14
28.92
26.58
25.49
24.23
23.83
23.49
23.48
22.45
18.54
17.28
17.57
16.22
15.14
15.17
14.91
15.20
16.32
20.51
21.85
23.48
26.67
27.72
28.00
28.58
28.84
24.94
23.68
22.59
21.72
19.24
16.77
16.35
15.59
14.56
13.63
13.18
12.62
12.08
12.38
13.02
15.36
20.52
21.74
23.75
26.32
27.46
28.62
26.29
24.22
24.25
24.59
23.59
22.28
21.68
22.10
21.04
19.94
20.03
19.33
19.29
15.42
11.62
11.36
11.66
21.67
68.42
65.82
71.58
69.06
69.74
69.93
72.80
73.14
71.85
68.42
66.35
65.81
64.73
63.81
62.98
62.93
61.61
60.83
61.16
53.99
52.94
54.46
53.20
61.20
65.61
70.16
68.64
68.72
70.79
73.23
44.71
36.05
32.54
29.12
26.65
24.02
23.39
23.44
21.89
20.18
19.67
17.99
13.26
13.17
12.85
12.49
12.92
19.99
21.21
21.82
21.78
21.84
23.74
24.21
23.14
23.65
24.27
24.94
23.64
22.21
21.61
22.42
21.18
20.88
20.19
13.73
12.61
12.13
12.37
12.28
12.04
17.63
19.76
20.34
21.24
22.83
22.40
22.85
23.25
25.06
24.33
23.19
23.09
23.51
22.21
20.94
20.77
20.13
16.59
15.18
15.09
14.69
13.67
12.06
11.85
16.70
23.38
25.49
27.06
25.71
26.11
28.76
29.03
28.90
25.65
23.86
24.22
22.65
21.74
21.18
21.44
19.74
16.33
16.35
15.48
13.96
14.42
14.22
18.09
17.89
26.71
23.94
21.01
23.73
27.61
28.88
27.79
30.38
31.20
30.37
23.98
19.80
19.07
18.80
15.62
16.09
13.86
13.10
12.11
12.47
11.86
11.87
12.10
12.48
20.78
24.28
27.27
28.09
23.49
25.95
26.46
28.60
24.60
22.90
20.82
20.22
18.70
17.74
17.27
16.32
17.89
15.38
13.26
12.64
11.95
13.97
14.44
13.80
20.42
25.26
24.62
26.19
27.22
27.89
29.76
30.59
26.01
24.77
23.89
23.36
18.70
15.58
17.00
16.22
15.73
15.95
15.65
12.89
12.55
12.23
12.65
14.47
21.82
23.79
25.30
56.45
71.31
39.71
45.73
72.71
80.86
57.95
39.19
43.55
72.93
74.25
38.49
31.41
46.00
66.83
60.48
26.42
29.94
56.88
67.51
50.87
35.85
44.74
76.07
79.06
41.86
40.09
59.02
78.32
71.35
38.33
40.63
67.61
76.85
55.71
37.77
42.02
69.04
71.01
35.29
31.72
47.53
68.19
61.93
29.73
34.73
65.30
75.72
55.74
39.76
47.22
78.49
80.09
46.18
41.59
56.19
76.25
69.72
32.32
34.52
61.72
70.85
49.31
30.45
36.35
65.85
67.87
33.72
34.09
55.75
78.49
72.70
40.42
46.28
74.27
85.03
63.52
44.22
48.51
75.50
75.65
39.32
33.83
49.25
69.38
60.98
27.67
28.59
57.49
65.54
46.82
29.72
39.38
70.96
78.48
47.17
45.20
61.13
82.47
73.51
37.98
40.60
68.46
77.09
54.13
35.28
41.99
66.73
67.44
33.45
29.38
45.23
64.99
58.60
24.98
28.49
59.41
75.20
56.08
41.14
47.06
78.86
81.31
47.12
61.37
75.51
95.81
87.55
52.72
55.14
82.74
90.94
67.35
46.07
51.37
81.05
83.12
47.80
44.15
62.58
84.19
79.62
48.19
52.54
82.63
92.90
71.88
54.47
60.74
91.20
92.61
58.25
55.30
70.41
89.73
79.43
45.59
47.58
74.61
83.31
61.54
43.31
49.70
80.13
84.68
54.41
55.94
73.63
95.23
89.18
56.07
59.69
87.64
93.63
71.59
54.24
60.96
89.36
91.51
56.62
51.95
66.95
87.63
80.15
45.26
47.19
75.06
85.59
65.23
49.52
57.54
87.68
90.82
58.40
55.75
71.67
92.38
85.71
52.63
55.10
80.96
92.10
70.22
52.76
56.79
85.15
87.80
52.82
49.53
64.09
85.27
79.98
47.77
53.11
81.93
91.94
71.44
54.51
60.58
91.06
92.98
58.60
55.22
70.63
90.69
80.03
45.92
48.04
74.89
83.12
60.77
42.63
47.84
76.91
73.19
63.06
34.79
40.64
50.34
85.06
84.05
83.88
83.39
84.04
83.76
99.74
115.05
114.91
113.43
113.60
112.83
112.66
110.55
104.35
104.17
103.94
104.18
103.01
103.51
76.65
65.95
77.51
77.77
81.55
79.91
79.72
79.97
80.49
82.32
79.72
76.09
74.84
75.30
73.73
71.43
71.09
70.32
70.25
69.13
68.96
67.12
67.16
66.93
66.44
69.85
74.84
77.96
78.79
79.43
79.67
79.68
79.75
79.83
78.97
75.80
75.50
75.61
75.00
73.21
74.77
71.84
74.58
72.41
74.39
72.87
73.52
73.49
74.42
73.99
76.41
77.72
76.17
79.57
89.89
83.57
115.76
116.82
78.90
76.14
75.50
75.17
76.07
75.42
74.11
75.22
75.21
74.39
74.04
74.64
74.26
72.41
75.01
78.23
81.08
81.25
82.13
80.53
80.03
81.06
80.45
79.95
78.35
76.78
75.95
75.95
75.66
75.05
75.35
75.52
75.01
75.20
75.51
73.70
73.60
74.26
74.80
75.34
76.30
76.66
76.42
76.74
77.48
76.72
76.20
77.37
76.90
76.25
76.78
76.22
75.84
76.61
75.50
75.14
75.17
75.18
74.52
74.50
75.02
74.56
74.71
75.57
75.84
76.19
76.11
77.48
77.38
77.00
77.74
77.28
76.74
77.01
75.81
76.55
76.14
74.96
75.25
75.33
74.49
74.54
74.92
74.76
74.93
73.40
73.84
75.83
78.46
79.25
81.33
81.32
81.88
81.92
80.37
81.08
78.27
76.81
77.57
76.36
74.83
75.44
74.84
74.37
74.88
74.30
73.68
73.67
74.17
73.74
74.06
77.58
78.99
79.08
79.70
80.58
80.21
80.10
81.02
80.28
76.94
76.66
76.17
75.30
75.53
75.60
74.35
74.53
74.95
74.33
73.52
73.62
73.26
72.98
74.12
77.51
78.63
79.04
79.95
77.11
67.34
67.18
66.68
65.89
63.32
62.42
61.48
60.97
61.63
61.22
60.62
60.60
60.94
59.99
59.59
60.31
59.74
62.40
59.37
65.68
66.26
65.28
65.93
66.05
66.19
66.26
67.10
65.50
63.32
62.55
61.63
60.66
60.71
61.05
59.92
59.83
59.97
60.04
59.15
57.42
52.54
45.55
47.96
37.50
29.12
30.32
31.10
31.59
33.24
33.30
49.33
63.46
65.20
62.21
61.12
61.79
61.04
60.32
59.81
60.33
58.85
56.63
54.59
51.93
43.55
43.89
35.61
21.77
23.51
23.73
25.60
27.49
27.36
27.00
27.68
29.65
28.07
26.59
26.97
26.01
24.50
23.68
24.70
22.75
20.50
21.03
20.44
19.35
19.01
19.93
21.18
21.73
22.52
23.53
25.93
25.64
26.77
28.67
29.00
27.94
29.05
28.63
26.81
25.51
27.03
25.57
24.24
24.54
24.85
23.93
22.85
22.66
22.14
21.70
21.94
27.01
30.22
32.57
62.44
64.01
65.44
72.38
58.98
51.13
66.51
59.67
59.51
58.00
57.26
56.55
53.28
53.16
52.31
53.30
53.32
51.58
51.21
51.17
51.14
55.09
60.78
62.77
63.88
64.22
65.28
65.24
70.62
91.43
92.83
102.85
98.20
96.83
96.85
96.08
95.69
96.08
96.18
94.63
95.89
95.15
92.40
92.69
91.66
93.19
98.62
100.41
100.56
101.26
101.67
113.64
120.79
99.91
88.21
103.00
98.17
97.60
96.54
97.55
96.39
97.00
97.24
96.34
95.82
94.39
94.17
96.60
96.28
96.27
86.24
90.89
90.65
89.94
89.51
93.86
93.62
83.75
105.03
99.54
98.07
97.21
97.01
96.89
96.61
96.51
95.27
94.88
95.57
95.17
95.86
94.95
93.41
97.41
100.27
101.63
101.45
102.88
107.43
123.46
120.44
78.18
64.97
61.30
61.95
61.20
60.68
60.41
60.34
58.90
57.67
57.51
57.15
56.57
55.25
56.30
55.92
57.04
63.70
55.78
55.71
37.41
31.97
31.48
30.62
30.06
31.07
30.29
28.87
27.12
27.57
25.86
24.13
23.28
24.92
23.96
22.60
22.53
23.85
22.99
22.80
22.91
24.60
25.38
25.13
26.22
28.10
28.59
29.25
30.97
29.75
28.59
27.22
26.30
25.01
24.16
25.44
24.29
23.31
22.61
23.40
23.65
20.71
20.51
22.50
23.42
24.10
28.92
31.96
31.42
31.53
33.05
34.56
33.37
30.05
27.94
27.19
25.80
23.76
25.60
25.05
22.84
22.00
22.81
22.09
19.91
20.59
21.00
23.97
27.02
30.77
32.93
34.71
66.77
73.62
70.94
70.67
69.19
65.86
64.74
64.47
63.00
63.63
62.36
58.59
58.47
57.85
57.25
57.49
57.26
56.95
57.18
57.55
62.29
77.12
79.82
48.90
66.09
68.58
66.41
66.89
66.99
61.40
59.53
58.15
57.33
56.23
57.00
56.75
56.16
55.66
56.83
54.61
54.75
53.96
54.15
54.54
54.73
81.51
82.99
51.59
67.45
74.25
71.56
69.94
70.09
66.11
63.55
61.09
60.43
59.04
58.40
59.03
57.89
56.86
57.44
57.19
56.60
57.49
56.17
56.91
58.42
85.86
36.79
31.44
32.43
33.12
32.71
34.09
31.03
28.68
29.01
28.00
27.29
27.05
26.96
25.37
24.12
23.76
24.41
23.03
22.53
21.69
22.73
22.77
22.77
22.95
24.12
25.56
25.01
26.07
28.41
28.33
26.40
27.54
26.57
25.47
24.43
23.97
24.55
22.83
22.58
22.89
23.18
21.78
18.49
16.92
17.96
19.19
19.97
21.00
23.27
23.75
24.60
24.49
26.93
27.78
26.72
27.44
27.38
25.45
23.69
23.49
24.15
23.31
22.52
21.99
23.19
22.31
20.91
19.92
17.44
17.98
20.87
25.76
27.78
30.61
31.56
51.29
85.11
85.17
77.84
77.20
45.01
57.83
76.40
46.49
46.56
71.46
52.75
41.49
65.50
61.11
41.19
57.03
69.99
37.77
49.15
74.41
51.08
48.60
70.58
37.86
68.49
63.09
78.68
28.97
27.79
26.70
26.06
23.91
25.06
23.19
23.73
22.50
23.15
21.99
20.70
18.57
18.16
19.13
23.29
23.44
82.64
96.54
83.61
119.49
109.77
82.64
101.80
118.63
85.06
79.93
115.43
99.34
77.87
99.10
112.62
76.33
80.22
111.92
90.79
72.23
101.29
101.75
36.19
106.39
104.91
98.55
82.17
115.92
113.21
81.94
97.21
117.09
86.81
78.89
114.45
102.64
75.94
93.69
110.65
79.47
77.62
111.68
95.17
73.40
95.71
105.51
42.73
102.37
105.30
101.68
83.19
108.78
117.01
83.98
94.30
118.35
90.89
75.12
108.07
105.87
72.56
88.13
110.78
80.58
71.86
107.84
96.92
70.59
88.96
104.33
44.25
93.11
101.22
99.23
77.41
101.07
113.62
77.33
83.08
114.02
90.78
73.35
102.34
107.07
71.27
83.62
110.78
82.66
69.09
102.51
99.79
67.66
84.27
104.45
46.84
85.73
97.24
100.63
74.70
94.67
114.05
80.88
80.52
115.38
97.42
75.56
98.41
110.77
74.30
79.98
110.22
88.40
71.50
98.41
106.43
67.63
78.32
106.30
52.90
87.27
99.18
107.65
76.80
96.66
119.67
89.20
79.11
115.97
101.74
75.14
94.43
111.00
77.68
75.82
110.16
93.33
71.49
93.74
106.72
71.00
75.10
106.28
55.98
88.32
94.03
78.56
39.84
55.39
84.81
60.94
47.96
78.17
73.38
40.58
55.34
77.07
46.82
36.85
65.82
56.77
31.59
46.56
64.89
32.37
31.86
63.44
52.64
43.84
64.49
84.05
49.91
56.09
87.16
66.57
49.66
75.26
80.71
42.87
53.49
78.01
50.55
39.13
68.91
66.18
37.37
49.68
72.51
42.92
36.37
69.83
59.53
41.76
64.03
84.71
53.80
52.15
86.63
70.44
50.46
72.71
84.05
44.06
47.55
76.60
55.78
38.57
61.97
69.40
35.67
46.72
67.58
39.66
28.73
60.43
65.06
42.48
57.84
83.83
55.72
47.97
85.20
74.13
49.72
67.19
81.63
49.97
44.94
84.46
67.23
43.91
65.17
76.79
40.36
45.76
73.79
54.97
37.71
65.14
72.87
36.05
51.52
78.50
53.76
40.46
77.18
73.73
42.45
58.34
79.66
50.52
41.07
77.89
65.76
38.56
55.44
73.02
40.62
37.52
67.68
51.20
33.77
54.33
69.32
34.77
43.21
73.81
55.87
40.25
69.05
74.64
38.33
50.94
76.08
51.19
37.22
66.27
62.45
34.04
46.33
68.70
39.17
32.45
64.63
53.58
31.95
48.33
69.72
41.05
44.23
77.62
65.82
46.51
69.85
85.60
49.74
51.15
79.06
57.79
40.00
65.33
70.83
35.69
47.31
71.88
42.93
31.59
63.23
58.97
31.88
44.90
69.30
46.72
43.84
80.08
72.41
48.00
69.20
87.01
53.80
49.11
81.90
63.40
42.56
65.32
79.97
44.62
48.92
73.33
51.14
36.48
63.53
67.58
34.54
46.07
72.19
48.27
39.91
76.46
78.86
47.88
64.73
86.68
58.63
48.26
82.63
68.50
41.17
57.37
74.37
41.26
41.73
72.54
55.81
38.27
57.19
71.40
28.69
43.66
73.75
55.25
42.76
75.86
83.30
46.13
60.55
86.84
62.16
43.10
76.77
71.69
41.74
58.03
78.94
49.69
40.24
77.05
64.24
38.47
55.61
73.81
34.25
0.00
0.00
0.00
0.00
0.00
0.00
0.00
0.00
0.00
0.00
0.00
0.00
0.00
0.00
0.00
0.00
0.00
0.00
0.00
0.00
0.00
0.00
0.00
0.00
0.00
0.00
0.00
0.00
0.00
0.00
0.00
0.00
0.00
0.00
0.00
0.00
0.00
0.00
0.00
0.00
0.00
0.00
0.00
0.00
0.00
0.00
0.00
0.00
0.00
0.00
0.00
0.00
0.00
0.00
0.00
0.00
0.00
0.00
0.00
0.00
0.00
0.00
0.00
0.00
0.00
0.00
0.00
0.00
0.00
0.00
0.00
0.00
0.00
0.00
0.00
0.00
0.00
0.00
0.00
0.00
0.00
0.00
0.00
0.00
0.00
0.00
0.00
0.00
0.00
0.00
0.00
0.00
0.00
0.00
0.00
0.00
0.00
0.00
0.00
0.00
0.00
0.00
0.00
0.00
0.00
0.00
0.00
0.00
0.00
0.00
0.00
0.00
0.00
0.00
0.00
0.00
0.00
0.00
0.00
0.00
0.00
0.00
0.00
0.00
0.00
0.00
0.00
0.00
0.00
0.00
0.00
0.00
0.00
0.00
0.00
0.00
0.00
0.00
0.00
0.00
0.00
0.00
0.00
0.00
0.00
0.00
0.00
0.00
0.00
0.00
0.00
0.00
0.00
0.00
0.00
0.00
0.00
0.00
0.00
0.00
0.00
0.00
0.00
0.00
0.00
0.00
0.00
0.00
0.00
0.00
0.00
0.00
0.00
0.00
0.00
0.00
0.00
0.00
0.00
0.00
0.00
0.00
0.00
0.00
0.00
0.00
0.00
0.00
0.00
0.00
0.00
0.00
0.00
0.00
0.00
0.00
0.00
0.00
0.00
0.00
0.00
0.00
0.00
0.00
0.00
0.00
0.00
0.00
0.00
0.00
0.00
0.00
0.00
0.00
0.00
0.00
0.00
0.00
0.00
0.00
0.00
0.00
0.00
0.00
0.00
0.00
0.00
0.00
0.00
0.00
0.00
0.00
0.00
0.00
0.00
0.00
0.00
0.00
0.00
0.00
0.00
0.00
0.00
0.00
0.00
0.00
0.00
0.00
0.00
0.00
0.00
0.00
0.00
0.00
0.00
0.00
0.00
0.00
0.00
0.00
0.00
0.00
0.00
0.00
0.00
0.00
0.00
0.00
0.00
0.00
0.00
0.00
0.00
0.00
0.00
0.00
0.00
0.00
0.00
0.00
0.00
0.00
0.00
0.00
0.00
0.00
0.00
0.00
0.00
0.00
0.00
0.00
0.00
0.00
0.00
0.00
0.00
0.00
0.00
0.00
0.00
0.00
0.00
0.00
0.00
0.00
0.00
0.00
0.00
0.00
0.00
0.00
0.00
0.00
0.00
0.00
0.00
0.00
0.00
0.00
0.00
0.00
0.00
0.00
0.00
0.00
0.00
0.00
0.00
0.00
0.00
0.00
0.00
0.00
0.00
0.00
0.00
0.00
0.00
0.00
0.00
0.00
0.00
0.00
0.00
0.00
0.00
0.00
0.00
0.00
0.00
0.00
0.00
0.00
0.00
0.00
0.00
0.00
0.00
0.00
0.00
0.00
0.00
0.00
0.00
0.00
0.00
0.00
0.00
0.00
0.00
0.00
0.00
0.00
0.00
0.00
0.00
0.00
0.00
0.00
0.00
0.00
0.00
0.00
0.00
0.00
0.00
0.00
0.00
0.00
0.00
0.00
0.00
0.00
0.00
0.00
0.00
0.00
0.00
0.00
0.00
0.00
0.00
0.00
0.00
0.00
0.00
0.00
0.00
0.00
0.00
0.00
0.00
0.00
0.00
11.47
28.83
29.90
27.78
22.14
20.79
21.73
19.42
18.07
18.31
18.52
19.07
19.05
18.36
17.20
17.85
17.55
18.03
19.12
23.82
26.38
27.14
27.78
28.26
27.33
28.42
29.13
26.70
21.74
21.66
21.49
19.97
17.80
18.41
19.68
18.56
17.05
17.66
16.93
17.54
16.70
16.33
17.56
20.55
25.37
26.88
26.93
27.35
28.33
27.73
26.68
24.25
20.84
19.72
19.10
17.25
17.01
18.12
16.61
15.73
16.25
14.25
15.91
14.74
13.51
14.05
15.90
17.84
20.78
23.74
23.77
26.13
27.93
27.98
27.43
26.45
22.61
21.81
19.54
18.00
16.55
16.44
16.48
15.11
14.51
14.60
13.23
14.31
13.45
13.32
14.04
20.04
24.36
25.19
26.57
27.60
29.12
37.93
38.90
30.82
27.83
25.13
24.70
24.26
22.88
22.33
20.10
18.96
20.69
19.10
18.97
18.49
19.15
19.07
19.33
19.44
20.44
20.42
22.59
23.40
23.44
25.00
23.18
22.46
19.57
18.97
18.72
19.22
19.03
17.97
17.21
17.09
17.59
17.13
16.72
15.87
16.04
16.07
18.18
17.32
17.31
19.16
20.41
21.56
21.68
20.88
21.77
21.72
21.28
19.96
19.16
18.94
19.29
18.93
17.64
16.97
16.62
17.35
17.22
16.33
15.95
16.52
21.65
28.12
30.50
31.54
34.58
32.25
29.14
27.18
28.47
32.94
23.46
18.27
16.11
16.72
16.74
16.88
15.07
14.19
13.48
14.60
14.44
12.89
12.96
13.09
15.08
20.97
22.13
23.04
24.76
25.57
26.94
26.06
25.97
22.14
19.96
18.53
17.27
16.51
16.11
16.97
15.66
14.47
13.98
14.06
14.51
14.66
13.45
13.73
14.84
21.39
27.81
28.67
29.66
29.16
29.71
31.55
29.98
29.00
24.77
22.06
21.71
21.39
18.78
16.21
16.90
18.13
17.29
14.80
14.74
14.21
15.13
14.79
15.99
18.55
23.34
26.30
29.79
30.61
32.09
32.51
29.96
24.12
22.20
19.83
18.29
17.33
17.28
16.09
15.85
15.01
14.92
14.81
13.92
12.58
12.61
12.83
13.76
19.65
22.04
25.68
32.93
33.40
30.99
30.04
34.78
28.21
23.52
21.03
17.86
17.83
16.66
15.46
14.60
14.97
12.96
13.02
13.87
12.25
11.96
14.05
14.78
13.44
14.72
15.84
16.70
17.86
18.23
18.91
18.07
18.72
18.04
16.97
15.39
15.30
14.31
14.28
13.36
12.82
12.17
12.18
12.56
12.41
11.62
11.49
12.57
12.95
14.09
15.43
16.45
19.02
19.67
19.32
19.91
19.63
19.28
17.48
16.96
16.05
16.61
17.81
17.92
17.25
16.29
15.66
14.64
14.12
14.56
15.01
15.64
20.24
26.89
27.56
32.57
31.56
34.11
25.04
21.80
21.67
16.54
15.16
14.31
13.93
13.38
13.25
13.49
13.00
11.81
12.01
11.75
11.33
12.48
11.43
11.98
14.51
16.68
18.61
21.55
21.47
22.42
23.79
24.75
23.68
17.31
14.26
13.48
13.31
13.27
13.89
11.90
12.31
11.43
11.94
12.25
11.70
11.80
11.12
14.61
16.83
19.31
19.67
19.68
20.38
23.38
23.95
24.29
19.67
15.75
15.05
15.61
15.01
14.68
13.24
13.85
13.47
15.00
13.03
12.16
11.74
11.75
13.49
13.58
16.04
25.01
43.79
44.31
47.78
47.45
45.54
46.17
42.87
38.51
36.37
35.97
35.80
35.12
36.62
35.28
34.85
33.59
34.05
34.26
34.17
33.26
33.13
33.86
36.29
42.47
44.36
43.03
62.11
58.39
44.67
45.32
44.43
43.25
36.10
37.24
35.11
34.19
33.79
33.58
33.85
33.39
32.22
31.61
31.17
30.64
31.49
31.77
32.64
33.97
34.95
37.35
38.65
38.24
38.77
38.50
38.17
38.09
37.10
36.89
36.05
35.15
35.80
34.30
33.95
33.77
33.21
33.29
32.30
31.96
32.23
32.03
34.05
36.07
36.07
37.15
37.92
38.53
39.36
39.70
37.75
36.47
36.61
37.59
34.91
34.01
33.21
31.91
32.51
32.62
30.98
30.63
30.16
29.80
29.31
27.58
39.35
40.91
42.24
41.88
39.66
42.84
43.07
41.68
38.47
36.29
34.65
35.08
34.01
32.47
31.52
30.88
31.13
30.06
29.17
28.79
28.78
28.16
28.04
28.48
32.98
42.48
37.09
41.12
42.06
42.66
43.80
42.62
41.17
33.44
31.89
31.23
30.29
30.02
29.45
28.95
28.67
28.68
28.00
28.27
28.33
27.65
28.37
30.81
36.44
42.09
47.01
40.87
39.91
43.88
44.08
42.20
41.82
40.48
37.69
35.03
31.82
30.25
29.59
28.78
29.25
28.48
29.04
27.76
26.87
26.80
26.96
29.98
34.86
37.43
32.50
41.20
70.23
60.64
71.45
53.98
74.31
49.03
64.80
49.95
51.39
13.55
13.83
13.28
11.93
11.19
11.94
11.77
11.33
10.98
9.95
11.20
44.53
109.54
115.64
121.11
111.97
130.14
107.22
134.53
107.12
122.46
75.00
70.33
68.10
67.63
66.40
66.08
65.15
65.82
64.06
63.85
62.27
62.19
62.20
64.41
65.27
65.69
66.87
69.33
70.86
71.50
70.68
70.08
69.92
70.44
68.69
67.15
66.05
65.12
65.68
64.36
64.04
62.52
62.55
62.35
62.29
61.85
61.25
62.69
62.93
66.54
76.74
76.44
74.14
73.38
73.14
73.97
73.04
70.77
70.31
70.30
64.64
63.34
62.85
62.29
61.28
62.37
62.39
61.84
61.29
61.12
60.50
61.82
67.30
70.45
78.05
74.72
61.02
65.89
90.56
123.46
113.67
122.21
101.00
114.87
96.85
113.51
96.23
110.06
95.32
113.29
94.38
111.87
92.82
112.28
93.30
113.77
101.02
119.12
71.84
96.61
131.71
110.06
126.70
106.84
124.61
98.25
116.44
95.48
110.78
90.96
106.97
89.60
106.24
89.12
104.50
87.80
102.82
87.81
102.85
60.35
56.14
60.32
62.91
64.55
66.03
66.91
66.93
67.82
63.79
59.97
56.58
56.19
54.77
53.98
54.13
52.36
53.10
52.31
50.44
50.03
49.94
49.77
49.75
53.40
58.96
60.74
60.17
48.63
48.42
47.75
47.57
55.64
59.14
55.10
52.44
51.06
50.87
49.34
49.55
49.48
49.45
48.87
48.72
48.47
48.79
48.42
48.45
48.74
52.31
54.94
59.00
60.80
59.60
58.76
59.21
60.84
59.58
56.34
55.43
54.63
52.47
49.60
49.76
49.00
49.26
48.54
48.79
48.64
48.51
48.39
48.80
48.81
48.90
48.76
50.01
51.49
51.75
53.97
54.06
54.82
53.66
52.84
51.91
51.09
51.08
50.23
49.88
49.21
49.19
48.76
48.85
48.98
48.73
48.74
48.75
48.98
48.57
48.37
50.43
51.45
51.82
53.79
55.67
54.12
54.27
52.93
52.49
51.09
51.22
50.28
50.49
49.72
48.83
49.22
48.89
48.78
48.17
48.22
19.98
25.43
24.47
27.54
19.03
23.36
22.37
22.11
27.56
38.63
33.73
29.06
28.03
27.47
28.21
26.26
26.47
24.79
25.15
24.03
23.53
23.22
23.41
23.88
23.26
25.36
32.27
42.38
41.96
43.07
42.83
43.97
44.20
44.26
40.82
33.53
32.27
31.34
30.74
30.46
28.44
27.37
27.05
27.46
26.48
26.12
26.10
24.81
25.74
29.13
33.69
27.79
23.84
25.56
26.52
27.63
26.85
25.68
25.99
21.30
21.00
18.05
16.05
16.23
15.35
15.40
15.59
14.21
13.15
14.70
12.93
12.73
12.38
14.62
14.56
19.63
22.04
25.23
22.99
24.07
23.50
21.01
18.84
14.98
13.93
13.77
13.01
12.29
11.98
11.26
11.04
10.29
9.69
10.07
9.60
9.41
9.31
9.98
13.06
16.69
18.57
20.26
20.67
19.42
19.62
18.72
16.81
19.06
20.19
19.22
17.37
13.49
13.19
12.85
12.84
12.73
12.65
12.74
9.61
9.15
9.22
9.30
9.89
10.18
10.88
12.50
16.22
19.29
21.24
20.40
20.82
17.61
15.45
15.06
13.88
10.66
10.01
10.05
10.05
9.91
9.25
9.21
9.28
9.18
9.18
9.27
9.76
10.24
10.32
10.52
10.79
12.67
15.85
17.98
18.71
16.73
15.41
13.92
13.46
10.96
9.96
9.19
9.20
9.23
9.28
9.16
9.14
9.17
9.23
9.26
13.34
24.39
15.91
14.86
15.48
16.92
17.95
17.80
16.89
11.54
11.01
10.53
10.20
10.24
10.14
10.18
10.15
10.29
10.20
10.24
9.43
9.32
9.47
9.52
12.60
13.63
14.14
15.55
17.96
19.33
20.88
21.73
20.62
17.13
14.77
12.44
11.96
11.44
11.43
11.19
11.13
10.82
10.74
10.78
10.71
10.78
10.83
12.90
17.36
19.03
16.76
18.88
22.63
26.45
26.23
25.29
23.08
15.39
12.07
11.24
11.17
10.02
9.81
9.73
10.12
9.47
9.47
9.33
9.30
9.27
10.76
15.64
20.47
32.07
34.99
27.69
27.38
30.78
22.05
21.57
20.58
17.61
15.96
14.81
14.59
14.12
13.42
13.44
12.79
11.97
12.18
11.56
10.49
11.91
12.46
10.86
19.23
24.98
14.72
14.38
15.08
15.59
14.42
14.69
22.07
20.71
18.66
17.64
17.58
17.49
16.96
16.67
14.93
13.52
13.42
13.27
13.29
13.11
12.94
13.32
13.69
13.96
14.07
14.21
14.46
14.41
14.39
14.29
14.30
13.75
13.63
13.39
13.34
13.22
13.24
13.23
13.11
13.09
13.09
13.08
13.12
13.08
13.01
13.32
13.79
13.95
14.26
14.40
14.54
15.02
14.77
14.76
14.51
14.31
14.25
14.21
14.05
14.17
13.94
13.81
13.75
13.68
13.40
13.11
12.93
12.89
12.86
13.09
11.54
12.76
14.93
17.76
13.83
12.72
12.99
12.44
11.04
8.58
8.51
8.57
8.52
8.45
8.45
8.42
8.47
8.46
8.41
8.35
8.23
8.17
8.20
8.22
9.15
15.82
20.53
14.85
14.35
13.02
13.54
12.21
9.13
8.29
8.24
8.33
8.25
8.28
8.36
8.26
8.28
8.28
8.16
8.32
8.28
8.22
8.25
8.53
9.57
19.27
24.54
36.10
33.96
14.59
18.00
29.29
19.97
11.11
11.08
11.79
11.24
10.24
10.25
10.41
10.67
10.19
10.15
10.02
10.06
9.97
10.04
10.07
11.05
51.11
61.60
64.76
49.11
53.25
54.33
53.99
51.48
49.13
48.65
48.53
48.52
48.49
48.59
48.60
48.69
48.61
48.68
48.46
48.49
48.43
48.43
30.54
13.93
20.40
14.65
14.93
15.20
17.01
17.78
15.64
13.60
12.66
12.32
10.65
8.69
8.72
8.62
8.62
8.64
8.71
8.62
8.58
8.57
8.53
8.52
8.61
9.19
19.78
16.53
14.31
13.10
13.38
11.22
10.14
10.42
11.33
11.47
11.48
11.51
11.45
11.70
12.04
11.44
12.22
12.35
13.07
12.32
12.05
12.43
12.60
12.15
12.26
12.37
11.85
9.78
9.76
9.35
9.23
9.16
8.97
10.30
10.62
9.16
9.08
9.12
9.13
9.17
9.14
9.09
9.04
8.99
8.93
8.93
9.76
14.25
16.94
13.78
14.44
29.35
31.08
16.27
18.57
15.16
8.79
8.78
8.87
8.78
8.78
8.76
8.82
8.80
8.84
8.75
8.74
8.73
8.71
8.85
10.95
12.20
13.00
13.78
13.69
13.44
13.24
13.19
24.91
26.06
23.22
23.25
23.21
23.27
23.15
23.15
23.26
23.18
23.25
23.24
23.18
23.19
23.73
25.55
28.59
32.16
32.96
33.51
29.50
30.47
44.64
45.33
46.28
42.30
35.44
31.22
30.29
30.11
29.89
29.85
29.80
30.20
29.67
29.59
29.62
29.53
29.23
28.55
27.78
35.65
44.55
42.24
38.19
36.74
38.40
41.26
43.68
36.63
30.54
29.85
29.55
29.53
29.55
29.40
29.47
29.45
29.41
29.36
29.41
29.16
28.97
29.03
29.55
33.29
34.76
71.78
79.09
78.18
78.06
77.62
76.86
73.85
72.44
72.19
72.25
71.84
71.59
71.65
71.61
71.63
71.30
71.16
71.27
71.07
70.89
70.95
71.63
72.74
75.62
75.90
74.67
74.43
74.18
74.00
73.50
73.24
72.88
72.59
72.38
72.23
71.80
71.62
71.90
71.94
71.61
71.63
71.69
71.46
71.53
71.58
72.02
74.35
75.64
76.24
74.30
74.36
74.34
73.93
73.90
73.37
72.99
72.81
72.53
72.11
71.97
71.88
71.95
71.47
70.10
71.36
71.45
71.17
70.97
70.95
71.44
74.88
76.66
76.08
75.92
74.11
73.96
74.00
73.86
73.29
72.66
72.67
72.21
71.71
71.48
71.67
71.36
71.07
71.11
71.30
71.34
71.51
71.18
72.80
76.89
82.22
83.29
80.69
81.80
79.39
79.05
77.30
76.12
74.55
72.33
71.86
71.63
71.33
71.14
71.09
70.81
70.89
70.85
70.18
69.91
69.47
69.55
69.46
69.54
74.40
67.54
29.24
36.91
36.92
35.57
41.89
67.49
81.73
78.91
77.12
71.45
70.94
70.95
70.94
70.63
70.75
69.62
69.60
68.07
66.51
65.59
63.95
65.94
74.34
80.63
75.73
82.83
78.47
77.27
77.41
77.10
75.06
72.22
71.79
71.45
71.58
71.19
71.21
70.67
68.15
66.62
66.63
66.31
65.73
65.66
65.44
68.00
69.21
38.80
32.89
34.26
32.07
32.62
32.28
32.41
29.68
26.35
26.48
25.45
25.46
25.44
24.66
24.76
25.19
24.42
24.59
24.24
23.67
24.14
23.70
23.58
23.60
24.14
24.96
28.72
29.13
28.92
27.12
27.26
26.70
25.77
26.05
25.63
25.07
24.58
24.71
24.68
24.03
23.76
23.74
23.73
23.77
23.78
23.82
23.69
27.52
27.16
31.02
32.11
31.63
30.50
30.29
28.82
28.58
27.46
26.60
26.73
26.15
26.13
25.65
25.65
25.16
25.26
24.68
24.80
24.18
24.15
24.89
23.90
52.82
69.26
67.06
61.07
60.60
62.16
65.37
82.54
77.71
72.62
71.77
71.55
71.34
67.88
66.19
65.80
65.84
65.96
65.77
65.75
65.80
65.71
68.73
72.77
73.31
80.89
93.10
86.33
80.41
82.63
81.52
81.20
81.63
79.19
76.99
76.63
75.15
74.15
74.29
73.98
74.06
73.54
72.75
73.46
73.25
72.58
73.53
73.90
76.74
80.93
87.15
87.42
86.71
85.95
81.92
83.66
78.56
77.21
78.54
79.83
77.72
78.56
78.62
75.71
76.25
76.48
77.18
74.96
76.27
74.52
73.24
75.91
80.67
80.44
80.23
80.95
79.10
81.67
77.25
73.43
53.66
42.41
36.30
39.03
35.37
36.96
37.08
36.15
36.06
37.11
35.38
36.34
36.63
36.25
36.73
36.44
35.13
34.57
23.38
19.13
22.94
27.35
51.10
31.16
32.45
26.72
24.78
23.41
23.15
23.05
23.12
23.23
23.23
23.27
23.35
23.16
22.96
23.00
22.84
23.79
31.39
31.63
32.36
30.67
29.80
30.04
28.71
28.83
28.11
28.09
28.31
28.55
29.03
30.12
30.37
28.99
29.06
30.37
31.43
31.72
31.65
30.25
31.17
31.57
31.29
29.56
32.02
29.49
27.37
27.15
29.39
27.65
28.89
27.85
27.64
28.57
28.97
29.05
30.62
29.07
29.39
31.39
31.78
29.19
30.40
31.18
31.14
30.92
28.36
28.65
27.39
27.10
27.16
26.77
26.87
26.33
26.00
23.36
22.52
22.43
22.56
22.68
22.64
22.78
22.80
22.76
23.09
22.82
22.78
22.74
22.76
22.76
23.51
27.03
27.80
27.95
27.94
27.79
27.37
25.28
22.79
22.63
22.67
22.72
22.75
22.75
22.81
22.82
22.90
23.21
22.85
22.80
22.82
22.77
22.56
22.12
24.72
26.51
28.08
25.92
26.13
25.68
25.10
23.38
22.07
21.90
22.14
22.07
22.05
22.19
22.17
22.24
17.58
16.37
22.41
22.34
22.37
22.29
22.25
23.04
22.27
22.05
22.12
22.04
22.01
22.13
22.00
22.28
22.15
22.13
22.26
22.03
22.23
22.21
22.29
22.40
22.39
22.86
22.82
22.34
22.17
22.23
22.23
22.11
22.13
22.54
22.68
22.81
22.72
22.78
22.64
22.70
22.52
22.57
22.72
22.67
22.93
22.85
22.70
22.68
22.77
22.77
22.77
22.84
22.75
22.73
22.70
22.70
22.69
22.64
22.77
22.68
22.58
22.68
22.63
22.56
22.50
22.48
22.54
22.48
22.58
22.61
22.66
22.61
22.70
22.96
22.64
22.74
22.78
22.58
22.61
22.70
22.72
22.62
22.62
22.67
22.48
22.48
22.43
22.24
22.29
22.34
22.25
22.44
22.38
22.37
22.46
22.45
22.57
22.80
22.53
22.57
22.46
22.34
22.41
20.28
14.88
15.30
14.42
13.97
14.61
18.08
21.78
20.94
16.47
9.72
9.16
9.15
9.13
9.11
9.18
9.35
9.54
9.36
9.02
9.28
9.21
9.20
9.16
9.79
17.87
20.19
21.00
21.21
15.28
24.57
33.46
27.91
23.06
9.29
9.31
9.19
9.25
9.29
9.29
9.35
9.29
9.28
9.24
9.31
9.19
9.22
9.48
13.71
27.48
31.26
25.20
23.22
21.39
19.38
19.27
18.85
13.41
10.14
10.38
10.73
10.27
10.24
10.20
10.53
9.42
10.27
10.09
10.19
10.17
10.08
9.99
10.42
18.16
38.45
57.02
49.63
54.29
60.66
33.42
17.73
12.70
9.85
9.25
9.27
9.24
9.29
9.30
9.61
9.53
9.37
9.33
9.34
9.37
9.34
9.25
9.20
9.56
13.76
14.95
16.28
14.97
15.37
15.55
15.03
13.82
12.99
11.13
10.92
11.02
11.01
11.02
11.07
11.10
11.14
11.13
11.09
11.07
11.45
11.16
10.93
10.97
10.92
10.86
10.88
10.88
10.92
10.87
10.96
10.93
10.87
10.98
11.34
11.36
11.18
11.26
11.79
11.42
11.38
11.36
11.31
11.26
11.30
11.19
11.10
11.11
10.99
10.96
11.07
10.87
10.78
11.15
11.54
10.96
10.92
10.81
10.87
10.86
10.94
10.96
10.99
10.98
11.02
10.96
10.92
10.90
11.01
11.48
11.92
13.48
14.84
16.52
36.75
27.31
20.28
18.79
21.77
23.10
20.30
12.13
16.57
17.63
17.59
17.90
17.17
17.81
17.55
18.06
17.38
17.67
19.37
17.45
17.73
26.74
64.92
60.59
65.88
67.53
60.59
57.64
56.87
56.19
52.67
52.42
52.35
52.27
52.20
52.10
52.15
52.10
52.12
52.09
51.97
51.77
51.59
51.68
57.06
68.88
77.06
77.85
71.38
72.37
69.47
64.78
58.77
59.53
59.76
58.29
58.67
58.69
59.24
59.13
59.72
61.36
60.22
60.31
60.44
61.16
60.75
60.54
62.20
61.56
59.05
62.68
62.83
61.57
63.24
63.11
61.88
59.46
54.49
56.19
58.07
57.61
57.12
58.87
58.54
58.19
58.85
59.45
59.29
58.17
58.58
58.69
59.10
63.74
67.39
66.22
78.87
68.92
65.07
72.63
73.97
76.12
69.53
69.41
69.33
69.16
69.03
69.09
69.04
51.99
64.14
65.38
65.17
69.22
69.06
68.94
69.41
70.61
72.37
72.38
72.66
73.15
72.97
70.54
69.91
69.65
69.55
69.36
69.46
69.32
69.26
69.30
69.37
69.40
69.27
69.41
69.27
69.01
68.94
68.85
68.99
69.53
69.82
70.07
69.82
69.33
69.09
69.32
69.11
68.76
68.49
68.49
68.33
68.14
68.63
68.52
68.23
68.20
67.93
67.81
66.53
65.70
65.62
65.66
66.18
71.08
81.61
82.54
80.56
82.67
77.43
92.86
79.30
80.29
74.29
73.61
73.70
74.25
74.98
74.18
74.79
74.39
74.54
75.17
70.12
72.08
70.87
71.88
75.45
76.34
86.60
110.07
81.61
77.97
73.83
79.86
83.33
72.77
66.83
66.58
66.38
66.22
66.43
66.30
66.03
64.67
65.51
65.78
65.45
64.93
64.91
65.04
67.74
70.39
73.33
82.33
76.81
80.52
77.34
76.18
89.81
106.69
72.42
71.87
75.53
71.86
71.55
72.60
71.28
73.19
72.43
73.09
73.72
73.79
73.47
73.42
74.20
71.29
93.95
114.54
120.08
91.81
106.64
128.46
89.81
92.32
114.29
91.46
82.26
109.67
102.81
82.68
99.62
112.83
80.13
91.54
113.12
87.22
84.44
111.34
96.65
86.68
104.84
82.33
71.82
40.12
35.72
34.17
28.36
26.87
28.57
28.47
28.51
29.05
29.22
29.14
29.89
29.75
30.11
30.31
30.22
30.66
30.76
30.55
30.12
29.59
28.41
28.13
28.31
28.31
28.55
27.26
27.43
28.09
28.03
28.46
28.17
28.47
28.34
28.44
28.38
28.72
28.64
28.89
28.51
28.75
29.17
29.49
29.33
28.33
27.89
28.61
28.34
27.36
25.23
25.35
25.19
25.16
26.35
27.41
27.77
27.64
27.95
28.37
17.40
12.91
28.54
28.91
28.83
28.66
28.73
28.56
28.60
31.92
35.92
36.26
33.78
38.45
41.69
36.66
27.83
26.72
20.54
20.03
20.04
20.11
20.08
20.16
20.04
20.18
20.07
20.13
20.07
20.09
20.04
20.06
20.08
20.03
19.96
20.07
20.61
20.93
20.86
20.96
20.91
20.99
20.77
20.91
20.93
20.96
20.96
21.03
21.03
21.10
21.09
21.09
21.11
21.05
21.04
20.98
20.96
20.94
20.99
20.90
21.02
21.02
21.02
21.09
21.02
21.01
20.96
20.90
20.82
20.94
20.84
21.04
20.99
21.07
21.06
21.03
20.98
20.90
20.81
20.79
20.86
10.88
15.34
19.18
19.36
19.59
19.34
19.21
6.36
3.72
3.71
3.80
4.23
3.80
3.65
3.74
3.79
3.68
3.67
3.69
3.65
3.69
3.69
3.63
3.63
7.19
16.24
41.40
67.12
51.47
25.94
29.80
38.28
23.06
21.49
21.65
21.82
21.51
21.55
21.59
21.71
21.70
21.60
21.69
21.65
21.57
21.45
21.44
21.49
21.48
21.52
21.52
21.53
21.59
21.57
21.53
21.50
21.58
21.38
20.95
21.35
21.23
21.14
21.16
21.14
21.06
21.00
21.00
20.97
21.00
20.92
20.93
20.93
21.00
21.09
21.22
21.28
21.25
21.21
21.27
21.30
21.23
21.03
20.97
20.94
20.97
20.99
21.10
21.06
21.02
21.00
21.00
20.91
20.83
20.81
20.83
20.80
23.38
25.87
33.44
45.82
67.09
80.25
43.44
53.45
77.93
51.47
28.40
28.45
27.74
28.05
28.01
27.93
27.98
27.95
27.62
27.25
27.20
27.20
26.51
27.10
27.18
28.72
37.51
54.55
69.15
52.28
45.09
68.58
58.33
23.66
12.47
12.51
12.37
12.70
13.19
