0.00
0.00
0.00
0.00
0.00
0.00
0.00
0.00
0.00
0.00
0.00
0.00
0.00
0.00
0.00
0.00
0.00
0.00
0.00
0.00
0.00
0.00
0.00
0.00
0.00
0.00
0.00
0.00
0.00
0.00
0.00
0.00
0.00
0.00
0.00
0.00
0.00
0.00
0.00
0.00
0.00
0.00
0.00
0.00
0.00
0.00
0.00
0.00
0.00
0.00
0.00
0.00
0.00
0.00
0.00
0.00
0.00
0.00
0.00
0.00
0.00
0.00
0.00
0.00
0.00
0.00
0.00
0.00
0.00
0.00
0.00
0.00
0.00
0.00
0.00
0.00
0.00
0.00
0.00
0.00
0.00
0.00
0.00
0.00
0.00
0.00
0.00
0.00
0.00
0.00
0.00
0.00
0.00
0.00
0.00
0.00
0.00
0.00
0.00
0.00
0.00
0.00
0.00
0.00
0.00
0.00
0.00
0.00
0.00
0.00
0.00
0.00
0.00
0.00
0.00
0.00
0.00
0.00
0.00
0.00
0.00
0.00
0.00
0.00
0.00
0.00
0.00
0.00
0.00
0.00
0.00
0.00
0.00
0.00
0.00
0.00
0.00
0.00
0.00
0.00
0.00
0.00
0.00
0.00
0.00
0.00
0.00
0.00
0.00
0.00
0.00
0.00
0.00
0.00
0.00
0.00
0.00
0.00
0.00
0.00
0.00
0.00
0.00
0.00
0.00
0.00
0.00
0.00
0.00
0.00
0.00
0.00
0.00
0.00
0.00
0.00
0.00
0.00
0.00
0.00
0.00
0.00
0.00
0.00
0.00
0.00
0.00
0.00
0.00
0.00
0.00
0.00
0.00
0.00
0.00
0.00
0.00
0.00
0.00
0.00
0.00
0.00
0.00
0.00
0.00
0.00
0.00
0.00
0.00
0.00
0.00
0.00
0.00
0.00
0.00
0.00
0.00
0.00
0.00
0.00
0.00
0.00
0.00
0.00
0.00
0.00
0.00
0.00
0.00
0.00
0.00
0.00
0.00
0.00
0.00
0.00
0.00
0.00
0.00
0.00
0.00
0.00
0.00
0.00
0.00
0.00
0.00
0.00
0.00
0.00
0.00
0.00
0.00
0.00
0.00
0.00
0.00
0.00
0.00
0.00
0.00
0.00
0.00
0.00
0.00
0.00
0.00
0.00
0.00
0.00
0.00
0.00
0.00
0.00
0.00
0.00
0.00
0.00
0.00
0.00
0.00
0.00
0.00
0.00
0.00
0.00
0.00
0.00
0.00
0.00
0.00
0.00
0.00
0.00
0.00
0.00
0.00
0.00
0.00
0.00
0.00
0.00
0.00
0.00
0.00
0.00
0.00
0.00
0.00
0.00
0.00
0.00
0.00
0.00
0.00
0.00
0.00
0.00
0.00
0.00
0.00
0.00
0.00
0.00
0.00
0.00
0.00
0.00
0.00
0.00
0.00
0.00
0.00
0.00
0.00
0.00
0.00
0.00
0.00
0.00
0.00
0.00
0.00
0.00
0.00
0.00
0.00
0.00
0.00
0.00
0.00
0.00
0.00
0.00
0.00
0.00
0.00
0.00
0.00
0.00
0.00
0.00
0.00
0.00
0.00
0.00
0.00
0.00
0.00
0.00
3.36
12.59
10.90
7.76
7.79
8.24
7.44
7.27
7.35
7.64
11.00
12.65
11.34
11.22
12.14
12.95
12.49
12.70
12.57
12.74
12.82
12.31
12.39
12.78
12.65
15.44
14.73
8.82
7.52
7.66
7.39
6.80
7.20
6.95
7.17
8.87
12.26
11.89
12.26
12.12
12.09
12.06
12.10
11.82
11.92
11.90
11.69
12.14
11.94
12.57
8.91
7.24
7.23
7.14
7.08
6.04
7.47
7.22
8.07
12.37
12.29
12.45
12.38
12.65
12.54
12.47
12.49
12.61
12.45
12.11
11.34
11.26
11.28
11.34
9.02
6.52
6.13
6.59
6.43
6.41
7.27
7.24
9.93
12.42
12.35
12.42
12.40
12.40
12.34
12.54
12.34
12.47
12.42
11.86
11.35
11.34
11.35
11.50
9.12
6.32
6.40
6.39
6.30
6.35
7.23
7.16
7.91
12.21
12.35
12.54
12.24
12.45
12.46
12.43
12.27
12.36
12.15
12.01
11.27
11.41
11.17
10.23
6.15
6.41
6.31
6.38
6.24
7.13
11.93
12.27
12.20
12.23
12.33
12.38
12.16
12.67
12.31
12.31
12.50
10.46
8.14
7.83
7.32
9.12
12.59
12.65
13.06
12.57
12.60
12.94
12.64
12.24
12.19
12.11
12.70
12.40
12.34
12.46
12.50
11.78
7.90
8.08
8.11
8.22
8.08
7.89
7.56
8.20
12.05
12.81
13.05
12.97
12.87
13.32
12.15
11.24
12.10
12.25
12.36
12.40
12.28
12.59
12.40
12.08
8.20
8.05
8.05
8.38
8.00
7.57
7.76
9.80
12.80
12.60
13.45
12.61
12.61
8.03
7.09
6.72
7.03
10.33
12.19
12.22
12.39
12.44
12.42
12.54
12.45
11.46
7.88
8.20
8.15
7.66
7.78
10.57
12.74
12.83
12.84
11.93
7.90
7.83
7.57
7.63
7.55
9.24
12.38
12.24
12.31
12.45
12.47
12.56
12.56
12.39
9.78
8.24
8.12
7.74
7.24
10.74
11.45
11.39
7.75
6.35
6.34
6.60
6.07
6.43
7.09
7.22
11.21
12.41
12.27
12.43
12.59
12.25
12.38
12.68
12.32
12.24
12.56
11.95
11.34
11.34
11.32
11.20
8.76
6.54
6.43
6.09
6.50
6.25
6.95
9.23
12.16
12.28
12.28
12.51
12.32
12.37
12.21
12.27
12.52
12.15
12.38
12.05
11.78
12.81
12.69
13.24
11.00
7.67
7.65
7.96
7.44
7.34
7.14
7.30
10.46
12.41
12.07
12.18
12.45
12.26
12.21
12.35
12.18
12.25
12.22
11.98
11.69
11.93
11.71
8.52
7.20
7.10
7.05
6.62
1.73
6.59
6.88
7.18
7.29
7.36
11.80
12.35
12.27
12.23
12.13
12.21
12.16
12.26
12.09
12.01
11.46
11.70
11.69
8.21
7.32
6.85
6.93
6.80
6.72
6.28
6.79
7.19
7.43
7.13
7.40
10.60
12.04
12.40
12.35
12.05
12.24
12.13
12.08
11.74
11.76
12.27
12.22
7.44
7.49
7.44
7.92
7.36
7.09
6.12
6.71
7.51
7.11
7.30
7.55
7.17
12.34
12.24
12.39
12.30
10.72
10.95
11.90
11.85
11.70
11.65
8.48
6.57
6.67
6.97
6.58
6.73
6.62
6.47
8.96
7.36
7.41
7.07
7.57
7.69
8.75
11.71
12.36
12.37
12.24
12.02
11.52
11.32
11.18
10.83
11.17
7.20
6.14
6.26
6.01
6.52
6.11
6.05
6.67
7.54
7.06
7.44
7.31
7.42
7.14
7.49
7.43
7.22
7.48
9.66
7.77
0.00
0.00
0.00
0.00
0.00
0.00
0.00
0.00
0.00
0.00
0.00
0.00
0.00
0.00
0.00
0.00
0.00
0.00
0.00
0.00
0.00
0.00
0.00
0.00
0.00
0.00
0.00
0.00
0.00
0.00
0.00
0.00
0.00
0.00
0.00
0.00
0.00
0.00
0.00
0.00
0.00
0.00
0.00
0.00
0.00
0.00
0.00
0.00
0.00
0.00
0.00
0.00
0.00
0.00
0.00
0.00
0.00
0.00
0.00
0.00
0.00
0.00
0.00
0.00
0.00
0.00
0.00
0.00
0.00
0.00
0.00
0.00
0.00
0.00
0.00
0.00
0.00
0.00
0.00
0.00
0.00
0.00
0.00
0.00
0.00
0.00
0.00
0.00
0.00
0.00
0.00
0.00
0.00
0.00
0.00
0.00
0.00
0.00
0.00
0.00
0.00
0.00
0.00
0.00
0.00
0.00
0.00
0.00
0.00
0.00
0.00
0.00
0.00
0.00
0.00
0.00
0.00
0.00
0.00
0.00
0.00
0.00
0.00
0.00
0.00
0.00
0.00
0.00
0.00
0.00
0.00
0.00
0.00
0.00
0.00
0.00
0.00
0.00
0.00
0.00
0.00
0.00
0.00
0.00
0.00
0.00
0.00
0.00
0.00
0.00
0.00
0.00
0.00
0.00
0.00
0.00
0.00
0.00
0.00
0.00
0.00
0.00
0.00
0.00
0.00
0.00
0.00
0.00
0.00
0.00
0.00
0.00
0.00
0.00
0.00
0.00
0.00
0.00
0.00
0.00
0.00
0.00
0.00
0.00
0.00
0.00
0.00
0.00
0.00
0.00
0.00
0.00
0.00
0.00
0.00
0.00
0.00
0.00
0.00
0.00
0.00
0.00
0.00
0.00
0.00
0.00
0.00
0.00
0.00
0.00
0.00
0.00
0.00
0.00
0.00
0.00
0.00
0.00
0.00
0.00
0.00
0.00
0.00
0.00
0.00
0.00
0.00
0.00
0.00
0.00
0.00
0.00
0.00
0.00
0.00
0.00
0.00
0.00
0.00
0.00
0.00
0.00
0.00
0.00
0.00
0.00
0.00
0.00
0.00
0.00
0.00
0.00
0.00
0.00
0.00
0.00
0.00
0.00
0.00
0.00
0.00
0.00
0.00
0.00
0.00
0.00
0.00
0.00
0.00
0.00
0.00
0.00
0.00
0.00
0.00
0.00
0.00
0.00
0.00
0.00
0.00
0.00
0.00
0.00
0.00
0.00
0.00
0.00
0.00
0.00
0.00
0.00
0.00
0.00
0.00
0.00
0.00
0.00
0.00
0.00
0.00
0.00
0.00
0.00
0.00
0.00
0.00
0.00
0.00
0.00
0.00
0.00
0.00
0.00
0.00
0.00
0.00
0.00
0.00
0.00
0.00
0.00
0.00
0.00
0.00
0.00
0.00
0.00
0.00
0.00
0.00
0.00
0.00
0.00
0.00
0.00
0.00
0.00
0.00
0.00
0.00
0.00
0.00
0.00
0.00
0.00
0.00
0.00
0.00
0.00
0.00
0.00
0.00
0.00
0.00
0.00
0.00
0.00
0.00
0.00
0.00
0.00
0.00
0.00
0.00
0.00
0.00
0.00
0.00
0.00
0.00
0.00
0.00
0.00
0.00
0.00
0.00
0.00
0.00
0.00
0.00
0.00
0.00
0.00
0.00
0.00
0.00
0.00
0.00
0.00
0.00
0.00
0.00
0.00
0.00
0.00
0.00
0.00
0.00
0.00
0.00
0.00
0.00
0.00
0.00
0.00
0.00
0.00
0.00
0.00
0.00
0.00
0.00
0.00
0.00
0.00
0.00
0.00
0.00
0.00
0.00
0.00
0.00
0.00
0.00
0.00
0.00
0.00
0.00
0.00
0.00
0.00
0.00
0.00
0.00
0.00
0.00
0.00
0.00
0.00
0.00
0.00
0.00
0.00
0.00
0.00
0.00
0.00
0.00
0.00
0.00
0.00
0.00
0.00
0.00
0.00
0.00
0.00
0.00
0.00
0.00
0.00
0.00
0.00
0.00
0.00
0.00
0.00
0.00
0.00
0.00
0.00
0.00
0.00
0.00
0.00
0.00
0.00
0.00
0.00
0.00
0.00
0.00
0.00
0.00
0.00
0.00
0.00
0.00
0.00
0.00
0.00
0.00
0.00
0.00
0.00
0.00
0.00
0.00
0.00
0.00
0.00
0.00
0.00
0.00
0.00
0.00
0.00
0.00
0.00
0.00
0.00
0.00
0.00
0.00
0.00
0.00
0.00
0.00
0.00
0.00
0.00
0.00
0.00
0.00
0.00
0.00
0.00
0.00
0.00
0.00
0.00
0.00
0.00
0.00
0.00
0.00
0.00
0.00
0.00
0.00
0.00
0.00
0.00
0.00
0.00
0.00
0.00
0.00
0.00
0.00
0.00
0.00
0.00
0.00
0.00
0.00
0.00
0.00
0.00
0.00
0.00
0.00
0.00
0.00
0.00
0.00
0.00
0.00
0.00
0.00
0.00
0.00
0.00
0.00
0.00
0.00
0.00
0.00
0.00
0.00
0.00
0.00
0.00
0.00
0.00
0.00
0.00
0.00
0.00
0.00
0.00
0.00
0.00
0.00
0.00
0.00
0.00
0.00
0.00
0.00
0.00
0.00
0.00
0.00
0.00
0.00
0.00
0.00
0.00
0.00
0.00
0.00
0.00
0.00
0.00
0.00
0.00
0.00
0.00
0.00
0.00
0.00
0.00
0.00
0.00
0.00
0.00
0.00
0.00
0.00
0.00
0.00
0.00
0.00
0.00
0.00
0.00
0.00
0.00
0.00
0.00
0.00
0.00
0.00
0.00
0.00
0.00
0.00
0.00
0.00
0.00
0.00
0.00
0.00
0.00
0.00
0.00
0.00
0.00
0.00
0.00
0.00
0.00
0.00
0.00
0.00
0.00
0.00
0.00
0.00
0.00
0.00
0.00
0.00
0.00
0.00
0.00
0.00
0.00
0.00
0.00
0.00
0.00
0.00
0.00
0.00
0.00
0.00
0.00
0.00
0.00
0.00
0.00
0.00
0.00
0.00
0.00
0.00
0.00
0.00
0.00
0.00
0.00
0.00
0.00
0.00
0.00
0.00
0.00
0.00
0.00
0.00
0.00
0.00
0.00
0.00
0.00
0.00
0.00
0.00
0.00
0.00
0.00
0.00
0.00
0.00
0.00
0.00
0.00
0.00
0.00
0.00
0.00
0.00
0.00
0.00
0.00
0.00
0.00
0.00
0.00
0.00
0.00
0.00
0.00
0.00
0.00
0.00
6.92
12.19
12.06
13.58
12.02
11.42
11.31
10.73
10.23
9.72
9.68
9.17
8.93
9.26
8.78
8.80
8.73
8.40
8.67
7.76
7.82
7.70
8.16
10.82
11.71
9.76
7.96
7.62
7.63
7.65
7.12
8.36
8.08
7.94
8.31
8.24
8.10
8.12
8.12
8.16
8.17
8.00
8.14
7.50
7.85
7.80
8.27
7.31
7.09
7.35
8.43
7.29
7.27
7.04
7.03
7.98
10.86
12.88
12.65
11.02
10.72
11.96
12.93
13.20
13.00
12.88
12.99
11.82
11.78
11.71
11.69
11.92
7.74
6.92
6.80
6.85
6.81
6.80
6.91
7.89
8.92
12.94
12.70
12.85
11.37
10.91
12.39
13.04
13.00
12.76
13.13
12.09
11.65
11.84
11.62
8.64
6.75
7.25
6.80
6.99
6.50
6.85
7.08
7.68
7.79
7.87
8.02
9.06
12.79
12.94
12.45
11.13
11.26
11.62
12.72
11.59
12.08
12.25
11.63
7.46
7.70
7.19
7.35
7.21
7.44
7.11
7.14
7.93
8.04
8.55
7.89
8.46
9.40
11.53
11.86
11.44
10.16
11.89
12.41
11.66
11.58
11.95
10.26
9.30
8.88
1.44
0.00
0.00
0.00
0.00
0.00
0.00
0.00
0.00
0.00
0.00
0.00
0.00
0.00
0.00
0.00
0.00
0.00
0.00
0.00
0.00
0.00
0.00
0.00
0.00
0.00
0.00
0.00
0.00
0.00
0.00
0.00
0.00
0.00
0.00
0.00
0.00
0.00
0.00
0.00
0.00
0.00
0.00
0.00
0.00
0.00
0.00
0.00
0.00
0.00
0.00
0.00
0.00
0.00
0.00
0.00
0.00
0.00
0.00
0.00
0.00
0.00
0.00
0.00
0.00
0.00
0.00
0.00
0.00
0.00
0.00
0.00
0.00
0.00
0.00
0.00
0.00
0.00
0.00
0.00
0.00
0.00
0.00
0.00
0.00
0.00
0.00
0.00
0.00
0.00
0.00
0.00
0.00
0.00
0.00
0.00
0.00
0.00
0.00
0.00
0.00
0.00
0.00
0.00
0.00
0.00
0.00
0.00
0.00
0.00
0.00
0.00
0.00
0.00
0.00
0.00
0.00
0.00
0.00
0.00
0.00
0.00
0.00
0.00
0.00
0.00
0.00
0.00
0.00
0.00
0.00
0.00
0.00
0.00
0.00
0.00
0.00
0.00
0.00
0.00
0.00
0.00
0.00
0.00
0.00
0.00
0.00
0.00
0.00
0.00
0.00
0.00
0.00
0.00
0.00
0.00
0.00
0.00
0.00
0.00
0.00
0.00
0.00
0.00
0.00
0.00
0.00
0.00
0.00
0.00
0.00
0.00
0.00
0.00
0.00
0.00
0.00
0.00
0.00
0.00
0.00
0.00
0.00
0.00
0.00
0.00
0.00
0.00
0.00
0.00
0.00
0.00
0.00
0.00
0.00
0.00
0.00
0.00
0.00
0.00
0.00
0.00
0.00
0.00
0.00
0.00
0.00
0.00
0.00
0.00
0.00
0.00
0.00
0.00
0.00
0.00
0.00
0.00
0.00
0.00
0.00
0.00
0.00
0.00
0.00
0.00
0.00
0.00
0.00
0.00
0.00
0.00
0.00
0.00
0.00
0.00
0.00
0.00
0.00
0.00
0.00
0.00
0.00
0.00
0.00
0.00
0.00
0.00
0.00
0.00
0.00
0.00
0.00
0.00
0.00
0.00
0.00
0.00
0.00
0.00
0.00
0.00
0.00
0.00
0.00
0.00
0.00
0.00
0.00
0.00
0.00
0.00
0.00
0.00
0.00
0.00
0.00
0.00
0.00
0.00
0.00
0.00
0.00
0.00
0.00
0.00
0.00
0.00
0.00
0.00
0.00
0.00
0.00
0.00
0.00
0.00
0.00
0.00
0.00
0.00
0.00
0.00
0.00
0.00
0.00
0.00
0.00
0.00
0.00
0.00
0.00
0.00
0.00
0.00
0.00
0.00
0.00
0.00
0.00
0.00
0.00
0.00
0.00
0.00
0.00
0.00
0.00
0.00
0.00
0.00
0.00
0.00
0.00
0.00
0.00
0.00
0.00
0.00
0.00
0.00
0.00
0.00
0.00
0.00
0.00
0.00
0.00
0.00
0.00
0.00
0.00
0.00
0.00
0.00
0.00
0.00
0.00
0.00
0.00
0.00
0.00
0.00
0.00
0.00
0.00
0.00
0.00
0.00
0.00
0.00
0.00
0.00
0.00
0.00
0.00
0.00
0.00
0.00
0.00
0.00
0.00
0.00
0.00
0.00
0.00
0.00
0.00
0.00
0.00
0.00
0.00
0.00
0.00
0.00
0.00
0.00
0.00
0.00
0.00
0.00
0.00
0.00
0.00
0.00
0.00
0.00
0.00
0.00
0.00
0.00
0.00
0.00
0.00
0.00
0.00
0.00
0.00
0.00
0.00
0.00
0.00
0.00
0.00
0.00
0.00
0.00
0.00
0.00
0.00
0.00
0.00
0.00
0.00
0.00
0.00
0.00
0.00
0.00
0.00
0.00
0.00
0.00
0.00
0.00
0.00
0.00
0.00
0.00
0.00
0.00
0.00
0.00
0.00
0.00
0.00
0.00
0.00
0.00
0.00
0.00
0.00
0.00
0.00
0.00
0.00
0.00
0.00
0.00
0.00
0.00
0.00
0.00
0.00
0.00
0.00
0.00
0.00
0.00
0.00
0.00
0.00
0.00
0.00
0.00
0.00
0.00
0.00
0.00
0.00
0.00
0.00
0.00
0.00
0.00
0.00
0.00
0.00
0.00
0.00
0.00
0.00
0.00
0.00
0.00
0.00
0.00
0.00
0.00
0.00
0.00
0.00
0.00
0.00
0.00
0.00
0.00
0.00
0.00
0.00
0.00
0.00
0.00
0.00
0.00
0.00
0.00
0.00
0.00
0.00
0.00
0.00
0.00
0.00
0.00
0.00
0.00
0.00
0.00
0.00
0.00
0.00
0.00
0.00
0.00
0.00
0.00
0.00
0.00
0.00
0.00
0.00
0.00
0.00
0.00
0.00
0.00
0.00
0.00
0.00
0.00
0.00
0.00
0.00
0.00
0.00
0.00
0.00
0.00
0.00
0.00
0.00
0.00
0.00
0.00
0.00
0.00
0.00
0.00
0.00
0.00
0.00
0.00
0.00
0.00
0.00
0.00
0.00
0.00
0.00
0.00
0.00
0.00
0.00
0.00
0.00
0.00
0.00
0.00
0.00
0.00
0.00
0.00
0.00
0.00
0.00
0.00
0.00
0.00
0.00
0.00
0.00
0.00
0.00
0.00
0.00
0.00
0.00
0.00
0.00
0.00
0.00
0.00
0.00
0.00
0.00
0.00
0.00
0.00
0.00
0.00
0.00
0.00
0.00
0.00
0.00
0.00
0.00
0.00
0.00
0.00
0.00
0.00
0.00
0.00
0.00
0.00
0.00
0.00
0.00
0.00
0.00
0.00
0.00
0.00
0.00
0.00
0.00
0.00
0.00
0.00
0.00
0.00
0.00
0.00
0.00
0.00
0.00
0.00
0.00
0.00
0.00
0.00
0.00
0.00
0.00
0.00
0.00
0.00
0.00
0.00
0.00
0.00
0.00
0.00
0.00
0.00
0.00
0.00
0.00
0.00
0.00
0.00
0.00
0.00
0.00
0.00
0.00
0.00
0.00
0.00
0.00
0.00
0.00
0.00
0.00
0.00
0.00
0.00
0.00
0.00
0.00
0.00
0.00
0.00
0.00
0.00
0.00
0.00
0.00
0.00
0.00
0.00
0.00
0.00
0.00
0.00
0.00
0.00
0.00
0.00
0.00
0.00
0.00
0.00
0.00
0.00
0.00
0.00
0.00
0.00
0.00
0.00
0.00
0.00
0.00
0.00
0.00
0.00
0.00
0.00
0.00
0.00
0.00
0.00
0.00
0.00
0.00
0.00
0.00
0.00
0.00
0.00
0.00
0.00
0.00
0.00
0.00
0.00
0.00
0.00
0.00
0.00
0.00
0.00
0.00
0.00
0.00
0.00
0.00
0.00
0.00
0.00
0.00
0.00
0.00
0.00
0.00
0.00
0.00
0.00
0.00
0.00
0.00
0.00
0.00
0.00
0.00
0.00
0.00
0.00
0.00
0.00
0.00
0.00
0.00
0.00
0.00
0.00
0.00
0.00
0.00
0.00
0.00
0.00
0.00
0.00
0.00
0.00
0.00
0.00
0.00
0.00
0.00
0.00
0.00
0.00
0.00
0.00
0.00
0.00
0.00
0.00
0.00
0.00
0.00
0.00
0.00
0.00
0.00
0.00
0.00
0.00
0.00
0.00
0.00
0.00
0.00
0.00
0.00
0.00
0.00
0.00
0.00
0.00
0.00
0.00
0.00
0.00
0.00
0.00
0.00
0.00
0.00
0.00
0.00
0.00
0.00
0.00
0.00
0.00
0.00
0.00
0.00
0.00
0.00
0.00
0.00
0.00
0.00
0.00
0.00
0.00
0.00
0.00
0.00
0.00
0.00
0.00
0.00
0.00
0.00
0.00
0.00
0.00
0.00
0.00
0.00
0.00
0.00
0.00
0.00
0.00
0.00
0.00
0.00
0.00
0.00
0.74
8.79
11.94
13.39
14.48
17.15
16.83
17.71
17.79
16.91
15.73
14.76
14.69
12.03
11.45
10.52
10.12
9.65
8.89
9.32
8.46
9.00
7.65
7.35
8.78
9.92
10.68
12.97
13.82
14.15
14.79
14.53
14.88
13.31
13.88
13.74
12.73
12.32
11.72
11.63
10.78
10.81
9.39
9.59
9.41
8.72
7.57
7.94
7.49
9.49
9.96
10.89
12.61
13.01
13.08
12.93
13.88
13.94
12.00
11.95
11.82
11.45
10.70
9.57
9.62
9.46
9.05
8.56
8.54
7.38
6.24
6.06
6.36
9.19
9.99
10.54
12.44
12.82
13.00
13.64
12.28
12.28
11.10
11.11
10.50
11.75
10.18
9.72
9.27
9.21
8.97
8.67
8.04
7.30
6.49
6.06
6.68
8.27
10.28
12.37
14.14
12.93
12.93
12.54
12.63
12.21
10.39
10.48
10.54
10.14
9.66
9.05
9.17
8.34
7.71
7.30
7.33
7.32
6.40
6.33
6.63
10.11
11.05
18.79
15.31
13.50
13.99
15.90
16.35
15.33
13.33
14.03
12.17
12.50
10.98
11.02
9.78
9.60
8.70
9.09
9.06
7.72
6.31
6.19
8.34
11.79
13.47
14.48
15.89
16.63
18.42
18.50
17.79
17.52
17.11
15.49
15.08
14.55
13.08
12.08
11.62
10.43
10.47
10.23
9.93
9.45
8.23
8.63
10.64
12.98
13.85
16.88
17.22
19.04
18.92
19.09
19.71
17.75
16.91
16.19
16.60
15.94
14.08
13.04
12.49
11.02
10.66
10.22
9.72
9.95
8.72
8.30
10.26
12.38
12.57
14.56
15.65
16.81
16.98
17.45
18.04
17.79
16.30
15.68
14.69
13.23
12.77
11.42
11.23
10.80
10.20
10.39
9.91
9.37
8.66
8.27
9.53
11.09
12.71
14.48
14.57
15.48
16.85
16.87
16.62
16.04
16.10
14.69
13.96
13.38
13.02
12.35
12.88
11.17
12.25
11.21
10.97
10.82
9.91
9.64
11.32
11.43
11.67
12.73
12.25
12.54
11.58
12.32
12.61
10.60
10.93
10.88
10.65
10.75
9.80
9.77
9.57
9.22
8.84
8.56
7.49
7.63
6.40
6.35
8.38
9.26
10.24
10.67
10.31
12.94
12.22
12.85
13.42
12.51
12.73
11.58
12.19
11.42
10.82
10.75
9.93
10.01
9.49
9.64
9.76
9.01
8.19
7.65
8.20
9.94
11.77
10.80
13.28
13.58
14.09
14.60
14.64
13.40
11.93
12.34
12.02
11.40
11.01
10.23
9.98
9.38
9.43
9.32
8.41
7.56
6.66
6.27
7.23
11.53
11.84
11.90
12.75
14.13
13.52
14.16
14.27
13.58
13.31
11.96
11.82
11.37
10.95
10.52
9.82
9.28
8.90
9.33
9.00
7.80
6.85
6.54
6.98
10.26
12.42
13.75
13.70
15.34
15.82
16.96
16.93
15.56
14.56
12.88
13.31
12.28
11.45
10.86
10.34
9.76
9.69
9.34
9.40
8.75
7.39
7.62
8.20
9.35
12.13
13.26
14.84
15.50
16.21
16.82
16.81
15.39
14.42
14.69
13.80
12.42
12.68
11.15
10.88
10.79
9.79
9.99
9.47
9.03
8.39
8.18
9.02
10.03
11.82
13.74
15.15
15.11
15.78
16.37
15.09
15.34
14.22
13.76
13.59
12.30
13.23
11.42
11.47
11.13
10.31
10.18
9.36
9.24
8.33
7.72
8.76
11.05
11.13
12.32
12.86
12.71
13.90
14.09
13.57
14.26
13.41
13.62
12.22
12.15
11.20
10.86
10.65
10.13
9.28
9.28
9.34
9.10
7.17
6.47
7.30
9.43
10.37
9.78
10.52
11.59
12.64
11.69
11.70
11.78
10.42
9.80
10.63
10.14
9.81
9.54
9.17
9.10
8.31
7.81
7.68
7.71
6.94
6.51
6.69
7.27
10.09
11.34
12.95
13.32
13.35
14.26
12.58
11.70
11.15
10.40
9.79
10.33
9.95
9.80
9.20
9.12
8.72
7.90
7.55
7.46
6.48
6.70
6.72
9.55
11.33
11.70
13.14
13.97
14.45
13.63
14.59
14.53
13.36
12.22
11.90
12.33
10.98
10.70
10.73
10.06
9.76
9.59
9.51
9.14
8.35
7.76
8.96
5.66
11.38
11.70
11.87
13.41
13.96
13.61
13.50
12.55
12.03
10.72
11.73
10.95
10.29
10.80
9.79
9.40
9.33
9.20
8.76
8.44
7.24
6.97
7.59
8.91
9.68
10.70
11.09
12.02
12.32
12.38
12.44
12.23
11.66
11.79
11.40
11.71
11.28
10.66
10.70
9.82
9.71
9.23
8.85
8.71
7.57
8.09
7.75
9.21
9.80
10.39
11.44
12.57
13.42
11.10
10.10
10.42
10.16
10.23
10.84
10.08
8.88
9.43
9.15
8.80
8.60
8.60
8.16
7.20
6.20
5.93
7.87
9.05
11.10
11.87
13.04
13.32
13.41
15.21
14.43
14.34
13.19
13.32
13.23
12.98
11.89
11.39
10.55
10.71
10.05
10.02
9.74
8.62
7.92
8.02
10.26
13.02
14.22
15.20
16.53
16.63
18.31
17.36
18.09
14.78
16.11
13.81
16.17
14.92
12.57
12.53
12.11
11.10
10.75
10.63
10.42
9.24
8.48
10.09
11.77
14.15
14.84
15.93
16.96
18.36
18.79
19.30
18.32
18.42
16.64
15.85
15.66
14.76
13.62
12.81
12.46
11.76
11.27
10.78
10.88
10.35
8.75
9.60
10.82
12.14
13.56
14.22
15.59
15.94
15.64
16.86
16.65
15.74
14.47
12.49
13.27
12.41
12.24
11.36
10.85
9.89
9.71
9.36
9.52
8.69
7.52
7.87
8.05
10.47
10.30
11.48
11.52
11.49
12.52
13.55
12.65
12.75
11.52
11.22
11.34
10.41
9.68
10.08
9.42
8.87
9.19
8.52
7.71
7.70
6.10
6.12
6.08
6.07
8.63
10.63
10.81
11.98
11.72
12.32
12.08
12.56
11.46
11.76
11.77
11.65
11.42
10.11
10.22
8.80
9.38
8.87
9.04
8.51
7.56
7.73
7.54
8.36
8.75
8.95
9.81
11.25
10.31
11.67
11.20
10.73
10.63
10.87
10.88
10.76
9.84
10.39
8.80
9.46
9.10
9.02
7.99
7.27
6.41
6.24
6.66
7.76
7.27
9.58
8.86
9.11
9.59
10.10
9.33
8.27
8.95
8.11
9.28
8.93
7.37
7.34
7.42
7.18
7.25
7.57
7.33
6.90
6.22
6.24
6.67
6.85
7.27
9.84
9.85
10.28
11.28
11.53
11.55
11.20
10.16
9.67
10.20
8.95
8.38
9.12
7.24
7.26
7.14
7.55
7.23
7.27
6.12
6.13
6.69
6.57
7.24
9.95
8.98
9.10
9.33
9.80
9.64
10.48
8.92
7.57
8.39
7.23
9.05
8.40
8.94
7.23
7.24
7.23
7.39
7.44
6.20
6.21
6.42
7.74
7.42
11.04
10.07
9.26
9.21
9.16
9.24
8.53
8.37
8.15
9.44
8.66
8.75
7.37
7.24
7.18
7.39
7.48
7.29
6.86
6.49
6.16
6.37
6.83
8.81
11.32
11.37
12.24
12.31
11.95
12.53
11.19
11.90
11.23
11.48
10.99
10.42
10.00
8.88
8.85
9.17
8.64
8.80
7.68
6.06
6.12
6.01
7.56
8.83
11.21
11.24
13.17
12.78
14.78
13.24
13.92
13.59
12.84
12.17
11.46
11.38
10.61
10.24
9.88
9.27
9.54
8.35
8.45
7.39
7.86
8.20
9.03
9.60
11.46
10.78
11.88
11.85
12.34
11.21
11.47
11.78
10.99
11.11
11.10
10.62
11.25
9.93
10.06
9.12
9.55
9.13
8.44
7.48
8.15
7.79
7.88
7.81
8.68
8.89
9.47
9.34
10.45
10.15
9.88
9.94
9.62
10.38
9.89
9.43
8.80
8.94
8.77
8.48
8.00
7.34
6.69
6.34
5.91
6.79
9.25
9.86
11.07
11.88
11.69
11.93
12.39
12.01
11.71
12.56
11.16
11.63
10.26
10.83
9.08
8.95
9.10
9.28
8.62
7.62
6.91
6.30
5.91
7.82
9.33
10.84
12.82
13.04
13.82
13.55
14.23
14.74
12.74
14.55
12.08
12.94
11.61
11.97
10.45
10.21
9.91
9.99
9.26
8.87
8.52
7.56
7.92
8.88
11.67
13.11
13.92
15.87
15.95
16.98
16.46
16.68
16.03
15.15
15.27
14.84
14.31
13.06
12.93
11.93
10.94
11.28
10.32
9.97
9.68
8.16
9.34
11.40
13.08
15.60
15.18
15.80
16.58
17.60
17.18
17.16
17.48
16.00
15.22
14.85
14.33
13.22
12.89
11.85
11.58
11.25
10.20
9.71
9.22
8.47
9.27
10.76
11.83
12.66
13.88
14.77
16.41
16.58
16.66
15.34
15.64
15.61
15.01
14.42
15.29
13.30
13.06
12.33
12.18
11.46
11.27
10.58
9.97
9.33
9.86
11.37
11.84
14.01
13.65
14.70
15.03
16.23
16.10
15.19
14.78
14.98
14.17
14.09
14.37
12.93
13.62
11.96
12.07
11.05
10.74
10.45
9.65
9.23
9.37
11.87
14.30
14.83
15.52
16.25
16.60
16.97
16.81
16.72
16.45
15.30
15.83
16.17
15.12
14.46
13.39
12.72
12.72
11.70
11.21
11.40
10.59
9.60
10.26
12.34
12.96
14.83
15.71
16.35
17.12
17.55
17.48
17.49
16.38
15.83
14.93
15.04
13.91
13.63
13.06
12.50
12.74
11.66
11.13
10.87
9.99
9.20
10.05
12.08
13.89
14.90
15.69
17.21
17.67
18.02
18.22
18.90
17.70
17.09
15.52
16.62
15.15
14.81
12.90
14.44
13.06
11.85
11.76
11.50
10.35
9.94
10.53
11.99
14.73
15.75
15.91
17.88
18.83
18.46
18.39
18.40
18.74
18.36
17.32
17.37
16.36
15.86
14.69
13.94
14.21
12.69
11.99
12.15
11.49
10.51
11.44
12.73
14.46
16.90
16.68
16.66
18.13
18.58
18.30
18.56
17.84
16.80
16.54
16.18
15.82
14.44
14.25
13.17
12.36
12.31
11.68
11.25
10.16
9.46
10.38
11.94
13.00
13.24
15.71
16.08
15.25
17.25
16.69
16.30
16.59
15.55
15.33
15.16
14.93
14.58
14.10
13.10
12.95
11.83
11.51
10.81
10.08
9.97
10.38
10.99
12.69
14.34
16.30
16.76
17.80
18.13
17.49
17.81
17.37
17.79
16.72
16.79
15.70
15.50
14.45
14.51
13.20
12.92
12.91
12.38
12.05
11.06
11.88
14.24
16.09
18.08
19.10
19.43
19.34
19.23
19.86
19.99
18.46
18.49
17.19
17.99
17.62
16.02
16.13
15.28
15.29
14.75
14.29
14.14
12.76
12.26
13.04
14.77
16.33
17.74
18.62
18.66
19.09
19.84
20.33
20.93
19.73
18.36
16.69
17.01
16.49
15.38
14.64
14.22
14.01
13.14
12.66
13.08
11.97
11.02
12.03
14.30
16.37
16.80
18.42
19.46
20.42
21.84
21.11
20.09
19.29
20.12
18.28
17.85
15.88
15.63
15.40
14.12
13.66
13.55
14.34
12.78
12.44
12.44
12.71
13.29
16.46
17.13
19.04
20.24
19.83
20.60
22.30
20.10
19.27
18.08
18.18
17.31
16.05
15.62
15.07
14.16
13.29
12.98
11.46
12.15
11.68
10.97
12.20
13.61
15.50
16.49
17.12
18.78
18.20
18.49
17.88
18.90
17.74
17.72
16.31
15.98
15.72
15.23
14.20
13.99
13.19
12.82
11.61
12.33
11.38
10.38
11.85
12.58
13.60
15.13
16.71
17.15
17.10
17.97
18.32
17.21
17.43
16.72
16.33
16.62
15.11
14.85
14.86
13.94
13.75
12.93
12.28
12.26
11.09
10.88
12.05
12.33
14.42
15.64
16.80
17.79
17.19
17.86
17.93
17.58
18.25
17.56
16.71
16.32
15.77
15.50
14.52
13.97
13.63
13.60
12.44
12.55
11.62
12.07
11.46
13.60
15.31
16.99
17.71
18.71
17.98
18.35
18.46
17.65
17.62
17.37
16.08
15.86
16.87
14.52
14.97
13.50
14.09
12.86
12.74
11.69
11.69
11.04
11.42
14.34
15.13
15.78
16.98
18.15
19.35
18.65
18.80
18.38
18.63
17.01
16.63
16.16
14.56
15.40
14.10
13.59
13.17
12.59
12.04
11.42
10.82
10.46
11.87
12.87
15.78
15.53
16.50
17.98
18.46
19.18
18.21
17.96
18.92
16.55
15.36
15.74
15.90
14.03
13.33
13.94
12.68
12.30
12.14
11.67
10.60
10.36
10.99
13.10
14.80
15.95
16.25
17.65
18.38
17.93
18.30
18.87
17.43
17.78
17.96
17.06
15.70
15.42
14.42
14.40
13.67
12.83
12.14
12.96
11.38
11.08
11.49
13.51
14.76
16.16
17.14
18.30
18.17
17.79
18.08
18.69
17.50
17.97
16.51
16.04
15.37
13.96
14.02
14.09
13.36
12.94
12.37
11.91
11.78
10.98
11.77
12.40
13.45
14.47
15.75
15.71
15.45
16.11
16.23
15.84
16.09
15.56
14.88
15.04
13.93
13.99
13.78
13.06
12.94
12.35
11.61
11.71
10.58
9.82
10.99
10.95
12.07
14.36
14.78
15.85
15.96
16.91
16.25
16.23
15.11
15.89
14.71
14.45
14.15
13.67
13.46
13.22
11.69
11.96
11.85
11.18
10.14
8.96
10.42
11.71
15.15
15.58
16.57
16.22
17.85
17.01
17.44
16.54
16.72
16.25
14.30
15.18
14.16
14.74
13.14
12.52
12.34
12.26
12.69
11.26
11.24
9.47
10.53
12.68
14.99
15.58
17.26
17.93
18.21
18.39
17.12
17.70
17.94
17.34
15.81
16.26
14.74
15.30
13.95
12.88
12.96
12.06
12.87
11.64
11.40
10.99
10.82
13.93
14.41
16.44
16.13
16.84
17.81
18.24
17.59
17.63
16.63
17.18
16.38
16.67
15.38
15.42
14.49
13.48
13.00
12.84
12.66
12.21
11.36
10.17
11.89
13.82
15.45
16.30
17.90
18.02
16.88
18.04
18.55
17.94
17.69
16.81
16.47
15.33
15.25
14.87
14.45
13.71
13.10
13.95
12.83
11.97
11.46
11.39
12.19
11.47
15.36
16.55
17.47
20.00
20.33
20.56
20.62
19.32
19.73
18.49
16.80
18.28
16.86
16.12
15.93
15.21
14.53
14.27
13.16
13.08
12.07
11.87
13.33
14.38
16.86
17.43
17.37
19.54
18.06
19.31
18.90
18.25
18.90
18.02
18.46
17.41
17.17
16.21
17.38
16.01
16.39
14.59
15.24
14.21
13.16
12.31
14.66
14.54
17.80
17.12
18.56
17.91
18.94
17.81
18.12
18.08
17.50
17.87
17.70
17.51
17.38
15.80
16.62
15.16
14.40
14.77
14.97
13.80
12.67
12.97
14.24
16.12
18.14
18.37
19.20
19.97
20.16
21.80
20.34
21.18
19.25
18.45
18.44
17.30
17.82
15.96
14.66
15.23
14.12
14.06
13.37
13.03
13.45
12.31
13.55
16.32
17.23
18.11
17.90
18.64
18.87
20.37
18.95
18.85
17.59
18.29
16.99
16.08
15.88
14.47
14.62
14.04
14.01
12.91
12.91
13.56
12.64
11.88
13.11
15.98
16.58
17.10
18.22
18.42
18.72
19.56
19.00
18.27
17.28
17.69
17.56
16.53
15.68
14.62
14.95
13.47
12.61
12.66
12.59
11.59
11.98
10.73
12.50
13.09
14.13
15.78
16.12
17.46
17.44
17.94
17.59
18.21
17.38
17.77
17.58
16.55
15.47
14.75
14.38
13.46
13.15
13.48
12.45
11.94
12.05
11.21
12.38
14.35
15.66
17.00
18.03
17.32
18.04
18.28
18.02
17.78
16.92
16.32
14.77
15.41
15.12
14.97
13.95
15.16
15.54
13.82
14.49
13.78
14.02
12.72
14.06
15.61
15.71
16.96
17.63
16.69
17.83
17.35
17.85
17.28
17.77
17.16
17.07
16.62
17.12
15.75
16.63
16.05
15.16
15.66
14.18
13.79
13.32
13.68
13.98
15.76
16.92
16.89
16.79
17.74
17.32
17.99
17.44
18.01
17.10
17.75
15.94
16.92
15.80
14.23
14.00
12.93
13.62
12.37
12.32
12.23
11.71
11.38
11.55
12.83
15.57
15.67
16.44
16.88
17.81
17.81
17.32
18.27
16.50
17.15
15.69
14.99
14.84
13.22
13.82
13.67
12.61
12.22
12.87
12.12
11.95
10.73
11.36
13.61
15.01
15.54
16.35
16.91
17.10
17.14
16.46
17.41
17.42
17.65
16.61
15.71
15.32
15.11
13.58
13.50
12.67
12.62
12.45
12.05
11.83
10.48
12.50
13.38
15.54
16.88
18.00
18.27
18.33
18.74
18.45
18.86
19.17
17.70
18.09
18.00
16.27
17.09
15.41
14.74
14.79
14.08
14.14
13.38
14.03
12.95
12.72
14.44
16.66
17.96
17.88
17.88
18.38
22.19
22.17
22.87
20.95
18.69
18.09
18.93
17.79
17.33
16.65
16.13
15.53
15.61
14.88
14.41
14.42
12.81
14.06
15.60
18.14
17.74
20.13
20.09
21.32
20.84
19.45
20.64
18.66
18.52
18.39
18.73
17.36
17.66
16.73
16.22
15.55
16.64
15.19
15.16
14.59
13.46
15.19
17.05
16.72
18.63
19.43
18.23
18.06
18.31
18.88
18.87
18.30
18.14
17.38
18.13
18.08
17.36
17.05
17.03
15.93
16.20
15.51
14.95
14.50
14.10
15.17
16.89
18.04
19.91
22.13
22.19
21.28
22.01
19.87
19.26
17.71
18.16
17.91
17.52
17.24
16.71
16.75
16.64
16.11
16.97
15.57
14.88
15.47
14.90
16.13
18.02
19.84
22.98
23.19
24.50
23.17
21.94
22.57
22.60
20.05
19.66
19.21
19.00
20.13
18.50
17.34
16.33
15.92
14.89
14.38
15.85
14.41
13.50
14.79
16.28
18.05
19.60
19.85
21.73
22.66
22.33
22.66
21.25
19.53
17.81
18.47
18.06
17.94
17.06
16.92
15.73
16.41
14.40
14.90
14.85
14.17
13.98
14.78
17.49
17.68
18.67
19.85
19.78
19.51
18.93
18.71
18.78
17.94
16.99
17.91
17.74
17.27
17.98
16.32
16.30
15.92
14.94
15.45
14.78
13.60
13.15
14.00
16.53
17.01
17.61
18.59
23.67
21.61
18.91
18.29
18.25
17.43
16.77
16.36
17.05
15.51
14.91
15.72
14.57
14.66
13.68
13.78
14.10
13.65
12.85
13.59
15.33
17.60
17.41
18.19
18.69
18.61
19.05
19.69
18.24
18.83
17.64
16.56
16.25
16.09
14.62
14.69
14.51
13.57
12.63
13.48
12.63
12.21
11.97
13.09
13.94
15.77
16.44
17.41
17.14
18.82
18.32
17.71
18.46
17.39
17.19
16.64
16.01
15.78
14.79
14.66
14.58
14.93
14.27
13.11
13.14
13.08
13.00
14.43
17.00
16.84
16.89
17.87
21.85
18.93
18.15
18.71
18.94
18.24
17.91
18.09
18.43
18.91
17.77
18.86
17.85
17.02
16.91
17.07
16.85
15.73
15.71
16.78
17.64
18.89
18.32
19.12
20.99
19.79
18.77
19.78
19.64
18.81
18.78
17.88
18.57
16.56
16.51
16.74
16.38
16.37
15.73
15.72
15.90
15.17
14.98
15.30
17.42
17.44
19.31
20.07
19.81
20.17
19.99
20.25
19.38
19.10
18.42
17.92
18.80
19.72
17.64
17.76
17.53
18.27
17.04
17.23
16.64
17.87
15.68
15.53
16.96
20.02
20.04
18.62
19.95
20.87
20.43
21.00
20.34
21.28
19.64
18.05
18.38
17.16
16.50
17.18
17.14
16.80
16.44
17.74
17.00
16.32
16.08
17.04
18.85
20.19
20.77
22.33
22.57
20.94
22.68
20.45
21.68
19.45
20.27
18.56
19.61
18.65
17.74
19.17
18.11
17.86
17.57
17.72
16.05
17.29
15.75
16.13
17.80
20.14
21.70
23.09
23.57
23.89
22.93
22.82
21.75
20.87
19.85
18.81
19.30
18.84
18.98
17.77
18.20
16.97
17.31
17.07
16.26
16.01
15.46
16.21
16.79
19.60
19.27
21.78
21.55
21.69
20.15
21.07
20.73
19.19
18.38
17.98
18.49
17.70
17.16
16.62
16.38
15.86
15.11
15.84
15.23
15.37
13.80
15.16
16.97
16.78
17.84
17.90
20.95
19.56
19.72
22.20
20.57
18.77
18.35
17.78
17.85
16.45
16.58
16.57
15.17
15.18
15.07
15.08
15.69
15.52
15.01
15.56
17.32
17.69
19.12
19.08
19.56
20.69
20.59
21.70
19.65
18.48
17.94
18.07
18.88
17.68
17.13
17.40
18.52
17.16
16.52
16.54
15.75
16.27
14.41
14.68
17.31
18.16
17.87
20.37
20.36
21.27
20.79
19.53
18.63
16.70
16.15
17.41
16.32
16.87
19.08
16.55
16.06
16.00
15.69
15.42
17.62
15.72
15.09
15.07
16.16
16.74
17.10
16.72
17.80
18.08
18.04
17.46
18.20
16.61
16.45
16.90
18.17
17.22
18.56
17.33
18.24
17.43
17.10
16.25
18.21
16.85
16.76
17.77
18.38
20.27
20.22
20.80
19.86
20.00
19.47
20.03
18.95
19.43
17.58
16.93
16.66
17.97
17.70
17.35
17.31
16.94
17.69
16.92
16.21
17.09
14.93
16.77
18.79
19.92
21.94
22.06
23.01
21.52
21.93
22.95
20.87
20.45
19.01
17.94
19.47
18.37
18.70
16.80
15.98
18.14
17.63
17.01
16.62
17.45
15.86
15.88
17.61
18.28
18.64
19.69
19.74
19.44
20.21
21.10
19.14
18.38
17.45
18.90
17.65
18.78
17.30
15.83
16.67
15.88
16.57
16.22
15.71
15.02
15.54
15.30
16.89
17.64
18.20
18.53
18.85
19.65
18.78
18.34
18.20
18.59
17.20
18.29
16.72
17.45
17.21
16.50
16.62
15.69
16.00
16.14
15.83
15.69
13.85
14.68
17.42
18.19
19.03
20.49
21.69
22.27
22.53
20.59
20.90
19.28
17.81
17.71
18.22
17.43
17.64
17.60
15.28
15.26
15.98
14.90
15.94
16.08
15.96
14.88
15.92
16.72
16.69
17.07
20.33
18.23
18.85
18.19
19.25
16.70
17.65
16.56
17.84
16.98
17.36
16.70
17.91
16.62
17.12
16.31
16.21
16.48
15.56
16.25
17.02
18.54
18.92
19.22
21.09
20.29
20.33
20.85
19.20
18.39
17.95
17.05
17.66
18.39
17.43
16.81
16.47
16.50
15.90
15.93
15.93
15.72
13.46
16.15
16.03
18.19
18.01
18.42
19.22
19.38
18.57
19.34
18.56
17.38
16.60
17.69
18.09
18.12
16.54
17.16
16.33
15.96
15.93
15.93
14.39
14.55
12.70
14.12
14.92
17.44
16.29
17.27
15.97
17.23
17.28
15.95
16.30
14.46
15.38
15.12
16.48
16.95
16.65
15.96
14.89
15.54
13.88
13.74
14.84
13.78
12.93
13.65
14.66
16.01
17.15
16.77
17.53
17.18
16.69
16.46
18.35
15.76
15.74
15.28
15.50
15.56
15.75
16.27
15.60
14.02
14.82
14.96
13.47
14.00
12.87
13.41
15.72
14.53
17.15
17.56
17.54
16.78
16.57
17.30
16.37
15.91
16.24
15.43
17.28
16.80
17.05
16.06
16.25
15.82
14.47
15.07
14.26
14.68
12.30
12.17
14.93
16.55
15.40
16.80
17.35
17.54
17.40
18.01
16.63
16.22
16.44
16.51
15.22
15.87
15.92
14.80
14.44
12.75
12.89
12.16
12.28
13.31
11.07
13.20
14.13
15.66
16.50
17.52
17.78
17.00
17.98
17.95
18.21
17.40
18.06
16.63
16.79
14.53
14.97
14.10
13.76
13.70
15.62
12.80
13.13
12.15
10.58
11.89
14.25
15.95
16.32
17.46
19.34
19.36
19.85
19.23
18.36
16.60
16.00
18.22
16.62
14.97
14.29
15.90
13.56
13.21
13.80
12.79
13.13
13.06
11.68
12.18
14.79
17.36
18.12
17.78
19.99
20.07
17.91
18.80
18.18
17.08
16.24
16.55
16.08
16.51
14.11
14.32
14.35
13.86
12.11
12.53
12.50
13.26
11.64
12.01
13.72
15.85
16.94
16.92
17.60
17.66
18.24
17.60
18.26
17.91
16.76
16.94
16.26
17.52
16.48
16.09
16.54
15.43
15.24
15.84
14.57
13.30
13.56
13.18
15.71
16.32
17.92
17.69
16.91
17.99
17.22
17.72
16.83
16.78
17.18
16.80
16.99
16.51
16.67
14.45
15.19
12.87
14.85
14.33
13.92
12.82
10.89
11.86
14.09
15.10
16.22
16.78
17.37
17.32
16.34
16.48
15.03
15.90
14.66
15.01
13.69
14.89
13.76
13.11
12.74
12.47
12.76
12.89
11.49
12.05
10.93
11.92
15.05
16.40
17.55
17.62
17.56
18.28
18.15
18.94
18.06
17.20
17.60
16.54
16.98
15.61
14.72
13.55
14.19
12.77
12.37
12.42
11.96
12.41
11.48
11.45
13.85
15.11
16.03
16.72
17.75
18.51
19.04
18.77
18.63
17.55
17.13
17.02
17.18
16.63
15.58
13.50
14.77
12.84
14.05
13.84
13.10
13.00
11.48
12.53
14.70
16.15
18.37
17.83
18.32
19.53
19.69
19.24
18.71
18.16
16.91
17.12
16.51
15.87
14.64
13.76
14.00
11.94
13.39
13.54
12.73
12.57
11.84
12.76
15.98
17.34
18.21
19.52
18.71
18.35
19.62
19.35
18.18
17.35
17.38
17.03
18.26
16.62
16.07
16.15
16.44
16.03
15.90
15.90
15.16
15.47
13.35
15.44
15.87
17.77
18.94
17.12
19.57
16.95
18.12
15.37
16.61
17.76
16.83
16.48
15.60
15.11
15.42
15.76
17.83
14.31
13.62
14.65
14.76
13.74
13.30
13.54
14.71
15.21
17.87
16.69
18.17
17.83
17.68
17.64
18.12
17.26
16.18
16.98
15.85
16.96
15.34
15.22
15.14
16.40
16.40
16.27
13.83
17.68
14.72
15.54
16.46
17.10
17.78
19.29
17.65
18.78
17.85
17.56
17.99
16.26
16.00
14.83
18.29
17.38
15.93
14.97
15.87
17.15
15.43
14.85
14.19
14.54
14.22
14.06
16.72
18.02
19.32
20.17
21.16
20.54
19.38
20.02
18.97
18.35
18.42
18.32
16.69
16.50
15.77
14.95
17.44
14.21
13.76
15.66
14.60
14.34
13.67
13.98
15.74
19.46
19.48
19.26
21.34
21.89
21.50
20.47
20.32
18.80
18.20
18.35
18.52
17.14
16.36
16.45
15.95
15.67
15.02
14.48
14.96
13.63
12.50
15.09
16.74
18.08
19.01
19.11
20.42
20.09
19.76
19.94
20.33
20.11
18.40
18.25
17.69
18.41
17.80
15.96
15.16
15.85
15.44
14.32
16.39
15.61
14.49
14.20
15.52
17.47
18.63
17.58
18.89
19.04
18.39
18.29
18.78
17.33
17.81
16.02
17.11
16.62
16.29
16.21
16.44
16.75
14.67
14.25
15.32
15.12
12.88
15.26
15.90
18.18
18.55
19.11
20.05
19.98
19.50
20.28
19.02
18.49
17.46
15.21
17.29
16.98
17.14
14.61
13.82
15.21
13.41
14.45
15.72
14.92
14.46
13.55
15.93
18.26
16.38
17.24
17.68
17.79
16.68
17.05
16.60
16.02
17.01
15.86
18.35
17.55
16.11
16.32
14.55
13.08
14.77
14.86
12.67
13.67
12.41
14.43
14.30
13.87
14.66
15.15
15.61
16.26
14.56
14.92
16.36
13.06
12.18
13.45
12.58
13.20
14.32
13.98
13.45
13.25
12.09
13.73
12.09
12.41
10.89
13.33
12.92
14.54
11.97
15.03
15.60
13.89
14.41
12.88
15.20
12.57
14.24
14.76
13.18
12.44
14.53
13.07
12.33
12.39
12.34
12.19
12.14
12.67
11.20
12.85
13.23
15.15
14.39
15.62
15.74
15.38
17.13
15.54
15.57
15.77
14.23
15.39
15.92
14.17
13.92
14.28
14.81
12.88
13.39
13.25
13.26
12.31
11.85
11.55
13.67
15.27
16.48
16.08
14.81
14.86
16.32
16.55
17.86
15.07
13.79
13.42
15.67
13.85
13.55
14.59
14.17
14.19
13.38
13.10
14.25
12.78
11.87
12.56
15.26
13.95
15.27
14.22
15.39
15.52
13.74
14.14
15.67
14.52
13.81
15.55
12.59
13.12
14.84
14.05
12.05
12.20
12.03
12.91
11.73
12.36
11.22
11.10
12.22
13.91
14.32
14.93
15.48
17.17
16.36
14.54
13.23
13.66
13.32
13.00
14.94
13.46
14.62
13.49
13.71
12.13
12.46
11.73
11.97
13.43
13.19
12.78
12.60
13.95
12.77
14.71
14.35
14.19
16.47
14.75
15.29
14.51
14.51
14.45
14.29
14.09
13.51
13.57
13.48
12.73
12.11
12.21
12.57
12.42
11.10
12.93
12.83
13.60
13.99
15.02
14.93
14.79
13.92
15.50
13.27
13.47
13.98
11.57
14.95
12.29
13.48
11.80
13.22
13.51
11.85
11.62
12.12
12.56
11.83
12.77
13.77
15.16
13.46
16.54
15.34
15.44
14.54
15.73
12.53
13.06
13.52
13.03
13.09
12.93
13.15
12.80
14.28
13.69
12.34
13.64
13.28
12.72
13.75
12.35
13.06
13.94
14.84
14.49
13.12
15.81
13.62
14.45
13.08
13.99
12.28
12.36
12.63
13.01
13.95
13.41
12.86
13.45
12.89
12.26
12.79
12.69
12.32
11.98
12.78
14.18
21.87
13.03
18.46
17.00
16.20
16.39
16.57
17.12
15.79
16.30
15.28
14.80
14.25
14.10
12.96
13.51
13.18
12.76
12.81
12.31
11.29
11.06
12.58
13.39
14.15
14.58
14.56
14.81
13.81
17.87
14.22
15.57
13.91
14.22
14.40
13.74
12.93
11.99
11.65
12.43
10.77
11.44
10.88
10.04
9.53
9.57
10.76
12.29
19.59
35.79
36.34
37.28
36.99
37.10
36.16
32.68
27.71
24.67
23.14
21.17
19.98
19.28
19.75
19.77
19.05
18.34
17.85
19.01
18.10
16.99
18.13
19.57
20.24
19.43
22.28
24.94
26.24
27.19
21.91
19.49
16.97
17.89
18.40
17.54
16.89
16.82
16.17
15.77
15.73
15.35
14.96
15.12
15.21
15.16
16.19
16.57
18.41
19.50
19.63
19.76
20.62
21.00
21.04
20.22
20.03
19.95
18.79
19.36
18.49
17.87
17.23
16.81
15.47
16.15
15.23
14.94
15.01
15.17
18.29
20.85
20.25
21.60
23.32
23.32
21.79
21.00
20.28
19.40
17.70
17.59
16.74
16.25
16.45
15.56
14.75
15.18
13.50
12.68
13.31
11.78
12.64
11.43
14.21
17.25
19.31
20.47
21.27
23.13
23.34
24.02
23.31
21.84
20.47
19.38
18.67
18.65
17.44
16.59
15.82
14.49
15.53
14.21
13.24
13.26
12.73
12.86
16.90
18.86
20.33
21.34
24.14
24.25
24.15
25.21
23.83
23.83
21.06
20.88
19.72
18.71
17.39
16.59
15.41
15.60
15.33
14.13
13.38
13.48
12.67
12.63
15.80
18.86
19.51
21.35
21.77
22.97
26.41
24.20
20.83
19.94
18.89
18.63
17.42
15.79
16.11
15.27
15.20
14.07
13.09
12.84
11.22
12.51
10.94
9.97
14.10
16.84
15.91
18.58
18.62
20.02
20.18
20.46
20.61
17.58
18.05
17.21
15.56
14.90
14.82
13.18
12.32
11.98
11.56
11.06
11.46
10.54
10.33
9.93
11.09
13.31
14.52
16.44
17.72
15.65
19.38
17.03
19.27
16.80
16.17
16.66
15.42
15.04
13.14
12.99
11.89
11.40
11.64
10.97
10.68
10.43
9.82
9.30
11.48
12.82
15.57
17.38
16.47
20.60
18.26
18.30
18.42
17.86
16.38
17.05
17.79
16.56
16.19
17.59
18.31
17.63
16.61
16.53
16.38
15.87
15.50
12.99
15.79
16.59
18.12
17.88
18.95
19.21
19.87
15.01
14.88
15.11
13.80
14.67
12.78
13.38
12.49
12.40
12.06
11.90
10.96
11.12
10.25
11.11
10.57
9.34
10.53
5.26
0.00
0.00
0.00
0.00
0.00
0.00
0.00
0.00
0.00
0.00
0.00
0.00
0.00
0.00
0.00
0.00
0.00
0.00
0.00
0.00
0.00
0.00
0.00
0.00
0.00
0.00
0.00
0.00
0.00
0.00
0.00
0.00
0.00
0.00
0.00
0.00
0.00
0.00
0.00
0.00
0.00
0.00
0.00
0.00
0.00
0.00
0.00
0.00
0.00
0.00
0.00
0.00
0.00
0.00
0.00
0.00
0.00
0.00
0.00
0.00
0.00
0.00
0.00
0.00
0.00
0.00
0.00
0.00
0.00
0.00
0.00
0.00
0.00
0.00
0.00
0.00
0.00
0.00
0.00
0.00
0.00
0.00
0.00
0.00
0.00
0.00
0.00
0.00
0.00
0.00
0.00
0.00
0.00
0.00
0.00
0.00
0.00
0.00
0.00
0.00
0.00
0.00
0.00
0.00
0.00
0.00
0.00
0.00
0.00
0.00
0.00
0.00
0.00
0.00
0.00
0.00
0.00
0.00
0.00
0.00
0.00
0.00
0.00
0.00
0.00
0.00
0.00
0.00
0.00
0.00
0.00
0.00
0.00
0.00
0.00
0.00
0.00
0.00
0.00
0.00
0.00
0.00
0.00
0.00
0.00
0.00
0.00
0.00
0.00
0.00
0.00
0.00
0.00
0.00
0.00
0.00
0.00
0.00
0.00
0.00
0.00
0.00
0.00
0.00
0.00
0.00
0.00
0.00
0.00
0.00
0.00
0.00
0.00
0.00
0.00
0.00
0.00
0.00
0.00
0.00
0.00
0.00
0.00
0.00
0.00
0.00
0.00
0.00
0.00
0.00
0.00
0.00
0.00
0.00
0.00
0.00
0.00
0.00
0.00
0.00
0.00
0.00
0.00
0.00
0.00
0.00
0.00
0.00
0.00
0.00
0.00
0.00
0.00
0.00
0.00
0.00
0.00
0.00
0.00
0.00
0.00
0.00
0.00
0.00
0.00
0.00
0.00
0.00
0.00
0.00
0.00
0.00
0.00
0.00
0.00
0.00
0.00
0.00
0.00
0.00
0.00
0.00
0.00
0.00
0.00
0.00
0.00
0.00
0.00
0.00
0.00
0.00
0.00
0.00
0.00
0.00
0.00
0.00
0.00
0.00
0.00
0.00
0.00
0.00
0.00
0.00
0.00
0.00
0.00
0.00
0.00
0.00
0.00
0.00
0.00
0.00
0.00
0.00
0.00
0.00
0.00
0.00
0.00
0.00
0.00
0.00
0.00
0.00
0.00
0.00
0.00
0.00
0.00
0.00
0.00
0.00
0.00
0.00
0.00
0.00
0.00
0.00
0.00
0.00
0.00
0.00
0.00
0.00
0.00
0.00
0.00
0.00
0.00
0.00
0.00
0.00
0.00
0.00
0.00
0.00
0.00
0.00
0.00
0.00
0.00
0.00
0.00
0.00
0.00
0.00
0.00
0.00
0.00
0.00
0.00
0.00
0.00
0.00
0.00
0.00
0.00
0.00
0.00
0.00
0.00
0.00
0.00
0.00
0.00
0.00
0.00
0.00
0.00
0.00
0.00
0.00
0.00
0.00
0.00
0.00
0.00
0.00
0.00
0.00
0.00
0.00
0.00
0.00
0.00
0.00
0.00
0.00
0.00
0.00
0.00
0.00
0.00
0.00
0.00
0.00
0.00
0.00
0.00
0.00
0.00
0.00
0.00
0.00
0.00
0.00
0.00
0.00
0.00
0.00
0.00
0.00
0.00
0.00
0.00
0.00
0.00
0.00
0.00
0.00
0.00
0.00
0.00
0.00
0.00
0.00
0.00
0.00
0.00
0.00
0.00
0.00
0.00
0.00
0.00
0.00
0.00
0.00
0.00
0.00
0.00
0.00
0.00
0.00
0.00
0.00
0.00
0.00
0.00
0.00
0.00
0.00
0.00
0.00
0.00
0.00
0.00
0.00
0.00
0.00
0.00
0.00
0.00
0.00
0.00
0.00
0.00
0.00
0.00
0.00
0.00
0.00
0.00
0.00
0.00
0.00
0.00
0.00
0.00
0.00
0.00
0.00
0.00
0.00
0.00
0.00
0.00
0.00
0.00
0.00
0.00
0.00
0.00
0.00
0.00
0.00
0.00
0.00
0.00
0.00
0.00
0.00
0.00
0.00
0.00
0.00
0.00
0.00
0.00
0.00
0.00
0.00
0.00
0.00
0.00
0.00
0.00
0.00
0.00
0.00
0.00
0.00
0.00
0.00
0.00
0.00
0.00
0.00
0.00
0.00
0.00
0.00
0.00
0.00
0.00
0.00
0.00
0.00
0.00
0.00
0.00
0.00
0.00
0.00
0.00
0.00
0.00
0.00
0.00
0.00
0.00
0.00
0.00
0.00
0.00
0.00
0.00
0.00
0.00
0.00
0.00
0.00
0.00
0.00
0.00
0.00
0.00
0.00
0.00
0.00
0.00
0.00
0.00
0.00
0.00
0.00
0.00
0.00
0.00
0.00
0.00
0.00
0.00
0.00
0.00
0.00
0.00
0.00
0.00
0.00
0.00
0.00
0.00
0.00
0.00
0.00
0.00
0.00
0.00
0.00
0.00
0.00
0.00
0.00
0.00
0.00
0.00
0.00
0.00
0.00
0.00
0.00
0.00
0.00
0.00
0.00
0.00
0.00
0.00
0.00
0.00
0.00
0.00
0.00
0.00
0.00
0.00
0.00
0.00
0.00
0.00
0.00
0.00
0.00
0.00
0.00
0.00
0.00
0.00
0.00
0.00
0.00
0.00
0.00
0.00
0.00
0.00
0.00
0.00
0.00
0.00
0.00
0.00
0.00
0.00
0.00
0.00
0.00
0.00
0.00
0.00
0.00
0.00
0.00
0.00
0.00
0.00
0.00
0.00
0.00
0.00
0.00
0.00
0.00
0.00
0.00
0.00
0.00
0.00
0.00
0.00
0.00
0.00
0.00
0.00
0.00
0.00
0.00
0.00
0.00
0.00
0.00
0.00
0.00
0.00
0.00
0.00
0.00
0.00
0.00
0.00
0.00
0.00
0.00
0.00
0.00
0.00
0.00
0.00
0.00
0.00
0.00
0.00
0.00
0.00
0.00
0.00
0.00
0.00
0.00
0.00
0.00
0.00
0.00
0.00
0.00
0.00
0.00
0.00
0.00
0.00
0.00
0.00
0.00
0.00
0.00
0.00
0.00
0.00
0.00
0.00
0.00
0.00
0.00
0.00
0.00
0.00
0.00
0.00
0.00
0.00
0.00
0.00
0.00
0.00
0.00
0.00
0.00
0.00
0.00
0.00
0.00
0.00
0.00
0.00
0.00
0.00
0.00
0.00
0.00
0.00
0.00
0.00
0.00
0.00
0.00
0.00
0.00
0.00
0.00
0.00
0.00
0.00
0.00
0.00
0.00
0.00
0.00
0.00
0.00
0.00
0.00
0.00
0.00
0.00
0.00
0.00
0.00
0.00
0.00
0.00
0.00
0.00
0.00
0.00
0.00
0.00
0.00
0.00
0.00
0.00
0.00
0.00
0.00
0.00
0.00
0.00
0.00
0.00
0.00
0.00
0.00
0.00
0.00
0.00
0.00
0.00
0.00
0.00
0.00
0.00
0.00
0.00
0.00
0.00
0.00
0.00
0.00
0.00
0.00
0.00
0.00
0.00
0.00
0.00
0.00
0.00
0.00
0.00
0.00
0.00
0.00
0.00
0.00
0.00
0.00
0.00
0.00
0.00
0.00
0.00
0.00
0.00
0.00
0.00
0.00
0.00
0.00
0.00
0.00
0.00
0.00
0.00
0.00
0.00
0.00
0.00
0.00
0.00
0.00
0.00
0.00
0.00
0.00
0.00
0.00
0.00
0.00
0.00
0.00
0.00
0.00
0.00
0.00
0.00
0.00
0.00
0.00
0.00
0.00
0.00
0.00
0.00
0.00
0.00
0.00
0.00
0.00
0.00
0.00
0.00
0.00
0.00
0.00
0.00
0.00
0.00
0.00
0.00
0.00
0.00
0.00
0.00
0.00
0.00
0.00
0.00
0.00
0.00
0.00
0.00
0.00
0.00
0.00
0.00
0.00
0.00
0.00
0.00
0.00
0.00
0.00
0.00
0.00
0.00
0.00
0.00
0.00
0.00
0.00
0.00
0.00
0.00
0.00
0.00
0.00
0.00
0.00
0.00
0.00
0.00
0.00
0.00
0.00
0.00
0.00
0.00
0.00
0.00
0.00
0.00
0.00
0.00
0.00
0.00
0.00
0.00
0.00
0.00
0.00
0.00
0.00
0.00
0.00
0.00
0.00
0.00
0.00
0.00
0.00
0.00
0.00
0.00
0.00
0.00
0.00
0.00
0.00
0.00
0.00
0.00
0.00
0.00
0.00
0.00
0.00
0.00
0.00
0.00
0.00
0.00
0.00
0.00
0.00
0.00
0.00
0.00
0.00
0.00
0.00
0.00
0.00
0.00
0.00
0.00
0.00
0.00
0.00
0.00
0.00
0.00
0.00
0.00
0.00
0.00
0.00
0.00
0.00
0.00
0.00
0.00
0.00
0.00
0.00
0.00
0.00
0.00
0.00
0.00
0.00
0.00
0.00
0.00
0.00
0.00
0.00
0.00
0.00
0.00
0.00
0.00
0.00
0.00
0.00
0.00
0.00
0.00
0.00
0.00
0.00
0.00
0.00
0.00
0.00
0.00
0.00
0.00
0.00
0.00
0.00
0.00
0.00
0.00
0.00
0.00
0.00
0.00
0.00
0.00
0.00
0.00
0.00
0.00
0.00
0.00
0.00
0.00
0.00
0.00
0.00
0.00
0.00
0.00
0.00
0.00
0.00
0.00
0.00
0.00
0.00
0.00
0.00
0.00
0.00
0.00
0.00
0.00
0.00
0.00
0.00
0.00
0.00
0.00
0.00
0.00
0.00
0.00
0.00
0.00
0.00
0.00
0.00
0.00
0.00
0.00
0.00
0.00
0.00
0.00
0.00
0.00
0.00
0.00
0.00
0.00
0.00
0.00
0.00
0.00
0.00
0.00
0.00
0.00
0.00
0.00
0.00
0.00
0.00
0.00
0.00
0.00
0.00
0.00
0.00
0.00
0.00
0.00
0.00
0.00
0.00
0.00
0.00
0.00
0.00
0.00
0.00
0.00
0.00
0.00
0.00
0.00
0.00
0.00
0.00
0.00
0.00
0.00
0.00
0.00
0.00
0.00
0.00
0.00
0.00
0.00
0.00
0.00
0.00
0.00
0.00
0.00
0.00
0.00
0.00
0.00
0.00
0.00
0.00
0.00
0.00
0.00
0.00
0.00
0.00
0.00
0.00
0.00
0.00
0.00
0.00
0.00
0.00
0.00
0.00
0.00
0.00
0.00
0.00
0.00
0.00
0.00
0.00
0.00
0.00
0.00
0.00
0.00
0.00
0.00
0.00
0.00
0.00
0.00
0.00
0.00
0.00
0.00
0.00
0.00
0.00
0.00
0.00
0.00
0.00
0.00
0.00
0.00
0.00
0.00
0.00
0.00
0.00
0.00
0.00
0.00
0.00
0.00
0.00
0.00
0.00
0.00
0.00
0.00
0.00
0.00
0.00
0.00
0.00
0.00
0.00
0.00
0.00
0.00
0.00
0.00
0.00
0.00
0.00
0.00
0.00
0.00
0.00
0.00
0.00
0.00
0.00
0.00
0.00
0.00
0.00
0.00
0.00
0.00
0.00
0.00
0.00
0.00
0.00
0.00
0.00
0.00
0.00
0.00
0.00
0.00
0.00
0.00
0.00
0.00
0.00
0.00
0.00
0.00
0.00
0.00
0.00
0.00
0.00
0.00
0.00
0.00
0.00
0.00
0.00
0.00
0.00
0.00
0.00
0.00
0.00
0.00
0.00
0.00
0.00
0.00
0.00
0.00
0.00
0.00
0.00
0.00
0.00
0.00
0.00
0.00
0.00
0.00
0.00
0.00
0.00
0.00
0.00
0.00
0.00
0.00
0.00
0.00
0.00
0.00
0.00
0.00
0.00
0.00
0.00
0.00
0.00
0.00
0.00
0.00
0.00
0.00
0.00
0.00
0.00
0.00
0.00
0.00
0.00
0.00
0.00
0.00
0.00
0.00
0.00
0.00
0.00
0.00
0.00
0.00
0.00
0.00
0.00
0.00
0.00
0.00
0.00
0.00
0.00
0.00
0.00
0.00
0.00
0.00
0.00
0.00
0.00
0.00
0.00
0.00
0.00
0.00
0.00
0.00
0.00
0.00
0.00
0.00
0.00
0.00
7.28
13.05
13.32
13.47
11.38
9.54
8.92
8.28
9.14
8.64
8.52
9.69
9.07
9.01
9.80
11.65
13.84
13.67
13.25
14.10
13.98
13.90
13.80
13.84
13.31
12.88
12.67
12.64
11.57
7.59
7.73
7.75
7.52
7.85
8.03
8.60
8.71
10.88
13.70
10.87
10.87
11.94
12.70
13.16
14.17
13.91
13.88
14.02
13.31
12.76
12.78
12.69
12.63
8.08
7.45
7.85
7.79
7.84
7.77
8.79
8.72
11.31
12.77
11.28
11.23
12.06
13.53
14.05
13.87
13.79
13.90
13.63
13.30
13.38
13.35
13.24
13.99
12.39
9.38
8.54
8.99
8.44
8.66
9.67
9.86
8.99
8.87
8.77
12.98
14.00
13.95
13.74
13.83
13.70
13.70
13.65
13.19
13.14
14.02
13.50
13.71
13.41
13.60
13.73
11.52
10.40
10.20
12.52
13.72
13.73
13.71
13.61
14.04
13.95
13.76
14.08
13.68
14.04
13.57
13.57
13.57
12.89
13.31
13.13
13.09
11.69
8.23
8.40
8.17
7.75
8.22
8.79
8.66
8.65
8.69
11.76
13.78
13.48
13.98
13.48
13.51
12.80
13.06
13.69
12.87
12.04
11.80
11.33
10.28
8.34
8.01
7.36
7.74
7.64
8.16
8.53
8.75
8.48
8.94
8.72
8.58
8.75
8.92
8.52
8.84
8.87
13.50
13.48
13.95
13.00
12.73
12.77
12.63
12.77
12.58
12.89
12.67
12.57
12.88
13.73
13.75
13.72
13.95
13.74
13.71
13.98
13.89
13.83
13.81
13.82
13.94
13.82
13.15
12.89
12.68
12.85
12.70
12.83
12.65
12.84
12.88
12.83
12.88
13.67
13.90
13.64
13.67
14.00
13.78
13.80
13.93
13.86
13.84
13.91
9.47
8.57
8.08
7.47
10.79
12.64
12.86
12.58
12.64
10.68
8.01
7.67
7.80
9.15
13.74
13.53
13.78
13.67
13.86
13.64
13.88
13.75
13.92
13.54
14.04
13.52
13.14
13.37
13.61
14.18
13.73
14.25
12.08
8.83
8.66
8.50
8.73
10.81
13.96
13.84
13.78
13.87
13.97
14.56
13.89
14.05
14.32
13.86
14.11
13.90
13.27
13.39
13.92
13.50
13.45
11.45
8.84
8.64
8.54
8.64
8.85
8.87
8.67
8.83
8.84
9.17
12.17
13.98
13.65
14.06
13.95
13.69
13.98
13.57
13.46
13.31
13.52
13.29
9.33
8.52
9.01
8.45
9.03
8.44
8.64
9.32
9.53
8.86
8.86
8.93
8.84
9.00
8.97
8.75
9.59
13.98
13.78
12.17
10.88
11.29
10.43
9.55
9.10
8.58
8.60
8.16
8.36
8.09
8.30
8.79
9.02
8.88
8.82
9.50
10.34
12.05
13.62
13.92
13.40
14.27
13.72
13.94
13.44
13.42
13.61
13.46
10.84
8.91
9.00
8.90
8.45
8.27
8.92
8.64
8.94
8.88
9.30
11.08
12.95
12.71
13.28
12.93
12.92
13.42
13.96
13.86
13.56
12.82
12.86
12.76
9.30
8.06
7.80
7.95
7.57
8.23
8.00
8.83
9.08
8.78
11.44
13.69
11.60
11.21
11.43
12.96
13.37
12.53
12.38
13.10
13.13
11.80
11.95
11.99
10.88
11.23
10.79
10.07
10.02
10.36
10.28
10.90
12.99
11.51
11.76
12.67
12.39
12.36
13.03
12.77
12.55
13.14
13.47
12.77
13.03
12.83
12.60
11.71
10.90
10.50
10.57
11.15
10.06
9.77
10.37
11.15
10.80
13.19
13.72
14.03
13.88
14.33
14.08
14.00
14.01
13.86
13.74
13.94
13.34
13.44
13.56
13.63
13.42
13.23
13.31
11.01
8.43
8.17
8.66
11.61
14.01
13.77
13.69
13.99
13.87
14.02
13.70
14.03
13.94
13.88
14.23
13.66
13.59
13.31
13.32
13.83
13.28
13.78
11.31
9.09
8.32
8.16
7.82
10.01
13.77
13.64
13.92
13.71
13.83
13.88
13.97
13.85
13.96
13.85
13.90
14.15
13.43
14.07
14.07
15.94
15.52
14.42
14.38
8.94
8.76
8.33
8.48
10.59
13.58
13.70
13.74
14.30
13.96
13.70
14.05
13.95
13.84
14.32
13.86
14.05
13.72
13.34
14.04
14.05
13.74
13.54
12.55
8.42
8.49
8.38
8.02
10.47
13.61
13.87
13.92
13.82
13.94
14.02
14.04
14.08
14.04
14.03
13.82
13.97
13.68
12.67
12.70
12.78
12.77
8.94
7.80
7.90
7.55
8.03
7.76
8.79
9.09
12.24
13.87
13.95
14.02
13.85
13.89
13.97
14.00
13.90
13.89
13.94
13.32
12.76
12.71
12.74
12.86
12.73
12.77
12.65
12.83
11.36
10.87
13.20
13.78
13.81
13.71
14.11
13.80
14.10
14.02
13.90
12.92
8.78
8.91
8.84
8.70
9.28
13.06
14.02
13.99
13.76
13.50
13.48
14.23
13.39
13.51
14.06
13.92
13.99
13.87
14.02
13.97
14.14
13.98
9.92
12.86
10.55
9.00
9.01
9.05
13.50
13.49
13.71
13.52
13.90
13.64
13.55
13.73
13.78
13.72
14.25
14.28
13.85
13.62
13.55
14.19
13.68
13.62
13.70
13.73
13.56
12.38
8.58
8.46
10.93
13.93
13.47
13.26
13.13
8.93
8.72
8.20
8.19
9.53
13.60
13.54
13.41
13.66
13.51
13.60
13.54
13.73
13.55
13.86
11.48
8.79
8.94
8.47
8.10
12.45
12.98
14.43
13.97
13.27
13.47
13.04
12.68
12.79
13.49
13.60
13.49
13.56
13.58
13.72
13.68
13.79
12.40
8.93
8.80
8.85
9.05
8.59
8.58
8.70
13.06
13.29
13.49
9.79
8.39
8.28
7.85
7.83
12.74
13.52
13.60
13.74
13.75
13.58
13.82
13.66
13.82
9.56
8.82
8.73
9.08
8.40
7.69
10.30
12.75
12.58
12.69
7.87
7.87
7.51
7.65
7.82
9.37
13.51
13.49
13.75
13.50
13.72
13.74
13.67
13.63
13.77
13.83
13.51
13.75
13.48
12.66
12.67
12.48
12.52
7.74
7.50
7.61
7.28
7.70
7.85
8.49
13.26
13.64
13.57
13.62
13.88
9.00
8.40
13.54
13.70
13.73
13.46
13.61
13.56
12.78
13.00
13.23
12.97
10.45
8.09
9.54
9.42
8.44
8.14
8.58
8.59
10.42
13.66
13.42
13.82
13.50
13.59
13.54
13.41
13.63
13.36
13.32
13.32
3.57
0.00
0.00
0.00
0.00
0.00
0.00
0.00
0.00
0.00
0.00
0.00
0.00
0.00
0.00
0.00
0.00
0.00
0.00
0.00
0.00
0.00
0.00
0.00
0.00
0.00
0.00
0.00
0.00
0.00
0.00
0.00
0.00
0.00
0.00
0.00
0.00
0.00
0.00
0.00
0.00
0.00
0.00
0.00
0.00
0.00
0.00
0.00
0.00
0.00
0.00
0.00
0.00
0.00
0.00
0.00
0.00
0.00
0.00
0.00
0.00
0.00
0.00
0.00
0.00
0.00
0.00
0.00
0.00
0.00
0.00
0.00
0.00
0.00
0.00
0.00
0.00
0.00
0.00
0.00
0.00
0.00
0.00
0.00
0.00
0.00
0.00
0.00
0.00
0.00
0.00
0.00
0.00
0.00
0.00
0.00
0.00
0.00
0.00
0.00
0.00
0.00
0.00
0.00
0.00
0.00
0.00
0.00
0.00
0.00
0.00
0.00
0.00
0.00
0.00
0.00
0.00
0.00
0.00
0.00
0.00
0.00
0.00
0.00
0.00
0.00
0.00
0.00
0.00
0.00
0.00
0.00
0.00
0.00
0.00
0.00
0.00
0.00
0.00
0.00
0.00
0.00
0.00
0.00
0.00
0.00
0.00
0.00
0.00
0.00
0.00
0.00
0.00
0.00
0.00
0.00
0.00
0.00
0.00
0.00
0.00
0.00
0.00
0.00
0.00
0.00
0.00
0.00
0.00
0.00
0.00
0.00
0.00
0.00
0.00
0.00
0.00
0.00
0.00
0.00
0.00
0.00
0.00
0.00
