42.08
42.18
42.60
42.15
42.14
41.76
114.81
188.00
178.36
158.20
131.50
126.25
106.87
106.21
102.63
102.04
94.96
84.43
92.69
91.22
107.50
104.64
58.30
40.15
41.18
42.74
42.30
41.43
41.99
44.38
128.26
206.74
191.20
182.15
155.59
141.33
136.37
115.08
109.01
109.58
104.51
109.00
104.02
94.92
108.04
115.84
61.72
42.84
43.13
41.80
43.23
42.42
44.12
44.38
129.45
202.87
187.37
186.71
162.85
145.18
130.05
114.27
111.57
98.65
90.24
82.22
88.42
77.88
84.73
109.01
64.62
43.27
43.35
43.88
43.75
44.05
44.01
45.20
123.85
201.99
189.11
171.87
142.86
134.76
112.65
97.17
88.66
78.64
70.84
61.17
68.35
80.05
83.47
80.06
54.39
42.73
42.52
43.81
42.53
42.96
42.93
42.75
43.46
41.95
35.96
36.17
37.50
38.31
37.94
36.22
37.31
35.97
36.39
35.96
39.87
40.80
40.66
42.40
43.11
43.93
43.98
43.14
42.50
42.68
42.70
42.76
43.85
41.32
34.91
35.84
37.17
36.80
37.19
35.81
35.94
34.11
35.54
37.54
41.83
44.03
43.26
42.96
43.52
43.65
42.99
42.19
41.96
42.87
42.75
43.26
122.89
190.84
193.16
188.73
155.53
133.71
115.16
97.74
84.09
80.64
81.68
72.26
70.94
75.10
68.74
67.93
48.82
43.69
43.82
44.70
43.52
44.80
43.28
44.41
112.26
180.48
169.59
146.45
116.40
102.83
85.67
76.35
71.97
69.99
65.49
71.15
75.76
76.12
74.09
71.66
56.25
53.02
51.28
51.19
51.45
51.71
51.47
52.00
79.37
116.30
108.37
104.33
98.27
86.19
71.73
71.51
71.07
70.62
76.42
75.90
78.40
78.30
78.42
74.26
56.47
50.70
51.27
50.45
50.48
50.32
50.01
50.07
70.21
79.74
80.13
78.48
38.44
73.98
73.23
74.68
77.96
79.39
79.65
78.92
78.68
78.14
77.44
72.51
56.17
49.91
48.74
48.49
49.37
48.81
48.31
48.15
71.72
109.19
101.25
98.94
84.03
78.82
71.93
70.91
70.03
68.87
66.01
65.28
72.20
74.55
73.77
74.63
57.73
44.52
44.05
44.10
44.24
44.56
44.04
44.86
44.36
43.69
38.12
37.78
37.10
36.97
37.16
37.31
37.10
40.05
38.15
37.24
41.65
43.14
43.14
43.40
44.04
43.66
43.87
43.61
43.41
43.79
43.45
43.67
43.74
42.63
36.78
36.68
36.24
35.98
36.67
37.13
36.41
36.09
37.00
36.44
41.65
43.34
43.22
43.44
43.54
43.54
43.58
43.48
43.19
43.82
43.20
43.11
90.89
134.07
118.57
99.75
86.31
85.40
76.59
70.71
69.49
68.66
72.88
74.34
80.97
79.95
77.56
69.91
51.50
47.02
45.83
44.66
44.59
44.81
44.54
44.32
60.31
69.48
68.10
68.77
70.78
73.96
73.23
71.09
73.20
78.19
76.17
79.01
80.17
79.85
82.79
82.55
53.42
47.16
46.19
43.39
43.11
43.06
43.16
43.00
59.26
71.80
69.82
67.80
71.74
72.22
72.73
70.08
71.67
75.97
79.05
77.84
83.31
85.63
84.73
82.52
63.02
53.38
52.54
52.03
51.22
50.79
51.02
51.34
66.30
74.15
73.58
75.01
74.29
77.56
78.06
79.54
80.91
78.13
79.66
78.34
80.46
80.34
76.26
77.33
56.78
47.49
47.60
45.64
44.86
45.05
44.97
45.23
61.51
69.80
65.64
70.31
75.55
74.44
67.60
66.50
66.32
64.66
62.90
60.57
65.80
70.72
67.49
65.11
56.17
52.13
52.06
52.01
52.10
52.32
51.96
51.92
64.08
79.11
83.25
91.74
81.25
74.10
68.54
66.70
63.16
57.30
46.38
45.91
50.71
52.75
52.80
52.78
53.20
53.08
52.76
53.20
53.17
53.31
53.13
52.89
53.36
52.31
46.00
45.61
45.39
45.27
45.39
45.70
46.61
45.04
45.04
45.21
50.48
52.23
52.45
52.29
52.78
52.87
52.41
52.71
52.74
52.69
52.80
52.27
70.72
98.19
84.76
79.41
72.76
67.45
60.79
58.63
55.76
55.06
55.25
55.84
59.82
66.42
69.07
69.74
58.40
52.89
53.26
54.09
53.88
54.16
54.04
54.12
105.95
163.01
153.90
157.22
117.98
97.32
79.34
75.10
73.16
71.00
70.92
70.29
74.74
72.11
64.75
66.25
56.16
48.21
46.97
48.11
47.67
47.55
47.52
46.97
107.76
174.07
163.49
150.87
134.48
103.25
83.01
74.40
73.90
75.45
74.89
65.99
69.65
71.31
74.75
79.90
59.73
52.59
53.18
50.50
47.60
48.46
47.67
47.72
113.50
188.95
176.27
169.95
156.96
125.83
101.90
92.13
73.97
66.92
64.92
65.13
69.00
65.72
58.65
59.91
56.40
52.28
50.16
49.66
49.52
48.58
49.67
49.42
112.05
176.43
171.13
155.35
139.93
109.08
86.55
75.01
68.82
61.52
57.78
56.80
59.70
63.26
65.06
66.75
55.33
50.58
50.40
51.03
51.39
51.30
50.80
50.61
52.31
49.42
43.44
43.30
43.68
44.19
45.24
39.45
38.98
39.79
38.98
39.34
43.66
45.86
46.05
45.99
45.95
45.91
46.11
46.24
45.95
45.72
45.65
45.95
46.17
44.46
38.43
38.14
38.56
38.62
38.34
38.91
40.68
38.83
38.77
38.06
43.27
45.72
45.77
45.62
45.62
45.62
45.97
46.00
45.47
45.59
45.40
45.75
100.83
170.47
152.66
139.47
117.11
92.94
79.67
71.40
70.21
68.31
51.63
69.73
71.22
68.84
63.71
62.50
53.68
50.96
52.14
52.91
49.54
48.85
49.09
49.11
73.54
107.27
110.51
88.11
74.46
72.13
68.99
67.64
70.55
74.92
52.80
74.75
76.61
74.01
63.11
54.46
47.56
44.80
44.56
45.25
47.65
43.73
43.68
43.78
61.00
76.42
81.31
70.86
64.90
64.42
64.71
67.20
68.11
72.80
74.23
71.98
77.26
75.16
69.55
60.86
50.34
47.06
46.86
47.05
46.66
45.26
45.26
44.99
63.27
79.12
65.43
59.62
61.93
68.69
44.15
56.07
57.65
56.69
57.06
60.06
60.38
60.53
54.13
47.35
33.01
29.83
29.72
29.14
26.97
26.79
26.40
26.28
40.55
48.94
47.80
52.53
55.62
57.28
54.50
52.11
51.16
49.81
47.45
46.22
51.94
53.24
52.20
51.99
39.26
35.25
35.12
34.91
34.61
34.66
34.63
34.82
37.91
42.62
36.99
35.88
37.61
36.94
38.70
39.40
40.40
34.76
32.44
31.50
29.12
28.03
27.88
27.81
27.79
28.02
28.14
27.96
27.83
27.80
28.00
27.86
28.07
26.02
20.42
21.82
21.99
21.73
21.39
20.34
20.40
22.19
20.00
19.70
25.28
27.54
27.61
27.50
27.26
27.35
27.75
27.65
27.27
27.32
27.08
27.46
43.29
62.50
48.79
62.35
53.37
54.61
56.30
54.18
55.83
56.32
63.21
55.06
57.70
59.11
57.46
50.98
34.59
30.72
31.51
30.42
30.83
30.42
30.34
30.23
44.88
57.96
54.57
60.24
59.03
59.95
59.02
56.94
57.63
57.35
59.17
60.43
66.46
64.06
56.99
57.85
37.69
32.70
34.80
31.39
31.18
31.32
31.19
30.89
45.52
58.73
69.25
62.90
67.57
70.59
70.16
61.61
54.56
58.80
61.17
56.61
57.23
60.03
62.54
65.66
43.94
32.70
31.68
28.74
28.71
28.35
28.03
28.75
78.26
143.69
130.33
114.26
102.33
96.14
83.41
73.55
71.26
66.16
67.18
77.00
73.22
75.38
67.62
70.20
45.55
32.80
31.54
29.61
30.05
30.23
29.78
29.69
76.50
150.03
129.07
116.18
98.10
88.35
77.25
68.87
62.78
55.68
54.76
55.07
60.49
63.54
67.88
61.46
38.63
31.84
31.34
31.36
31.29
31.41
31.37
31.14
31.32
28.56
24.23
24.09
26.97
59.94
60.42
44.05
37.24
22.73
20.01
20.34
25.53
27.50
27.49
27.81
27.69
27.58
27.55
26.89
27.79
27.42
27.71
27.01
27.40
24.85
20.02
20.06
19.73
20.01
20.10
20.44
22.48
20.01
19.90
20.26
24.99
27.03
27.10
27.27
27.43
27.89
27.24
27.05
27.03
27.38
27.11
27.12
82.20
160.44
147.07
118.26
106.89
98.25
82.83
65.75
60.46
69.13
72.90
73.17
65.15
63.92
66.84
65.45
41.02
31.47
29.50
28.32
28.92
28.29
28.15
28.08
72.44
147.16
131.52
115.43
107.77
95.30
79.13
71.47
69.12
59.41
60.54
67.18
70.67
69.59
59.66
54.07
36.74
28.90
26.61
26.88
26.91
26.50
26.27
26.04
53.88
95.90
82.82
79.33
75.44
66.46
67.73
61.64
57.72
64.80
65.39
54.41
54.86
62.14
62.28
56.01
38.65
31.88
32.10
32.23
31.83
31.32
30.02
30.23
48.94
57.87
49.05
55.65
55.89
63.21
66.90
59.06
59.92
60.89
61.53
57.43
59.47
60.39
54.08
57.70
37.29
28.97
28.83
28.62
28.60
28.35
14.37
21.57
44.13
53.69
54.86
53.47
54.15
53.00
49.61
49.43
57.08
57.50
55.03
53.80
55.45
56.13
55.09
51.08
35.87
31.18
31.21
31.53
30.85
31.14
30.92
31.27
31.13
27.35
23.57
23.76
23.81
23.42
23.85
23.86
24.07
23.77
24.78
20.46
24.73
28.02
27.33
27.54
27.41
27.88
27.72
27.01
27.43
27.82
27.58
27.18
27.55
23.68
20.45
20.35
20.01
19.99
20.32
20.28
22.72
20.96
20.28
20.35
24.63
27.34
27.56
27.65
27.50
28.09
27.80
27.33
27.81
27.82
27.45
27.32
68.25
127.42
129.94
111.01
102.00
78.30
70.31
62.86
63.67
68.80
75.31
68.48
66.89
68.35
70.95
73.83
48.39
38.66
31.88
30.42
30.29
30.38
29.72
30.05
79.00
161.65
144.19
123.88
100.89
95.19
82.81
74.20
70.22
72.85
71.27
74.73
77.00
75.10
78.32
77.55
46.58
35.89
31.76
30.73
30.97
30.90
30.45
30.63
83.78
169.37
158.38
125.18
64.18
93.78
82.79
73.41
69.07
69.89
75.79
70.37
68.98
67.95
65.71
66.85
39.36
32.21
30.41
30.23
30.12
30.12
29.95
29.76
57.29
102.25
100.91
99.72
92.71
79.11
78.11
74.12
74.83
74.60
71.36
72.94
74.01
78.12
87.89
100.19
53.27
31.90
31.98
31.64
32.12
32.17
31.84
31.74
82.75
170.19
148.02
127.91
115.68
103.40
99.81
90.23
88.66
83.69
81.68
90.23
97.33
104.94
107.57
111.48
58.34
38.48
38.67
38.46
38.22
38.24
37.99
38.26
38.45
34.02
30.90
30.87
31.04
32.42
26.44
23.10
23.31
23.60
25.88
21.71
25.06
28.84
29.13
29.40
29.16
29.22
28.89
29.13
29.46
29.20
28.63
28.90
29.38
24.16
21.62
21.60
21.65
22.05
21.82
21.46
21.68
23.16
22.14
22.28
25.27
29.31
29.34
29.60
29.76
29.34
29.37
29.17
29.63
29.26
29.05
29.18
89.67
158.51
163.39
143.86
114.70
101.63
90.37
75.40
68.15
70.62
77.16
79.18
74.19
63.90
65.63
62.57
43.04
32.22
33.01
31.73
31.76
32.36
31.61
31.61
65.38
131.60
109.23
97.68
81.22
73.10
66.65
65.99
63.14
59.85
57.89
61.68
67.15
68.03
63.65
55.68
33.94
26.88
25.78
27.10
28.06
27.26
27.19
26.89
42.07
55.87
57.81
56.34
58.92
61.62
63.75
60.00
58.07
58.74
59.39
51.74
56.74
60.96
61.08
53.45
34.45
28.78
29.50
27.83
27.85
27.95
27.58
27.43
44.58
48.77
59.78
64.43
59.69
59.11
60.07
60.84
60.53
60.25
55.07
50.42
51.05
53.87
52.27
51.55
34.51
28.44
27.12
26.88
26.64
26.88
26.78
26.31
41.57
59.52
61.30
64.00
65.62
64.96
56.34
53.63
54.82
55.80
51.93
50.26
54.85
59.70
56.26
55.17
39.22
33.86
33.30
33.15
33.07
33.89
33.35
33.00
33.23
27.79
26.53
26.10
25.86
25.73
26.14
26.26
25.71
26.09
25.78
26.35
28.98
32.79
32.95
33.23
33.55
33.37
33.06
33.12
33.47
33.20
33.11
32.99
33.07
27.78
25.98
26.10
25.53
26.27
27.56
26.30
26.28
26.06
26.37
26.31
29.01
33.11
33.23
33.12
33.63
33.83
33.59
33.43
33.39
33.62
33.45
32.95
48.49
56.33
51.27
51.98
50.83
48.88
43.90
41.57
43.40
43.99
42.62
42.41
48.82
53.69
53.65
54.23
40.43
34.45
33.50
32.27
32.17
32.14
32.22
32.26
44.86
52.95
47.30
43.99
45.02
43.93
39.77
37.03
37.74
37.54
37.92
37.54
40.26
47.80
50.58
48.90
37.76
34.79
37.88
39.86
42.03
41.18
37.29
37.32
48.84
54.27
56.08
56.21
52.89
45.69
45.21
45.91
45.85
45.87
46.11
45.94
46.99
53.05
56.24
56.68
41.59
36.01
36.52
36.45
36.08
35.73
34.69
35.12
47.10
53.18
53.14
52.50
49.79
47.09
43.02
43.60
43.97
44.39
44.06
39.64
43.41
48.43
49.74
50.99
34.43
29.21
29.66
29.70
29.78
29.26
29.47
29.59
40.50
43.61
42.58
40.36
41.24
43.41
42.86
42.78
42.77
43.45
43.33
42.19
49.01
54.45
56.64
57.33
40.92
35.46
36.31
35.70
35.82
35.38
35.04
35.29
35.52
29.21
28.09
27.93
28.24
28.38
28.25
27.93
27.96
28.51
28.16
28.12
30.04
34.86
35.41
35.40
35.02
35.26
35.27
35.48
35.40
35.11
35.13
35.30
35.57
28.73
27.82
28.02
28.02
28.42
29.42
27.84
27.52
27.88
27.62
27.84
29.50
34.52
34.16
35.05
34.98
34.83
33.42
32.35
32.74
32.57
31.97
32.24
53.53
62.64
65.14
63.84
64.92
62.34
62.82
57.07
57.69
66.08
65.34
57.02
60.58
68.01
70.48
60.56
39.49
37.86
32.12
28.64
28.76
28.48
28.15
28.15
40.97
46.78
44.65
49.87
55.21
61.29
60.57
59.35
64.52
60.22
58.44
58.65
61.13
69.80
63.17
61.30
47.39
40.30
37.23
37.27
34.77
34.65
34.74
34.25
47.94
51.66
53.90
55.39
57.49
57.39
62.59
60.31
58.75
61.25
61.87
54.38
57.20
64.06
61.08
55.65
42.32
35.54
35.28
36.50
35.24
34.86
35.01
35.42
52.68
68.36
75.03
76.78
69.02
70.07
61.40
62.21
67.11
63.25
61.31
63.21
62.87
66.38
67.26
68.99
46.10
35.50
34.47
34.08
33.79
33.73
33.81
33.95
51.15
62.60
69.22
66.09
62.89
65.09
59.27
52.63
52.42
49.25
46.07
44.81
49.11
53.91
52.61
49.23
35.79
30.08
30.31
30.37
30.52
30.42
30.53
30.03
30.08
23.07
23.18
22.93
23.61
24.97
24.60
23.72
23.04
21.23
21.07
21.14
22.72
28.32
28.29
28.11
28.34
28.62
28.37
28.26
28.29
28.10
28.47
28.08
27.68
20.95
21.11
21.12
21.03
20.85
21.02
21.23
21.19
21.08
21.14
21.14
22.34
28.02
28.16
28.30
28.49
28.15
28.61
28.21
28.46
28.29
27.84
27.99
42.88
45.71
48.71
54.31
58.72
58.30
57.06
55.15
53.99
61.10
60.11
50.76
50.68
58.13
61.15
60.22
42.36
33.71
33.74
34.45
33.92
34.11
33.45
33.41
46.87
48.00
51.64
58.11
59.15
58.09
54.79
56.97
57.78
57.20
61.37
56.94
59.17
59.65
57.24
60.50
44.27
33.70
30.42
30.41
30.69
31.17
30.39
30.63
41.55
47.05
51.18
54.56
58.47
55.83
56.77
53.53
54.39
61.25
59.62
54.19
55.02
61.15
64.82
58.51
38.49
32.87
32.97
32.82
33.83
33.67
31.81
31.92
43.61
49.05
49.01
52.42
58.13
61.86
60.13
59.12
59.40
60.38
61.47
58.22
53.65
59.88
53.61
51.40
39.08
34.03
34.02
36.35
39.25
34.93
34.81
34.57
43.93
44.51
49.19
55.26
60.09
63.34
56.14
56.04
59.03
59.50
55.90
56.55
55.53
61.71
61.46
59.51
44.87
37.91
38.15
38.25
38.24
38.12
37.84
37.79
36.72
31.12
30.53
30.63
30.61
31.85
24.27
22.70
22.08
22.39
22.58
22.23
23.21
29.28
28.95
29.26
29.82
29.53
29.66
29.60
29.76
29.88
29.52
29.10
27.81
22.35
22.19
22.28
22.08
22.33
24.17
22.54
22.44
23.19
22.54
22.50
23.14
29.29
29.37
29.54
29.89
33.98
29.82
29.67
29.42
29.45
29.65
29.45
45.26
50.98
50.47
56.83
61.24
60.53
55.91
53.04
53.31
60.05
61.59
54.39
53.92
57.68
56.88
55.59
36.56
30.41
30.86
31.75
41.25
40.53
40.28
40.28
53.06
57.21
58.37
60.93
60.74
62.70
64.34
55.66
56.56
57.80
54.62
54.93
54.32
56.24
50.80
56.58
35.52
27.79
27.80
28.44
28.55
28.18
27.62
27.69
36.58
42.54
48.03
52.03
54.73
55.10
55.00
53.30
53.15
57.51
56.79
50.25
51.16
56.96
54.51
49.74
37.17
39.70
29.93
29.01
29.10
29.14
28.85
28.71
37.10
44.03
46.48
50.07
53.84
59.02
59.16
60.89
62.95
62.31
57.54
54.24
53.47
58.40
54.52
57.24
35.65
22.03
14.63
28.99
28.44
28.92
28.93
28.53
36.61
42.88
49.50
54.56
57.63
53.81
51.28
49.07
49.40
52.29
49.66
48.98
50.40
59.47
52.82
53.39
37.84
31.76
32.05
31.90
31.64
31.73
31.69
31.79
29.36
24.54
24.28
24.86
24.79
24.41
24.54
24.64
24.51
26.36
25.06
25.55
23.44
29.45
29.41
29.58
29.58
29.54
29.87
30.17
29.82
29.73
29.58
29.78
27.10
22.33
22.39
22.71
22.57
22.40
22.45
22.80
22.49
24.44
23.02
22.97
22.93
29.65
29.96
30.18
30.05
29.65
29.87
29.86
30.15
29.93
29.65
29.52
51.56
57.09
50.86
53.76
57.05
54.62
55.04
51.04
54.25
63.22
57.20
49.65
53.12
62.27
61.14
54.16
37.25
30.63
30.44
30.60
31.75
29.56
28.85
28.93
38.66
43.67
45.41
50.88
54.98
58.65
57.00
55.52
56.14
57.19
56.83
58.86
55.51
61.63
53.35
53.32
38.47
33.17
41.64
40.27
34.96
31.77
32.19
31.91
43.72
50.28
49.49
56.26
59.11
58.15
58.20
52.78
53.23
59.18
58.79
50.83
52.12
59.82
60.04
56.05
40.37
33.55
33.89
34.45
33.45
33.41
33.41
33.63
42.02
48.17
49.98
57.20
58.53
58.82
58.78
61.56
62.21
57.80
56.53
58.04
52.42
55.75
52.40
48.81
33.93
27.58
27.76
27.95
28.34
28.03
27.79
27.90
36.27
41.68
46.48
55.31
59.57
55.65
49.20
48.31
49.16
48.26
43.23
40.93
40.94
52.10
48.58
48.82
34.90
28.52
28.35
28.74
29.09
28.24
28.09
28.27
25.48
21.45
21.14
21.39
21.66
21.96
22.67
18.87
19.20
19.06
19.12
18.83
19.09
25.68
25.61
25.83
25.85
25.66
26.18
26.33
26.05
25.80
25.63
25.62
22.58
18.81
18.50
18.82
19.33
20.45
19.00
18.92
18.87
19.13
19.36
18.79
18.93
25.39
25.64
25.94
26.00
25.96
26.25
25.90
25.72
25.58
25.67
25.64
57.48
58.41
55.14
51.94
54.39
54.61
56.53
56.52
55.96
59.10
58.99
54.25
53.45
57.90
57.83
51.60
33.28
27.47
27.20
27.41
27.45
26.82
26.74
27.05
42.71
47.18
43.71
48.27
54.24
57.60
57.35
57.14
60.02
59.85
57.98
58.57
56.15
57.33
52.13
50.23
35.31
30.93
37.83
36.70
36.55
38.26
35.83
31.79
52.47
55.06
50.05
57.98
66.62
64.24
62.28
60.53
64.44
66.20
62.68
58.66
58.87
63.98
61.61
60.73
43.13
37.36
34.25
32.51
32.79
32.09
32.00
31.91
39.96
48.59
45.65
54.97
58.72
61.10
50.65
64.75
67.65
60.88
59.00
58.44
57.67
60.11
52.95
51.80
37.20
28.09
27.99
27.78
27.70
28.29
27.99
27.53
34.89
43.92
50.11
55.96
56.15
55.35
53.41
50.04
52.32
52.69
49.75
49.39
51.74
57.92
58.44
58.09
38.13
32.11
30.97
30.77
30.86
31.17
30.85
30.51
26.82
24.17
23.91
23.99
23.69
20.43
19.87
19.66
19.72
19.90
20.26
21.28
19.57
25.48
25.49
25.79
26.21
26.05
26.06
25.89
25.77
26.30
25.98
25.53
21.22
19.15
18.88
18.77
18.99
20.71
18.95
19.01
19.24
19.21
18.98
19.39
19.06
24.75
25.41
26.05
26.04
25.90
26.30
25.89
25.78
25.71
25.86
25.89
50.47
58.34
58.55
56.42
58.44
57.69
56.67
53.02
57.58
61.18
61.86
55.14
56.71
62.12
60.67
54.88
39.81
32.12
30.12
32.49
31.29
29.23
28.24
28.15
40.75
50.26
52.95
57.92
57.72
57.28
56.05
58.67
62.91
58.74
61.16
64.26
60.63
58.50
54.58
53.83
37.97
30.96
30.58
32.42
29.43
28.25
28.71
29.07
37.74
47.85
48.66
55.96
63.15
60.59
57.55
56.08
61.55
62.45
62.44
53.14
51.33
58.79
58.03
52.58
37.55
30.64
30.19
31.11
29.06
28.93
28.89
29.11
35.80
46.95
44.82
49.08
55.55
57.02
54.91
52.70
52.84
55.45
54.99
52.24
51.12
52.42
49.97
51.03
38.37
32.34
30.27
29.97
30.07
30.49
30.24
30.43
40.60
45.36
45.84
53.10
52.08
53.91
50.70
51.43
51.53
50.98
48.98
46.60
46.73
51.86
51.14
49.93
35.17
30.41
30.03
30.27
29.91
29.90
29.83
30.10
25.09
22.96
22.93
23.70
23.48
23.07
23.10
23.31
23.10
23.34
23.10
23.30
23.50
28.67
30.17
30.42
30.38
29.98
30.17
29.78
29.56
30.01
30.04
29.94
24.25
23.10
23.00
24.01
24.79
22.94
23.46
23.31
23.09
23.37
23.38
23.53
23.71
28.35
30.13
30.32
30.09
29.91
29.94
30.05
30.09
30.05
29.77
29.78
81.80
90.01
64.84
63.86
58.49
57.42
54.94
55.90
56.68
60.46
63.08
57.58
55.78
62.06
62.27
57.19
39.05
30.43
31.01
29.69
29.26
28.71
28.60
28.85
47.12
52.82
47.26
49.86
53.24
53.74
55.05
54.37
58.53
60.06
56.84
60.78
56.95
62.50
59.80
54.17
35.32
28.70
28.45
27.72
27.20
27.22
26.14
26.44
35.69
46.23
51.67
51.27
51.82
53.01
53.18
53.69
53.82
57.91
57.66
54.61
53.72
58.16
58.62
55.45
38.73
32.52
31.88
31.22
31.62
30.93
30.22
30.73
48.74
52.78
48.51
47.18
50.50
53.13
54.34
56.09
62.74
59.28
56.54
56.00
53.94
52.58
50.52
48.02
32.93
27.56
27.65
28.26
26.79
25.64
26.28
26.37
45.71
59.06
47.76
49.57
53.34
55.67
53.65
51.03
52.36
51.92
49.28
48.49
50.14
53.61
54.17
52.65
39.49
31.88
31.44
31.48
31.50
31.67
31.40
31.35
25.08
25.31
25.32
24.66
24.53
24.74
24.87
24.82
24.52
24.63
24.62
21.49
21.76
26.37
28.58
28.62
28.42
28.62
28.55
28.08
28.13
28.14
28.40
28.10
21.91
21.44
21.70
21.38
21.38
21.30
21.79
23.22
21.48
21.76
21.64
21.54
21.84
26.41
28.45
28.38
28.43
28.07
28.35
28.29
28.10
28.08
28.21
28.45
87.06
98.79
66.65
82.56
85.63
85.76
87.61
74.93
74.87
80.61
87.06
85.01
81.98
78.77
77.71
74.66
42.32
30.13
29.59
29.01
28.35
28.25
28.82
28.73
51.00
60.20
54.72
52.05
50.55
51.73
51.85
53.57
52.35
53.87
52.50
48.11
45.93
50.39
55.71
56.04
35.98
29.59
28.38
28.90
28.95
27.60
27.09
27.00
42.18
52.86
49.94
50.34
52.41
52.13
45.16
41.53
42.79
51.92
42.75
40.73
40.33
44.57
48.83
47.37
34.63
29.62
28.49
29.90
30.09
27.63
25.20
25.52
36.87
51.53
50.35
40.85
37.00
39.57
46.68
48.38
46.76
45.43
42.99
40.07
42.33
46.73
47.41
47.06
34.47
28.56
27.88
27.52
27.74
26.74
26.52
26.51
36.99
45.55
46.63
37.65
37.73
42.39
44.06
48.65
50.21
52.09
50.16
45.40
41.72
47.31
52.21
49.76
38.69
31.13
27.29
27.28
27.28
27.22
27.05
26.72
20.70
22.01
28.10
34.27
38.48
36.02
28.65
26.49
26.08
24.42
23.81
23.50
23.76
27.69
30.59
30.63
30.54
30.08
30.25
30.42
30.47
30.75
30.16
29.87
23.69
23.44
23.27
23.89
25.41
24.06
23.99
24.04
23.82
23.94
23.91
23.88
24.57
28.14
31.00
31.04
31.08
30.65
30.95
30.87
30.83
30.71
30.69
30.33
86.36
114.96
70.31
79.08
83.14
80.96
72.41
72.60
79.90
82.54
82.49
79.87
76.24
74.51
79.63
71.95
42.57
29.50
27.55
28.91
28.90
28.27
28.08
28.03
53.81
59.15
53.99
47.19
44.59
45.57
40.24
38.14
37.59
39.91
38.94
38.40
38.15
46.01
51.41
51.93
35.01
29.36
27.40
27.26
27.24
27.65
27.25
26.32
39.64
49.42
42.64
44.21
40.67
37.83
35.11
36.67
34.82
36.32
37.82
40.56
38.73
45.72
48.13
48.18
33.26
28.40
27.91
26.21
25.58
25.70
25.43
24.48
32.51
46.00
40.32
35.62
37.13
37.24
37.39
36.91
36.28
35.52
36.75
35.32
35.99
40.90
45.03
44.64
31.30
27.24
25.47
26.74
27.15
25.12
25.23
94.97
123.75
124.97
123.22
69.55
123.92
122.24
115.07
69.89
68.27
68.40
68.17
69.26
69.80
67.11
68.19
69.15
39.34
26.67
25.70
25.61
25.67
25.97
25.64
24.68
18.67
18.90
18.84
18.74
18.66
18.93
18.81
18.79
18.83
18.90
19.37
19.02
18.97
22.51
26.02
25.60
25.80
26.00
25.88
25.92
25.77
25.49
25.52
24.54
19.02
18.56
18.60
18.39
19.37
20.01
18.64
19.10
18.90
18.93
18.99
18.81
18.74
22.05
25.71
25.31
25.66
25.62
25.52
25.91
25.71
25.52
25.47
24.79
56.11
45.32
40.09
38.73
39.77
38.39
40.92
39.39
39.59
39.12
39.64
40.41
40.45
46.64
49.43
49.12
35.09
27.95
26.88
26.29
26.50
26.96
25.88
24.89
32.33
36.91
38.19
39.67
42.25
39.64
39.22
40.78
41.98
43.69
41.69
41.27
39.28
45.69
50.70
51.46
35.35
27.69
26.83
26.74
26.18
26.23
25.75
24.78
30.11
34.16
38.13
40.76
44.56
43.39
41.01
42.96
40.72
41.56
40.53
40.26
40.61
46.09
52.61
51.90
33.76
26.36
26.51
26.09
26.07
25.68
25.32
24.15
29.41
35.04
34.45
39.46
44.57
43.31
45.57
46.58
44.15
43.20
42.60
42.85
44.94
50.79
56.37
55.93
34.87
27.64
25.24
25.60
25.48
26.32
25.18
24.29
27.91
37.38
49.32
52.57
51.49
54.42
56.39
53.70
54.23
55.51
55.38
51.37
52.45
55.25
62.44
61.69
38.05
26.78
26.88
27.13
26.33
26.65
26.87
24.72
20.18
19.78
19.42
19.54
19.95
19.80
19.66
19.61
19.75
19.71
19.96
19.61
19.86
22.62
26.62
26.76
26.71
26.82
27.09
26.66
26.55
26.78
26.86
24.97
19.77
19.79
20.04
20.16
21.13
19.63
20.33
19.83
19.59
20.08
19.57
19.65
19.74
22.63
26.11
26.72
26.98
26.76
26.59
26.60
26.92
27.14
26.48
24.74
41.61
40.49
41.38
42.40
45.76
51.39
47.72
48.27
47.40
47.38
47.46
52.27
56.83
63.53
71.07
79.59
42.41
27.74
27.82
27.35
27.30
27.32
27.17
25.58
29.88
44.57
53.77
52.57
54.49
62.45
53.62
61.47
62.34
54.90
58.64
58.17
58.65
65.23
70.75
79.65
46.77
28.39
30.31
29.68
29.35
28.80
27.12
25.39
30.43
42.12
52.64
47.70
51.99
63.87
72.00
62.42
49.70
63.95
68.87
66.84
70.17
78.57
90.98
92.88
49.30
31.05
30.92
29.83
28.64
27.61
28.14
26.13
30.08
38.72
45.44
37.15
37.16
40.15
38.97
37.38
36.42
38.98
37.91
36.01
35.85
41.35
48.42
48.72
32.82
26.97
27.48
27.59
27.52
27.52
27.45
25.73
29.84
36.53
39.58
39.83
39.43
38.19
37.14
38.47
39.64
36.37
37.35
35.09
38.93
41.07
43.69
42.83
32.65
27.96
28.07
27.87
28.51
28.12
27.88
26.09
21.45
21.36
21.02
21.02
21.15
21.53
21.88
22.82
23.07
22.78
22.02
22.17
21.55
23.66
28.16
28.24
27.96
27.56
27.85
28.33
28.03
27.74
27.76
25.98
21.22
20.92
20.76
21.15
22.48
21.45
20.91
20.74
20.75
21.28
20.85
20.99
20.96
22.93
27.44
27.40
27.71
27.43
27.35
27.78
27.47
27.76
27.43
25.45
53.79
57.73
56.66
54.35
45.34
42.47
43.87
45.17
39.70
37.34
38.33
38.40
38.18
39.88
49.64
46.98
34.10
27.18
27.98
27.43
27.13
27.07
27.39
25.04
32.09
40.79
38.39
35.55
36.16
40.14
43.69
42.33
38.02
37.59
37.47
36.96
37.07
38.68
46.64
46.24
31.89
27.34
26.99
27.85
27.53
27.25
26.94
24.78
30.93
37.68
35.57
36.03
37.67
41.37
42.80
40.81
39.17
40.25
39.59
38.11
37.67
39.50
43.28
42.90
31.64
26.60
26.48
27.56
26.81
26.56
26.93
24.95
34.72
38.18
37.66
37.73
38.27
40.67
40.79
42.71
42.12
41.37
40.96
39.00
38.64
40.43
46.96
45.18
33.79
28.81
28.63
28.70
28.64
28.48
28.44
26.31
39.16
39.39
37.56
38.08
38.20
36.23
35.94
36.10
36.87
45.11
56.23
65.48
79.44
94.15
97.92
98.19
47.45
26.99
26.73
26.79
26.74
27.07
26.59
24.45
20.16
20.58
20.05
20.12
20.28
20.24
20.44
20.53
20.17
20.45
20.44
20.10
20.35
22.06
27.32
27.16
27.11
27.01
26.89
26.88
26.57
26.85
26.57
24.22
20.12
20.18
20.09
20.37
21.55
19.98
20.22
20.31
20.25
20.34
20.35
20.06
20.44
21.97
27.06
27.29
27.23
26.91
26.98
26.95
26.92
26.76
26.64
24.37
83.22
124.19
118.66
118.62
100.99
92.73
84.50
80.89
82.38
81.82
82.62
80.26
81.87
100.92
112.64
94.68
56.47
28.13
28.24
30.45
29.04
28.24
27.66
25.30
81.85
122.66
91.26
76.12
70.78
73.36
72.95
79.05
85.39
87.62
82.73
78.48
79.93
80.88
85.70
83.54
44.06
27.69
27.60
28.63
30.16
29.97
28.55
26.36
77.77
107.89
82.87
75.95
74.99
75.62
75.33
78.87
82.41
86.40
84.43
75.78
76.44
77.94
85.01
75.87
51.94
27.65
27.40
27.19
26.66
26.91
26.63
24.33
77.14
97.73
70.07
66.36
66.80
72.01
72.00
59.26
95.26
94.58
85.36
58.24
58.11
59.22
64.70
60.67
41.43
37.53
37.40
36.17
33.24
32.26
32.78
29.93
84.53
96.36
65.78
49.06
46.72
47.32
50.67
53.57
55.14
50.02
47.93
48.11
50.75
49.17
51.65
50.56
33.44
26.34
26.02
26.20
26.02
26.07
26.26
23.41
72.76
89.12
58.69
47.33
49.39
52.85
47.21
47.03
44.17
42.40
26.32
19.30
19.30
20.80
26.43
26.85
26.48
25.96
26.21
26.27
26.16
26.46
26.18
23.26
19.58
19.47
19.47
19.43
20.09
20.83
20.23
20.02
19.77
19.95
20.08
20.03
20.21
21.77
26.80
26.91
27.00
26.71
26.74
26.86
26.64
26.63
26.76
24.42
92.20
125.03
104.71
96.66
84.88
67.34
56.89
54.39
64.98
66.45
57.73
51.68
51.27
63.23
65.87
60.39
36.95
29.65
28.80
28.21
28.78
28.29
27.44
25.07
90.21
113.37
67.21
48.05
46.33
53.15
53.02
57.57
61.49
59.18
60.42
56.23
53.74
53.66
58.94
58.05
37.99
27.89
27.80
27.72
27.34
26.91
26.97
25.02
84.13
110.15
56.10
41.26
42.94
47.12
48.13
49.70
54.38
54.18
51.42
47.34
48.27
49.60
52.64
52.03
32.99
25.55
26.29
25.93
25.58
25.61
25.52
22.89
81.07
111.58
71.10
44.57
42.45
47.37
46.90
49.03
51.81
49.91
49.92
46.51
46.37
51.16
53.58
51.06
34.37
27.76
25.74
25.76
25.22
26.02
25.81
23.21
78.07
103.10
50.52
39.81
40.70
40.16
40.50
42.69
44.98
44.05
41.90
41.69
42.10
43.17
47.94
46.66
32.33
26.07
25.93
26.04
25.64
25.98
25.62
23.12
19.19
19.22
19.50
19.63
19.32
19.26
19.32
19.49
19.25
19.49
19.40
19.44
19.66
20.41
26.35
26.25
26.36
26.18
26.30
26.30
26.11
25.96
25.78
23.38
19.54
19.51
19.27
19.51
20.58
19.26
19.29
19.24
19.33
19.23
19.38
20.89
22.69
20.41
26.46
29.17
30.39
27.97
26.20
26.29
25.96
26.02
26.08
23.71
91.49
125.60
95.19
80.94
62.04
62.36
67.33
68.45
58.81
53.76
53.31
53.91
49.49
48.65
56.83
54.03
35.03
26.10
26.43
26.53
26.27
26.16
25.40
23.27
85.60
107.56
60.76
44.48
43.76
47.98
50.31
51.11
49.71
47.37
47.19
46.91
46.89
46.17
52.71
49.13
33.24
26.34
25.85
25.74
25.83
26.06
25.49
23.18
80.15
106.40
54.41
41.85
42.46
47.20
48.24
46.44
49.14
45.89
45.14
44.75
44.86
45.46
53.03
49.88
33.97
26.21
26.28
25.36
25.43
25.80
25.27
22.87
76.65
103.68
61.71
44.32
46.60
47.38
45.57
43.99
45.72
46.92
45.50
45.43
46.07
46.80
50.55
49.26
32.02
25.69
26.07
25.15
25.14
25.79
25.68
23.14
77.90
105.23
56.57
41.13
41.26
43.70
43.37
43.79
45.56
42.73
42.97
43.15
45.26
42.81
47.15
48.61
33.14
25.59
25.42
25.51
25.65
25.59
25.34
22.93
19.14
19.07
19.18
19.12
18.84
19.09
19.04
19.07
18.93
19.20
19.12
19.22
19.34
19.90
25.58
25.91
25.86
25.62
25.79
25.79
25.77
25.83
25.55
23.52
19.20
19.02
18.87
19.10
19.02
19.03
19.21
19.09
19.04
19.24
19.19
19.07
21.05
23.64
25.92
26.02
25.93
25.78
25.81
25.72
25.63
25.53
25.55
23.28
91.74
120.25
90.66
72.56
54.54
54.09
57.82
60.31
55.18
50.44
48.92
51.91
50.90
47.69
56.37
51.62
34.00
26.31
26.16
26.44
26.17
26.55
25.91
23.53
82.18
112.67
69.45
43.74
41.86
44.21
46.49
49.73
50.20
48.38
46.76
46.50
44.63
45.90
52.88
49.79
32.51
25.93
26.45
26.70
26.34
25.74
25.88
23.87
80.22
114.51
82.24
46.55
43.40
46.77
47.98
47.99
51.14
47.54
45.68
45.10
44.92
45.18
50.76
51.34
32.35
26.05
26.07
25.69
25.40
25.55
25.50
22.94
79.88
105.16
53.24
42.98
44.04
48.45
50.34
52.60
54.98
54.25
52.31
50.36
47.63
44.63
51.88
49.06
32.98
26.85
26.79
26.25
25.55
25.40
25.61
23.87
78.49
98.80
36.48
42.74
40.98
40.68
42.32
42.65
45.81
47.77
44.95
43.04
42.67
44.57
52.58
48.67
32.76
25.95
25.83
26.11
25.99
25.81
25.47
24.01
18.97
18.64
18.59
18.88
19.57
20.61
20.14
19.16
19.16
19.22
19.70
19.83
20.10
20.76
27.19
26.77
26.18
26.23
26.19
26.22
26.21
26.18
26.00
24.02
19.09
18.83
18.84
19.09
18.80
19.14
19.16
19.40
22.55
23.80
22.16
25.84
24.80
22.76
29.00
28.91
34.47
28.95
29.16
29.23
29.16
27.09
25.94
23.89
92.92
118.22
87.52
76.82
61.31
56.39
60.58
65.63
61.50
55.55
56.01
59.69
56.01
49.78
56.51
52.30
33.84
26.20
26.44
26.14
26.01
25.99
25.81
24.53
87.08
110.42
63.80
48.07
43.76
46.21
46.59
49.46
51.21
46.68
46.30
45.38
45.87
47.20
54.51
50.55
32.72
26.56
26.65
26.71
26.72
26.39
26.32
24.51
86.52
106.70
59.18
44.56
43.02
44.21
46.33
48.00
51.18
46.69
46.26
46.84
47.66
44.37
51.34
50.48
34.80
27.69
27.74
27.27
27.31
27.15
27.78
25.45
83.41
102.83
52.66
41.31
41.43
42.00
41.57
41.10
42.47
45.19
43.81
43.77
43.97
43.70
49.54
49.03
34.12
27.11
27.65
27.00
26.83
27.00
27.28
25.26
81.50
99.81
53.26
42.84
41.98
42.76
41.83
41.93
42.36
45.68
43.78
43.98
47.84
46.03
51.90
51.26
33.66
27.88
26.97
27.31
27.21
26.74
26.84
25.15
19.98
20.28
19.97
19.81
19.98
20.05
20.23
20.45
20.56
20.24
21.04
20.46
21.40
22.27
28.43
27.47
27.62
27.46
27.01
27.39
27.16
27.05
27.20
25.53
20.20
20.03
20.10
20.31
21.32
20.50
20.65
20.72
26.97
23.42
23.47
29.13
23.54
24.08
30.50
30.29
27.61
27.14
27.32
28.60
29.68
27.19
27.11
25.50
92.68
124.16
93.47
78.65
60.07
55.02
57.37
63.64
59.97
49.93
50.15
52.51
51.09
49.06
56.88
54.38
37.09
28.72
28.80
28.09
27.33
27.78
27.99
27.33
88.67
118.58
71.40
47.20
45.65
44.48
45.48
46.60
52.17
52.19
50.28
47.04
44.43
47.13
54.20
52.17
34.25
27.12
26.68
26.76
26.66
27.13
26.47
25.61
83.60
109.86
60.58
45.20
44.88
47.12
48.22
47.66
48.88
48.12
47.12
45.46
45.11
48.38
54.05
50.94
34.55
26.94
27.27
26.96
26.74
26.65
26.39
26.45
88.87
112.39
64.28
45.90
43.08
45.10
44.85
44.93
44.55
47.12
46.84
44.75
45.02
45.50
53.75
52.15
34.71
28.16
27.80
27.22
27.25
27.94
27.69
25.88
85.27
104.41
61.04
47.08
48.48
48.57
46.79
48.32
49.16
47.62
46.10
45.45
45.04
47.06
51.23
50.19
35.36
27.06
26.79
26.60
26.57
26.17
26.32
25.73
19.62
19.61
19.48
19.37
19.63
20.42
21.08
21.71
22.24
21.95
21.75
22.14
21.38
22.06
28.24
31.28
36.32
29.15
26.62
26.74
26.76
26.64
26.62
25.64
19.56
19.66
19.61
19.44
27.95
26.17
24.35
23.85
25.81
29.96
23.99
23.52
27.37
26.57
30.01
29.81
30.04
30.32
32.92
33.02
29.84
29.80
30.35
28.59
95.35
126.32
91.50
102.35
69.59
62.47
64.53
69.44
65.27
60.48
64.94
64.27
55.09
55.36
60.79
57.63
35.82
26.80
26.57
26.70
27.28
26.67
26.69
25.62
90.00
67.33
43.67
72.37
66.39
71.32
90.01
119.44
91.30
55.39
53.24
52.25
52.40
53.01
59.10
56.82
36.08
27.06
26.74
27.21
26.99
27.44
27.18
25.76
88.48
139.39
135.15
94.33
58.75
49.39
51.23
52.85
59.11
53.08
50.50
50.70
50.27
52.92
56.72
53.68
35.77
29.45
28.75
28.26
27.91
28.07
27.83
27.11
89.05
107.22
76.81
48.00
43.79
43.90
46.13
45.57
46.93
45.37
44.56
44.71
44.79
44.99
53.23
51.09
33.41
26.75
26.90
26.73
26.67
26.91
26.31
26.04
85.19
104.27
62.33
45.54
41.92
43.59
44.49
43.09
46.67
44.59
43.77
44.91
45.89
44.99
51.46
51.10
33.10
26.66
26.83
26.61
27.11
26.94
26.39
25.89
19.88
20.07
19.87
19.87
19.64
19.78
19.96
19.88
20.11
20.31
21.05
20.71
21.17
22.52
27.87
27.13
26.92
26.99
31.43
30.52
28.66
27.14
26.80
26.42
19.97
19.90
19.90
19.88
20.13
20.24
23.98
24.02
23.40
30.05
24.02
23.25
23.66
30.73
30.06
30.10
30.19
30.17
30.16
30.40
35.76
30.53
30.24
29.70
94.24
136.81
105.83
82.38
69.89
65.23
64.48
66.91
59.94
56.44
56.20
59.42
54.40
53.42
58.58
62.36
39.66
28.45
28.53
28.07
27.96
28.05
28.22
28.14
89.88
117.34
76.19
51.44
47.82
44.77
46.14
46.46
49.72
48.08
47.94
48.16
47.49
50.16
57.30
52.76
35.13
28.21
27.86
27.67
27.68
28.20
28.01
27.45
89.76
123.50
85.37
65.38
48.81
47.61
49.31
50.10
49.52
46.57
45.67
46.44
44.68
46.83
53.22
50.83
33.76
27.08
27.05
26.82
27.24
26.65
26.51
26.98
86.92
109.44
61.61
49.24
48.27
48.36
49.86
53.20
51.82
48.35
46.77
46.00
48.54
50.74
54.83
51.43
33.76
26.47
26.93
26.71
26.52
26.51
26.76
27.02
86.68
118.98
71.06
48.94
46.63
47.77
50.08
53.54
48.23
45.17
46.53
48.93
51.00
48.72
52.15
50.31
34.11
27.50
27.23
26.69
26.62
26.71
27.12
26.64
19.96
19.60
19.93
19.85
19.75
20.02
20.73
20.84
20.74
20.83
21.12
21.12
21.11
24.95
31.03
35.54
29.91
28.46
26.86
26.96
26.71
26.73
26.74
27.03
19.82
22.85
22.50
19.50
19.76
26.34
22.68
23.55
23.46
28.64
26.24
23.48
26.44
28.64
30.57
30.07
30.13
30.29
30.21
30.27
30.03
35.77
27.68
27.32
93.45
135.05
96.06
81.76
65.77
63.13
64.18
67.88
59.38
56.18
57.24
61.27
55.48
55.26
60.80
55.44
35.17
27.29
27.09
26.72
27.08
26.75
26.99
26.90
88.41
122.83
78.16
57.64
53.80
55.09
60.86
59.88
56.16
55.35
54.04
53.01
54.81
63.39
68.34
70.08
41.67
27.52
27.60
27.89
27.73
27.44
27.41
27.15
88.94
126.90
105.42
82.15
59.87
54.78
52.77
49.43
48.95
50.08
52.29
49.39
47.94
54.43
57.81
59.76
38.41
28.05
27.71
27.84
27.63
27.99
28.09
27.87
71.14
96.25
80.77
38.83
38.57
75.92
75.08
57.80
54.45
57.71
55.95
56.93
56.70
58.83
65.46
62.52
44.17
36.63
36.82
37.39
37.09
37.06
37.20
37.35
91.26
130.50
85.16
60.96
58.60
58.45
59.12
59.18
60.67
61.62
58.56
58.51
59.91
60.72
66.08
64.22
43.84
35.17
34.99
35.00
35.36
35.30
34.88
34.98
29.17
28.37
28.06
28.24
27.98
28.59
30.60
29.11
34.53
38.60
35.50
34.81
34.91
36.81
41.68
43.03
44.57
44.17
43.14
42.57
40.53
35.83
35.20
35.10
34.18
27.90
28.10
29.77
29.44
38.29
35.46
34.97
35.78
36.36
37.28
36.68
36.77
38.20
43.27
42.47
42.33
42.21
42.52
41.06
40.35
40.75
42.43
44.12
94.68
132.94
112.09
81.63
71.71
68.07
71.79
76.56
69.33
67.89
70.18
71.02
66.24
67.79
72.05
70.81
47.14
35.38
34.97
35.40
35.62
35.46
35.00
35.18
91.48
131.80
117.90
74.29
62.13
61.54
61.27
59.60
60.67
63.17
63.74
58.96
58.37
61.88
66.40
66.08
46.32
36.60
36.70
36.60
36.93
36.73
36.45
36.41
92.95
133.12
98.37
63.25
60.02
63.83
61.73
63.35
64.79
63.31
61.88
60.68
59.19
63.40
69.78
67.24
46.73
35.28
35.04
35.50
34.97
35.04
35.27
35.42
91.41
130.38
112.76
71.13
60.77
60.82
61.19
61.50
63.21
66.26
61.71
62.07
61.44
66.70
72.05
67.86
45.48
34.58
35.39
34.82
35.08
34.82
34.85
34.97
90.94
133.29
98.01
65.04
64.13
61.81
61.05
61.13
60.80
61.95
60.67
60.62
60.14
63.11
68.67
66.84
45.78
36.90
37.39
37.19
36.82
36.58
37.24
37.25
31.18
29.87
30.05
30.22
29.96
29.80
29.94
29.61
31.42
31.78
38.13
40.05
37.59
39.68
37.19
36.96
40.41
38.21
37.02
37.00
36.69
37.15
36.82
37.16
31.46
30.05
30.06
30.01
30.52
32.00
43.36
38.40
36.61
37.00
41.05
45.55
40.11
41.78
46.40
40.11
44.63
42.56
38.06
42.90
43.41
38.44
37.14
38.22
96.51
130.54
123.98
100.96
73.61
71.69
71.64
73.68
78.49
73.51
71.60
70.39
73.44
72.94
74.73
71.31
49.04
37.65
37.71
37.71
37.41
37.43
37.58
37.33
93.10
129.92
118.96
80.55
64.23
63.54
65.29
66.96
73.83
67.58
64.55
64.99
64.56
68.06
71.56
69.15
47.10
36.11
35.68
35.69
36.19
35.85
35.72
35.23
89.46
126.66
115.58
75.87
63.81
63.50
63.82
67.11
68.22
65.78
64.59
66.04
63.18
65.28
71.01
72.72
45.87
34.72
35.59
38.35
35.22
34.75
35.00
35.15
89.51
124.69
107.33
65.90
61.19
61.89
62.48
64.50
67.68
65.42
62.54
61.22
60.56
66.04
71.20
66.41
44.97
34.63
34.83
34.51
34.33
34.80
34.85
34.75
87.83
124.82
113.10
72.14
62.55
61.54
62.20
62.89
66.10
64.32
62.01
62.89
61.97
68.11
68.41
66.60
45.15
34.48
34.38
34.85
34.92
34.53
34.52
34.89
30.08
28.19
63.55
70.31
51.60
52.70
59.01
51.77
51.00
51.07
51.39
50.42
39.98
37.50
36.21
36.72
39.61
36.19
35.86
39.71
38.13
35.80
36.31
35.99
31.51
29.47
29.26
32.40
30.59
29.90
29.91
34.31
38.62
37.93
37.94
37.53
37.02
40.24
38.89
41.81
47.05
43.18
37.37
35.81
35.75
35.83
35.76
35.80
90.76
123.56
107.82
93.64
82.32
76.54
74.43
76.14
76.18
75.34
69.89
68.47
67.27
70.46
72.65
69.89
45.42
34.66
34.92
35.01
34.67
34.52
36.04
36.54
88.01
117.71
95.51
72.84
62.56
68.97
69.50
72.77
73.15
76.14
78.18
76.59
76.41
81.96
83.94
76.99
50.93
38.46
38.17
38.07
39.20
38.18
38.42
37.81
90.54
133.03
114.19
85.76
78.97
77.55
76.13
74.43
77.52
76.62
75.40
73.49
72.80
79.57
78.24
74.52
49.64
40.85
36.32
34.76
34.54
34.79
34.67
34.64
86.39
128.94
111.14
108.53
104.78
110.90
117.93
113.86
103.11
109.51
109.05
96.65
87.58
87.78
83.80
78.87
53.07
38.12
90.88
131.38
103.28
93.78
90.56
88.21
81.03
76.13
81.24
82.85
93.00
94.65
84.69
78.34
87.07
97.42
99.19
94.79
91.25
84.68
91.78
95.06
97.01
81.51
84.33
88.33
85.81
84.07
83.69
80.77
73.92
70.91
81.25
89.66
87.98
81.59
71.22
65.56
66.01
64.75
65.38
65.21
64.13
67.98
69.37
68.82
68.03
67.29
61.04
58.59
58.49
58.05
57.13
55.49
49.31
47.17
47.14
46.46
42.53
44.49
44.41
45.18
46.16
45.99
46.40
46.93
47.12
51.32
53.89
53.12
53.16
56.73
45.88
37.68
37.48
37.33
37.59
37.43
92.00
130.64
108.09
95.62
101.36
112.13
102.42
92.62
87.24
97.62
101.12
99.96
92.01
89.61
87.95
81.35
58.24
47.08
43.96
43.27
43.87
44.45
43.42
43.84
98.18
144.27
113.71
93.74
98.41
108.51
115.01
114.19
106.36
116.98
113.22
103.67
100.44
105.99
96.82
80.67
58.82
46.98
44.06
42.19
41.25
40.67
40.83
41.20
94.49
134.65
108.32
93.58
102.16
98.39
89.73
85.67
82.06
93.98
97.70
103.26
93.78
90.74
83.57
80.93
60.77
40.26
36.86
37.46
36.67
36.48
36.52
37.09
89.61
126.75
109.12
108.56
103.47
107.30
109.97
108.84
109.68
108.84
108.78
94.47
86.53
89.09
79.73
72.87
51.33
42.22
39.03
39.50
38.95
39.04
39.14
38.44
91.62
133.32
104.30
88.18
93.19
97.29
96.89
89.54
79.16
79.55
78.02
78.44
79.23
84.63
74.31
74.62
50.13
39.63
39.47
39.02
39.01
38.88
38.65
38.48
35.40
32.76
32.47
27.76
27.70
27.78
27.96
30.16
32.66
38.01
39.20
38.89
38.34
43.21
43.99
42.87
38.03
40.34
45.26
43.72
43.22
36.33
34.54
34.66
35.87
38.21
30.13
27.84
33.24
38.25
37.63
37.59
36.97
38.79
40.41
37.51
39.27
43.90
45.53
44.93
45.43
45.52
45.33
45.17
43.80
41.33
34.56
34.53
89.50
129.49
114.18
97.86
78.47
70.95
71.03
70.86
71.38
71.81
70.46
69.46
68.88
73.50
72.54
71.52
47.78
34.69
35.19
34.91
34.30
34.93
34.59
34.58
88.44
128.99
111.44
115.65
109.58
105.84
115.31
116.25
111.35
115.24
115.06
99.46
95.00
99.68
93.22
79.27
54.66
41.94
41.98
42.88
43.48
42.99
40.53
39.72
93.80
139.43
119.85
97.89
100.91
95.82
91.19
86.75
81.75
91.84
96.47
106.50
101.01
92.59
80.60
79.19
61.26
42.32
38.43
37.90
38.72
38.77
37.53
37.54
91.77
136.20
111.04
106.03
110.63
111.25
109.11
110.36
110.21
109.86
107.99
91.05
83.99
87.23
79.85
78.89
54.85
39.67
41.66
42.66
39.08
38.31
37.90
38.09
92.12
138.48
104.84
90.23
97.71
94.95
95.87
85.43
81.88
84.05
78.30
77.60
76.75
82.36
80.92
80.39
57.61
43.63
40.09
39.52
39.74
39.90
39.92
39.51
36.34
33.75
34.94
29.21
28.44
28.41
27.96
31.97
31.80
32.14
39.98
38.85
39.39
45.10
44.36
44.15
40.34
38.45
38.93
45.22
44.45
40.08
34.92
34.65
31.61
27.95
28.09
29.21
38.69
36.79
36.60
36.94
36.64
37.33
38.76
39.26
38.75
43.25
43.21
43.46
43.70
44.48
44.64
44.31
37.69
34.77
34.80
34.78
95.73
132.68
121.26
124.27
115.13
106.13
103.29
99.53
98.47
98.41
102.69
104.48
96.92
96.17
94.52
86.79
59.38
44.72
39.83
38.59
37.49
37.97
38.04
37.76
99.71
138.84
115.92
107.97
109.89
112.12
110.72
107.58
109.02
113.57
111.67
98.05
98.62
107.74
106.12
102.93
67.17
52.78
48.89
46.63
46.24
46.78
46.63
46.21
107.22
141.95
113.12
104.82
109.23
102.50
96.28
92.65
83.49
90.95
93.22
95.50
97.19
100.72
98.03
91.98
53.72
45.27
46.16
42.68
41.92
41.73
41.74
41.71
100.39
140.27
102.93
102.11
104.81
100.42
103.92
112.83
113.31
112.69
105.03
87.89
81.22
80.86
80.41
86.17
58.76
44.84
42.09
40.30
39.06
39.11
39.46
39.38
94.84
118.62
95.02
92.83
94.28
94.39
95.08
87.06
84.82
87.22
84.15
85.34
90.04
94.61
90.48
86.86
54.55
43.65
43.69
43.73
43.35
43.27
43.29
43.58
40.83
37.51
37.14
37.21
37.69
37.37
37.03
43.08
38.62
35.27
40.78
41.52
42.70
46.55
40.50
38.44
38.47
38.53
38.69
38.59
38.53
38.53
38.62
38.33
35.53
31.91
31.77
31.65
31.35
31.83
31.83
31.62
38.10
41.64
41.80
40.72
41.93
46.54
46.94
43.27
40.66
38.79
39.03
40.83
44.69
38.54
38.40
38.31
102.24
141.31
137.06
132.05
116.65
115.11
104.82
95.91
96.76
99.72
97.05
100.76
97.22
108.36
111.13
103.80
58.38
46.19
44.97
44.76
44.04
40.26
40.02
40.06
100.40
142.61
124.03
110.15
118.60
110.22
103.50
100.67
109.25
111.93
110.98
92.51
92.66
100.14
96.95
94.92
63.28
46.92
46.09
43.07
43.20
43.51
43.29
43.75
101.60
141.08
112.61
98.05
99.67
100.00
98.63
92.81
86.54
92.35
98.41
96.56
97.35
100.83
86.53
86.57
59.43
42.77
40.20
40.19
39.24
39.56
39.45
39.30
95.83
138.51
109.39
103.74
106.36
109.55
110.04
107.95
109.55
109.19
104.79
88.05
87.77
92.24
93.69
95.86
60.73
46.20
46.54
46.78
45.42
44.64
44.41
45.01
100.69
141.49
124.76
99.41
107.42
99.99
91.77
81.55
81.14
82.36
80.08
77.51
78.47
87.85
96.66
101.03
61.38
44.52
42.50
43.15
42.52
42.81
42.42
43.34
40.36
36.12
35.79
37.19
35.98
35.32
35.03
35.06
35.05
35.03
35.13
35.11
37.59
42.10
41.82
41.96
41.71
41.97
41.85
42.05
41.43
41.54
41.35
42.11
39.56
34.97
35.02
35.31
35.62
35.26
35.15
35.06
35.17
35.25
36.89
42.29
43.64
42.02
41.96
42.16
42.19
42.01
42.04
41.83
49.23
44.92
41.76
41.99
105.37
145.50
142.50
140.63
129.79
110.94
102.68
93.94
93.81
115.81
138.37
123.96
115.92
107.43
108.09
98.33
53.13
40.25
39.52
40.11
39.33
39.34
39.64
39.43
95.91
147.50
131.28
108.53
111.84
104.85
104.06
97.73
88.48
90.23
95.24
90.01
99.99
109.65
106.19
96.97
59.66
49.83
46.24
44.63
44.50
44.50
44.83
44.48
95.19
139.27
100.32
90.94
94.65
101.11
90.09
85.98
81.00
81.02
81.64
81.54
93.04
94.78
88.31
82.08
43.78
30.04
30.62
33.27
32.64
29.85
28.86
28.72
95.12
147.53
98.61
89.16
106.26
117.55
93.80
84.33
84.57
86.87
100.19
110.03
95.08
86.99
79.24
76.88
42.57
29.57
29.35
27.77
27.60
27.60
27.91
27.49
88.99
153.60
116.87
94.82
99.44
109.66
102.38
74.29
68.33
65.74
61.28
66.29
78.33
84.76
82.29
77.64
43.87
31.61
31.34
30.71
30.79
31.21
30.89
30.71
28.99
24.52
24.32
24.37
24.19
24.38
24.75
25.06
23.00
20.65
20.86
20.95
24.16
27.25
27.55
27.79
27.33
27.23
27.47
27.49
27.37
27.26
27.06
27.11
25.50
20.48
20.52
20.59
20.97
21.26
20.99
20.89
20.94
21.17
21.36
20.98
24.80
27.86
28.00
27.82
27.74
27.66
27.76
27.51
27.53
27.43
27.45
27.75
101.91
151.76
110.16
124.18
127.14
113.51
79.94
72.78
71.80
75.09
77.89
88.22
109.79
113.02
103.75
83.89
43.77
29.91
27.21
26.95
26.53
26.66
26.29
26.36
89.31
148.04
139.24
123.67
101.65
100.01
101.21
87.00
82.56
83.76
82.07
77.95
83.74
88.56
92.98
92.69
52.02
37.75
35.71
33.40
33.71
33.52
33.15
33.50
96.33
153.38
127.08
89.66
89.84
107.00
96.72
72.52
68.32
71.98
76.92
82.00
93.78
94.96
84.04
75.18
43.31
30.16
29.81
29.65
29.89
29.74
29.21
29.88
86.43
132.26
131.02
108.71
103.93
105.15
95.43
87.70
86.62
88.29
88.86
82.71
80.45
89.82
94.08
94.31
50.80
32.22
30.14
29.76
30.26
30.27
29.97
29.99
94.31
146.71
128.61
93.15
91.49
82.76
74.74
66.23
67.45
64.91
62.19
58.32
64.43
71.71
77.59
77.17
41.12
27.75
27.59
27.91
27.67
27.99
27.52
27.69
26.42
21.08
21.02
20.96
21.17
20.36
19.22
18.80
18.93
19.22
19.29
19.24
23.99
25.87
25.73
25.86
25.67
26.00
25.97
25.70
25.46
26.04
25.80
25.59
24.24
18.92
19.29
19.11
18.90
18.92
19.30
19.34
19.25
19.00
19.16
19.20
23.92
25.99
25.96
25.85
25.69
25.92
26.29
25.84
25.77
25.53
25.46
25.90
96.42
142.87
125.17
114.77
112.05
114.18
83.55
65.91
68.81
77.17
82.09
87.03
82.93
81.76
87.24
93.13
47.17
27.06
27.03
27.50
26.59
26.76
26.74
27.19
92.13
146.65
143.10
121.28
114.98
99.41
85.90
86.65
84.84
89.22
83.31
75.11
76.26
79.66
90.57
92.79
52.40
34.48
33.86
32.59
31.98
31.55
31.60
32.18
95.39
151.81
144.65
115.24
91.81
81.02
68.60
65.06
67.64
70.22
77.15
79.66
85.51
87.32
82.34
73.75
42.49
29.73
29.21
28.45
27.86
27.41
27.75
28.17
85.37
127.47
116.61
105.72
103.15
106.65
118.06
130.64
127.33
122.61
112.54
100.27
89.37
82.63
83.80
79.55
42.85
29.22
28.24
26.66
26.87
27.16
26.58
26.63
66.74
91.15
77.61
73.39
71.61
68.25
66.80
67.93
68.16
66.16
63.08
61.55
66.62
69.90
67.59
65.89
38.40
29.04
28.67
28.82
28.71
28.53
28.63
28.23
27.50
21.39
21.48
21.73
21.45
21.40
21.90
21.98
21.48
21.73
22.58
21.97
26.39
28.27
28.36
28.98
28.42
28.13
28.36
28.46
28.42
28.12
28.14
28.37
27.97
21.44
21.38
21.39
22.03
21.83
21.78
21.78
21.66
22.03
22.44
22.39
26.48
28.45
28.38
28.37
28.25
28.21
28.37
28.68
28.19
28.15
28.17
28.11
91.65
135.57
129.05
75.04
71.00
67.33
60.83
57.14
55.28
53.67
59.37
63.99
70.23
71.77
69.54
70.09
41.04
28.64
29.54
31.06
30.20
28.91
28.01
28.35
84.55
132.46
126.60
80.66
61.05
59.92
57.95
54.08
53.23
54.02
51.95
52.27
58.89
62.93
65.99
63.62
39.33
30.22
29.70
31.56
29.78
29.72
29.53
29.23
74.71
101.75
90.05
74.90
77.81
79.37
71.10
66.51
67.04
68.97
71.52
80.21
84.77
74.47
72.95
68.91
40.04
30.87
31.54
30.89
29.01
30.00
28.48
28.24
77.86
114.61
106.28
81.25
78.77
83.39
83.18
83.31
80.23
82.30
80.35
74.34
73.59
75.22
68.91
67.91
41.56
30.53
30.86
32.31
31.41
28.99
29.16
29.25
81.93
114.88
106.06
88.50
76.24
80.30
81.91
74.24
67.05
64.55
65.66
62.15
66.82
68.15
68.85
69.90
43.82
32.46
32.57
36.33
31.71
31.38
31.74
31.46
31.41
24.62
24.68
25.40
27.06
27.53
23.84
23.74
23.38
23.40
23.36
23.71
28.49
29.99
30.07
30.22
30.31
29.88
30.34
30.01
30.35
29.98
30.09
30.02
30.63
23.54
23.27
23.33
23.39
23.60
23.37
23.30
23.91
23.90
23.78
23.38
28.23
29.94
30.03
30.32
30.25
30.44
30.13
30.15
29.97
30.51
29.96
29.88
88.87
130.90
124.48
121.48
107.43
87.51
83.87
77.52
77.88
83.90
95.86
94.58
83.84
84.29
85.23
80.98
45.25
31.34
30.84
29.39
29.19
29.04
28.58
28.59
66.58
86.62
77.32
83.84
84.66
82.83
84.94
84.22
76.41
78.08
91.69
87.67
81.40
89.90
83.93
75.13
42.16
31.88
34.18
34.32
31.98
32.62
31.38
30.40
64.21
79.10
74.98
74.71
78.40
81.45
77.82
76.59
75.51
77.33
87.81
88.65
84.62
83.21
73.38
64.08
39.51
30.16
29.59
28.93
28.45
28.29
28.61
28.44
61.83
82.85
80.96
79.15
81.72
88.86
94.48
97.07
94.56
95.22
89.59
78.14
72.93
72.55
67.63
62.03
39.23
29.75
27.42
27.40
28.42
26.87
25.90
26.06
50.91
65.50
59.95
63.97
68.31
74.79
78.17
68.82
66.62
66.61
64.65
63.41
69.36
71.27
76.05
77.37
41.30
28.52
28.27
28.11
28.15
28.24
28.37
27.95
28.66
21.80
21.66
21.40
21.47
19.30
18.33
18.45
18.58
18.87
18.42
18.47
23.38
25.76
25.46
25.51
25.39
25.56
25.97
25.27
25.15
25.35
25.61
25.85
25.52
18.97
18.70
18.89
18.57
19.44
18.92
19.56
19.34
19.14
19.08
19.02
23.89
25.97
26.00
25.88
26.02
25.80
25.76
25.57
26.04
26.05
25.33
25.40
80.93
121.60
123.34
113.85
115.54
118.71
105.08
79.50
75.57
74.39
77.56
86.21
101.33
107.83
106.99
96.19
44.14
27.76
30.72
29.27
27.56
27.45
27.12
27.61
48.94
64.11
63.46
75.10
79.71
82.41
83.29
89.67
88.36
84.17
83.47
80.75
85.81
88.63
83.58
76.65
44.36
32.62
31.69
31.32
31.19
31.14
30.69
31.08
49.09
62.36
60.59
65.77
69.67
71.25
69.84
69.71
68.24
70.80
73.20
73.68
86.16
89.54
78.68
67.82
37.20
27.60
26.26
26.18
26.18
25.55
26.12
25.92
41.36
56.17
61.68
70.28
71.18
75.97
78.41
77.58
79.48
78.35
76.43
73.03
75.22
74.52
66.18
65.22
40.34
33.19
31.93
28.54
28.35
28.03
27.98
28.20
43.59
55.14
58.22
64.56
67.96
67.53
69.01
66.90
67.42
64.77
62.15
60.23
65.39
67.81
68.73
69.02
44.39
31.31
29.07
28.99
28.65
29.31
28.90
28.82
28.94
25.04
36.05
42.24
41.88
41.60
39.36
27.95
23.79
26.52
24.58
22.82
26.53
27.91
27.85
28.91
28.03
28.13
27.63
27.56
27.18
27.35
27.24
27.61
27.65
21.74
20.69
24.85
24.30
23.82
21.90
21.76
21.51
21.23
21.14
21.06
26.32
27.77
27.53
27.67
28.10
27.96
27.84
27.67
27.96
28.15
27.60
27.47
62.76
80.31
74.15
75.29
75.99
74.07
80.51
76.05
70.90
72.71
75.54
77.68
82.20
80.97
71.15
65.92
39.29
29.59
29.86
30.49
29.86
29.98
31.10
31.19
52.77
73.36
68.92
76.18
80.46
87.39
87.79
87.87
88.67
90.08
87.94
83.32
83.07
87.56
81.70
71.10
43.83
32.83
31.19
28.87
29.25
29.45
29.00
29.17
57.41
81.65
71.03
72.79
72.65
76.36
78.53
70.35
65.77
65.08
70.92
77.31
81.26
81.98
70.95
66.04
39.30
29.41
28.61
29.50
27.86
27.59
27.85
27.96
49.43
72.11
67.24
75.35
77.15
78.55
85.63
88.44
89.77
90.15
86.72
78.75
74.97
72.01
70.06
66.32
40.80
31.26
31.52
28.81
29.75
28.43
27.88
27.73
51.88
72.36
63.48
67.12
69.82
72.70
75.96
68.11
65.64
63.02
62.24
59.01
63.18
66.04
64.96
59.86
35.63
26.79
26.97
26.38
26.31
27.14
26.21
26.57
26.55
26.03
23.22
38.01
36.94
36.47
36.50
24.23
20.38
19.47
20.11
23.86
25.31
25.98
26.63
26.52
26.04
26.22
26.47
26.40
26.20
26.04
25.96
26.62
26.31
25.50
21.40
19.83
19.78
19.75
19.63
20.12
20.28
19.81
19.93
19.78
24.84
26.36
26.25
26.18
26.42
26.64
26.13
26.05
26.45
26.46
25.94
26.16
78.00
108.44
93.38
73.93
58.40
52.65
52.35
52.09
52.03
52.22
51.78
52.30
56.29
56.94
56.57
56.38
35.48
25.93
25.95
26.32
26.42
25.61
25.53
25.98
50.56
72.03
66.56
72.50
74.27
82.93
87.03
88.98
90.09
89.92
87.19
79.13
83.46
101.80
102.32
90.34
46.60
34.22
33.73
32.45
27.69
27.59
27.84
27.60
50.46
66.98
64.35
68.71
74.40
62.39
75.25
68.32
65.75
67.33
68.57
76.23
82.92
92.26
84.92
75.15
40.65
29.86
28.80
27.82
27.72
27.41
27.20
27.36
44.33
62.32
64.96
74.89
79.49
80.74
79.53
83.01
89.17
86.89
81.92
73.64
73.20
75.33
74.91
75.51
46.39
34.10
33.15
33.03
32.51
32.82
33.28
32.79
55.81
70.63
65.34
66.41
68.44
67.09
72.99
68.08
65.40
64.34
63.52
61.67
65.62
66.89
65.79
61.63
38.06
28.20
28.44
28.40
28.12
28.67
27.94
28.05
28.72
24.09
21.54
21.99
20.98
21.93
20.48
19.91
19.36
19.20
19.24
19.58
24.38
25.78
25.60
25.68
26.15
25.83
25.70
25.94
26.21
25.74
25.99
25.96
26.32
22.13
19.51
19.39
19.33
19.08
19.73
19.66
19.14
19.63
19.64
19.62
24.17
25.87
25.84
26.23
26.13
25.74
25.92
26.34
25.97
25.91
25.78
25.65
49.74
64.16
66.86
69.36
69.67
68.04
64.73
61.97
62.32
62.78
66.04
70.46
77.07
74.48
73.61
69.71
40.39
26.97
26.05
26.47
25.65
25.94
25.85
25.51
43.57
62.19
59.77
71.04
74.30
77.26
76.03
79.33
87.56
94.21
94.66
91.85
90.89
95.58
91.89
78.97
42.36
31.39
31.91
31.30
31.69
27.19
25.85
25.60
43.46
61.50
62.29
69.15
76.35
74.61
73.58
72.12
67.42
68.02
69.84
71.97
75.67
74.04
68.19
61.46
36.27
25.86
26.14
26.99
26.50
28.09
25.50
25.53
40.03
56.86
61.34
68.85
73.91
78.22
80.94
80.46
82.44
82.21
77.00
73.10
73.21
70.88
69.69
67.53
37.81
27.12
27.80
26.09
25.54
24.98
24.79
25.10
38.12
59.39
57.85
65.92
65.83
64.24
66.95
67.18
67.48
65.26
60.41
60.20
68.76
68.52
67.37
67.01
40.18
28.03
28.70
28.09
27.95
28.75
28.16
28.08
28.65
24.56
21.58
22.35
21.47
21.71
22.05
21.78
21.94
21.61
22.68
22.25
23.73
25.28
24.87
25.16
25.27
25.25
24.97
25.01
24.93
25.06
25.19
24.99
25.15
21.60
18.81
18.78
18.16
18.86
18.26
18.24
18.92
18.42
18.48
18.88
23.29
24.50
25.16
24.78
25.43
25.12
25.36
24.82
25.20
25.31
24.84
24.93
50.44
75.87
80.72
75.53
70.70
68.56
68.55
68.33
68.69
68.74
67.05
64.97
67.01
65.86
67.22
60.22
34.60
25.12
24.79
25.79
24.96
25.13
24.79
24.83
45.81
80.46
82.71
77.73
67.97
69.27
75.86
74.27
75.92
78.88
75.62
75.04
74.46
86.94
90.82
88.48
47.72
32.66
32.60
30.09
30.81
30.08
30.21
30.84
56.83
78.83
79.13
80.33
67.14
57.42
61.96
69.89
69.83
64.15
67.29
69.02
69.37
66.23
67.67
61.58
37.43
25.41
26.39
25.07
25.69
25.49
25.81
25.48
39.07
61.40
63.78
54.78
53.51
53.37
52.36
51.65
50.99
50.36
49.45
51.77
55.74
57.32
57.32
57.37
34.04
25.79
25.02
25.80
25.24
25.81
25.00
25.04
38.16
55.43
64.84
61.78
57.60
57.54
57.03
54.13
43.77
44.78
48.68
46.27
57.51
57.92
62.49
68.15
35.81
25.20
25.00
24.96
25.30
24.81
24.90
24.78
24.83
22.49
18.12
18.80
18.23
18.43
19.01
18.24
18.28
19.02
18.28
18.58
23.65
24.67
25.35
24.92
24.73
25.22
24.87
25.22
25.34
24.98
24.75
25.05
24.83
22.34
18.48
18.45
18.43
18.64
18.50
18.52
18.29
18.94
18.51
18.66
23.51
24.66
25.26
25.27
24.92
25.04
24.91
25.39
25.14
24.90
24.77
25.07
60.80
105.05
101.24
86.80
78.55
73.20
71.68
62.84
60.20
68.72
67.29
72.41
78.77
79.59
81.30
79.12
41.67
26.23
25.61
25.56
24.92
26.32
25.12
25.48
50.90
77.10
74.83
73.31
66.99
66.20
66.86
75.03
75.37
76.13
73.95
75.26
81.26
82.87
80.38
75.04
43.35
31.68
31.36
32.04
30.20
30.88
30.23
30.35
47.22
70.89
71.93
72.55
68.87
69.87
70.41
66.09
66.32
66.87
66.85
69.83
74.29
72.70
69.74
68.99
40.00
29.39
29.17
28.02
28.35
27.96
28.10
28.69
42.43
59.77
62.44
74.32
80.40
79.64
75.20
74.72
73.13
74.80
73.19
68.18
70.71
71.23
74.10
69.36
39.80
30.48
29.68
29.68
28.57
28.56
28.78
28.45
48.20
70.07
71.13
71.85
79.00
72.96
68.83
68.78
70.72
69.86
73.16
74.47
79.97
79.59
79.79
73.06
43.62
30.09
29.09
29.39
28.82
29.21
29.30
28.77
29.58
33.18
35.92
37.37
37.06
37.70
32.63
30.97
29.35
27.80
28.52
23.45
24.51
25.75
25.95
26.09
25.72
25.73
26.25
26.08
25.62
25.92
26.04
25.91
26.13
24.26
19.83
19.41
19.88
19.35
19.81
19.52
19.46
19.65
20.01
19.62
24.01
26.17
25.56
25.75
26.29
25.76
26.12
26.48
25.76
25.69
26.24
25.60
45.18
64.75
64.00
65.21
64.00
64.12
66.62
63.87
61.50
63.75
64.88
66.45
71.61
71.15
70.67
68.19
38.48
25.86
26.16
25.67
25.30
25.59
25.13
25.53
45.74
73.13
68.29
64.66
63.55
59.13
68.21
72.73
68.12
74.24
69.36
74.28
78.71
83.29
81.37
77.69
43.92
29.72
30.14
29.75
29.87
29.42
29.79
29.34
52.20
86.47
73.47
71.30
74.92
66.13
54.86
61.49
63.88
62.56
66.53
67.59
73.28
77.54
76.20
73.88
41.41
25.47
25.71
25.93
25.33
25.35
25.31
24.90
47.16
79.70
67.15
62.95
59.56
56.12
60.04
68.60
64.28
64.52
60.94
64.71
70.30
77.03
77.01
80.12
41.93
28.22
27.81
27.99
27.57
27.99
27.82
28.05
50.63
84.57
65.05
54.06
50.24
51.01
48.40
55.41
60.74
63.26
57.22
58.55
67.27
69.19
68.13
69.95
36.72
24.49
23.88
23.93
24.13
23.78
24.77
23.65
24.62
22.24
17.91
17.68
17.30
17.96
17.81
17.48
17.95
17.54
17.87
17.69
21.79
24.39
23.76
24.36
24.45
24.00
24.23
24.56
23.78
24.03
24.76
23.51
24.31
22.65
17.55
17.82
17.72
17.28
18.07
17.84
17.41
17.49
18.10
17.46
22.19
24.43
23.60
24.17
24.30
23.88
24.25
24.25
23.73
24.44
23.95
23.51
57.27
89.39
87.29
71.10
62.81
59.55
58.82
53.40
58.37
69.80
68.23
66.40
73.33
75.89
76.07
76.97
39.58
23.98
24.61
24.34
24.72
23.92
24.25
24.35
55.79
102.36
125.44
111.28
85.24
77.79
71.81
64.23
57.18
54.04
48.59
46.21
73.14
79.72
76.17
77.20
38.81
23.97
24.31
24.69
23.76
24.20
24.12
23.69
53.65
95.66
103.88
97.83
81.82
69.34
62.74
57.06
45.90
39.36
47.92
61.54
69.10
71.79
74.59
72.54
39.33
25.39
25.71
25.71
25.71
25.37
25.82
25.10
52.02
97.42
101.36
90.20
79.02
64.45
56.57
55.87
47.98
37.51
43.85
62.92
69.55
71.46
71.88
70.63
38.21
24.07
24.44
24.13
23.99
24.12
23.93
24.28
55.55
101.83
112.09
103.87
82.20
79.02
67.61
61.90
54.10
44.13
43.54
58.95
70.82
74.34
61.74
57.59
35.86
28.80
31.91
32.61
31.23
32.33
31.34
31.69
31.72
30.55
25.16
25.32
25.40
24.76
25.91
24.91
25.48
25.07
25.49
25.61
29.39
32.27
31.16
31.86
31.45
31.73
32.66
31.88
31.73
31.63
31.77
32.11
31.96
31.14
25.44
25.60
25.34
25.25
25.91
25.55
25.84
25.32
25.43
26.03
29.84
32.42
31.71
31.94
32.28
31.87
25.25
0.00
31.18
31.60
31.56
32.04
56.41
90.10
73.18
61.44
57.36
60.95
53.48
49.13
47.43
48.97
48.01
55.77
56.86
70.93
69.23
58.06
32.33
26.04
26.48
25.98
26.79
26.07
26.58
26.21
45.71
61.53
54.28
50.99
48.56
43.88
43.55
45.46
45.19
46.77
45.99
46.49
52.73
56.25
54.11
52.35
32.01
22.85
23.14
22.94
22.61
23.26
22.74
22.62
48.25
89.77
68.98
57.74
54.42
53.29
52.52
53.08
57.44
51.19
50.09
46.76
51.43
52.69
53.34
54.62
32.92
21.93
22.54
22.08
22.88
22.03
26.35
25.56
61.92
109.25
111.75
101.02
84.37
80.21
73.37
66.03
56.95
50.46
50.95
54.04
58.21
59.40
56.75
53.81
34.10
27.78
28.30
27.63
27.63
27.65
28.10
27.01
57.51
97.17
78.82
61.45
62.19
60.67
60.56
68.02
66.24
59.92
58.56
60.43
69.06
80.94
75.40
67.61
36.93
26.58
26.05
25.62
25.92
25.29
25.85
25.05
26.04
25.25
19.03
19.72
19.40
19.55
18.60
19.72
19.12
19.81
19.09
19.65
23.46
26.01
25.37
25.98
25.12
25.90
25.29
25.99
25.06
24.94
23.70
24.32
23.91
23.55
17.45
18.75
17.94
19.80
18.85
19.80
18.97
19.98
19.24
19.64
23.65
25.81
25.58
25.47
25.38
26.01
25.19
25.86
25.15
25.63
25.18
26.18
81.41
164.64
171.37
162.16
150.48
135.13
132.48
127.00
121.06
122.53
121.29
113.40
106.19
109.72
111.39
111.64
49.78
26.70
27.36
26.88
27.07
26.70
26.91
26.49
64.66
145.66
152.31
136.25
114.21
106.79
96.69
99.39
94.84
87.19
79.80
66.10
68.84
69.58
71.16
69.71
39.94
27.06
