3.70
3.69
3.72
3.71
3.70
3.69
15.13
18.97
17.78
12.40
5.31
3.60
3.60
3.68
4.68
6.52
7.27
7.42
7.94
7.89
7.98
8.40
4.92
3.67
3.66
3.67
3.71
3.68
3.68
3.65
14.56
18.85
18.22
18.35
12.59
6.07
3.58
3.63
3.66
4.08
5.55
7.46
8.03
7.99
8.26
8.83
5.06
3.74
3.75
3.76
3.78
3.75
3.75
3.76
14.73
18.82
18.25
18.03
14.51
8.59
3.70
3.71
3.70
3.71
3.81
5.23
7.77
8.09
7.98
8.16
5.05
3.80
3.85
3.83
3.84
3.81
3.81
3.82
14.72
19.18
18.52
16.60
10.99
4.16
3.70
3.69
3.69
3.69
3.68
3.84
4.32
4.66
6.42
8.50
5.57
3.82
3.81
3.82
3.85
3.83
3.82
3.81
3.81
3.82
3.23
3.23
3.23
3.20
3.23
3.19
3.18
3.17
3.18
3.38
3.85
3.83
3.86
3.86
3.80
3.78
3.80
3.80
3.82
3.81
3.81
3.80
3.80
3.82
3.27
3.26
3.25
3.25
3.24
3.25
3.22
3.22
3.25
3.37
3.85
3.87
3.85
3.90
3.84
3.81
3.82
3.82
3.85
3.82
3.82
3.81
15.57
19.20
18.53
15.00
9.64
6.64
6.53
6.03
6.43
5.50
5.49
5.67
6.17
6.18
5.21
4.36
4.07
3.80
3.82
3.81
3.84
3.82
3.82
3.82
15.25
18.94
16.44
11.68
6.56
5.86
6.27
6.32
6.54
6.86
5.86
4.45
4.95
4.95
4.78
4.35
3.93
3.81
3.80
3.80
3.82
3.81
3.80
3.80
15.05
15.55
7.31
4.08
4.76
6.64
6.63
6.31
6.82
5.76
5.52
5.66
6.13
5.48
4.32
4.33
3.90
3.74
3.75
3.76
3.78
3.76
3.75
3.75
8.85
8.03
6.35
6.68
3.59
6.47
7.02
6.53
6.52
6.68
6.89
5.82
6.32
4.82
4.28
4.30
3.87
3.75
3.76
3.76
3.79
3.79
3.78
3.78
15.13
16.38
7.87
5.38
5.90
5.51
6.11
6.07
6.08
5.98
5.87
6.32
5.06
4.21
4.21
4.24
3.81
3.65
3.66
3.66
3.70
3.67
3.68
3.66
4.00
4.77
3.91
3.74
3.46
3.28
3.47
3.09
3.10
3.09
3.08
3.16
3.65
3.65
3.65
3.72
3.65
3.62
3.62
3.63
3.67
3.65
3.63
3.62
3.61
3.63
3.09
3.09
3.09
3.08
3.07
3.10
3.06
3.07
3.07
3.15
3.69
3.68
3.68
3.68
3.64
3.61
3.62
3.61
3.65
3.62
3.61
3.61
15.23
16.32
8.68
3.41
4.92
6.83
6.88
7.23
8.20
7.06
5.68
5.50
5.97
5.91
4.00
3.99
3.60
3.44
3.44
3.43
3.46
3.45
3.44
3.43
5.05
4.36
3.98
5.53
5.82
6.56
6.01
5.87
6.29
6.56
6.98
5.78
6.33
6.42
6.15
4.01
3.55
3.42
3.43
3.43
3.43
3.40
3.41
3.41
6.36
6.57
5.41
4.10
4.83
6.39
6.39
6.38
7.02
6.04
5.57
5.43
6.00
5.74
3.98
3.98
3.58
3.43
3.43
3.43
3.46
3.43
3.45
3.43
8.87
7.91
5.25
5.70
5.64
6.03
5.74
5.78
9.80
14.60
13.03
11.74
11.31
9.06
4.57
4.01
3.61
3.43
3.58
3.49
3.48
3.43
3.44
3.43
3.78
3.92
3.42
4.44
4.96
5.52
6.64
7.85
8.25
8.45
8.46
8.14
6.05
5.39
5.28
4.91
3.65
3.31
3.32
3.31
3.34
3.31
3.33
3.33
3.34
3.34
2.81
2.81
2.79
2.79
2.80
2.77
2.77
2.77
2.80
2.81
3.35
3.38
3.37
3.38
3.31
3.31
3.32
3.32
3.36
3.34
3.33
3.32
3.32
3.32
2.78
2.82
2.78
2.78
2.77
2.77
2.77
2.76
2.75
2.78
3.35
3.38
3.38
3.38
3.29
3.30
3.31
3.31
3.33
3.30
3.32
3.31
3.67
3.79
3.29
3.27
3.28
3.27
3.29
3.27
3.27
4.05
4.05
3.79
3.87
3.89
3.91
3.88
3.48
3.32
3.32
3.32
3.34
3.32
3.32
3.32
3.77
3.89
4.82
5.99
6.45
6.57
6.41
6.23
5.86
7.93
8.31
6.29
6.13
5.24
3.97
4.02
3.57
3.44
3.45
3.44
3.48
3.46
3.46
3.46
6.05
6.48
5.73
4.20
4.25
6.34
6.35
6.53
7.79
6.64
5.80
6.07
6.37
4.43
3.87
3.91
3.49
3.33
3.35
3.34
3.37
3.34
3.35
3.35
6.33
6.69
6.48
7.10
6.65
6.71
6.32
6.89
7.90
9.07
10.24
8.02
7.02
5.10
3.96
3.98
3.58
3.44
3.34
3.37
3.37
3.35
3.34
3.34
4.53
5.20
4.74
5.56
4.76
4.89
4.87
4.86
4.92
5.00
5.40
5.40
4.38
3.73
3.74
3.77
3.34
3.21
3.21
3.22
3.24
3.22
3.21
3.20
3.20
3.18
2.69
2.73
2.68
2.70
2.69
2.69
2.69
2.67
2.65
2.64
3.21
3.25
3.25
3.26
3.22
3.19
3.22
3.24
3.27
3.23
3.23
3.22
3.20
3.16
2.70
2.70
2.66
2.69
2.69
2.66
2.65
2.65
2.65
2.64
3.17
3.21
3.23
3.25
3.22
3.20
3.25
3.22
3.24
3.21
3.21
3.17
3.63
3.62
3.17
3.17
4.33
6.63
6.85
7.61
9.81
9.08
8.91
7.80
7.06
5.24
3.80
3.81
3.41
3.27
3.31
3.29
3.31
3.28
3.28
3.27
3.55
3.79
4.46
6.06
6.37
7.09
9.13
10.45
10.11
10.81
4.80
8.42
7.85
6.38
5.40
4.17
3.62
3.48
3.49
3.48
3.50
3.48
3.47
3.47
3.81
3.89
3.45
3.43
4.50
6.85
9.22
11.65
12.61
9.93
8.18
7.83
7.98
6.33
5.27
4.93
3.50
3.16
3.18
3.19
3.20
3.17
3.16
3.15
3.49
3.87
4.92
6.50
6.93
9.10
10.38
10.56
10.62
11.67
11.00
8.21
7.33
6.74
5.22
5.16
3.88
3.53
3.62
3.60
3.57
3.64
3.55
3.53
3.85
3.93
3.52
4.61
5.19
5.46
7.17
7.98
8.81
8.99
9.02
8.47
7.83
5.29
5.03
5.04
3.83
3.42
3.50
3.46
3.43
3.40
3.41
3.41
3.39
3.33
2.90
2.89
2.90
2.88
3.17
4.19
4.20
3.69
2.98
3.00
3.46
3.57
3.59
3.60
3.52
3.50
3.60
3.54
3.53
3.51
3.52
3.52
3.51
3.45
3.01
2.99
2.99
2.98
2.99
2.99
2.98
2.99
2.97
2.96
3.46
3.55
3.56
3.57
3.53
3.51
3.61
3.55
3.52
3.50
3.51
3.50
3.82
3.86
3.26
3.24
4.33
7.42
9.65
10.54
11.08
8.12
6.77
6.50
6.78
5.45
4.67
4.63
3.32
3.16
3.25
3.20
3.20
3.17
3.17
3.17
3.49
3.62
4.04
6.16
6.60
7.93
9.95
10.25
9.26
9.81
8.87
7.19
7.31
5.61
5.04
4.40
3.49
3.34
3.44
3.39
3.38
3.35
3.35
3.35
3.88
3.87
3.49
3.50
4.56
6.80
7.00
8.09
9.54
6.84
5.79
5.78
6.15
5.21
4.29
4.30
3.91
3.74
3.74
3.76
3.77
3.75
3.74
3.74
9.36
8.40
7.79
7.58
7.00
6.82
6.78
7.55
7.46
8.34
9.01
6.51
6.09
5.19
3.89
3.90
3.49
3.33
3.40
3.41
3.37
3.30
3.30
3.33
10.79
9.07
7.14
3.79
3.53
3.50
3.44
3.47
3.60
3.63
3.64
3.63
4.00
4.11
4.44
4.87
3.63
3.46
3.55
3.50
3.49
3.46
3.46
3.45
3.45
3.31
2.93
2.94
2.94
2.94
2.90
2.90
2.91
2.94
2.93
2.92
3.35
3.50
3.52
3.54
3.48
3.45
3.61
3.57
3.59
3.51
3.48
3.46
3.46
3.32
2.94
2.92
2.93
2.91
2.91
2.91
2.94
2.93
4.84
4.64
3.30
3.47
3.49
3.53
3.47
3.44
3.53
3.55
3.50
3.44
3.43
3.45
9.10
7.61
4.67
3.43
4.56
6.43
6.42
6.30
8.01
7.32
5.78
5.34
5.93
6.19
5.29
4.02
3.63
3.49
3.58
3.60
3.55
3.48
3.44
3.42
9.68
10.51
8.67
6.63
6.56
6.58
6.80
7.35
6.38
8.90
8.67
6.23
6.08
5.58
3.81
3.83
3.39
3.19
3.27
3.31
3.26
3.20
3.20
3.18
3.51
3.46
3.11
3.11
4.25
6.62
6.70
7.27
9.85
7.18
6.30
6.38
6.50
6.18
5.39
4.08
3.69
3.52
3.53
3.53
3.57
3.50
3.47
3.46
3.80
3.76
3.44
6.43
6.85
8.48
8.45
7.82
7.64
8.31
7.54
6.13
6.26
5.70
4.08
4.08
3.68
3.51
3.58
3.55
3.58
3.49
1.72
2.53
3.72
3.66
3.32
4.43
4.61
4.62
5.34
5.94
5.88
5.90
5.89
6.14
5.72
4.12
3.85
3.87
3.48
3.32
3.42
3.45
3.44
3.35
3.35
3.35
3.34
3.13
2.83
2.83
2.82
2.82
2.82
2.83
2.82
2.82
2.82
2.81
3.18
3.42
3.42
3.39
3.33
3.34
3.43
3.47
3.44
3.35
3.34
3.35
3.35
3.12
2.83
2.82
2.78
2.72
2.72
4.91
5.74
5.74
5.74
5.73
3.52
3.20
3.17
3.22
3.15
3.13
3.21
3.25
3.23
3.14
3.13
3.12
3.55
3.36
3.24
3.86
4.34
6.54
6.58
6.33
6.95
5.74
5.57
5.58
5.94
6.50
7.21
5.18
3.63
3.47
3.60
3.61
3.58
4.07
4.16
4.12
11.36
9.12
7.93
7.46
6.90
7.06
6.49
6.55
6.21
7.06
7.01
5.79
5.84
5.41
3.97
3.89
3.51
3.36
3.47
3.51
3.47
3.37
3.35
3.35
14.36
16.91
8.43
4.23
3.02
6.67
6.80
6.63
7.33
6.81
5.79
5.63
5.87
4.29
4.07
4.89
4.67
3.45
3.45
3.45
3.50
3.46
3.44
3.38
3.82
3.72
4.43
7.01
12.10
8.41
7.63
7.85
7.47
11.55
14.00
12.93
11.31
9.98
10.32
11.29
6.32
4.43
4.53
4.51
4.55
4.50
4.45
4.44
11.66
13.70
11.20
12.39
12.64
13.31
12.28
8.28
8.13
10.20
10.09
9.56
9.80
10.35
11.23
11.04
6.08
4.21
4.28
4.32
4.23
4.24
4.23
4.23
4.22
3.97
3.77
3.96
3.84
3.89
3.79
3.81
3.73
3.72
3.72
3.69
3.97
4.24
4.28
4.27
4.23
4.21
4.29
4.32
4.29
4.21
4.20
4.20
4.20
3.93
3.74
3.74
3.71
3.70
3.72
3.67
3.67
3.64
3.63
3.66
3.94
4.24
4.21
4.24
4.17
4.17
4.23
4.28
4.25
4.18
4.18
4.19
11.39
13.72
12.34
10.59
12.00
13.03
9.63
9.03
9.09
8.35
7.11
7.32
7.32
7.29
7.15
8.09
7.05
6.42
6.49
4.99
4.53
4.44
4.43
4.43
10.26
10.89
10.76
13.51
14.15
10.28
9.90
9.04
9.59
10.36
10.12
8.52
8.16
8.00
6.29
5.25
4.74
4.51
4.60
4.63
4.61
4.52
4.51
4.50
9.68
10.99
7.29
4.85
6.12
9.30
10.15
10.02
10.18
8.87
8.70
9.04
8.99
8.24
6.26
5.24
4.71
4.51
4.50
4.50
4.56
4.50
4.49
4.51
9.62
12.92
12.12
9.33
9.38
10.09
9.78
10.10
9.94
10.79
10.47
9.66
9.90
7.32
5.76
5.23
4.68
4.50
4.62
4.54
4.56
4.51
4.49
4.49
9.03
8.66
6.59
5.00
4.97
5.59
6.15
6.67
7.36
7.31
7.06
6.65
6.57
6.35
5.67
5.36
4.59
4.37
4.38
4.36
4.41
4.37
4.37
4.37
4.37
4.03
3.89
3.89
3.88
3.86
3.85
3.86
3.83
3.84
3.84
3.85
4.06
4.39
4.43
4.46
4.39
4.38
4.39
4.41
4.47
4.39
4.39
4.39
4.39
4.03
3.91
3.90
3.87
3.86
3.84
3.83
3.83
3.82
3.82
3.83
4.07
4.36
4.36
4.38
4.34
4.35
4.38
4.38
4.43
4.39
4.39
4.37
6.52
6.56
5.99
4.92
4.81
5.36
5.90
6.39
6.55
6.67
6.68
6.47
6.25
5.67
5.24
5.06
4.49
4.30
4.30
4.30
4.36
4.31
4.30
4.29
9.48
9.70
7.46
5.45
4.87
5.21
5.85
6.51
7.88
8.31
7.57
7.30
6.74
6.55
6.00
5.60
4.80
4.51
4.53
4.53
4.59
4.53
4.54
4.52
6.12
6.00
5.20
4.69
5.31
6.13
6.93
7.46
8.04
7.95
7.87
7.63
7.24
6.94
6.45
6.28
4.78
4.40
4.39
4.41
4.46
4.41
4.42
4.41
4.87
4.66
4.58
4.60
6.09
7.65
7.91
8.48
6.73
6.74
6.41
6.15
6.02
5.91
5.54
5.23
4.44
4.24
4.26
4.25
4.28
4.27
4.23
4.23
5.20
4.47
4.43
4.58
4.46
4.88
6.25
6.56
5.21
5.23
5.24
5.24
5.16
5.05
5.05
5.05
4.50
4.28
4.30
4.29
4.35
4.32
4.32
4.31
4.31
3.88
3.84
3.83
3.80
3.77
3.78
3.77
3.77
3.77
3.75
3.75
3.93
4.32
4.33
4.34
4.30
4.29
4.30
4.32
4.40
4.32
4.31
4.30
4.30
3.87
3.79
3.82
3.79
3.78
3.78
3.77
3.75
3.75
3.75
3.76
3.93
4.30
4.35
4.32
4.26
4.25
4.28
4.30
4.36
4.31
4.28
4.28
9.48
9.15
7.70
6.11
6.12
10.07
11.16
10.85
10.79
8.03
7.16
7.13
7.24
7.64
7.28
7.17
6.63
5.50
4.42
5.50
5.78
5.71
5.68
5.69
8.45
7.98
7.15
7.78
8.71
9.90
9.06
8.01
7.90
9.04
8.60
7.12
6.80
5.80
5.28
6.51
5.13
4.31
4.45
4.39
4.45
4.40
4.39
4.38
9.55
11.04
8.87
5.21
5.80
9.20
9.57
9.74
10.48
9.07
7.37
7.16
7.10
7.12
6.55
5.19
4.79
4.39
4.39
4.40
4.47
4.61
5.08
5.07
10.24
11.33
11.51
11.92
9.61
8.11
7.32
7.18
6.82
8.43
8.58
7.03
6.45
6.18
5.02
5.94
6.34
5.45
5.19
5.22
5.26
5.19
5.15
5.13
10.11
11.57
11.70
8.95
6.30
6.34
6.54
7.10
7.29
7.26
6.93
6.70
6.32
5.38
4.87
4.88
4.31
4.12
4.22
4.26
4.24
4.24
4.22
4.13
4.11
3.64
3.64
3.64
3.64
3.63
3.62
3.60
3.60
3.59
3.58
3.58
3.73
4.18
4.19
4.20
4.15
4.12
4.21
4.24
4.23
4.15
4.14
4.12
4.07
3.62
3.62
3.63
3.61
3.59
3.58
3.57
3.55
3.54
3.52
3.52
3.65
4.10
4.11
4.15
4.11
4.11
4.23
4.23
4.26
4.17
4.14
4.11
5.05
4.31
4.35
4.99
6.78
10.78
11.13
10.59
11.44
10.08
9.94
9.90
9.90
8.45
6.37
6.05
4.62
4.12
4.21
4.26
4.23
4.14
4.10
4.09
4.81
4.74
4.88
8.01
10.19
11.30
10.98
10.60
10.25
11.26
10.70
10.15
10.06
10.35
9.13
8.54
5.16
4.21
4.65
4.82
4.60
4.50
4.49
4.49
5.38
4.74
4.83
5.35
6.76
10.90
11.56
11.57
11.72
10.50
10.22
10.15
10.13
8.41
7.03
6.39
4.85
4.64
4.98
4.49
4.54
4.50
4.50
4.48
5.48
5.33
5.64
7.81
10.22
11.27
10.72
10.15
8.44
10.48
10.04
8.51
8.26
7.58
5.44
5.06
4.52
4.35
4.50
4.48
4.53
4.41
4.37
4.36
9.44
10.17
7.36
6.28
6.44
6.95
7.50
7.82
7.99
8.12
8.19
8.03
8.13
6.94
5.78
5.23
4.55
4.38
4.39
4.40
4.46
4.41
4.41
4.40
4.28
3.89
3.91
3.88
3.89
3.85
3.83
3.81
3.83
3.80
3.81
3.81
3.79
4.34
4.35
4.37
4.35
4.33
4.36
4.39
4.46
4.38
4.40
4.39
4.26
3.89
3.90
3.88
3.85
3.84
3.80
3.80
3.82
3.82
3.79
3.78
3.85
4.37
4.37
4.41
4.34
4.35
4.37
4.39
4.44
4.37
4.38
4.36
5.08
4.53
4.55
4.62
6.60
10.43
11.09
10.88
11.58
10.52
10.43
10.45
10.37
9.83
7.64
6.61
4.78
4.16
4.17
4.20
4.27
4.20
4.21
4.21
5.05
6.28
6.81
8.77
10.16
10.56
10.72
10.56
10.83
11.26
11.15
10.20
10.11
9.12
7.55
6.63
4.87
4.13
4.13
4.16
4.22
4.16
4.16
4.16
5.49
5.20
5.47
6.10
7.45
11.05
11.08
10.91
11.26
10.03
10.28
10.20
9.98
10.34
8.50
6.47
4.48
4.00
4.00
4.03
4.08
4.02
4.03
4.01
4.53
6.14
6.98
9.46
11.04
11.82
11.42
11.18
11.18
11.68
11.82
10.19
9.97
10.26
7.88
6.52
4.97
3.10
2.09
4.17
4.23
4.18
4.17
4.15
4.72
4.30
4.29
5.54
7.01
7.91
8.73
8.96
9.19
9.25
9.01
8.87
7.29
6.95
6.13
5.90
4.64
4.08
4.10
4.12
4.17
4.14
4.14
4.12
3.92
3.62
3.60
3.58
3.57
3.56
3.54
3.55
3.54
3.52
3.52
3.53
3.58
4.11
4.11
4.12
4.06
4.08
4.08
4.10
4.16
4.13
4.11
4.10
3.88
3.59
3.57
3.58
3.56
3.54
3.55
3.51
3.54
3.55
3.54
3.55
3.56
4.12
4.13
4.14
4.12
4.07
4.11
4.09
4.15
4.09
4.09
4.08
5.35
5.12
4.71
5.18
7.24
11.14
11.14
10.80
11.53
10.23
9.90
9.93
9.84
10.21
9.84
8.73
6.27
4.08
4.09
4.10
4.13
4.10
4.10
4.10
5.01
4.58
4.65
7.97
10.17
10.95
10.68
10.25
9.94
11.12
11.76
10.19
9.80
9.54
7.86
7.14
4.91
4.07
4.08
4.09
4.13
4.08
4.07
4.06
5.28
5.12
4.99
5.27
6.82
10.47
10.93
10.66
10.99
9.85
9.72
9.67
9.61
9.92
7.62
6.26
4.71
4.07
4.08
4.10
4.16
4.10
4.10
4.09
4.78
5.19
6.65
8.85
10.80
11.12
10.54
10.38
10.86
10.91
10.60
9.93
9.81
9.07
7.40
6.53
4.75
4.05
4.06
4.06
4.12
4.07
4.08
4.06
4.89
4.57
5.33
6.43
7.33
8.18
9.04
9.12
9.18
9.17
9.06
9.08
7.98
7.30
6.35
6.23
4.67
4.04
4.04
4.03
4.09
4.03
4.02
4.03
3.75
3.54
3.52
3.52
3.54
3.50
3.49
3.51
3.47
3.49
3.49
3.50
3.50
4.07
4.05
4.07
4.04
4.01
4.03
4.05
4.10
4.05
4.03
4.03
3.73
3.54
3.51
3.50
3.48
3.51
3.48
3.49
3.48
3.48
3.47
3.48
3.48
4.00
4.03
4.05
4.02
4.03
4.03
4.02
4.08
4.03
4.02
4.02
6.60
6.82
6.25
6.58
8.44
11.21
11.52
13.13
15.34
12.54
11.93
11.69
10.64
10.35
8.28
8.28
5.20
4.06
4.06
4.03
4.08
4.03
4.04
4.04
6.34
8.13
8.18
10.14
10.98
11.29
12.47
15.23
14.99
14.88
13.92
11.98
10.57
9.12
8.54
8.39
5.22
4.02
4.06
4.05
4.12
4.07
4.09
4.10
6.30
5.86
5.58
5.67
6.94
10.55
10.82
10.77
11.10
9.63
9.58
9.75
9.48
9.10
7.56
5.84
4.48
4.04
4.03
4.04
4.08
4.05
4.04
4.04
4.58
5.92
6.77
8.80
10.31
10.98
5.92
10.29
10.56
10.83
10.20
9.51
8.92
7.24
6.18
5.75
4.49
3.97
3.95
3.96
4.02
3.97
3.97
3.96
5.29
5.34
5.01
6.66
7.12
8.15
8.71
8.35
8.76
8.52
8.58
8.04
7.68
5.96
5.85
5.54
4.39
4.04
4.05
4.06
4.09
4.06
4.07
4.06
3.68
3.56
3.57
3.55
3.53
3.56
3.58
3.52
3.47
3.49
3.49
3.49
3.47
3.97
4.03
4.07
4.04
4.04
4.04
4.05
4.11
4.06
4.07
4.07
3.67
3.56
3.56
4.21
4.06
3.49
3.49
3.46
3.46
3.45
3.44
3.48
3.44
3.96
4.04
4.05
4.01
4.01
4.02
4.00
4.06
4.04
4.04
4.03
6.05
6.03
5.69
5.92
7.86
11.14
11.13
11.53
13.31
11.44
10.67
9.98
9.86
10.30
11.27
10.72
6.50
4.07
4.06
4.06
4.12
4.08
4.08
4.07
5.64
7.77
8.01
10.07
11.07
11.34
11.18
10.82
9.96
11.16
10.99
9.73
9.58
8.26
6.30
5.86
4.63
4.18
4.12
4.13
4.20
4.16
4.14
4.14
5.33
5.38
4.96
5.48
6.46
10.67
11.21
10.62
10.13
9.67
9.75
9.79
9.74
10.71
8.75
6.45
4.66
4.11
4.12
4.11
4.16
4.12
4.12
4.10
5.35
6.94
7.30
9.42
11.01
11.29
10.34
10.54
11.26
14.13
13.68
11.31
10.33
10.28
8.21
8.14
4.93
3.97
3.99
3.98
4.04
3.98
3.99
3.98
5.47
5.68
5.53
6.92
8.68
9.56
9.75
10.12
10.16
11.04
11.94
11.85
10.57
10.00
9.86
9.20
5.03
3.82
3.86
3.88
3.93
3.88
3.87
3.88
3.42
3.37
3.35
3.37
3.36
3.35
3.33
3.63
4.17
3.32
3.27
3.33
3.34
3.78
3.90
3.95
3.89
3.84
3.86
3.85
3.91
3.86
3.86
3.86
3.40
3.37
3.38
3.36
3.38
3.31
3.22
3.33
3.32
3.32
3.38
3.63
3.28
3.70
3.83
3.94
3.87
3.85
3.87
3.87
3.92
3.88
3.86
3.85
6.90
7.00
7.44
7.54
8.94
11.13
12.40
14.04
14.27
11.64
10.89
10.60
9.98
9.97
9.28
8.07
5.11
4.00
4.02
4.03
4.09
4.05
4.04
4.04
6.33
8.76
8.21
9.78
11.14
11.36
11.73
13.05
12.25
12.08
12.10
10.33
9.79
9.46
8.07
7.91
4.79
3.91
3.92
3.92
3.97
3.91
3.92
3.91
5.66
5.75
5.60
6.24
8.16
10.64
11.04
12.62
13.97
11.53
11.22
11.36
11.09
10.33
9.41
8.29
5.22
4.08
4.64
5.82
4.81
4.04
4.03
4.02
6.30
7.32
7.01
9.74
11.07
12.24
13.50
13.95
14.46
15.45
14.94
13.06
11.76
10.10
8.17
8.12
4.93
3.79
3.88
4.02
5.33
5.22
5.24
5.23
8.28
8.67
8.96
9.18
9.38
9.47
9.73
11.17
12.54
12.69
12.03
10.39
9.49
8.52
8.46
8.42
5.30
3.94
3.80
3.90
3.98
3.92
3.94
3.95
3.40
3.43
3.44
3.39
3.40
3.41
3.34
3.34
3.36
3.94
4.19
4.29
4.31
3.84
3.85
3.85
3.85
3.85
3.90
3.91
3.97
3.90
3.90
3.90
3.37
3.40
3.39
3.36
3.32
3.32
3.32
3.70
4.54
4.80
4.90
4.93
4.80
4.08
3.84
3.86
3.79
3.79
3.82
3.87
3.94
3.89
3.89
3.87
11.06
10.07
7.84
7.53
7.55
7.73
7.54
7.46
7.44
7.58
7.79
9.34
9.73
8.65
7.90
7.82
4.91
3.74
3.93
3.69
3.74
3.70
3.68
3.70
5.83
6.83
6.56
6.69
7.21
7.32
7.30
7.37
7.57
7.61
7.65
7.73
7.69
8.04
8.04
7.91
5.02
3.84
3.84
3.85
3.99
3.89
3.86
3.87
5.93
6.76
5.89
6.38
7.32
7.58
7.61
7.77
7.82
7.91
8.52
9.81
9.77
8.46
7.97
7.82
4.81
3.75
3.74
3.75
3.82
3.79
3.78
3.77
5.73
6.06
5.75
6.33
7.39
7.50
7.66
7.64
7.67
7.77
7.71
7.89
8.48
8.08
7.73
6.64
4.46
3.60
3.61
3.62
3.69
3.63
3.65
3.63
5.11
5.77
5.53
6.25
7.77
8.18
8.49
8.52
8.56
8.94
9.11
8.78
8.19
8.13
8.13
7.94
4.93
3.84
3.84
3.85
3.91
3.86
3.85
3.83
3.27
3.34
3.35
3.30
3.28
3.26
3.33
3.39
3.42
3.38
3.40
3.41
3.67
3.68
4.03
4.66
4.60
4.61
4.61
4.62
4.70
4.62
4.60
4.59
4.03
4.11
4.10
4.06
4.02
4.02
4.02
4.35
5.36
5.60
5.66
5.24
4.63
4.32
4.55
4.55
4.52
4.55
4.58
4.59
4.64
4.60
4.60
4.55
9.77
8.29
8.05
8.18
8.28
8.41
9.58
9.89
9.14
8.96
8.84
8.27
7.73
7.98
8.16
8.11
5.13
3.99
3.98
3.99
4.24
3.97
3.78
3.73
6.04
6.88
5.89
5.74
6.23
7.13
7.26
7.25
7.30
7.36
7.40
7.40
7.37
7.60
7.44
6.35
4.66
4.38
3.73
3.72
3.79
3.74
3.74
3.68
5.77
5.85
5.69
5.55
6.26
7.01
7.27
7.34
7.43
7.48
7.29
7.32
7.24
7.47
6.90
5.96
4.35
3.61
3.62
3.61
3.69
3.62
3.62
3.56
5.68
5.98
5.81
6.11
7.25
7.47
7.52
7.57
7.61
7.59
7.58
7.59
7.48
7.68
7.76
7.05
4.29
3.57
3.57
3.57
3.65
3.59
3.59
3.51
5.61
6.47
5.97
3.94
7.41
7.83
7.93
7.99
8.07
8.10
8.11
8.03
8.03
8.01
7.60
7.09
4.78
4.00
3.98
3.98
4.05
4.01
4.02
3.94
3.45
3.53
3.54
3.50
3.52
3.50
3.48
3.45
3.44
3.48
3.48
3.47
3.49
3.82
4.08
4.04
3.99
3.99
3.99
3.99
4.05
3.99
3.98
3.88
3.41
3.50
3.51
3.52
3.48
3.45
3.45
3.47
3.46
3.48
3.59
3.54
3.50
3.76
4.04
4.09
4.03
4.01
4.00
4.00
4.07
4.02
4.02
3.93
6.83
7.41
6.91
7.44
7.72
7.99
8.04
8.12
8.28
9.05
9.52
9.42
9.21
8.53
8.61
8.51
5.20
3.94
4.00
4.01
4.08
4.03
4.03
3.91
6.99
7.61
7.82
8.03
8.16
8.25
8.33
8.83
10.39
10.55
10.75
11.68
10.38
9.63
8.65
8.58
5.29
3.88
3.91
3.95
4.04
3.99
3.99
3.87
7.31
7.70
7.99
8.17
8.30
8.42
8.84
10.27
10.77
11.25
11.11
10.99
10.23
9.35
8.87
8.76
5.27
3.89
3.88
3.95
4.03
4.03
3.97
3.85
7.67
7.57
7.85
8.02
8.15
8.26
8.45
8.53
9.60
9.74
9.86
9.45
8.32
8.31
8.51
8.44
5.22
3.95
4.28
4.01
4.06
4.03
4.01
3.89
6.40
6.72
6.36
6.55
7.40
7.77
8.98
9.70
10.07
10.05
10.03
9.98
10.01
10.14
10.20
9.25
6.98
5.29
4.12
4.13
4.19
4.15
4.15
4.02
3.56
3.63
3.60
3.58
3.58
3.59
3.59
3.57
3.57
3.56
3.54
3.56
3.55
3.82
4.13
4.14
4.13
4.09
4.09
4.10
4.17
4.12
4.12
3.98
3.53
3.60
3.61
3.56
3.59
3.58
3.58
3.58
3.57
3.56
3.55
3.57
3.57
3.83
4.15
4.13
4.10
4.07
4.09
4.11
4.17
4.12
4.13
3.99
6.80
6.92
6.97
6.51
6.65
7.22
7.84
7.68
7.69
7.68
7.41
6.51
5.88
6.36
6.59
6.28
4.69
4.14
4.14
4.15
4.21
4.16
4.15
4.00
4.92
5.03
5.68
5.70
6.40
6.93
7.82
7.95
7.99
8.03
8.05
7.97
7.54
7.11
6.98
6.40
4.71
4.11
4.10
4.11
4.18
4.13
4.12
3.97
5.24
5.53
5.52
5.48
6.13
6.62
7.32
7.14
7.01
6.84
6.61
6.57
6.46
6.07
6.23
5.94
4.70
4.12
4.12
4.15
4.19
4.15
4.14
3.98
5.01
5.40
5.11
5.45
5.69
6.39
6.57
6.84
7.46
7.49
7.33
7.12
6.95
6.87
6.70
6.33
4.68
4.11
4.12
4.12
4.18
4.11
4.13
3.97
4.60
4.96
5.34
5.75
6.82
8.02
8.35
8.37
8.15
8.16
8.16
8.14
8.15
8.17
7.58
7.10
4.57
3.98
3.97
3.99
4.05
4.00
4.01
3.84
3.42
3.50
3.52
3.47
3.45
3.43
3.43
3.44
3.42
3.43
3.40
3.43
3.45
3.64
3.97
4.02
3.96
3.94
3.95
3.95
4.03
3.96
3.96
3.81
3.39
3.46
3.48
3.48
3.46
3.45
3.44
3.46
3.45
3.45
3.46
3.45
3.48
3.69
4.08
4.10
4.03
3.99
3.98
3.98
4.03
3.99
3.99
3.79
8.13
7.44
6.85
6.51
7.09
7.50
7.57
7.63
7.70
7.76
7.78
7.79
7.75
7.85
7.35
6.64
4.57
3.97
3.99
3.99
4.04
3.98
3.99
3.80
5.17
5.71
5.72
6.03
7.22
7.75
7.81
7.84
7.90
7.94
7.98
7.95
7.95
8.05
7.79
6.97
4.61
3.96
3.97
3.98
4.04
4.01
3.99
3.80
5.35
5.75
6.01
6.26
7.47
7.87
8.08
8.19
8.24
8.29
8.27
8.26
8.20
8.20
8.38
8.12
5.12
3.92
3.82
3.89
3.96
3.96
3.84
3.73
6.27
6.72
6.64
7.36
8.04
8.18
8.29
8.39
8.83
9.70
9.85
9.99
9.72
8.77
8.42
8.27
5.14
3.87
3.90
3.93
3.99
4.40
4.76
4.57
7.54
8.20
8.56
8.81
8.86
9.13
9.04
10.69
11.75
12.56
12.24
12.02
11.82
10.66
9.81
9.52
5.68
4.29
4.32
4.40
4.48
4.43
4.37
4.19
3.87
3.93
3.90
3.88
3.90
3.88
3.79
3.83
4.86
5.47
5.70
5.98
5.99
5.44
4.97
4.46
4.42
4.38
4.37
4.40
4.48
4.42
4.43
4.22
3.83
3.90
3.88
3.90
3.87
4.17
5.30
5.95
6.19
6.50
6.52
6.28
5.92
5.74
5.21
4.63
4.41
4.36
4.37
4.40
4.48
4.43
4.44
4.23
11.34
11.00
9.38
9.30
9.85
10.97
11.96
12.94
12.94
12.70
12.36
12.03
11.79
10.99
9.94
9.19
5.54
4.13
4.13
4.24
4.33
4.28
4.29
4.09
8.76
8.36
8.12
8.28
8.47
9.27
10.62
11.41
11.53
11.77
11.96
11.24
10.58
9.44
8.65
8.51
5.13
4.21
4.39
4.54
4.74
4.71
4.67
4.46
9.73
8.67
8.58
8.76
9.03
10.37
11.32
12.14
12.77
13.17
13.39
13.27
13.00
11.95
10.66
9.47
5.94
4.51
4.49
4.48
4.56
4.61
4.64
4.44
10.44
9.49
8.86
8.82
10.40
10.95
11.75
12.33
12.79
13.27
13.59
13.33
13.35
11.49
10.75
10.17
5.87
4.47
4.48
4.48
4.52
4.54
4.62
4.41
11.17
10.36
9.05
9.53
10.65
11.10
11.66
12.83
13.97
13.85
13.56
12.95
12.19
12.00
10.78
9.80
5.85
4.03
4.01
4.02
4.17
4.18
4.20
3.99
3.60
3.68
3.67
3.66
3.63
3.60
3.71
5.15
6.00
6.15
6.28
6.00
5.87
5.56
5.02
4.29
4.05
4.03
4.04
4.04
4.12
4.17
4.22
4.01
3.61
3.68
3.65
3.65
4.06
5.78
6.43
6.96
7.60
7.90
7.81
7.45
7.28
6.80
6.34
5.54
4.87
4.57
4.03
4.05
4.10
4.05
4.06
3.87
11.68
14.36
11.16
11.20
12.45
13.30
14.03
14.22
15.24
16.40
16.38
15.89
14.15
13.88
12.89
11.58
6.17
3.94
3.94
3.94
3.99
3.92
3.92
3.70
12.07
14.09
10.66
10.59
11.58
12.89
13.89
14.05
14.26
14.24
14.48
14.29
13.57
12.74
11.45
10.15
5.73
4.02
4.02
4.02
4.57
4.55
4.58
4.48
12.02
11.40
10.31
10.55
11.32
12.88
13.98
14.60
15.11
15.30
15.39
15.30
15.12
14.58
12.81
11.09
6.16
4.53
4.54
4.54
4.59
4.54
4.54
4.33
12.63
11.62
9.62
9.75
10.97
12.68
14.36
14.76
14.92
15.10
15.01
15.03
14.18
13.13
11.91
10.81
6.22
4.54
4.56
4.58
4.61
4.68
4.70
4.48
11.28
10.17
9.40
9.70
10.80
12.11
12.99
13.54
14.00
14.40
14.11
14.00
13.36
12.71
11.39
10.25
5.91
4.50
4.54
4.54
4.60
4.68
4.68
4.48
4.11
4.17
4.18
4.13
4.12
4.83
6.79
7.16
7.28
7.57
7.73
7.80
7.67
6.81
6.13
5.44
4.90
4.77
4.84
4.51
4.56
4.51
4.53
4.44
4.08
4.14
4.53
5.47
6.39
6.98
7.57
8.10
8.53
8.53
8.58
8.56
8.09
7.86
7.09
6.38
5.97
5.56
5.30
4.97
4.67
4.60
4.48
4.35
12.41
14.82
11.56
11.37
12.20
13.07
14.01
14.23
14.37
14.48
14.58
14.46
14.29
13.66
12.62
11.45
6.22
4.49
4.51
4.51
4.11
3.75
3.86
3.70
11.10
10.68
9.16
9.23
9.63
11.00
12.05
12.58
13.14
13.17
13.22
12.98
12.65
12.00
10.66
9.28
5.26
3.88
3.88
3.88
3.93
4.00
4.04
3.85
9.87
9.08
8.13
8.40
9.46
10.32
11.61
12.24
12.86
13.28
12.73
12.88
12.66
12.11
10.45
9.16
5.23
3.88
3.87
3.88
3.98
4.03
4.03
3.84
9.50
8.62
8.06
8.28
8.95
10.23
11.53
12.08
12.51
13.08
13.11
13.00
12.73
11.93
11.22
9.94
5.42
4.00
3.99
3.99
4.09
4.15
4.16
3.96
10.12
9.26
8.42
8.73
9.70
10.61
13.28
13.33
13.55
14.17
13.55
12.46
12.24
11.70
10.65
9.75
5.38
3.99
3.99
3.99
4.03
4.02
4.13
3.95
3.55
3.66
3.59
3.63
3.61
3.96
5.19
5.87
6.22
6.52
6.65
6.64
6.34
5.77
5.25
4.65
4.03
4.01
4.04
4.04
4.10
4.16
4.16
3.97
3.57
3.63
3.64
3.61
4.56
5.35
6.08
6.51
6.84
6.97
7.08
7.02
6.88
6.38
5.56
5.10
4.18
4.03
4.05
4.04
4.14
4.14
4.15
3.95
11.03
11.70
9.40
9.64
10.32
11.55
12.63
13.32
13.74
13.83
13.64
13.34
13.10
12.38
11.14
9.67
5.46
3.99
3.99
3.98
4.08
4.14
4.14
3.95
9.99
9.34
8.50
8.88
10.20
10.94
12.26
12.96
13.52
12.99
13.52
13.26
12.72
11.96
11.27
10.21
5.59
3.98
3.99
3.99
4.02
4.05
4.13
3.97
9.90
8.92
8.14
8.70
9.81
10.87
11.68
12.34
12.98
12.76
13.09
13.03
12.68
12.66
13.08
10.35
5.61
3.97
3.98
3.98
3.99
3.96
4.04
3.94
10.18
9.69
8.26
8.72
9.69
10.69
11.88
12.56
13.10
13.51
13.55
13.30
12.96
12.35
10.98
9.66
5.35
3.97
3.99
3.96
3.99
3.98
4.02
3.92
10.32
10.00
6.82
9.28
10.81
11.96
13.33
14.33
14.60
14.91
15.15
14.87
14.61
13.76
12.37
11.22
6.20
4.10
4.10
4.11
4.12
4.10
4.12
3.95
3.55
3.60
3.58
3.65
5.19
6.62
7.18
7.52
8.22
8.28
8.26
7.80
7.77
7.00
6.80
6.13
5.80
5.68
5.58
5.33
5.10
4.82
4.52
4.07
3.88
4.48
5.02
6.05
6.77
7.71
8.41
8.71
8.73
8.76
8.81
8.80
8.72
8.31
7.28
6.56
6.23
5.81
5.47
5.33
5.21
4.89
4.81
4.19
12.15
16.09
13.60
12.15
13.54
14.08
14.25
15.26
16.99
17.14
17.28
16.57
14.92
14.31
13.60
11.90
6.15
3.97
3.97
3.98
4.00
3.96
3.98
3.82
11.78
13.86
10.72
11.02
11.66
12.82
13.84
14.00
14.16
14.48
14.56
14.51
14.33
14.02
12.47
11.49
6.28
4.31
4.18
4.18
4.21
4.19
4.20
4.05
11.94
12.31
10.05
10.48
11.07
12.58
13.61
14.17
14.40
14.49
14.44
14.10
13.83
12.87
11.62
10.40
6.02
4.17
4.17
4.18
4.20
4.20
4.29
4.16
10.77
10.54
9.28
9.27
10.47
11.39
12.73
13.42
14.04
14.02
14.10
14.17
13.56
13.11
11.78
10.44
5.99
4.12
4.13
4.14
4.16
4.15
4.18
4.08
11.29
10.56
9.44
9.49
10.53
11.84
12.49
13.61
13.81
13.98
13.92
14.02
13.48
12.70
11.70
10.47
6.00
4.13
4.13
4.14
4.17
4.12
4.13
4.00
3.55
3.61
3.60
3.74
4.87
5.77
6.50
6.96
7.25
7.80
7.83
7.60
7.54
7.34
6.66
6.04
5.62
5.24
5.23
5.04
4.95
4.69
4.47
4.31
3.89
4.56
5.07
5.96
6.33
6.95
7.65
8.51
8.34
8.36
8.41
8.13
7.43
6.64
6.52
5.70
5.04
4.67
4.13
4.15
4.18
4.21
4.28
4.13
11.58
13.31
10.41
10.21
11.04
12.11
13.00
13.88
14.01
14.08
14.06
14.01
13.88
12.96
11.81
10.50
5.75
4.12
4.12
4.13
4.15
4.25
4.26
4.13
10.55
10.04
8.86
9.11
10.20
11.58
12.38
13.10
13.64
13.72
14.08
13.50
13.55
12.69
11.48
10.41
5.80
4.12
4.11
4.13
4.14
4.13
4.15
4.07
11.19
10.40
9.21
9.68
10.92
12.10
12.68
13.91
14.52
14.76
14.78
14.58
14.51
13.92
12.61
11.58
6.43
4.10
4.09
4.08
4.10
4.08
4.11
3.99
12.59
14.36
10.61
10.78
11.80
12.16
13.53
14.76
14.96
15.56
16.42
15.86
14.65
13.38
12.83
11.35
6.25
4.08
4.12
4.09
4.08
4.05
4.10
3.96
12.65
15.69
11.73
12.00
13.05
14.37
15.05
16.39
16.43
15.71
14.49
14.37
13.41
13.05
12.65
11.64
6.44
4.07
4.10
4.10
4.10
4.06
4.09
4.00
3.49
3.56
4.24
5.25
6.02
7.21
7.81
8.02
8.55
8.84
8.87
8.86
8.73
7.56
7.39
6.71
6.30
5.86
5.99
5.75
5.74
5.47
5.47
5.10
4.63
5.10
5.72
6.67
6.83
7.95
8.56
8.67
9.18
10.06
10.27
10.33
8.96
8.28
7.46
6.77
6.35
6.08
5.80
5.57
5.52
5.32
5.32
5.02
12.75
16.80
16.45
14.50
13.78
14.19
16.26
18.26
20.18
19.82
18.70
17.55
16.77
15.36
14.51
13.20
6.81
3.93
3.89
3.90
3.93
3.92
3.92
3.83
12.31
16.58
13.98
12.17
13.13
13.91
14.81
16.75
18.10
18.11
18.10
16.96
15.68
14.54
14.01
12.97
6.60
3.85
3.84
3.84
3.88
3.84
3.84
3.76
12.22
16.52
13.12
11.97
12.53
13.30
13.44
14.75
15.40
15.42
15.11
14.02
13.84
13.68
12.71
11.70
6.16
3.85
3.84
3.85
3.89
3.90
3.88
3.79
12.00
15.10
5.11
10.32
11.13
12.34
13.34
13.79
13.99
13.95
14.17
14.16
14.01
12.85
12.12
11.11
5.66
3.73
3.77
3.74
3.80
3.74
3.75
3.67
11.76
14.47
10.07
10.65
12.01
12.90
13.21
13.76
13.98
14.13
14.16
14.10
13.84
12.40
11.37
10.38
5.74
3.74
3.73
3.72
3.77
3.75
3.78
3.71
3.18
3.26
3.22
3.20
4.21
5.67
6.75
6.98
7.79
7.60
7.90
7.80
7.40
7.06
6.69
5.64
5.17
4.87
4.57
4.44
4.51
4.40
3.78
3.96
3.55
4.15
4.75
5.81
5.94
6.81
7.84
8.19
8.31
8.38
8.45
8.44
8.32
7.48
7.04
6.70
6.18
5.92
5.57
5.47
5.40
5.29
5.17
5.09
12.74
16.50
16.43
14.28
12.89
13.03
13.71
15.01
14.89
14.59
15.04
15.21
14.39
13.30
12.09
10.41
5.57
3.90
3.88
3.87
3.87
3.84
3.85
3.80
11.68
14.61
10.89
10.30
10.89
12.29
13.60
13.70
14.46
15.63
15.68
15.63
15.01
13.97
13.40
12.47
5.96
3.75
3.75
3.75
3.91
3.93
3.96
3.92
11.87
15.34
11.54
10.25
11.18
11.68
12.77
13.31
13.81
14.15
14.68
14.77
13.94
13.39
11.93
10.78
6.06
3.71
3.72
3.71
3.77
3.72
3.74
3.71
11.98
15.95
13.15
11.41
12.03
13.31
13.60
13.96
15.31
15.85
16.06
16.03
14.60
13.89
13.27
12.53
6.50
3.83
3.82
3.83
3.86
3.85
3.84
3.82
12.16
16.37
14.30
11.94
12.44
13.68
13.72
15.86
17.84
18.41
17.08
15.55
15.34
14.41
13.67
12.57
6.51
3.81
3.81
3.81
3.83
3.81
3.85
3.83
3.29
3.49
4.54
5.55
6.00
6.91
7.98
8.60
8.68
8.76
8.86
8.78
8.71
8.33
6.84
6.77
6.40
6.03
5.71
5.59
5.36
5.18
5.04
4.96
4.38
4.68
5.42
5.79
6.95
7.98
8.28
8.36
8.66
10.18
10.39
10.22
8.78
8.07
7.13
6.54
6.36
6.06
5.72
5.55
5.25
5.23
5.08
4.90
12.44
16.48
16.42
13.83
12.99
13.50
14.58
16.45
18.15
19.50
17.33
15.88
14.45
14.03
13.87
12.09
6.57
3.82
3.82
3.82
3.84
3.82
3.83
3.80
12.17
16.51
14.84
12.25
12.81
13.44
13.76
14.87
16.35
16.40
15.32
12.74
11.16
10.99
10.42
10.09
6.00
4.05
4.05
4.03
4.03
3.99
4.02
3.99
11.31
13.43
8.85
8.28
8.78
10.12
10.42
11.18
12.04
12.60
12.16
11.34
10.43
10.11
10.14
9.96
5.64
3.85
3.85
3.84
3.86
3.85
3.86
3.83
11.53
14.58
10.76
9.97
10.50
12.29
13.07
13.32
13.49
13.49
13.72
13.79
13.43
12.93
11.27
10.55
5.93
3.69
3.72
3.73
3.78
3.72
3.75
3.73
11.95
15.94
12.65
11.44
12.24
13.40
13.90
14.57
16.13
16.44
16.33
16.24
14.54
13.78
12.24
11.69
6.07
3.71
3.72
3.72
3.76
3.72
3.72
3.73
3.22
3.22
3.90
4.76
5.21
6.65
6.82
7.90
8.50
8.53
8.44
7.58
6.90
6.08
6.43
5.90
4.94
4.66
4.67
4.71
4.56
4.50
4.34
3.98
3.80
3.99
4.75
5.13
6.02
6.69
7.64
8.26
8.35
8.43
8.46
8.46
8.37
7.84
6.63
6.05
5.81
5.54
5.34
5.20
5.29
5.12
4.97
4.82
12.34
16.25
16.24
14.31
13.52
14.24
16.35
18.94
19.90
19.60
19.33
17.78
15.31
13.75
12.64
11.58
6.27
3.73
3.72
3.71
3.74
3.72
3.71
3.70
12.09
16.07
13.40
10.45
10.63
11.20
12.22
13.09
13.27
13.51
13.57
13.39
13.22
12.89
11.60
11.39
5.95
3.65
3.64
3.63
3.67
3.64
3.64
3.63
11.96
16.05
13.29
11.34
11.91
13.06
13.29
13.65
14.90
15.38
15.58
14.74
13.10
11.67
11.34
10.65
5.51
3.52
3.52
3.52
3.55
3.53
3.52
3.51
11.54
14.92
10.64
10.34
11.32
12.64
13.56
14.54
16.54
16.09
16.03
14.82
13.85
12.93
11.73
11.38
6.16
3.74
3.73
3.74
3.77
3.73
3.74
3.73
12.06
15.80
11.65
11.08
11.24
11.72
14.51
14.62
13.54
12.81
12.27
12.67
12.18
11.51
10.41
9.98
5.49
3.61
3.62
3.63
3.65
3.61
3.61
3.61
3.16
3.13
3.12
3.10
4.32
5.30
5.84
6.41
6.50
6.49
6.18
5.28
4.54
4.39
4.56
4.42
4.21
4.04
3.75
3.74
3.79
3.63
3.77
3.64
3.17
3.55
3.80
4.36
5.06
5.54
6.65
7.52
7.62
7.49
7.70
7.01
6.75
6.29
5.45
5.47
5.22
5.07
4.96
4.73
4.63
4.44
4.30
4.02
11.64
15.75
13.68
11.07
11.47
12.70
13.29
13.46
14.77
14.81
14.95
14.67
13.60
12.94
11.52
10.74
5.49
3.62
3.61
3.61
3.65
3.60
3.61
3.55
11.11
12.33
9.27
9.61
10.47
12.10
13.27
13.79
13.94
14.00
14.09
14.01
13.83
13.14
11.91
10.72
5.56
3.62
3.61
3.61
3.65
3.60
3.61
3.63
11.22
11.77
9.40
9.87
10.67
12.03
13.98
15.05
15.91
15.57
15.79
15.24
14.21
13.18
11.57
10.85
5.63
3.64
3.67
3.65
3.73
3.66
3.64
3.63
11.66
13.10
9.66
10.32
11.91
13.61
14.06
15.68
16.06
16.63
16.28
15.30
14.37
13.33
11.69
10.77
5.64
3.65
3.68
3.65
3.69
3.67
3.65
3.63
11.46
12.30
9.66
9.83
10.73
12.22
13.49
13.66
13.86
13.97
14.01
13.86
13.40
12.79
11.42
10.95
5.73
3.44
3.44
3.45
3.48
3.44
3.44
3.44
3.02
2.96
2.94
3.52
4.62
5.61
5.96
6.67
7.17
7.48
7.26
7.19
6.45
6.43
5.94
5.40
5.19
4.82
4.54
4.26
4.21
3.67
3.72
3.56
3.03
3.30
3.69
4.46
4.96
5.87
6.87
7.05
6.95
6.72
6.60
6.42
6.19
6.08
5.10
4.75
4.40
4.16
3.84
3.59
3.79
3.47
3.49
3.50
10.97
14.57
10.98
10.39
11.13
12.59
13.23
13.47
13.89
15.20
15.06
15.03
13.70
12.68
10.90
9.86
5.53
3.44
3.42
3.43
3.49
3.45
3.45
3.44
11.00
11.20
8.93
9.06
10.31
13.96
14.85
16.41
17.75
16.37
15.70
15.00
14.14
13.70
12.34
10.79
5.81
3.59
3.59
3.58
3.63
3.59
3.60
3.60
11.39
12.68
9.42
9.91
11.47
13.23
13.96
14.24
15.30
15.59
16.10
15.97
14.26
13.31
11.75
10.50
5.53
3.64
3.65
3.61
3.64
3.60
3.59
3.59
11.61
13.35
9.88
14.10
16.98
19.17
20.34
19.47
16.55
15.48
16.38
18.03
15.90
13.62
13.21
12.56
6.83
4.21
4.24
4.22
4.26
4.23
4.20
4.18
12.39
16.00
12.46
11.25
12.01
13.04
13.63
13.76
13.92
14.81
14.74
14.01
13.86
13.72
11.95
11.19
6.51
4.18
4.18
4.17
4.23
4.18
4.19
4.16
3.79
3.68
3.67
4.08
5.46
5.69
6.79
7.84
7.88
8.18
7.75
7.78
7.54
6.64
5.86
6.52
5.59
5.58
5.46
5.87
5.89
5.21
5.19
5.00
4.50
3.90
4.92
5.50
6.13
6.77
7.51
8.29
8.43
8.52
8.55
8.19
7.55
7.11
6.75
6.45
5.97
5.92
5.86
5.85
5.67
5.83
5.01
5.02
12.02
16.29
16.47
17.39
18.99
20.39
21.12
21.66
21.91
21.78
20.44
16.34
14.21
12.97
12.43
12.04
6.59
3.52
3.51
3.51
3.66
3.54
3.51
3.50
11.24
15.41
11.98
14.84
17.06
19.84
21.19
20.64
20.19
19.61
19.13
19.14
17.70
14.51
13.49
12.83
7.20
4.23
4.18
4.19
4.23
4.21
4.22
4.20
12.32
16.68
14.57
15.43
17.17
20.58
21.66
21.68
21.86
22.03
21.34
16.14
13.90
12.64
12.09
10.74
5.68
3.74
3.78
3.77
3.80
3.73
3.67
3.66
11.22
14.82
10.32
12.71
14.53
16.46
17.35
18.34
16.71
16.04
17.54
18.85
17.35
15.20
14.87
13.60
8.75
5.99
4.87
3.38
3.43
3.37
3.39
3.36
10.94
14.65
11.54
14.14
15.75
16.84
18.64
19.13
18.25
16.54
15.85
15.78
14.24
14.03
12.90
12.22
6.83
3.97
3.96
3.95
3.96
3.93
3.94
3.95
3.60
3.47
3.45
4.40
5.17
5.73
6.36
7.26
7.30
7.92
7.71
7.44
6.81
6.28
5.83
5.58
5.75
5.70
5.70
5.44
4.82
4.77
4.77
4.76
4.46
4.35
4.66
5.31
6.12
6.85
7.90
8.24
8.34
8.45
8.43
8.04
6.40
5.91
5.73
5.84
5.62
5.02
4.77
4.76
5.15
5.59
4.72
4.70
11.79
15.45
15.01
11.58
12.11
13.63
16.58
19.63
19.17
20.27
16.63
14.72
13.45
13.06
12.37
11.58
6.08
3.59
3.56
3.57
3.64
3.58
3.57
3.58
11.81
15.38
11.44
14.07
15.73
16.88
18.16
19.29
19.66
18.41
19.19
19.96
15.57
12.80
11.82
11.12
5.78
3.59
3.86
4.60
4.63
4.61
4.61
4.61
11.71
15.32
12.61
14.55
15.98
16.84
19.73
21.88
20.96
20.14
16.62
13.91
13.94
13.06
12.00
11.21
5.84
3.57
3.57
3.64
3.59
3.54
3.54
3.52
11.70
15.58
11.77
14.48
17.14
19.83
21.37
19.82
17.57
16.79
17.72
19.87
16.58
13.82
13.30
12.46
7.05
4.52
4.10
3.54
3.58
3.53
3.52
3.51
11.48
15.31
11.58
13.87
15.62
16.84
16.53
16.29
16.07
15.64
15.45
14.94
14.20
13.84
13.28
11.96
7.11
4.15
4.13
4.13
4.15
4.12
4.13
4.14
3.83
3.62
3.85
4.55
5.62
5.88
6.38
7.45
8.06
8.19
7.83
7.62
7.05
6.46
6.48
6.18
5.70
4.99
4.97
4.98
4.97
4.93
4.95
4.96
4.72
4.44
4.55
5.56
5.73
6.88
7.38
7.91
7.74
7.53
7.83
7.32
6.31
6.30
5.96
5.96
5.87
5.26
4.95
5.58
5.17
4.93
4.46
4.31
11.98
15.64
14.72
14.08
14.01
12.50
16.79
19.57
17.64
15.52
13.12
12.66
11.78
11.35
10.52
10.21
5.20
3.57
3.56
3.56
3.58
3.56
3.55
3.57
12.01
15.07
11.23
13.33
15.25
16.19
16.96
16.93
14.89
14.62
15.34
17.01
12.89
10.93
9.94
9.90
5.23
3.59
3.58
3.57
3.60
3.57
3.59
3.57
12.08
14.18
9.54
12.27
15.40
16.51
17.57
17.12
19.44
18.89
17.37
11.63
10.54
10.59
10.12
9.69
5.47
4.01
4.01
4.01
4.03
3.99
4.00
4.05
11.85
10.06
8.10
11.64
14.85
16.03
16.48
15.80
14.75
15.57
15.72
15.68
13.22
12.53
11.40
10.62
5.26
3.98
4.00
3.98
4.00
4.04
4.13
4.13
10.18
8.61
8.20
10.47
13.17
15.07
14.89
14.53
14.23
14.33
14.07
13.11
12.52
11.60
10.71
9.90
5.41
3.98
3.95
3.95
3.99
3.97
3.97
3.96
3.68
3.43
3.45
3.43
4.57
5.16
5.58
6.17
6.71
7.43
6.65
5.34
4.92
4.98
4.45
4.42
4.38
4.18
4.20
4.06
4.09
4.07
4.07
4.06
3.80
3.57
3.60
4.18
4.65
5.17
6.02
6.33
6.39
6.60
6.62
6.58
6.03
5.95
5.36
5.16
4.92
4.72
4.60
4.33
4.33
4.04
4.16
4.14
12.35
15.34
12.47
15.45
18.62
20.50
20.82
20.91
20.65
17.51
15.22
13.71
14.92
14.16
10.34
9.16
5.13
3.89
3.92
4.02
4.10
4.03
4.05
4.01
11.25
9.25
7.88
11.72
15.92
17.71
17.90
16.55
14.71
15.07
15.52
16.41
14.20
12.65
11.22
10.94
6.74
5.22
5.21
5.21
5.21
5.23
5.30
5.36
12.96
11.19
8.36
12.78
17.18
18.33
18.93
19.92
19.89
19.71
17.43
11.99
10.46
10.86
9.81
9.07
5.20
4.88
3.73
3.66
3.71
3.74
3.82
3.78
11.05
9.25
7.91
12.90
17.28
19.36
18.95
16.75
14.28
14.28
15.03
16.36
13.19
10.42
9.19
8.71
5.17
3.90
3.90
3.91
3.99
4.07
4.07
4.05
10.01
8.01
8.28
10.47
11.15
12.53
11.96
12.08
11.86
11.38
10.98
10.41
9.61
8.73
8.74
8.60
5.11
3.96
4.03
4.07
4.13
4.09
4.09
4.09
3.89
3.64
3.64
3.61
3.59
3.59
3.58
3.59
3.93
4.77
4.95
5.00
4.55
4.08
4.08
4.07
4.03
4.06
4.08
4.07
4.11
4.07
4.08
4.10
3.90
3.65
3.66
3.59
3.58
3.58
3.79
5.26
6.18
5.88
5.90
5.73
5.44
5.13
4.67
4.13
4.18
4.22
4.48
4.50
4.54
4.14
4.07
4.07
11.73
14.53
11.69
14.17
16.89
19.05
20.16
19.67
18.83
15.54
13.23
9.20
9.93
9.71
9.61
9.73
6.51
5.27
5.32
5.35
5.37
5.33
5.33
5.31
12.34
10.15
8.91
10.42
10.98
12.04
12.90
13.18
11.80
11.84
12.38
13.83
11.42
9.80
9.56
9.53
6.38
5.18
5.19
5.20
5.23
4.87
3.85
3.84
9.39
7.67
7.57
10.58
12.29
13.86
13.84
14.27
15.22
15.89
14.66
10.18
8.86
8.58
8.60
8.56
5.17
4.00
4.02
4.06
4.09
4.06
4.05
4.04
10.63
8.59
7.81
10.61
13.57
15.82
16.01
14.09
11.40
9.99
9.85
11.00
10.22
9.99
10.00
9.96
6.84
5.64
5.22
4.64
4.68
4.65
4.63
4.63
10.22
8.59
8.59
9.59
9.67
10.20
10.08
9.91
9.83
9.94
9.98
9.81
9.25
9.01
8.90
8.87
5.67
4.48
4.29
4.00
4.03
4.00
4.00
4.01
3.84
3.55
3.56
3.54
3.50
3.49
3.48
3.47
3.46
3.78
4.38
4.24
4.34
4.02
4.07
4.05
4.00
3.98
3.98
4.07
4.14
4.11
4.08
4.10
3.93
3.65
3.61
3.64
3.61
3.59
3.95
4.75
4.88
5.33
5.62
5.28
4.82
4.19
4.15
4.11
4.08
4.07
4.11
4.10
4.15
4.12
4.11
4.10
10.97
9.53
6.30
11.03
14.01
15.29
15.18
15.40
15.38
15.41
13.85
9.74
8.78
8.54
8.39
8.37
5.18
4.15
4.72
4.12
4.08
4.13
4.12
4.12
7.21
6.67
6.56
10.19
10.81
11.55
13.25
13.03
11.77
12.38
12.76
13.58
11.18
8.54
9.10
9.32
6.34
5.44
5.43
5.44
5.49
5.45
5.45
5.44
9.52
8.58
8.42
10.80
12.04
13.97
14.44
14.69
14.44
14.76
12.66
9.40
8.30
8.27
8.28
7.51
4.93
3.99
4.00
3.99
4.04
4.01
3.99
3.97
6.71
6.50
6.34
9.70
11.19
12.78
13.94
13.53
12.29
12.20
13.65
15.27
11.54
8.58
8.48
8.38
5.17
4.39
4.01
4.04
4.08
4.05
4.05
4.04
8.64
7.65
7.47
9.02
9.22
11.60
11.61
11.81
12.04
12.10
12.10
11.71
11.10
10.14
9.91
9.75
6.55
5.29
5.30
5.33
5.39
5.36
5.36
5.37
5.24
4.93
4.93
4.89
4.84
4.80
4.79
4.79
5.37
5.95
6.15
6.20
6.03
5.27
5.29
5.32
5.27
5.30
5.32
5.33
5.39
5.36
5.35
5.34
5.23
4.91
4.92
4.88
4.82
4.82
4.78
5.74
6.49
6.80
6.81
6.59
6.09
5.42
5.30
5.31
5.29
5.33
5.33
5.34
5.40
5.36
5.34
5.36
11.78
9.91
8.66
11.16
14.23
16.00
15.87
16.78
19.42
19.69
17.55
11.33
9.94
8.91
8.57
8.32
5.20
4.01
4.03
4.05
4.09
4.05
4.06
4.04
8.54
7.55
7.00
10.43
12.03
14.84
15.08
13.83
12.87
12.70
13.49
15.21
11.00
8.46
8.21
8.20
5.15
3.92
3.95
3.96
4.03
3.99
3.98
3.99
7.31
7.03
6.74
10.59
11.24
11.52
13.25
14.55
15.30
15.05
13.44
9.83
8.48
8.20
8.15
8.21
5.08
3.89
3.93
4.39
5.15
4.04
4.03
4.02
6.92
6.65
6.15
10.07
11.00
10.92
10.78
10.10
9.47
9.54
9.32
10.66
8.77
8.38
8.01
7.22
4.87
4.04
4.82
5.30
5.52
4.96
4.08
4.03
5.96
5.83
5.79
7.10
8.64
9.98
9.78
9.87
9.94
9.97
9.98
9.91
10.18
10.10
9.99
9.08
6.61
5.83
5.58
5.26
5.31
5.27
5.27
5.27
5.21
4.83
4.79
4.77
4.76
4.73
4.72
4.68
4.67
4.67
4.69
4.69
5.18
5.24
5.26
5.25
5.24
5.21
5.24
5.23
5.29
5.25
5.26
5.26
5.19
4.81
4.81
4.76
4.73
4.71
4.69
4.66
4.67
4.92
5.26
5.28
5.41
5.20
5.21
5.25
5.21
5.20
5.22
5.24
5.29
5.24
5.24
5.24
11.02
9.04
8.64
7.42
9.12
9.21
10.02
10.64
11.08
11.21
11.22
10.55
9.91
9.52
9.45
9.41
6.31
5.13
5.14
5.14
5.20
5.16
5.18
5.16
9.51
8.57
8.29
8.76
9.05
9.22
9.42
9.85
10.53
11.03
10.77
10.40
9.87
9.68
9.51
9.49
6.41
5.27
5.27
5.28
5.33
5.28
5.28
5.28
8.05
7.00
6.32
10.37
10.99
11.08
11.66
14.64
15.19
14.33
11.90
8.90
8.53
8.38
8.21
8.11
5.09
3.86
3.87
3.89
3.92
4.30
3.99
3.98
7.93
7.46
7.68
10.61
11.15
11.31
12.97
12.93
10.83
10.71
11.46
11.32
9.07
8.42
8.37
8.30
5.10
3.92
3.95
3.99
4.03
3.99
4.00
3.99
7.27
7.13
6.53
6.78
7.86
7.93
7.84
7.85
7.89
8.09
8.05
7.94
8.32
8.09
8.40
8.54
5.81
4.02
4.06
3.94
3.97
3.94
3.93
3.95
3.93
3.45
3.48
3.45
3.40
3.38
3.37
3.37
3.38
3.36
3.40
3.38
3.94
3.93
3.93
3.97
3.92
3.92
3.92
3.92
3.97
3.93
3.94
3.93
3.92
3.45
3.47
3.42
3.42
3.39
3.40
3.38
3.38
3.38
3.38
3.39
3.94
3.92
3.94
3.95
3.92
3.90
3.91
3.94
3.96
3.93
3.93
3.92
6.25
5.67
5.38
9.29
10.45
10.52
10.74
11.08
12.36
12.21
10.52
7.59
7.98
7.85
6.96
6.44
4.63
3.91
3.92
3.92
3.95
3.92
3.90
3.92
5.45
5.18
4.86
8.68
10.47
10.51
10.76
10.68
10.03
10.05
10.42
11.72
9.07
8.03
7.86
6.89
4.53
3.89
3.90
3.92
3.95
3.91
3.90
3.90
5.81
5.51
5.10
8.31
10.18
10.27
10.86
10.83
10.99
12.01
10.98
7.80
7.82
7.79
7.37
6.45
4.49
3.76
3.79
4.81
3.81
3.77
3.76
3.76
5.65
5.23
5.19
9.07
10.45
10.26
10.53
9.29
8.48
8.53
8.79
9.47
8.25
7.64
6.65
6.25
4.61
3.99
4.01
4.00
4.03
3.98
3.99
3.99
6.01
5.48
5.16
5.59
6.02
6.68
7.62
10.59
8.04
7.81
7.82
7.63
7.30
6.68
6.11
5.91
4.48
4.01
3.98
4.01
4.03
4.00
4.00
4.00
3.99
3.55
3.52
3.47
3.45
3.45
3.43
3.42
3.41
3.41
3.41
3.49
3.99
4.00
4.02
4.05
4.00
3.97
3.98
3.98
4.02
3.99
3.99
3.98
3.98
3.54
3.51
3.49
3.47
3.46
3.41
3.44
3.43
3.42
3.42
3.51
3.98
4.02
4.03
4.03
3.97
3.95
3.94
3.95
3.99
3.96
3.95
3.96
6.84
6.52
5.54
9.18
10.05
9.84
10.11
10.54
10.18
10.19
9.01
7.26
6.86
5.80
5.56
5.27
4.36
3.90
3.92
3.94
4.00
3.96
3.94
3.94
5.25
5.29
4.95
7.05
8.87
9.82
10.08
10.13
8.89
8.43
8.97
9.87
7.53
6.66
6.49
6.30
5.18
4.80
4.40
3.89
3.92
3.89
3.87
3.88
4.93
4.92
4.63
7.34
9.11
9.94
10.19
10.12
10.26
9.91
9.16
5.91
5.33
5.10
4.77
4.58
4.07
4.10
4.52
3.76
3.78
3.76
3.80
3.79
8.58
10.14
9.89
9.20
9.35
10.06
9.51
9.05
8.55
8.52
8.62
10.13
7.01
5.29
4.72
4.66
4.15
4.00
4.00
3.99
4.03
4.00
3.99
3.99
8.89
10.62
8.74
8.26
8.72
8.68
7.06
9.55
7.23
6.82
6.60
6.35
5.84
5.40
5.16
4.65
4.09
3.89
3.89
3.89
3.94
3.89
3.90
3.89
3.89
3.51
3.43
3.40
3.38
3.34
3.34
3.31
3.30
4.01
4.20
3.41
3.86
3.89
3.89
3.90
3.87
3.85
3.86
3.87
3.92
3.87
3.88
3.89
3.92
3.50
3.38
3.36
3.36
3.32
3.31
3.30
3.31
3.28
3.29
3.43
3.85
3.86
3.81
3.92
3.85
3.87
3.87
3.87
3.92
3.87
3.88
3.90
5.49
5.07
4.70
8.57
10.41
10.17
10.35
10.65
10.16
10.45
9.14
7.67
7.83
7.58
6.49
5.69
4.20
3.78
3.79
3.82
3.87
3.84
3.83
3.84
5.10
4.85
4.47
7.91
10.07
10.17
10.46
10.21
9.41
9.43
9.91
10.51
8.44
8.32
7.61
6.60
4.89
4.25
4.25
4.25
4.29
4.26
4.28
4.26
6.43
6.06
5.38
8.91
10.32
10.58
10.63
10.84
11.01
11.12
9.74
7.97
7.91
7.80
6.96
5.87
4.42
3.89
3.91
3.92
3.96
3.90
3.89
3.89
5.41
5.52
4.89
8.33
10.21
10.41
10.16
10.00
9.51
9.56
9.90
10.68
8.43
8.29
7.73
6.71
5.20
4.13
4.13
4.14
4.17
4.13
4.13
4.12
5.80
5.48
5.07
6.72
8.15
9.08
8.10
8.19
8.24
8.26
8.24
8.52
8.14
7.36
6.97
6.69
4.95
4.27
4.05
3.75
3.80
3.77
3.77
3.77
3.76
3.83
3.41
3.25
3.25
3.23
3.24
3.26
3.21
3.20
3.25
3.58
3.76
3.79
3.80
3.81
3.76
3.73
3.74
3.74
3.78
3.75
3.75
3.74
3.74
3.80
3.40
3.24
3.21
3.23
3.21
3.20
3.17
3.18
3.21
3.55
3.73
3.76
3.78
3.78
3.75
3.72
3.73
3.73
3.78
3.73
3.75
3.74
6.68
6.98
5.64
5.46
5.93
7.07
7.34
7.41
7.52
7.57
7.58
7.84
7.81
7.47
6.39
5.92
4.33
3.74
3.74
3.74
3.80
3.75
3.75
3.73
5.80
5.91
5.17
8.69
10.29
10.19
10.15
9.82
9.38
9.35
10.22
10.58
7.85
7.31
5.96
5.58
4.38
3.87
3.87
3.88
3.92
3.90
3.89
3.88
4.87
4.49
4.03
7.48
9.84
8.26
10.03
10.21
9.32
10.02
9.99
9.98
7.40
5.72
5.29
5.42
5.07
3.88
3.89
3.90
3.93
3.88
3.88
3.87
4.59
4.19
4.03
7.46
9.08
10.04
9.85
9.81
9.43
9.46
10.22
9.80
7.48
6.13
5.54
5.33
4.49
4.11
4.18
4.11
4.15
4.12
4.13
4.10
5.00
4.45
4.52
6.71
8.16
8.82
6.78
6.53
6.68
6.73
6.70
6.69
6.30
6.78
5.53
5.29
4.22
3.86
3.86
3.86
3.90
3.87
3.88
3.86
3.86
3.60
3.37
3.36
3.36
3.35
3.34
3.31
3.31
3.28
3.28
3.52
3.84
3.86
3.87
3.89
3.87
3.85
3.85
3.86
3.91
3.87
3.86
3.87
3.88
3.61
3.38
3.39
3.36
3.34
3.33
3.29
3.30
3.27
3.28
3.51
3.83
3.85
3.87
3.90
3.86
3.85
3.84
3.86
3.91
3.87
3.87
3.85
5.10
5.41
4.08
8.01
9.77
10.28
10.47
10.65
10.32
10.41
8.79
7.66
7.62
6.19
5.55
5.40
4.33
3.99
4.00
3.99
4.05
4.01
4.02
4.00
5.00
4.45
4.38
7.99
9.97
10.47
10.37
10.02
8.26
6.86
7.05
9.14
6.73
5.39
5.31
5.30
4.40
3.98
3.99
4.00
4.04
4.00
4.00
3.99
5.21
5.17
4.60
7.38
9.36
10.16
9.85
10.14
10.42
10.20
8.38
5.35
5.24
5.17
4.96
4.76
4.27
4.08
4.08
4.09
4.14
4.10
4.09
4.08
5.65
5.71
5.32
7.10
8.44
9.10
8.41
7.36
5.44
5.32
6.54
8.81
5.31
4.77
4.77
4.78
4.29
4.10
4.11
4.11
4.65
3.88
3.88
3.87
7.79
7.77
7.52
7.62
7.78
7.88
5.09
5.02
5.04
5.06
5.00
4.96
4.70
4.59
4.59
4.60
4.15
3.97
3.97
3.98
4.01
3.98
3.97
3.98
4.01
3.79
3.50
3.52
3.50
3.44
3.44
3.43
3.42
3.44
3.41
3.68
3.99
4.02
4.06
4.05
3.98
3.98
3.98
3.99
4.03
4.00
4.00
3.99
3.99
3.79
3.49
3.48
3.50
3.47
3.48
3.43
3.41
3.40
3.41
3.67
3.96
3.97
3.98
4.00
3.97
3.95
3.96
3.97
4.01
3.96
3.97
3.95
8.78
9.30
7.42
8.58
8.80
9.08
8.69
9.32
10.18
9.51
6.38
4.77
4.61
4.65
4.66
4.67
4.97
4.21
3.90
3.89
3.95
3.91
3.92
3.91
9.09
10.59
7.58
8.23
8.72
8.71
8.39
8.26
7.30
6.87
7.48
8.67
5.72
4.91
5.81
7.37
5.30
4.19
4.78
4.63
4.27
4.23
4.21
4.20
9.28
11.25
11.05
11.11
8.96
8.88
8.72
9.31
9.72
9.47
7.10
5.04
4.80
4.79
4.80
4.81
4.33
4.15
4.15
4.15
4.20
4.16
4.16
4.15
5.39
5.45
4.78
4.28
4.27
4.47
4.65
4.96
5.19
5.30
5.13
5.14
5.07
4.98
5.11
5.12
4.36
4.15
4.15
4.15
4.19
4.14
4.15
4.16
5.13
5.69
6.42
6.45
6.22
4.89
4.31
4.31
4.30
4.30
4.30
4.56
5.19
6.41
7.84
8.00
5.19
4.18
4.19
4.19
4.23
4.19
4.20
4.20
4.20
4.07
3.75
3.75
3.70
3.72
3.69
3.71
3.67
3.71
3.68
3.98
4.28
4.27
4.28
4.30
4.23
4.21
4.22
4.22
4.27
4.23
4.23
4.23
4.23
4.08
3.74
3.72
3.70
3.69
3.72
3.70
3.69
3.66
3.65
3.92
4.24
4.25
4.26
4.31
4.23
4.22
4.23
4.22
4.28
4.23
4.22
4.22
9.47
11.10
10.94
14.00
10.10
9.45
8.69
8.76
9.31
8.91
6.70
4.77
4.73
4.73
5.30
6.85
4.99
4.17
4.10
4.03
4.07
4.05
4.06
4.06
9.23
11.21
10.80
11.42
9.35
9.47
9.22
8.98
7.50
6.32
6.52
7.69
4.91
4.79
4.81
4.81
4.29
4.10
4.11
4.10
4.16
4.11
4.09
4.09
10.66
7.37
4.09
6.96
7.18
7.06
6.74
7.22
7.79
8.07
5.87
4.39
4.68
4.68
4.69
4.71
4.18
4.01
4.11
4.07
4.07
4.01
4.00
3.99
4.38
4.44
4.13
6.67
6.86
6.84
6.60
6.12
4.87
4.86
5.35
6.49
4.85
4.53
4.54
4.56
4.14
3.96
3.96
3.97
4.02
3.98
3.98
3.95
7.22
6.25
5.06
6.37
6.44
6.27
6.27
6.24
6.33
6.33
6.33
6.61
6.92
6.91
6.89
6.98
5.87
4.91
4.51
3.94
3.98
3.94
3.94
3.94
3.94
3.85
3.49
3.48
3.47
3.44
3.43
3.43
3.40
3.43
3.42
3.70
3.99
4.21
4.62
4.34
4.24
4.22
4.22
4.25
4.28
4.22
4.24
4.21
4.22
4.15
3.73
3.71
3.74
3.72
3.68
3.74
3.73
3.74
3.71
4.01
4.28
4.27
4.26
4.21
4.42
4.12
4.10
4.12
4.16
4.10
4.10
4.08
6.49
5.35
4.22
4.24
4.22
4.20
4.22
4.18
4.22
4.18
4.20
4.46
4.70
4.81
4.88
5.39
4.78
3.94
3.95
3.97
4.01
3.97
3.97
3.95
12.19
16.05
9.24
4.12
4.13
4.07
4.03
4.24
4.38
4.24
3.95
4.21
4.50
4.48
4.47
4.76
4.52
4.29
3.84
3.76
3.81
3.78
3.77
3.77
12.12
15.62
7.92
3.88
3.86
3.86
3.83
4.10
4.08
4.07
4.09
4.34
4.56
4.65
4.73
4.49
4.26
3.95
4.10
3.99
3.82
3.77
3.77
3.75
12.05
15.90
8.44
3.97
4.06
4.03
3.94
3.98
3.95
3.95
3.93
4.17
4.46
4.44
4.47
4.51
4.10
3.89
3.89
4.01
3.94
3.90
3.89
3.88
11.71
16.11
9.01
4.14
4.35
4.17
4.03
3.98
3.97
3.99
3.99
4.22
4.55
4.59
4.53
4.57
4.13
3.94
3.94
3.95
4.00
3.96
3.95
3.95
3.94
3.89
3.48
3.48
3.48
3.46
3.41
3.43
3.43
3.44
3.43
3.76
3.95
3.97
3.97
4.02
3.95
3.93
3.94
3.94
3.99
3.94
3.93
3.92
3.93
3.88
3.47
3.46
3.46
3.45
3.44
3.44
3.43
3.43
3.43
3.70
4.00
4.01
4.01
4.01
3.97
3.94
3.96
3.96
4.02
3.97
3.97
3.96
11.93
15.22
14.72
13.14
5.36
4.06
4.03
4.03
4.00
4.03
4.03
4.27
4.88
6.47
7.90
7.97
5.06
3.97
3.98
3.99
4.04
3.98
3.99
3.97
11.85
15.79
16.01
10.65
4.21
4.06
4.04
4.03
4.03
4.03
4.02
4.25
4.69
6.08
7.71
7.94
5.07
3.95
3.96
3.96
4.01
3.95
3.95
3.96
12.16
16.01
14.51
5.88
4.07
4.04
3.93
3.92
3.88
3.74
3.80
4.05
4.35
4.45
5.68
7.05
4.83
3.71
3.70
3.70
3.75
3.72
3.72
3.72
11.78
15.50
14.93
7.98
3.87
3.77
3.80
3.74
3.76
3.77
3.76
3.96
4.31
4.39
5.80
7.25
4.76
3.70
3.70
3.71
3.76
3.71
3.70
3.70
11.68
15.40
15.15
11.40
4.81
3.80
3.75
3.77
3.76
3.75
3.76
4.01
4.34
4.30
4.58
6.52
4.87
3.71
3.73
3.72
3.77
3.73
3.72
3.71
3.71
3.68
3.21
3.22
3.20
3.21
3.19
3.16
3.16
3.14
3.15
3.40
3.71
3.73
3.78
3.79
3.71
3.67
3.69
3.69
3.73
3.69
3.67
3.68
3.70
3.70
3.22
3.19
3.23
3.20
3.18
3.19
3.18
3.19
3.17
3.44
3.76
3.76
3.78
3.78
3.70
3.69
2.02
0.00
3.42
3.67
3.66
3.64
12.25
16.46
11.88
4.19
3.74
3.73
3.75
3.78
3.76
3.75
3.85
4.33
5.01
5.27
5.01
5.14
3.82
3.32
3.32
3.31
3.32
3.31
3.30
3.30
12.19
15.02
5.12
3.40
3.40
3.62
4.88
5.25
5.06
3.49
3.61
5.17
6.33
6.20
6.19
6.15
4.22
3.31
3.32
3.32
3.32
3.31
3.31
3.31
11.97
16.23
10.07
3.38
3.42
4.52
6.71
5.81
4.03
3.41
3.38
4.45
6.65
7.44
7.40
7.42
4.41
3.31
3.33
3.32
3.33
3.33
3.31
3.31
11.21
14.87
14.61
14.36
5.36
3.36
3.39
3.38
3.39
3.39
3.40
4.32
6.45
7.25
7.22
7.18
4.52
3.30
3.30
3.30
3.30
3.31
3.30
3.30
11.87
15.96
12.87
4.17
3.20
3.98
5.83
6.59
6.56
6.45
6.44
5.36
6.20
7.26
7.53
7.21
4.35
3.13
3.15
3.15
3.15
3.15
3.15
3.14
3.13
3.13
2.68
2.68
2.67
2.67
2.68
2.67
2.67
2.67
2.68
2.86
3.20
3.23
3.24
3.25
3.19
3.15
3.16
3.16
3.16
3.19
3.18
3.18
3.18
3.18
2.70
2.70
2.71
2.70
2.69
2.68
2.68
2.68
2.65
2.88
3.24
3.28
3.26
3.26
3.22
3.18
3.18
3.17
3.18
3.17
3.17
3.16
10.92
14.16
13.71
14.18
14.76
15.01
10.44
3.64
3.36
5.30
8.12
8.30
8.55
8.75
8.85
8.67
4.75
3.17
3.18
3.18
3.18
3.16
3.15
3.16
11.34
15.30
14.60
13.59
6.49
3.20
3.23
3.94
5.16
4.77
3.74
4.27
7.09
7.97
8.19
8.07
4.64
3.17
