177.74
175.15
172.91
172.86
172.67
173.97
173.53
169.96
164.46
164.43
162.22
172.61
180.44
181.02
178.02
177.71
178.28
174.81
176.00
176.39
172.92
174.17
175.71
163.61
162.87
158.06
148.85
153.56
153.39
154.36
153.74
157.83
163.89
165.29
163.09
165.46
163.09
177.11
172.77
173.27
133.84
175.80
176.18
178.05
174.41
163.86
162.30
160.36
161.25
157.89
153.76
153.37
153.22
158.65
156.49
157.67
166.81
169.46
167.57
166.41
181.12
186.36
174.43
173.14
172.79
184.73
181.25
180.88
180.10
176.67
167.64
161.00
161.82
161.15
160.48
160.39
157.59
158.99
160.15
159.72
164.29
165.47
168.81
164.54
170.10
178.13
188.15
188.42
189.34
168.40
144.32
143.15
144.41
142.66
142.93
142.39
142.95
140.03
136.91
135.79
121.96
121.65
118.65
121.89
124.65
137.04
142.90
142.03
142.88
143.00
143.60
142.86
143.22
141.34
137.97
140.34
138.60
139.20
139.63
140.87
141.71
141.79
140.78
141.55
141.02
140.46
140.22
139.44
138.80
137.66
137.47
137.60
138.26
139.54
142.38
142.56
142.76
143.34
143.03
142.67
143.13
143.50
144.10
143.89
148.97
146.35
142.74
139.49
139.00
138.25
136.73
139.69
147.17
150.16
148.39
145.44
150.25
150.48
147.34
148.03
146.47
144.79
146.43
144.32
143.44
144.36
144.62
145.18
145.08
141.91
140.03
136.81
137.26
138.85
137.95
140.14
144.68
147.57
148.36
147.19
148.78
148.91
151.02
165.02
187.65
186.57
186.94
185.32
183.59
185.91
185.97
187.62
187.23
188.36
185.44
185.42
174.68
178.99
180.55
179.62
182.99
179.14
181.28
190.84
189.25
189.24
190.70
188.77
186.34
186.36
184.65
183.84
182.81
183.42
185.30
184.51
186.01
184.19
182.48
182.11
177.61
178.95
176.28
163.28
165.39
168.70
91.44
168.25
169.74
183.03
190.42
190.57
187.14
186.84
184.57
182.12
182.03
182.15
184.16
183.26
179.21
179.30
177.84
177.02
174.15
173.19
172.83
177.08
182.88
184.45
189.22
192.34
186.70
186.76
190.42
189.31
189.72
173.40
180.17
191.02
188.76
187.50
177.62
180.36
183.60
180.16
178.99
178.84
175.85
176.59
177.53
176.55
177.88
165.87
184.28
183.69
186.60
179.57
148.49
149.08
147.21
145.54
142.39
143.07
142.76
142.13
142.69
143.57
144.44
143.22
141.98
142.19
141.87
141.10
140.23
136.91
137.92
139.49
140.56
140.23
142.87
144.19
144.93
144.73
144.37
144.16
147.72
147.99
148.09
149.05
147.68
146.39
149.43
150.57
148.72
148.33
145.57
143.30
144.10
145.03
148.30
147.66
148.55
148.51
149.42
148.34
148.77
149.64
149.11
149.04
148.44
147.63
147.10
147.69
147.16
148.41
148.09
146.14
144.41
143.34
142.33
141.36
138.97
142.88
144.65
144.59
145.63
146.23
147.86
173.05
173.01
188.76
189.80
188.12
186.29
186.04
185.76
187.30
187.66
186.38
187.93
183.50
180.22
174.35
176.63
177.04
178.65
162.10
167.01
169.28
187.78
188.81
178.44
181.71
190.02
190.30
189.45
182.49
178.19
183.54
186.42
185.70
185.57
186.83
178.57
180.99
176.99
177.41
164.55
160.37
157.99
165.35
164.09
166.99
165.75
167.29
167.67
168.41
189.09
190.95
189.96
190.71
189.41
188.02
188.21
187.62
181.45
186.43
186.34
188.74
187.56
186.39
184.19
184.11
180.88
182.70
188.73
187.57
188.02
188.69
190.50
188.17
190.07
190.33
184.44
186.47
171.86
163.68
164.24
163.87
185.28
187.44
185.57
179.88
161.06
159.12
157.33
156.29
155.61
157.54
159.13
164.52
165.55
168.68
174.55
182.53
185.86
189.30
189.32
184.96
180.40
180.50
179.92
179.91
179.75
163.28
159.49
159.86
161.63
160.44
174.48
173.45
172.61
166.06
167.56
169.46
178.78
180.85
183.73
172.11
177.85
187.18
181.10
186.99
172.64
188.04
187.38
185.79
187.49
188.99
187.94
187.35
184.42
183.48
182.04
179.90
180.63
183.88
184.22
184.01
185.67
187.07
188.43
185.27
185.25
183.11
184.15
180.87
179.40
180.61
180.89
182.19
174.60
166.76
180.73
178.47
178.06
178.40
175.57
173.77
165.72
162.57
167.13
173.12
185.08
179.21
177.50
170.32
183.09
169.96
169.91
177.65
181.51
181.07
180.80
172.81
179.35
178.62
180.37
175.69
173.21
170.98
161.92
156.08
158.05
161.66
167.91
169.60
184.41
186.22
185.82
184.13
185.43
185.13
183.22
181.77
180.79
177.91
176.71
175.08
175.85
172.04
175.89
171.32
161.94
154.30
152.72
157.44
159.64
160.62
166.88
173.98
185.49
189.40
179.65
175.80
187.80
188.81
189.25
187.46
185.24
183.30
180.89
182.10
175.77
172.86
174.39
168.15
164.99
163.56
173.07
158.87
160.54
162.30
168.87
176.51
179.80
174.28
181.77
188.17
188.21
189.59
185.01
185.06
179.37
181.14
179.67
177.57
175.97
172.02
177.07
171.81
169.35
164.88
167.33
169.35
163.85
171.90
162.22
179.67
186.01
180.19
186.86
186.17
176.81
185.78
185.68
180.61
175.31
175.38
168.97
166.04
172.52
170.63
171.16
174.18
168.51
172.38
170.82
170.26
169.82
168.97
169.33
172.09
170.45
178.36
183.57
187.08
189.53
192.67
191.98
188.22
185.72
184.38
182.20
172.21
182.79
174.69
185.02
181.74
180.71
179.83
174.82
173.33
175.54
177.04
184.59
183.27
186.63
189.68
192.43
192.81
193.32
195.37
191.07
188.75
187.98
186.77
186.42
188.84
187.32
185.84
184.67
187.17
182.10
182.95
179.46
172.11
177.37
171.86
185.62
182.50
188.84
191.40
190.71
192.57
192.75
194.01
46.44
186.39
183.66
185.81
186.87
186.95
188.63
186.71
187.65
184.04
182.08
180.74
175.01
179.18
169.04
181.55
186.27
187.01
187.40
186.94
188.77
168.73
188.47
191.08
190.66
189.84
187.86
187.90
187.68
187.03
188.57
188.10
187.54
184.93
183.43
182.29
181.07
177.43
174.26
177.53
182.67
171.09
145.65
187.43
186.50
186.91
187.69
190.43
188.06
187.56
186.42
183.63
184.61
185.96
186.71
188.64
186.19
186.59
186.59
184.51
183.35
179.94
177.96
180.22
184.51
184.61
186.45
188.06
189.63
189.25
188.07
188.56
186.90
179.60
182.60
183.49
183.04
180.91
182.65
183.19
180.71
180.49
181.69
182.68
182.62
181.24
180.02
181.15
182.11
182.49
181.70
183.09
183.48
186.54
185.04
186.85
186.04
185.96
185.89
186.89
186.14
185.15
185.93
187.14
187.14
187.58
188.76
186.66
185.69
184.33
182.84
180.60
179.09
179.19
178.11
177.48
181.03
183.67
186.27
186.78
187.52
188.91
188.17
188.32
187.57
186.48
186.58
188.63
187.02
184.39
182.88
183.40
182.98
181.19
179.80
181.88
183.45
183.15
181.73
182.14
183.82
183.96
183.31
184.60
183.64
182.91
183.89
181.29
182.06
181.35
182.60
182.27
182.41
183.70
181.45
180.82
180.61
177.66
175.09
178.05
178.85
183.21
183.87
184.67
184.78
185.98
185.14
184.18
185.64
184.44
183.36
181.35
182.28
183.26
183.40
184.56
184.54
183.13
179.63
179.34
177.47
176.84
174.40
173.85
178.78
179.69
180.80
182.30
178.98
184.65
184.19
182.62
186.09
184.56
180.39
171.18
175.01
163.92
167.95
176.01
162.67
157.16
154.55
153.70
142.17
151.31
155.03
157.99
164.21
166.25
165.93
181.21
175.23
183.22
171.98
176.05
176.05
181.19
166.62
165.74
179.19
174.85
165.36
162.72
166.69
160.91
160.42
158.38
157.02
156.57
157.54
160.47
165.21
161.05
180.56
183.29
183.30
185.23
187.99
189.50
186.29
183.62
172.29
177.53
174.54
167.48
174.01
166.71
172.78
160.45
167.41
168.90
167.94
164.51
155.90
157.64
157.67
172.20
177.26
173.07
178.64
173.18
162.97
179.62
181.81
179.04
175.55
156.93
156.19
164.01
158.06
169.17
156.26
156.21
154.80
153.85
153.85
152.45
153.07
152.67
153.40
155.03
168.98
171.77
176.16
183.73
190.18
188.68
187.31
187.23
176.32
173.00
177.83
174.85
177.37
174.89
175.02
165.16
163.15
164.78
168.40
170.75
172.07
171.68
177.96
179.19
183.30
181.97
181.45
174.73
184.20
184.73
183.71
182.30
171.36
175.10
176.68
173.20
169.81
181.10
182.36
160.65
159.31
158.72
156.05
153.28
153.89
151.28
162.51
167.26
177.04
176.27
181.41
186.46
183.79
184.67
184.53
184.84
181.80
178.65
174.34
168.17
172.64
170.52
175.33
182.71
178.54
172.21
173.80
173.25
173.51
173.43
177.11
175.74
178.88
185.48
186.65
187.36
188.52
185.20
187.78
187.84
186.68
185.17
184.16
186.40
186.35
186.51
183.04
181.04
181.11
180.78
179.38
178.51
177.56
180.11
180.46
181.91
181.80
182.41
182.74
181.41
182.24
183.87
182.55
182.64
181.37
179.98
180.43
182.46
186.15
185.87
188.25
184.76
183.30
182.94
90.98
135.79
179.95
181.05
181.99
184.05
183.53
183.98
185.16
185.86
186.29
186.81
185.98
183.17
180.87
179.44
178.95
180.26
179.42
180.14
180.02
179.99
176.50
174.88
177.48
176.52
177.00
177.59
178.97
179.95
180.01
182.07
181.26
182.81
180.76
178.35
174.35
178.15
172.76
159.96
157.26
155.74
160.80
175.94
175.07
174.31
171.70
167.07
157.31
156.97
156.47
153.52
153.78
163.89
175.16
177.48
181.36
183.95
187.24
187.81
187.27
185.86
181.61
179.66
169.65
178.87
180.61
180.00
174.05
180.15
173.23
176.08
172.12
173.34
168.54
172.79
178.53
169.82
176.73
175.39
175.65
176.56
178.00
180.11
180.19
174.95
177.88
172.65
174.93
175.23
173.39
177.24
179.56
178.63
162.90
160.29
158.17
154.06
159.08
159.47
164.37
166.80
171.29
183.96
185.13
184.36
180.13
182.62
185.49
184.92
179.11
175.66
174.38
174.02
173.71
164.89
162.04
158.70
152.76
151.99
151.87
153.30
154.92
155.85
164.83
165.88
108.09
184.90
174.68
179.23
182.13
175.31
183.37
174.21
176.90
174.34
172.15
169.29
175.98
176.47
176.15
177.36
173.87
176.66
165.20
172.64
171.73
169.80
177.20
180.72
178.76
181.47
180.40
175.77
176.13
176.42
176.52
174.74
173.20
160.90
161.30
162.32
164.61
166.30
167.25
165.23
163.14
162.99
160.94
159.04
158.28
161.13
165.49
166.74
164.71
166.60
166.57
175.88
177.30
176.98
174.67
169.96
158.86
155.54
155.95
156.34
158.21
157.76
156.58
156.55
156.34
152.97
157.43
156.49
156.07
157.31
165.66
167.24
166.32
179.83
182.82
182.38
179.65
182.48
184.20
182.69
174.12
172.29
172.08
171.39
169.99
170.88
170.53
156.81
154.15
152.51
152.23
151.47
151.50
150.31
150.60
151.49
168.58
176.76
180.66
185.43
182.25
189.22
177.66
182.19
184.53
182.03
181.12
176.04
179.43
181.23
178.66
174.32
171.54
158.06
158.26
157.63
156.78
160.39
166.46
177.98
183.89
187.65
184.83
185.99
185.51
187.02
187.61
185.46
182.69
181.24
181.53
182.34
183.74
184.99
186.69
179.55
175.42
168.76
169.52
169.02
170.74
172.25
178.70
183.46
184.64
179.63
173.71
186.78
192.52
192.08
190.77
190.22
188.84
186.17
187.42
185.89
181.56
188.53
184.90
167.85
174.37
182.12
183.08
181.07
178.86
179.88
183.16
183.39
183.23
168.08
165.36
187.28
188.64
189.72
189.12
189.84
185.10
185.42
186.83
184.52
183.07
185.11
183.08
180.52
176.84
175.51
173.84
174.29
175.46
175.97
182.61
186.54
187.34
190.44
181.33
185.71
190.07
189.90
177.10
148.26
148.29
146.29
145.38
146.15
147.66
147.43
146.39
144.05
142.84
142.21
140.89
140.19
138.72
140.05
143.46
143.05
145.11
147.65
147.52
146.59
146.46
145.85
145.56
148.12
147.59
146.26
144.75
142.83
143.03
143.26
143.34
144.54
144.71
145.30
143.78
142.99
142.32
143.13
143.90
142.45
142.40
143.77
145.25
144.61
145.65
146.87
146.59
145.54
144.31
142.23
142.66
143.19
143.27
144.42
143.20
143.04
140.92
143.47
144.03
141.69
140.93
138.72
140.03
140.93
140.63
141.62
141.50
144.21
145.19
145.07
144.14
144.79
142.91
145.56
145.47
145.22
147.48
147.72
147.47
145.01
143.09
142.80
141.57
139.57
138.68
140.76
144.35
144.74
144.77
145.11
145.60
145.99
145.96
147.76
145.61
145.61
144.02
145.74
145.91
145.96
146.16
146.83
151.15
148.88
145.91
144.71
142.73
140.54
137.58
139.36
142.74
142.32
143.23
143.34
145.11
145.28
146.11
147.41
147.71
147.74
147.96
148.08
145.36
145.30
146.65
148.12
150.49
148.96
147.32
146.32
143.86
142.23
139.63
143.04
143.13
144.27
146.41
147.18
146.65
146.29
148.43
149.66
150.21
149.14
147.69
146.84
146.63
147.93
147.12
148.94
147.29
145.49
142.66
142.74
142.59
110.37
34.72
139.08
140.52
141.97
142.93
144.02
145.03
144.73
145.92
145.85
146.38
146.49
144.45
145.17
145.13
144.74
145.27
148.75
147.99
145.63
145.42
144.65
143.35
142.51
141.56
139.36
141.63
141.47
141.52
142.25
143.24
143.11
144.18
144.03
144.88
143.31
140.44
138.71
138.89
139.02
139.68
140.11
140.17
140.76
140.50
139.26
138.48
135.96
134.89
135.66
141.10
140.95
141.61
141.50
142.74
144.26
144.99
143.70
144.31
145.91
145.06
143.84
142.75
141.33
141.06
140.18
139.94
141.39
140.15
140.13
139.97
138.23
136.41
135.45
136.19
139.11
139.97
141.46
142.45
143.30
145.09
145.29
144.77
142.94
143.44
143.20
143.15
143.16
144.22
143.76
145.28
144.36
142.11
142.08
139.79
138.53
137.25
137.49
139.16
139.59
141.55
141.80
140.50
143.09
142.46
142.71
142.11
142.25
142.33
141.60
140.56
140.84
142.79
143.76
145.45
142.86
142.67
141.67
141.74
139.76
138.35
139.05
140.66
140.37
140.34
139.84
140.71
142.47
143.73
142.70
142.32
142.66
143.11
142.21
142.91
141.26
142.26
143.91
144.64
143.64
142.91
142.61
141.49
141.08
139.60
139.97
141.79
141.73
138.33
141.10
143.67
143.87
143.12
143.96
142.64
144.20
144.01
142.28
144.46
147.03
147.53
147.25
146.23
143.20
141.24
139.69
136.12
122.27
122.19
124.17
129.47
143.00
144.08
145.09
145.40
144.72
146.83
146.96
146.34
146.92
145.78
143.06
144.22
144.05
146.47
146.76
145.52
148.24
146.41
145.78
145.77
144.39
140.19
139.83
143.56
144.83
144.85
146.61
147.78
147.73
147.62
146.99
147.96
146.51
144.01
143.76
143.23
143.56
144.12
144.81
145.44
144.82
142.16
142.93
142.57
141.90
140.19
140.05
141.90
141.24
143.88
145.34
146.77
146.26
145.83
146.31
146.55
144.58
141.96
141.99
142.53
142.06
143.02
144.31
145.21
144.45
144.75
144.21
143.76
142.72
141.45
140.93
142.75
141.53
141.92
142.07
142.90
144.43
146.77
147.06
145.90
145.96
144.94
145.11
145.13
146.03
146.31
146.21
145.11
145.40
143.98
143.19
142.64
141.56
140.34
139.64
142.60
143.55
144.15
146.55
147.73
147.10
149.91
151.27
151.46
149.25
149.43
147.23
146.93
147.88
150.71
149.39
149.28
146.34
143.87
144.75
143.47
141.91
137.94
138.41
143.07
143.84
146.04
146.75
146.76
148.44
149.29
149.73
151.29
150.82
149.80
147.46
146.25
146.85
147.07
150.27
151.04
151.71
149.58
148.07
147.29
144.59
142.15
141.08
143.04
138.05
130.16
92.35
94.09
135.22
137.34
161.59
161.98
159.90
158.63
158.41
156.69
156.97
158.44
158.89
160.65
159.03
157.73
157.21
155.51
153.54
150.50
150.21
150.21
152.25
151.22
155.21
156.25
157.38
157.02
158.63
158.96
159.16
157.58
155.83
155.57
157.71
159.11
159.55
158.27
160.24
159.08
146.83
142.36
138.66
137.40
136.07
138.31
151.59
154.45
155.12
156.70
157.80
157.88
157.27
157.44
155.78
152.75
152.54
154.13
154.72
155.20
155.49
156.25
153.42
153.08
153.35
153.10
151.30
143.03
135.80
145.51
153.92
153.05
154.81
157.07
156.54
157.53
157.23
157.61
156.16
153.19
153.38
153.98
153.68
154.75
154.26
155.75
155.04
154.96
155.99
154.82
153.89
152.35
151.51
151.16
150.14
151.47
153.53
154.42
154.39
156.09
157.51
158.19
158.31
157.70
157.79
157.50
156.85
157.77
157.26
158.69
155.81
154.94
154.79
153.25
151.70
150.38
150.07
153.60
153.82
155.32
156.70
160.07
189.01
183.24
206.37
204.39
204.39
204.25
201.81
201.01
200.19
198.84
201.13
200.97
203.06
201.77
201.23
199.64
197.61
194.19
194.18
196.13
173.26
196.24
200.20
201.14
202.34
203.94
204.06
203.86
202.99
203.03
200.72
201.14
200.51
201.32
198.83
201.97
200.46
196.06
195.26
194.48
192.99
190.07
190.66
193.89
194.22
195.78
198.92
199.55
199.26
200.20
201.78
201.38
203.54
198.20
195.05
199.02
198.84
200.32
202.39
199.89
199.77
196.33
195.51
194.37
192.10
188.52
187.34
191.37
195.62
198.18
201.34
200.52
203.74
206.05
203.64
203.65
202.90
204.30
201.02
200.54
203.40
202.63
150.94
102.35
203.47
200.31
199.61
196.44
191.98
187.79
189.19
193.82
196.60
190.02
222.67
230.28
216.80
216.98
216.45
215.72
212.31
209.13
203.34
201.81
201.99
201.72
201.19
200.40
200.61
195.20
185.21
182.51
178.83
176.43
180.43
183.24
193.39
200.92
201.34
203.06
203.28
204.00
206.84
205.89
203.62
203.74
202.56
202.27
202.00
201.48
201.49
196.65
188.20
187.72
184.77
182.65
182.38
181.58
145.58
142.34
142.79
154.89
157.93
159.79
159.51
161.91
165.13
163.18
166.61
165.71
164.20
163.21
163.59
164.10
164.09
163.92
155.17
147.29
145.03
145.01
143.22
140.76
140.78
145.22
149.94
200.43
204.71
181.69
207.72
215.10
213.92
213.50
211.34
209.60
209.61
209.62
206.04
206.36
207.54
195.90
195.48
192.51
189.60
188.05
145.51
141.29
140.78
143.06
145.80
159.84
161.13
165.93
167.39
164.53
167.42
169.01
166.81
165.05
164.90
163.49
161.24
161.76
161.63
163.78
160.78
145.53
143.60
143.81
141.07
138.92
139.03
141.16
150.60
183.05
185.07
188.56
191.75
204.10
206.74
205.51
206.01
205.17
202.97
200.84
198.25
194.87
187.08
187.94
186.90
184.08
183.49
183.80
180.84
179.40
179.66
183.33
182.43
194.99
200.79
207.29
207.70
208.40
208.22
208.92
208.22
207.77
205.14
204.74
204.85
200.26
199.61
194.87
187.46
187.06
185.54
183.78
181.14
177.89
176.80
178.06
181.51
188.17
205.04
205.69
205.89
205.82
204.60
205.89
204.31
202.41
201.44
201.01
200.81
201.56
200.58
200.13
198.78
196.86
197.26
196.15
194.46
193.99
180.45
182.21
192.57
195.57
199.71
201.88
197.91
200.95
200.07
200.02
203.53
204.07
202.73
201.85
201.23
201.18
201.25
201.16
199.09
199.89
196.34
180.79
180.05
179.96
179.03
182.74
193.85
195.47
194.17
159.71
161.24
165.51
167.52
167.80
167.94
167.79
164.88
162.99
164.61
164.75
163.54
163.90
161.95
160.28
159.72
153.21
143.13
141.91
142.46
159.96
161.65
163.48
158.64
166.19
168.23
173.96
168.84
103.01
101.07
99.62
96.22
95.55
93.75
95.62
95.01
93.48
92.60
90.19
88.52
88.71
88.78
87.51
86.59
90.87
92.11
94.73
94.12
96.98
98.51
95.50
99.35
98.65
99.94
98.86
97.75
96.23
94.79
96.42
96.31
94.94
93.17
91.06
89.00
89.85
88.07
88.34
87.08
91.29
90.58
91.36
92.73
92.03
90.81
92.89
91.20
91.27
91.53
91.74
91.51
90.11
91.04
90.35
92.58
93.35
90.67
87.93
89.40
89.25
89.38
88.60
88.22
91.02
90.99
91.24
92.61
49.82
91.83
92.83
92.97
93.42
92.37
91.19
90.71
92.36
92.01
93.51
94.99
93.34
94.70
94.99
94.15
93.28
92.33
91.83
91.44
91.75
92.85
92.68
93.38
93.16
93.15
93.83
93.66
93.58
89.43
87.74
88.04
87.66
88.44
88.25
88.60
90.62
89.00
88.04
87.30
86.97
86.50
86.79
86.66
88.59
89.99
90.87
91.25
90.74
92.84
93.18
92.53
93.59
93.93
94.06
93.53
93.74
92.85
93.20
92.15
90.67
91.10
88.96
87.96
88.11
88.08
88.23
87.51
88.39
87.36
88.52
88.13
89.71
90.06
92.74
94.79
94.85
93.96
94.86
93.42
92.50
92.75
94.34
93.10
92.44
92.11
88.95
89.32
88.54
90.41
88.09
89.06
90.69
91.88
92.10
92.96
94.46
95.81
97.23
97.72
98.23
96.71
95.94
96.14
95.85
95.23
94.58
93.24
94.87
92.09
89.96
91.83
89.57
88.57
88.26
88.88
91.48
90.48
91.63
93.99
95.22
95.93
94.33
96.58
95.90
96.88
95.94
94.31
93.56
93.81
94.47
94.83
94.01
92.99
90.18
91.52
89.78
88.81
86.89
88.52
90.19
90.71
90.75
93.04
93.93
91.38
92.97
96.01
95.27
94.22
95.58
94.45
92.69
92.86
92.87
93.33
94.85
91.89
90.26
91.37
89.55
89.72
87.97
88.56
91.94
92.29
93.74
95.20
95.85
96.91
97.81
98.41
98.10
97.27
97.18
97.15
96.02
95.63
94.59
94.21
92.81
90.84
89.25
89.48
89.35
88.72
87.05
88.02
92.27
93.85
91.83
94.96
95.99
103.42
104.59
104.24
104.90
98.73
95.37
95.40
93.57
92.81
92.15
90.96
88.92
88.06
88.47
87.93
88.70
87.99
88.56
88.88
92.92
94.68
95.84
96.44
95.25
97.59
97.84
97.91
97.74
99.10
96.17
96.44
97.21
96.34
94.86
93.30
93.25
92.09
90.62
90.59
91.48
89.37
89.74
88.41
88.66
88.62
88.94
88.86
90.52
91.54
95.14
96.40
98.06
97.82
96.49
95.88
97.68
99.69
101.47
98.12
96.29
92.44
89.69
89.32
89.48
87.58
86.44
87.64
91.77
92.83
93.53
95.67
95.48
93.50
98.32
98.17
99.32
97.16
96.25
95.45
96.41
94.56
95.37
94.95
94.85
91.88
91.07
90.28
89.23
87.87
87.07
88.64
89.18
95.13
95.29
96.07
136.57
114.89
132.11
137.91
137.89
136.07
135.88
134.32
134.26
134.89
134.51
133.35
133.35
132.22
128.90
128.82
128.58
126.35
125.76
126.81
129.57
132.21
134.37
134.78
133.65
141.01
143.25
143.19
139.67
140.11
139.73
138.43
138.19
138.43
136.29
133.30
133.01
132.18
130.91
130.54
131.07
129.38
127.60
129.94
122.33
113.20
149.70
165.77
239.27
252.18
249.85
229.21
237.02
237.25
236.08
232.30
230.88
231.24
228.33
225.35
222.96
219.85
214.07
211.92
210.69
208.18
206.31
208.62
216.55
222.25
229.07
231.12
231.84
237.04
241.44
242.67
241.78
234.85
231.32
228.19
228.21
226.55
225.33
222.24
213.94
213.06
209.07
207.77
207.14
207.37
207.00
207.35
213.09
219.09
222.06
223.74
230.81
230.77
229.92
229.83
226.44
223.36
222.28
221.81
224.02
222.65
218.95
214.23
214.29
210.32
209.36
209.79
210.08
208.43
207.10
206.51
206.81
207.67
211.50
217.55
221.01
224.59
229.60
227.30
228.19
227.19
227.30
228.91
229.56
231.31
230.15
227.45
222.57
216.09
212.89
212.32
211.82
210.67
206.22
207.28
213.28
215.97
215.60
218.57
223.16
218.74
220.78
222.66
224.30
221.94
217.55
212.07
211.51
211.99
214.23
210.37
211.80
211.23
206.89
207.02
204.82
202.81
201.36
200.25
205.59
182.76
144.20
198.80
212.67
216.03
220.69
222.80
223.35
222.40
221.71
220.17
218.44
217.60
212.30
213.75
214.13
209.88
208.63
207.45
206.94
203.97
201.44
198.29
203.24
206.08
209.43
211.94
219.35
221.74
221.31
221.92
222.17
221.11
219.94
218.26
216.70
216.47
214.00
210.32
207.68
206.27
185.22
194.35
186.13
187.39
181.77
182.30
201.50
194.95
211.01
203.40
215.74
223.06
216.97
225.11
228.10
228.65
227.82
226.00
206.80
207.89
205.82
197.84
185.69
198.19
191.30
187.86
183.40
186.04
177.91
179.41
183.73
193.69
212.17
210.38
207.00
225.59
226.12
227.32
225.85
220.76
218.57
213.69
204.68
204.70
190.03
193.07
192.15
192.52
182.81
181.61
180.55
178.87
180.82
181.30
191.96
194.69
207.87
219.32
226.04
226.99
227.71
226.19
226.69
223.50
224.13
223.29
219.58
217.99
211.34
201.06
205.41
191.98
180.77
182.44
186.46
184.85
179.53
179.26
183.92
202.08
187.30
208.02
202.37
211.17
208.56
211.05
210.37
202.46
211.71
208.70
202.33
214.75
205.17
193.42
207.76
186.83
180.65
176.92
175.25
172.37
170.55
172.51
178.08
181.95
183.08
191.55
201.01
212.75
198.74
216.03
213.76
212.29
216.78
203.54
213.04
190.64
206.77
189.29
205.33
191.47
182.95
185.96
194.17
177.39
167.24
180.65
190.22
192.79
188.80
194.76
204.19
210.53
199.55
208.14
207.48
205.30
198.83
206.23
206.94
199.60
187.65
190.33
192.23
201.64
188.81
184.26
184.47
181.12
180.96
187.31
192.96
200.59
187.14
205.94
200.07
205.11
212.28
216.44
205.65
210.60
203.13
200.14
205.07
191.41
199.89
194.85
188.01
200.60
186.13
179.59
179.09
179.58
180.27
191.04
181.37
195.80
198.47
214.66
211.69
218.60
217.16
227.05
224.36
225.84
222.53
214.92
199.97
198.70
198.62
206.02
202.25
211.14
187.75
182.49
193.13
181.29
147.63
186.16
198.18
118.02
213.00
217.78
226.56
224.55
226.01
233.71
234.19
231.23
226.99
214.38
215.02
215.95
212.18
212.71
211.61
206.68
205.37
205.49
197.88
207.56
195.85
194.21
207.25
197.99
211.86
206.47
223.16
220.62
222.55
227.72
226.98
229.54
221.21
210.56
215.20
220.59
210.73
220.40
206.26
211.95
198.60
214.22
196.48
196.03
203.80
196.44
206.16
202.73
204.83
206.81
214.03
213.17
223.19
214.36
217.75
219.75
219.22
213.40
210.72
216.23
210.99
219.59
203.56
219.30
198.29
197.42
197.47
197.12
208.33
194.21
195.59
216.18
203.59
216.05
219.05
220.55
225.62
231.52
223.34
227.49
229.00
229.76
230.43
219.06
220.04
214.18
210.88
220.06
202.24
213.30
214.06
197.70
197.49
214.25
212.76
215.96
231.49
239.23
236.91
235.25
237.54
239.58
241.40
239.62
237.13
238.18
238.76
237.87
234.60
230.61
225.58
223.59
224.31
223.87
211.47
196.81
200.61
218.14
226.43
222.62
234.59
234.77
237.28
236.82
238.63
242.02
241.34
239.93
238.98
238.17
237.48
237.06
237.51
235.36
235.66
232.57
230.67
227.79
222.11
206.98
196.96
220.11
225.26
222.13
227.23
236.58
233.71
235.43
238.31
241.31
238.31
235.29
233.90
234.17
233.19
232.15
219.31
224.42
210.67
219.96
210.76
205.27
201.27
194.71
192.32
195.02
203.61
194.11
199.81
220.37
212.01
212.74
221.10
221.48
220.56
218.37
202.83
210.02
206.75
204.37
203.80
204.61
201.98
198.53
203.38
180.15
178.98
178.25
176.55
179.19
196.19
202.92
211.10
205.81
203.83
206.66
207.19
211.87
219.49
204.99
205.87
208.88
202.03
200.92
190.15
179.21
211.94
202.89
199.25
197.65
196.28
195.57
196.21
195.46
201.98
205.08
201.33
202.02
208.30
207.78
212.01
218.53
226.42
223.16
209.99
213.82
210.63
225.09
213.37
203.39
223.02
212.01
205.85
195.84
194.94
180.61
180.81
183.91
181.75
183.45
196.05
211.45
200.55
195.18
200.31
199.89
203.72
217.96
202.50
206.28
201.92
195.47
197.07
189.75
182.80
179.85
179.90
178.21
176.54
176.73
176.18
176.97
187.37
197.12
215.66
201.17
202.45
201.92
213.68
225.45
226.37
220.92
215.88
222.35
215.45
203.23
215.48
206.78
201.00
207.96
207.57
195.01
189.03
180.37
176.97
176.64
184.74
203.97
204.74
197.78
211.80
185.66
190.46
200.97
206.54
220.71
211.18
200.49
197.96
196.75
186.81
194.50
207.10
203.45
202.36
196.00
185.75
183.11
181.20
180.30
182.78
185.93
198.25
200.86
201.64
202.26
203.78
204.52
203.69
203.52
202.98
202.82
201.73
202.65
204.39
203.66
203.23
200.16
196.75
181.75
181.43
179.70
178.64
179.45
197.10
200.95
203.38
206.14
212.03
215.70
214.44
216.53
216.49
211.64
208.30
203.80
201.56
201.44
201.87
200.51
198.23
199.14
199.54
197.98
185.90
182.11
183.58
193.44
200.54
202.24
205.73
207.35
211.97
212.08
211.90
213.41
214.54
207.84
204.30
204.20
204.41
203.68
169.11
164.08
180.50
201.59
200.28
198.65
197.41
195.72
194.68
193.92
193.26
195.97
195.89
196.65
196.31
197.20
204.21
206.28
207.48
209.20
209.60
206.22
208.06
208.63
208.35
210.23
208.24
205.39
201.53
202.48
201.51
200.05
197.34
195.99
196.94
196.16
195.52
195.42
196.56
197.23
199.07
198.64
200.05
198.64
199.91
199.30
199.38
200.45
202.19
201.16
199.87
199.49
192.94
181.26
179.72
178.44
177.43
179.05
195.96
199.45
202.56
203.16
203.99
204.96
206.72
207.16
206.76
206.59
211.56
208.01
205.24
205.03
206.19
206.15
205.55
204.53
202.75
198.66
185.81
184.10
182.32
191.51
200.32
215.45
217.39
205.65
199.64
238.28
237.25
235.30
235.83
233.98
232.70
233.56
232.40
230.96
226.44
226.70
232.03
227.80
227.13
226.40
224.01
221.50
219.40
218.45
221.64
222.69
228.65
234.81
228.46
236.39
233.60
235.58
234.03
234.78
230.63
232.18
232.29
233.17
230.65
224.45
225.22
224.09
221.08
220.26
220.50
218.62
217.41
217.02
221.92
225.66
233.59
235.41
236.13
237.49
240.88
240.72
240.37
234.87
230.77
230.48
232.05
232.11
229.21
220.62
219.67
218.92
218.40
217.79
217.11
216.62
215.95
215.88
221.22
223.03
226.65
231.27
234.51
235.08
235.63
235.20
236.92
235.31
234.18
234.57
233.74
231.85
228.93
224.37
223.56
223.69
223.11
222.13
221.06
220.88
219.94
218.79
218.06
218.68
221.18
228.81
229.22
231.14
234.83
234.19
235.59
235.59
235.13
236.13
236.68
236.99
235.16
234.76
230.18
226.13
223.78
223.33
221.29
219.61
217.84
218.49
222.24
230.32
231.32
232.54
234.95
236.72
231.69
241.16
240.13
236.51
236.78
240.60
238.61
237.09
235.88
232.44
230.54
229.23
226.47
225.62
223.19
220.83
218.33
219.37
223.54
228.41
235.10
234.07
233.83
236.23
238.50
240.44
240.50
236.52
235.94
237.51
232.52
234.90
234.74
233.59
230.43
228.43
227.94
225.93
223.83
220.79
219.46
219.27
224.95
235.26
236.08
238.73
239.33
239.35
242.19
244.52
244.71
242.57
243.70
245.50
241.46
239.80
238.28
236.73
232.11
228.30
224.83
224.00
222.29
219.99
217.93
219.31
225.09
238.60
239.40
241.81
238.36
240.89
244.39
243.69
243.10
242.48
243.56
244.09
241.19
242.79
239.90
237.63
236.29
231.15
224.76
223.83
223.39
220.60
220.07
221.04
229.95
234.08
235.02
236.32
238.28
240.66
244.62
245.30
244.65
247.43
244.56
244.30
240.13
236.97
235.16
233.85
230.77
226.99
224.72
224.68
224.57
222.34
222.38
221.39
223.98
228.47
233.53
236.61
236.08
238.50
237.47
241.48
240.45
234.79
233.45
235.37
236.00
234.12
232.89
229.66
229.27
227.44
228.34
225.58
225.05
222.81
222.62
220.60
218.37
223.77
228.06
234.12
234.24
239.49
244.02
245.02
244.94
244.62
243.68
245.32
244.08
239.60
236.53
235.35
231.53
225.54
225.44
225.99
224.59
222.52
221.66
225.38
232.92
237.61
241.66
241.33
247.63
244.62
241.20
240.97
238.08
241.87
241.97
247.98
246.73
243.32
243.30
242.11
241.43
237.21
233.07
232.59
232.65
230.27
125.84
77.22
80.92
82.32
84.05
208.98
248.58
251.81
251.42
239.52
242.64
246.91
248.78
248.88
247.91
245.19
240.20
236.14
236.65
237.54
230.65
227.89
225.33
221.82
221.69
225.75
238.52
239.06
242.58
244.68
246.50
247.55
241.21
240.86
242.45
239.70
243.78
250.50
246.20
241.04
240.44
239.84
238.48
235.46
230.63
228.69
227.89
225.24
226.83
228.95
237.60
239.74
241.54
243.38
246.28
250.37
242.64
240.10
243.12
242.08
248.28
249.66
247.00
246.44
241.78
237.87
235.35
232.01
227.36
226.65
222.92
219.23
217.02
219.68
232.87
236.66
238.41
239.26
241.82
246.04
245.68
253.07
251.41
240.85
243.10
239.03
233.91
235.41
235.63
233.98
231.54
223.35
223.25
223.17
222.47
222.22
221.30
221.24
226.21
229.12
239.12
239.88
241.41
244.96
244.82
243.59
244.28
238.22
239.92
240.36
236.80
233.26
233.58
232.81
226.65
225.72
224.29
223.72
223.71
223.23
222.37
221.80
223.39
225.83
232.72
233.59
234.95
237.45
244.30
244.13
245.16
244.61
246.49
245.44
244.12
243.26
241.10
239.03
236.92
223.22
225.31
224.23
223.71
223.27
222.89
201.72
167.18
173.09
176.70
177.17
178.88
181.02
182.67
183.57
183.05
180.69
179.61
180.33
177.84
178.08
176.11
173.89
176.88
171.93
166.60
167.37
166.00
162.85
161.03
163.69
171.63
173.29
173.95
175.43
183.20
245.21
245.09
248.95
252.14
246.83
242.80
244.68
242.08
239.69
237.30
236.50
234.51
228.15
223.56
223.97
222.27
219.88
218.07
219.90
227.77
233.39
234.14
235.00
238.03
241.82
243.57
245.64
249.07
246.25
247.76
246.13
238.21
238.78
237.40
237.59
234.45
226.39
222.41
219.83
217.12
216.06
215.90
219.24
229.89
234.57
235.68
236.89
237.54
241.12
243.49
245.68
244.16
249.36
248.52
248.79
241.97
237.87
239.04
244.13
240.12
231.78
227.10
226.66
226.59
221.71
219.60
220.56
229.72
236.63
236.24
237.34
240.55
245.19
245.52
248.45
249.22
240.78
239.30
241.95
238.10
235.42
234.18
232.31
231.35
227.32
225.62
224.75
225.05
224.25
221.98
222.30
225.92
230.59
235.97
235.30
236.29
238.14
241.61
241.44
241.68
237.23
236.55
234.58
235.18
234.14
233.14
231.23
229.65
223.33
221.22
221.20
220.03
218.98
219.27
217.69
218.68
222.73
227.22
227.52
229.33
233.16
240.67
241.34
243.04
243.18
243.27
241.90
241.85
237.61
235.24
234.13
229.59
225.57
224.01
222.50
221.70
219.48
218.34
218.43
224.39
235.01
239.25
238.51
238.95
241.73
243.64
245.32
242.94
241.78
242.80
244.84
237.18
239.03
236.02
236.67
238.39
229.62
227.47
225.24
221.91
221.11
220.40
220.15
229.61
235.05
234.40
236.79
219.44
181.37
247.26
254.60
252.43
249.24
248.83
249.77
242.11
243.35
240.89
238.84
236.44
228.40
225.96
225.85
224.12
221.66
221.50
223.47
231.58
229.64
211.15
239.66
243.36
199.56
232.02
249.10
247.66
245.74
248.30
250.11
244.66
240.79
242.64
238.98
239.73
233.70
227.24
224.28
223.11
221.44
219.71
222.92
230.86
234.06
233.63
236.79
242.43
245.87
249.59
253.44
254.57
255.41
254.99
254.93
249.54
244.92
243.19
240.70
240.96
235.66
230.25
226.73
224.35
221.57
220.63
223.94
182.32
235.87
238.45
241.71
249.69
253.76
257.61
259.13
253.61
252.84
249.93
248.69
246.69
244.35
242.90
239.70
237.00
236.34
234.31
227.84
227.72
226.50
226.36
226.44
233.03
241.38
245.00
246.09
248.55
251.33
256.85
258.48
256.52
252.28
252.99
249.98
243.44
244.26
245.45
245.26
243.75
238.27
237.67
235.65
234.84
234.11
228.87
227.90
231.75
232.49
237.26
239.77
240.50
246.13
255.70
256.14
255.02
255.55
256.01
254.38
252.84
245.73
247.85
245.21
246.96
243.93
240.60
239.53
237.49
231.94
231.65
232.92
237.31
240.90
246.51
248.95
252.82
251.57
252.60
258.32
257.84
194.64
189.00
188.69
185.94
182.94
180.11
178.62
175.26
171.86
169.75
166.11
164.74
162.51
161.67
166.58
172.26
175.55
179.45
182.63
183.10
186.98
189.45
190.86
189.58
185.69
184.36
185.97
184.50
179.26
176.89
177.56
176.38
171.00
169.05
164.88
163.67
162.89
161.60
165.79
172.35
174.34
177.13
180.34
182.55
183.36
184.45
189.99
189.29
187.37
186.31
182.95
180.55
177.94
175.79
175.28
174.06
168.74
162.78
162.79
161.91
159.78
159.79
162.57
164.90
171.89
173.78
175.47
178.06
178.63
180.54
180.50
179.12
178.26
178.52
178.63
180.49
177.13
174.51
173.03
170.29
165.19
164.88
164.29
162.67
161.29
160.89
163.78
169.85
170.91
173.54
178.74
180.85
183.69
186.52
194.42
192.19
181.95
178.81
179.28
177.09
175.32
173.18
171.96
172.53
171.71
171.27
166.00
164.79
164.24
163.54
166.33
170.77
173.98
174.24
178.96
179.05
182.10
183.85
184.74
184.23
177.29
176.46
178.82
178.05
176.27
173.99
172.07
170.78
169.81
170.65
166.01
164.99
164.31
164.39
163.35
166.17
168.30
170.77
172.30
174.87
179.40
183.75
183.61
182.50
185.78
186.48
183.23
182.62
177.31
176.20
174.67
169.39
170.69
168.70
168.58
165.54
162.46
159.59
161.31
166.87
169.17
171.37
175.89
180.50
181.27
181.86
182.69
182.30
181.05
180.81
181.77
177.65
178.60
174.70
173.64
172.80
163.97
160.84
160.65
159.24
157.20
155.49
159.33
165.74
170.62
170.96
174.67
198.69
216.69
249.13
250.65
248.08
244.07
248.07
251.91
240.10
238.37
242.27
240.14
238.44
236.15
230.65
226.79
226.51
225.37
224.97
226.57
232.65
235.14
239.75
227.94
228.80
253.21
249.16
257.37
257.80
255.62
255.52
255.55
253.00
246.11
242.39
244.63
238.93
230.37
234.01
236.55
233.82
233.19
233.72
235.63
239.71
240.28
245.70
247.08
248.73
257.15
256.34
254.85
257.69
256.82
255.01
253.24
250.86
252.14
248.52
246.35
249.16
245.45
243.60
242.14
240.52
237.66
237.25
241.56
247.01
247.95
251.27
257.01
257.91
258.31
258.52
261.19
261.94
256.15
253.33
249.05
247.21
247.63
243.56
242.26
241.89
244.93
243.07
236.99
236.56
235.79
233.08
228.77
89.25
96.96
96.25
99.11
98.95
79.88
90.35
90.06
89.12
80.87
11.29
9.68
9.98
9.33
10.49
10.20
10.07
9.99
10.23
10.13
10.23
10.60
10.31
9.51
8.72
8.74
8.35
8.27
10.44
15.09
21.18
19.39
20.91
21.96
17.97
17.92
15.80
16.91
17.81
18.51
16.73
10.92
10.25
10.04
10.12
10.55
10.51
14.07
56.74
87.44
88.68
89.83
91.11
91.08
92.92
94.27
93.27
90.33
89.46
90.35
89.42
88.90
87.32
87.13
85.67
85.31
84.06
83.66
82.43
81.09
79.90
83.90
87.58
88.41
89.89
90.93
93.35
93.11
90.84
96.72
92.59
91.98
90.27
89.52
89.70
88.69
87.56
87.35
85.91
81.27
79.72
78.72
76.97
78.00
78.52
82.13
137.11
262.62
264.93
264.57
269.39
271.06
273.33
274.90
276.18
272.56
269.60
268.39
265.25
265.81
261.79
258.72
257.06
250.51
248.43
246.44
244.66
243.62
241.86
243.20
123.01
248.13
251.38
254.45
256.56
263.62
265.33
265.35
269.16
262.05
260.56
260.27
256.28
254.56
248.64
251.94
251.09
244.92
240.58
239.01
236.73
233.80
234.28
236.70
242.41
247.34
190.20
185.83
186.41
192.00
194.60
211.74
233.44
261.06
255.43
252.84
246.65
244.65
244.39
242.44
238.33
236.70
235.71
226.91
225.97
225.01
223.98
225.80
234.66
239.03
241.29
244.96
248.32
251.41
258.22
262.76
261.46
252.22
251.03
251.46
246.28
245.06
242.69
236.29
238.50
238.47
237.94
236.13
234.98
230.23
228.23
228.12
230.59
232.43
236.14
239.40
246.33
252.74
259.57
259.57
260.64
261.53
259.76
260.22
254.85
251.34
249.03
247.05
246.69
243.34
240.10
239.44
236.82
233.36
230.47
235.75
239.34
228.60
219.56
229.57
244.49
199.61
258.37
257.92
255.08
250.88
248.82
250.46
242.99
236.52
240.54
242.86
243.30
238.04
236.46
233.78
228.66
231.38
231.17
232.58
236.12
237.53
240.02
248.54
252.33
253.47
253.86
257.93
257.58
251.96
250.07
253.03
253.31
252.63
249.11
248.69
248.02
242.23
234.00
235.36
234.56
232.24
231.26
228.67
231.85
232.89
238.86
231.61
243.16
256.10
254.52
257.80
255.72
253.73
253.14
252.34
248.87
248.59
249.09
246.57
246.07
240.07
235.96
236.44
236.11
234.43
233.15
235.92
238.03
240.04
244.61
253.68
252.18
252.39
254.94
258.57
259.10
254.46
256.35
256.30
255.06
254.82
252.84
249.20
247.79
245.34
242.57
240.56
238.20
236.62
235.41
237.83
240.10
243.37
247.47
252.17
253.47
249.68
260.27
268.90
267.50
259.32
254.71
255.29
252.05
248.33
248.52
244.61
245.78
243.01
239.97
237.64
237.27
236.82
235.54
236.13
240.25
248.02
247.30
254.72
256.73
261.76
253.87
251.70
252.32
251.14
259.97
263.02
258.73
253.30
249.11
248.39
245.03
244.58
241.07
240.67
239.85
238.18
238.59
236.28
235.68
236.37
238.15
242.93
244.75
250.66
259.39
262.10
265.20
266.11
265.95
265.74
259.86
256.81
252.50
250.08
249.31
243.87
238.63
238.57
237.35
234.99
232.95
235.85
241.99
243.60
244.17
252.02
252.08
254.15
185.51
87.54
90.79
87.44
86.61
86.88
86.00
83.37
84.66
83.80
83.53
79.40
78.28
78.80
77.96
76.60
76.22
79.95
83.66
86.12
87.16
87.49
88.73
88.66
88.85
88.75
87.70
84.70
81.62
83.09
81.79
81.87
80.92
80.50
80.35
75.62
73.49
72.99
72.84
73.08
74.18
74.45
79.51
79.64
80.46
79.73
81.99
84.21
84.79
84.81
86.90
83.45
83.24
82.97
80.30
80.71
81.55
81.70
80.66
74.06
73.38
73.64
73.19
72.72
72.70
76.74
80.94
82.14
84.42
84.11
85.56
87.19
87.82
89.04
87.64
84.77
75.79
85.22
83.88
83.55
83.11
83.45
84.37
83.42
81.65
82.00
81.98
80.32
78.26
82.33
84.66
82.50
85.70
86.57
88.12
89.14
201.54
280.98
278.51
276.65
272.94
272.98
271.55
266.40
260.54
252.65
251.52
249.94
247.41
245.75
244.71
242.90
243.30
244.81
245.80
250.60
254.28
259.93
266.09
267.59
269.36
272.27
275.50
265.78
265.18
259.85
256.09
243.78
235.89
237.46
240.12
239.96
241.53
241.89
233.60
235.83
235.14
235.34
234.79
236.98
239.19
242.39
243.99
258.71
265.49
265.04
263.72
266.92
265.56
264.50
262.85
258.57
253.25
254.45
252.78
243.42
243.11
239.58
231.94
235.53
232.74
235.25
237.55
236.31
256.86
256.37
271.80
273.90
256.09
261.95
259.98
261.96
264.64
259.63
255.74
249.62
244.89
245.81
247.56
242.90
238.21
239.19
238.58
236.03
234.23
235.42
242.05
247.57
261.32
236.95
268.47
271.31
272.64
279.11
277.29
272.27
272.91
272.95
274.08
269.93
261.19
262.34
260.48
256.76
252.36
252.59
251.81
249.39
247.55
249.22
252.69
255.69
268.95
271.59
273.84
277.25
279.19
284.21
284.15
281.04
269.95
266.90
260.26
255.14
258.65
260.58
259.60
259.45
256.59
254.81
253.72
249.69
246.96
248.82
251.25
249.46
263.87
271.43
276.63
275.09
280.94
280.61
281.55
278.26
277.35
275.20
275.58
276.21
266.59
262.83
260.51
258.01
254.79
254.04
253.94
249.92
249.16
252.81
252.01
262.23
259.81
256.49
266.09
271.35
267.64
275.25
275.90
269.58
262.00
258.42
253.88
253.61
254.86
253.51
253.05
251.22
251.06
250.33
249.92
248.28
248.40
247.88
248.01
250.16
260.97
265.30
266.79
274.13
272.32
272.37
277.34
255.05
254.89
251.80
250.89
250.75
251.18
250.28
251.00
249.19
245.13
243.06
242.56
243.17
246.25
242.54
241.96
242.97
243.74
249.63
257.85
264.71
274.57
273.87
272.34
272.97
273.51
275.59
273.52
265.63
266.01
261.23
260.80
254.98
251.92
251.32
249.59
243.98
245.77
246.11
249.39
253.05
263.43
269.76
273.08
275.91
275.29
277.07
274.52
272.03
273.08
275.29
273.96
267.57
255.45
256.47
256.28
257.22
252.02
244.36
243.73
243.01
244.99
245.60
247.98
251.63
263.58
269.93
276.33
279.96
279.38
284.46
284.94
279.74
279.59
276.93
274.80
266.42
261.18
258.00
256.80
251.12
249.31
246.50
240.50
239.32
240.49
242.78
247.95
254.05
266.00
270.04
275.42
277.30
275.22
278.11
273.73
270.34
274.64
282.95
276.50
270.77
262.41
259.27
256.06
250.86
249.97
249.82
249.94
243.68
245.42
244.72
250.48
266.23
266.01
279.23
269.50
275.57
271.52
272.46
266.18
270.38
272.24
284.17
276.07
265.99
254.22
253.14
251.87
250.51
248.87
241.35
240.68
239.81
242.09
241.98
248.74
258.25
266.40
269.26
271.91
274.49
275.36
277.83
279.44
281.18
275.17
276.74
274.54
266.98
266.63
261.09
258.18
254.74
254.20
252.83
252.41
247.61
245.97
246.14
248.20
250.04
263.98
266.72
271.90
275.51
275.99
275.91
277.13
271.23
272.66
271.83
271.41
267.98
258.63
254.86
253.10
250.35
250.31
249.57
248.44
247.71
245.18
238.65
239.98
242.67
252.64
257.52
260.53
263.65
272.76
274.28
274.03
273.65
274.35
267.81
260.91
258.89
256.11
254.24
254.34
249.52
243.82
240.24
239.12
240.71
236.04
239.92
245.80
249.72
258.32
268.57
271.50
273.29
273.99
280.20
274.85
271.78
274.28
276.92
274.62
260.17
256.27
255.49
252.43
254.16
250.92
251.70
250.62
241.00
239.42
242.06
245.54
249.58
262.76
270.30
273.92
268.77
270.98
272.31
266.32
265.11
271.31
280.80
279.35
276.69
267.73
256.27
256.20
250.63
250.28
248.17
243.21
244.53
242.70
243.39
249.60
266.44
271.34
278.18
271.07
272.78
267.03
269.37
268.85
267.81
268.51
278.84
277.20
268.84
259.52
259.22
254.19
250.58
250.92
251.41
249.60
246.95
196.15
247.16
249.31
258.81
272.75
273.53
272.63
276.78
275.68
269.44
270.96
277.83
277.18
276.25
274.53
270.38
265.44
258.14
258.09
253.31
252.07
251.03
251.30
250.02
202.90
0.00
0.00
0.00
0.00
0.00
0.00
0.00
0.00
0.00
0.00
0.00
0.00
0.00
0.00
0.00
0.00
0.00
0.00
0.00
0.00
0.00
0.00
0.00
0.00
0.00
0.00
0.00
0.00
0.00
0.00
0.00
0.00
0.00
0.00
0.00
0.00
0.00
0.00
0.00
0.00
0.00
0.00
0.00
0.00
0.00
0.00
0.00
0.00
0.00
0.00
0.00
0.00
0.00
0.00
0.00
0.00
0.00
0.00
0.00
0.00
0.00
0.00
0.00
0.00
0.00
0.00
0.00
0.00
0.00
0.00
0.00
0.00
0.00
0.00
0.00
0.00
0.00
0.00
0.00
0.00
0.00
0.00
0.00
0.00
0.00
0.00
0.00
0.00
0.00
0.00
0.00
0.00
0.00
0.00
0.00
0.00
0.00
0.00
0.00
0.00
0.00
0.00
0.00
0.00
0.00
0.00
0.00
0.00
0.00
0.00
0.00
0.00
0.00
0.00
0.00
0.00
0.00
0.00
0.00
0.00
0.00
0.00
0.00
0.00
0.00
0.00
0.00
0.00
0.00
0.00
0.00
0.00
0.00
0.00
0.00
0.00
0.00
0.00
0.00
0.00
0.00
0.00
0.00
0.00
0.00
0.00
0.00
0.00
0.00
0.00
0.00
0.00
0.00
0.00
0.00
0.00
0.00
0.00
0.00
0.00
0.00
0.00
0.00
0.00
0.00
0.00
0.00
0.00
0.00
0.00
0.00
0.00
0.00
0.00
0.00
0.00
0.00
0.00
0.00
0.00
0.00
0.00
0.00
0.00
0.00
0.00
0.00
0.00
0.00
0.00
0.00
0.00
0.00
0.00
0.00
0.00
0.00
0.00
0.00
0.00
0.00
0.00
0.00
0.00
0.00
0.00
0.00
0.00
0.00
0.00
0.00
0.00
0.00
0.00
0.00
0.00
0.00
0.00
0.00
0.00
0.00
0.00
0.00
0.00
0.00
0.00
0.00
0.00
0.00
0.00
0.00
0.00
0.00
0.00
0.00
0.00
0.00
0.00
0.00
0.00
0.00
0.00
0.00
0.00
0.00
0.00
0.00
0.00
0.00
0.00
0.00
0.00
0.00
0.00
0.00
0.00
0.00
0.00
0.00
0.00
0.00
0.00
0.00
0.00
0.00
0.00
0.00
0.00
0.00
0.00
0.00
0.00
0.00
0.00
0.00
0.00
0.00
0.00
0.00
0.00
0.00
0.00
0.00
0.00
0.00
0.00
0.00
0.00
0.00
0.00
0.00
0.00
0.00
0.00
0.00
0.00
0.00
0.00
0.00
0.00
0.00
0.00
0.00
0.00
0.00
0.00
0.00
0.00
0.00
0.00
0.00
0.00
0.00
0.00
0.00
0.00
0.00
0.00
0.00
0.00
0.00
0.00
0.00
0.00
0.00
0.00
0.00
0.00
0.00
0.00
0.00
0.00
0.00
0.00
0.00
0.00
0.00
0.00
0.00
0.00
0.00
0.00
0.00
0.00
0.00
0.00
0.00
0.00
0.00
0.00
0.00
0.00
0.00
0.00
0.00
0.00
0.00
0.00
0.00
0.00
0.00
0.00
0.00
0.00
0.00
0.00
0.00
0.00
0.00
0.00
0.00
0.00
0.00
0.00
0.00
0.00
0.00
0.00
0.00
0.00
0.00
0.00
0.00
0.00
0.00
0.00
0.00
0.00
0.00
0.00
0.00
0.00
0.00
0.00
0.00
0.00
0.00
0.00
0.00
0.00
0.00
0.00
0.00
0.00
0.00
0.00
0.00
0.00
0.00
0.00
0.00
0.00
0.00
0.00
0.00
100.46
273.69
273.21
271.02
264.40
257.11
255.66
258.73
256.49
257.02
256.16
251.54
250.00
250.05
249.53
248.08
246.53
247.36
251.45
253.04
251.62
252.82
256.17
267.50
271.29
272.59
274.06
267.15
259.15
256.85
254.31
256.46
257.02
255.26
255.07
250.08
248.64
249.21
249.31
247.17
244.09
244.22
247.45
247.48
250.60
250.07
252.30
263.54
268.67
267.51
268.65
265.08
263.18
261.26
257.06
253.32
256.97
256.23
254.22
248.62
239.26
238.45
238.69
236.15
234.76
236.43
244.32
245.95
249.25
252.91
263.39
272.36
276.96
277.98
276.26
273.76
268.17
257.56
253.62
254.58
252.84
251.11
246.08
246.41
242.43
237.04
235.95
234.31
231.57
234.25
245.25
251.18
253.80
261.92
268.06
271.04
278.03
277.16
276.98
272.39
269.19
270.34
259.07
254.69
253.25
251.76
253.39
254.04
250.90
251.12
250.77
249.13
248.01
247.93
249.73
252.40
254.00
254.23
266.95
269.08
275.64
274.25
261.59
250.74
245.33
243.91
248.85
249.80
248.21
249.75
248.54
246.66
242.50
242.55
241.13
243.12
246.33
242.79
242.18
241.43
240.40
242.77
244.63
249.25
257.81
259.20
266.48
264.28
258.39
257.75
258.69
257.83
253.38
254.59
253.15
250.83
243.51
242.58
242.27
242.25
242.66
245.38
247.62
249.36
251.16
259.75
263.49
270.46
261.01
264.35
257.38
251.85
248.76
251.50
251.98
253.32
252.11
249.26
246.38
239.54
239.55
240.30
239.35
237.03
235.06
237.35
241.62
239.76
248.45
251.30
253.25
257.50
270.88
273.26
272.45
262.11
263.19
261.92
258.30
258.02
254.01
253.28
251.74
241.56
241.94
241.76
239.45
237.25
235.09
238.86
245.78
248.91
250.45
261.46
269.81
272.78
273.77
276.53
274.07
273.10
269.33
262.50
252.52
254.45
253.68
253.08
251.49
245.86
243.12
242.72
240.92
238.07
235.13
235.66
243.61
247.19
250.76
260.15
266.55
267.07
273.59
277.34
274.46
269.91
263.74
253.94
249.46
250.78
250.75
249.85
246.36
241.93
238.78
237.41
236.11
234.44
232.42
233.74
238.31
247.21
246.65
248.96
250.53
253.64
249.92
261.16
255.61
250.54
246.83
248.12
248.41
248.24
245.36
239.67
238.55
237.65
236.97
237.41
238.19
236.39
235.92
235.78
237.07
239.48
245.60
250.69
251.24
249.04
247.94
248.18
253.30
251.84
252.56
252.85
249.70
248.62
244.64
237.56
236.83
238.23
235.96
238.49
238.31
237.97
236.86
233.48
231.66
234.49
238.49
242.59
244.34
246.20
251.98
262.17
253.71
254.13
255.51
255.92
253.41
252.04
250.36
250.69
246.40
250.11
240.83
243.19
236.05
234.26
236.06
239.45
241.29
243.27
245.62
247.72
251.00
253.41
254.93
247.32
249.13
250.36
250.34
249.58
246.60
247.04
243.38
240.86
238.42
237.27
236.00
235.41
234.73
232.55
232.56
233.42
235.97
236.25
236.01
238.25
246.14
245.05
245.58
248.23
248.83
246.92
246.25
245.67
243.70
243.18
239.97
238.01
239.63
238.84
238.94
239.07
237.88
235.67
233.48
233.94
236.30
237.90
241.87
245.51
244.39
245.04
249.10
249.29
248.68
248.41
246.69
245.59
246.05
247.60
246.14
242.13
239.02
238.93
237.81
237.23
236.61
233.77
232.31
233.55
238.45
243.93
234.42
240.67
246.15
236.24
245.42
252.97
254.03
247.42
244.62
243.64
243.02
243.33
242.86
237.52
238.59
237.80
237.51
237.57
236.34
234.44
233.23
234.11
236.68
240.40
242.75
242.44
232.47
232.85
245.95
250.19
250.94
247.21
244.85
247.50
246.15
246.72
246.08
244.49
235.45
235.11
234.14
234.23
234.13
233.71
233.17
231.94
233.69
237.83
247.81
248.41
249.17
249.09
248.88
249.15
252.38
249.51
250.26
250.64
251.36
249.61
245.73
240.78
240.69
241.34
240.76
240.16
238.93
236.23
237.20
235.98
234.11
235.65
242.48
243.98
243.20
244.43
248.19
251.46
250.56
249.46
249.54
250.81
249.57
247.94
246.57
240.27
239.65
239.77
239.38
239.49
237.68
234.75
235.07
236.09
195.37
237.78
243.21
245.39
246.22
247.86
247.28
247.31
248.61
249.27
249.59
253.95
251.14
249.01
248.23
240.66
238.37
229.91
226.74
223.64
222.54
221.33
216.29
218.95
230.13
231.36
237.88
242.29
245.03
248.11
246.68
247.61
248.33
246.99
246.98
245.10
245.34
240.55
239.89
231.47
233.80
225.60
224.81
226.94
225.31
222.58
220.90
222.82
226.59
234.61
241.45
244.82
244.89
247.36
247.16
249.19
249.13
246.69
247.99
249.34
247.42
244.86
238.89
234.68
234.79
226.95
232.14
227.58
224.42
219.80
214.79
222.69
231.76
235.14
242.01
246.71
247.95
249.83
247.70
252.47
252.76
251.37
248.88
249.46
251.03
249.48
246.29
241.63
236.16
236.10
231.85
232.08
230.60
227.95
227.66
218.79
230.57
238.46
243.79
247.94
250.14
255.68
254.70
255.68
255.22
252.43
244.77
245.65
243.41
240.90
238.09
230.86
229.71
230.66
228.94
228.91
215.11
226.02
213.16
222.06
218.47
226.49
221.75
237.43
241.95
239.81
241.09
244.13
243.21
241.01
241.77
240.70
234.62
235.22
230.36
226.86
226.51
219.13
224.63
221.18
211.61
220.33
211.04
216.35
216.57
215.21
221.92
229.27
239.94
240.24
241.52
244.23
243.89
247.09
242.73
243.49
240.96
226.11
222.60
221.43
226.37
220.87
216.26
211.26
210.10
208.79
208.88
211.27
214.18
226.77
230.38
237.24
237.45
245.34
249.81
252.93
249.70
249.45
243.96
249.18
247.59
242.70
239.15
229.61
231.34
229.15
228.65
225.60
223.04
220.93
219.89
217.92
226.00
223.11
230.59
242.28
241.79
246.70
247.15
250.37
249.07
245.04
242.91
243.45
241.49
236.96
227.12
222.95
226.23
224.48
215.51
220.55
213.94
212.68
210.44
212.73
217.38
226.71
227.77
241.80
239.26
240.38
241.70
241.58
247.51
245.15
241.60
242.05
240.25
241.90
230.08
228.94
228.28
216.85
208.13
213.05
213.92
207.29
201.25
201.35
213.66
223.20
227.46
231.11
231.67
232.99
236.81
235.01
235.52
235.68
235.46
234.81
202.89
196.26
198.30
206.43
195.47
195.08
191.86
190.19
178.68
169.65
170.32
174.41
182.27
192.77
202.91
197.78
213.31
216.39
223.30
221.55
223.03
214.40
215.55
225.97
221.27
217.49
217.20
213.38
210.53
209.00
210.80
202.19
206.57
205.86
200.58
204.36
206.23
213.90
216.51
223.83
226.89
236.98
237.61
239.80
243.69
236.44
237.82
239.41
229.23
225.62
226.15
222.03
217.30
212.36
203.58
209.42
203.83
207.30
201.35
199.79
203.62
211.89
214.58
222.94
222.63
236.12
238.60
237.69
241.53
240.39
238.91
239.57
232.73
231.21
226.88
225.15
223.98
227.24
205.38
219.17
213.76
201.56
209.29
199.90
211.20
180.99
205.23
235.01
237.82
239.28
241.23
244.67
244.40
238.46
239.47
237.03
234.44
234.08
227.27
224.47
238.90
234.10
232.00
221.89
222.69
222.55
219.40
215.26
217.95
224.74
228.29
223.30
184.87
248.00
245.26
244.50
241.92
241.95
239.06
237.40
231.87
232.99
229.22
232.58
220.49
228.04
213.79
216.14
209.87
212.20
210.48
207.47
216.63
216.66
227.77
233.67
239.80
247.17
249.65
251.47
250.62
247.57
244.25
242.76
240.21
238.01
224.15
224.74
234.64
233.81
222.97
229.22
224.91
219.72
215.42
221.34
222.51
233.14
238.68
246.21
248.91
245.68
249.97
254.31
252.80
249.46
248.97
252.10
248.59
247.66
244.15
236.34
233.32
221.41
232.07
218.40
223.32
215.27
214.94
213.88
216.57
220.41
227.50
230.09
233.18
236.32
234.82
236.22
234.90
235.49
233.77
222.52
227.41
215.79
218.93
213.90
208.61
215.25
204.61
211.52
202.24
203.97
199.75
197.86
203.47
220.46
217.06
219.33
223.38
231.45
224.60
232.70
230.48
216.70
213.96
201.76
202.03
198.44
192.54
169.36
178.45
179.80
179.00
178.89
178.96
173.30
172.56
173.84
170.86
178.31
186.28
194.03
195.41
197.06
202.73
197.94
191.49
227.39
226.66
219.61
220.05
216.83
200.61
169.41
183.78
182.41
176.00
179.54
177.31
175.83
175.17
174.89
180.34
182.04
189.49
182.30
182.58
184.56
207.03
181.71
219.91
227.10
227.58
213.64
225.06
204.83
207.47
207.79
200.74
190.44
179.42
178.03
181.85
176.44
173.76
177.32
182.17
182.11
195.38
193.95
218.60
238.43
219.68
227.42
236.83
218.14
217.96
236.72
211.54
233.30
232.97
213.41
207.79
220.18
204.79
198.47
181.43
179.24
179.82
181.99
185.12
185.76
197.11
202.56
226.78
237.34
237.21
236.63
235.24
229.48
227.01
231.02
218.89
228.26
221.53
212.18
213.64
228.78
209.73
199.98
201.51
207.04
194.39
183.71
191.76
180.19
161.23
160.28
185.95
203.73
214.56
210.89
211.17
203.68
199.53
198.59
182.46
160.80
172.19
194.57
196.75
192.55
180.42
176.20
176.78
171.61
171.05
170.61
175.31
175.70
179.75
181.78
191.89
205.53
203.86
196.25
222.94
197.96
181.52
176.78
193.65
193.20
188.81
179.79
177.28
175.11
174.81
176.91
173.88
173.49
172.07
169.39
175.56
182.28
188.80
189.70
188.29
212.64
207.39
199.78
188.67
206.27
221.77
209.16
217.28
194.47
165.23
163.55
177.99
172.69
175.57
175.08
176.01
173.56
175.53
172.74
174.68
183.16
185.91
209.55
205.83
215.30
219.32
234.42
236.89
235.65
234.01
225.77
235.00
224.37
225.97
194.41
195.28
234.27
215.84
208.81
208.80
190.85
180.54
177.26
182.85
186.62
175.90
181.18
164.29
171.74
180.51
203.63
204.04
199.57
194.94
190.41
181.15
180.37
178.31
172.49
174.96
172.41
168.49
169.00
145.41
129.92
136.65
161.80
170.59
171.67
170.43
173.45
173.16
175.64
158.69
164.67
187.67
199.52
196.98
202.54
174.12
165.76
179.87
183.04
178.56
176.29
181.39
178.26
175.88
170.74
167.28
157.55
141.91
164.70
166.44
168.40
177.94
175.34
179.00
179.21
183.24
177.96
176.45
184.76
180.73
179.76
184.80
187.46
202.34
145.47
140.85
161.04
157.11
127.23
113.34
114.39
151.70
171.10
177.22
177.44
178.89
181.90
184.85
185.38
187.20
186.11
181.98
181.08
175.09
172.70
170.91
171.28
167.70
136.39
134.01
159.68
165.82
162.18
129.11
117.40
153.51
173.62
168.06
170.71
183.31
176.76
184.06
186.70
185.54
190.15
191.61
180.20
177.43
173.87
173.58
176.07
172.78
171.77
171.69
164.88
136.00
135.10
167.44
169.94
175.35
177.09
179.96
153.44
173.15
196.94
203.80
215.85
192.81
185.15
172.52
204.96
200.80
199.35
171.06
182.88
181.82
181.13
182.12
182.51
181.28
181.60
178.85
176.76
181.29
179.39
185.36
184.29
195.36
204.34
212.64
219.50
208.80
193.01
191.66
231.77
217.80
217.40
217.68
195.03
203.37
198.79
195.04
190.30
183.73
178.76
173.01
174.59
174.44
182.89
196.55
201.10
205.44
214.80
240.97
235.97
254.26
254.07
252.75
248.39
245.68
243.88
235.64
236.80
244.07
221.28
223.85
220.38
224.26
217.26
202.70
209.41
206.14
212.80
237.05
232.06
240.29
238.78
253.30
252.28
248.55
245.16
249.10
242.62
238.13
234.99
236.31
239.96
228.89
240.03
227.33
229.54
228.70
226.88
225.33
222.14
222.43
195.00
167.92
168.61
168.14
183.24
251.92
252.49
250.68
248.24
245.90
245.50
240.73
242.15
245.31
232.88
222.71
238.82
227.26
223.99
219.58
224.48
213.45
214.44
214.39
218.98
225.89
234.76
242.03
239.95
249.57
245.44
245.89
249.03
236.44
238.72
235.71
226.66
221.38
224.69
228.25
228.81
225.15
221.70
227.35
225.74
219.95
216.89
222.34
234.30
229.79
235.32
246.61
246.15
254.21
252.20
251.42
248.08
238.36
238.74
233.19
230.80
232.16
230.44
227.07
225.68
224.69
223.27
220.90
222.08
217.06
216.10
221.25
231.19
238.88
237.57
241.94
245.54
248.92
248.26
252.95
250.93
248.97
237.98
238.27
238.03
238.06
238.00
233.86
228.74
227.10
227.97
228.61
226.82
225.04
221.22
221.15
227.40
228.85
233.89
239.43
243.98
245.98
245.57
248.61
250.66
247.96
248.32
239.24
243.84
237.11
241.41
240.86
228.26
222.38
223.05
228.58
219.52
224.02
213.72
214.70
219.90
223.36
231.22
234.86
239.50
242.83
245.73
246.18
238.93
238.86
242.78
232.82
232.78
227.37
236.60
224.80
230.70
220.26
227.94
221.18
228.32
214.91
221.84
226.35
229.17
234.04
234.27
234.48
245.85
243.43
247.44
245.36
242.91
238.24
237.43
236.48
240.80
224.72
236.30
228.10
222.65
224.18
225.18
215.22
203.14
200.37
204.01
210.35
213.72
211.41
184.25
235.89
232.97
243.69
243.10
235.69
233.18
229.40
227.05
226.18
222.11
227.73
236.77
220.40
214.30
213.05
205.76
196.12
195.26
192.01
192.20
197.20
212.51
205.49
224.57
237.13
236.21
241.73
243.73
243.61
238.33
232.92
231.13
225.22
228.16
228.72
227.94
222.14
218.33
223.49
222.07
217.58
219.95
211.66
220.42
217.23
223.92
224.91
235.03
236.26
237.80
240.09
240.25
239.63
233.69
227.55
226.12
224.61
220.45
220.00
214.76
217.20
214.06
216.07
216.88
212.90
199.32
199.41
199.49
197.70
200.61
216.37
210.01
226.18
235.45
231.73
239.34
238.02
226.49
220.32
222.03
218.49
221.18
213.74
219.78
209.70
199.14
198.24
197.80
200.61
197.01
196.78
194.76
194.40
194.86
195.27
206.61
223.97
227.76
229.61
240.20
238.91
240.80
237.63
237.95
233.79
218.52
217.78
230.10
200.93
187.32
214.73
212.35
196.49
193.47
190.30
191.46
196.85
199.92
211.58
227.31
221.39
236.51
228.02
238.84
245.55
238.31
233.63
228.48
226.40
225.98
230.21
215.85
214.18
202.81
184.18
191.20
191.04
187.64
188.09
188.39
195.26
195.42
203.77
205.86
210.69
225.49
230.88
225.55
219.48
210.62
209.01
234.39
226.38
228.16
236.77
225.09
223.04
212.91
207.53
206.51
205.32
205.05
203.88
203.54
207.32
218.47
225.11
230.09
234.39
236.32
237.83
235.19
230.25
235.19
231.67
234.69
225.01
214.30
210.52
212.27
217.74
204.65
195.69
197.25
198.02
194.35
192.36
191.43
194.34
204.48
212.83
214.36
208.99
211.56
206.34
203.55
200.65
187.00
174.82
175.53
178.30
179.44
177.90
180.64
181.98
180.78
178.39
181.15
177.89
176.51
173.45
177.04
191.82
196.74
94.65
75.81
144.71
151.84
159.19
158.33
178.69
216.38
221.00
214.87
218.44
203.72
202.71
201.39
204.20
199.05
199.01
198.89
199.12
194.33
197.38
196.86
201.37
205.47
218.37
218.42
234.17
231.82
225.59
224.41
223.36
218.00
214.64
212.46
206.88
199.80
201.75
198.36
199.40
199.98
198.82
199.01
197.65
196.74
196.60
194.31
195.17
195.49
196.91
207.15
213.07
220.01
226.74
231.26
226.04
234.75
219.75
221.69
213.31
201.35
203.59
202.82
203.29
199.23
199.16
198.23
197.94
196.07
194.36
194.99
200.42
218.49
221.45
207.28
216.93
227.46
193.68
224.56
217.77
231.64
232.18
212.91
218.91
213.03
216.61
216.84
201.44
198.02
187.74
179.28
179.36
174.73
170.53
173.50
180.56
173.65
177.71
179.12
179.88
177.58
177.90
180.17
179.97
176.13
175.02
157.37
137.89
164.18
177.10
175.08
180.38
171.97
165.42
158.84
168.44
171.57
169.62
169.13
179.72
184.71
184.06
187.76
195.99
219.35
215.81
222.04
206.63
213.05
207.97
209.50
202.72
207.30
213.98
201.02
200.52
154.29
168.39
189.18
187.63
197.30
189.61
186.26
188.35
191.75
191.71
203.72
203.39
216.36
206.88
208.72
211.18
209.90
211.17
210.98
206.42
213.85
205.12
204.82
207.99
205.04
203.34
187.62
191.69
184.46
177.31
178.91
183.65
187.47
184.69
185.01
183.84
184.76
187.86
185.84
183.73
180.00
179.44
180.42
180.00
179.62
178.21
177.67
175.46
175.64
174.91
176.65
175.63
156.51
137.36
157.69
163.62
175.27
185.11
183.32
183.81
187.38
184.28
183.94
184.59
181.21
177.13
178.10
177.03
175.03
177.12
172.67
175.59
171.45
174.18
150.80
125.00
157.76
154.32
148.34
118.77
157.26
169.64
173.05
176.98
177.67
173.73
172.73
201.43
205.38
204.55
192.65
188.88
192.68
184.40
185.83
183.39
181.59
176.20
175.70
172.28
171.60
169.41
172.65
179.87
186.20
184.20
184.02
188.25
201.39
205.06
206.36
213.64
217.30
214.27
212.67
193.10
183.57
186.44
187.88
189.51
184.48
182.16
169.91
179.46
175.90
174.60
177.25
181.87
181.83
188.52
193.46
203.52
165.84
186.33
202.22
204.06
200.86
200.15
202.30
202.70
202.68
205.30
216.07
217.15
194.85
192.75
195.57
193.21
196.09
183.66
186.38
194.39
161.93
183.73
203.19
194.60
206.38
190.65
191.40
197.29
205.11
204.09
204.10
189.42
189.97
208.89
191.75
201.41
177.32
190.45
200.47
185.65
177.93
176.25
171.86
174.73
88.46
52.02
177.56
210.78
195.25
190.75
189.96
190.68
210.30
209.99
191.21
188.76
206.33
184.80
185.86
177.36
172.27
176.58
172.21
170.99
169.02
166.74
167.32
171.72
173.70
180.29
189.55
195.66
187.54
188.00
188.56
204.74
206.11
189.32
185.41
199.79
187.64
165.42
172.53
179.81
170.80
171.63
171.22
170.79
169.44
169.07
170.18
176.70
177.64
186.80
181.16
187.96
160.69
186.46
205.99
201.04
194.93
192.79
199.71
190.60
199.52
177.09
185.78
139.84
130.06
132.01
135.83
135.43
135.61
134.15
133.32
131.38
130.84
130.36
129.98
131.17
130.52
154.37
148.89
149.59
149.97
150.79
150.74
140.28
138.39
138.04
138.75
141.00
140.53
140.07
138.14
134.61
134.80
133.38
129.97
136.39
134.59
143.15
136.38
135.85
141.27
149.81
148.97
147.20
134.23
137.85
135.46
136.18
138.53
136.70
134.66
136.63
133.57
129.89
130.54
128.18
127.87
124.23
127.86
135.01
136.88
137.18
139.18
137.84
136.38
151.27
152.32
151.80
150.03
148.44
146.18
133.30
135.68
134.75
138.48
136.01
131.31
131.64
128.39
129.14
128.05
127.15
128.46
136.27
135.84
136.50
139.68
142.26
146.14
129.92
117.49
150.94
153.82
152.73
149.27
141.91
134.84
139.88
135.34
134.60
117.79
129.88
129.60
130.02
125.63
124.42
129.56
145.66
135.21
138.85
136.46
140.21
145.43
153.44
152.27
154.80
152.93
154.97
146.70
140.81
134.60
133.41
132.30
135.88
133.06
133.28
132.85
128.03
131.24
126.23
125.09
133.91
134.14
136.16
135.21
141.13
147.91
187.24
153.71
153.88
156.26
150.74
151.92
139.30
133.80
135.07
133.30
129.34
115.44
132.46
129.82
129.12
129.79
127.79
128.12
134.35
136.55
138.49
135.01
150.22
155.93
152.71
153.49
157.19
153.13
149.86
149.39
145.12
133.26
134.37
132.10
134.26
134.25
131.98
133.00
133.47
131.40
130.41
130.37
128.70
129.77
130.14
132.40
131.79
130.00
115.56
115.53
143.34
141.56
141.10
127.20
128.01
127.17
128.20
128.28
127.32
125.21
120.08
93.66
74.91
87.96
107.75
110.38
88.23
115.74
137.03
135.85
135.37
133.43
133.25
133.16
129.61
126.49
125.76
125.00
107.62
108.11
125.26
112.56
91.16
84.03
70.19
70.01
71.92
100.97
78.86
67.75
76.58
145.58
174.86
176.36
179.61
176.66
180.77
185.58
185.46
182.73
175.30
176.28
157.76
144.81
148.77
176.06
158.03
90.37
83.37
95.13
117.14
93.24
68.03
68.94
97.83
164.51
174.15
175.83
179.13
180.04
179.53
178.49
162.38
153.19
155.59
154.30
163.00
148.51
120.88
126.73
135.42
155.56
146.63
114.52
99.56
128.64
115.51
89.37
75.35
99.85
127.40
130.59
127.88
125.82
127.30
126.13
176.44
167.33
145.79
125.08
124.01
123.61
97.37
132.68
134.89
129.18
112.61
110.74
83.45
78.31
107.31
110.07
114.53
115.19
183.00
175.56
169.82
160.69
151.10
148.35
145.72
142.85
159.87
159.10
156.52
151.82
154.60
155.86
153.38
150.50
150.63
150.99
142.48
128.97
99.81
122.16
141.69
147.68
162.59
165.60
167.04
161.03
145.41
142.23
163.18
175.58
169.09
167.41
153.94
157.92
156.22
156.55
155.85
156.29
157.48
133.60
118.57
121.91
149.67
146.82
147.45
149.75
155.09
158.20
143.64
143.84
147.36
147.60
173.58
179.78
175.77
167.99
162.70
166.48
164.54
167.39
113.49
12.33
158.98
155.41
152.61
155.85
155.04
155.81
158.60
160.91
164.78
166.24
156.38
147.84
168.22
183.36
177.51
180.81
97.64
52.12
48.19
48.17
49.05
19.92
15.40
11.35
10.01
10.04
10.07
10.14
10.23
12.76
16.23
15.05
13.62
13.58
12.86
12.09
12.36
14.01
12.81
12.80
13.65
13.24
13.95
13.96
13.52
13.32
14.70
10.84
10.42
10.17
10.16
9.97
10.38
13.25
16.10
14.68
13.97
14.22
14.31
13.86
12.59
12.78
12.47
12.78
13.20
13.56
13.77
14.12
13.83
14.55
15.05
10.91
10.46
10.39
10.37
10.24
10.60
16.31
19.90
16.71
16.85
15.40
16.01
15.06
13.49
19.10
15.98
16.26
15.33
16.66
17.25
17.43
14.58
16.33
16.07
12.01
10.28
10.09
10.52
10.16
10.54
14.52
47.40
135.59
140.58
140.70
139.37
138.61
137.64
138.34
140.90
133.96
132.00
131.28
131.62
131.13
131.58
132.72
133.01
135.75
133.73
132.40
132.41
129.10
130.85
131.47
134.94
135.05
135.88
137.48
132.38
132.51
130.73
127.96
128.48
127.75
126.13
126.09
124.46
124.01
124.10
115.54
109.71
109.86
109.29
108.28
81.44
75.61
107.57
107.07
79.93
87.96
109.56
112.54
122.40
132.16
138.46
135.96
135.25
132.19
132.64
132.51
130.35
128.95
128.11
121.33
120.20
91.67
87.07
111.23
110.35
86.30
84.85
113.31
116.92
163.56
168.78
176.26
184.15
187.10
186.20
185.97
185.96
183.72
168.79
133.84
135.64
134.47
135.76
134.71
134.84
130.11
114.16
92.26
120.28
125.97
127.62
129.08
131.55
130.19
131.21
132.92
165.72
182.91
184.80
186.54
185.60
183.27
160.83
131.72
131.99
131.71
131.07
135.03
