76.26
77.44
76.63
75.47
77.00
75.35
124.57
142.09
142.56
132.74
143.04
132.24
132.34
129.63
119.02
118.00
111.59
109.46
118.28
119.46
134.30
132.65
94.76
75.68
77.80
76.68
77.25
77.49
78.00
79.86
138.41
164.83
168.57
165.40
168.48
160.99
158.54
153.34
147.78
134.03
128.76
116.03
122.90
125.43
139.08
137.28
142.25
139.91
140.45
154.93
141.16
145.00
138.49
143.35
156.34
160.31
176.93
166.86
173.35
159.08
157.69
152.72
140.95
138.09
121.32
113.99
113.49
117.37
128.42
121.11
138.22
133.62
140.13
140.44
135.97
144.77
137.27
146.82
153.79
169.51
167.06
164.17
164.70
146.38
144.44
127.31
120.88
113.59
92.06
78.41
75.92
80.24
106.44
115.57
117.04
122.50
120.70
130.06
129.34
134.72
134.77
131.49
139.14
133.67
136.06
140.97
144.44
134.68
136.57
131.27
115.85
100.17
93.15
94.55
95.55
104.29
118.12
116.95
108.66
97.71
100.45
107.64
106.09
111.83
112.34
110.24
119.88
121.72
124.43
125.66
128.17
126.17
123.39
127.65
122.11
123.06
120.38
114.56
128.44
128.08
133.19
131.93
124.94
127.06
123.34
128.34
122.86
135.68
130.68
137.57
147.86
154.82
163.93
160.41
151.64
140.81
126.73
124.42
100.90
101.97
98.97
101.31
97.68
100.05
110.92
125.05
126.30
120.92
126.96
123.91
126.43
122.91
125.37
128.22
142.68
155.93
154.33
158.32
146.68
133.15
125.78
117.37
103.49
120.92
116.92
116.25
102.32
102.47
94.47
92.47
97.31
103.66
108.59
115.58
114.82
116.98
115.61
121.17
129.72
134.35
142.22
144.66
140.82
139.24
136.76
119.16
106.68
120.07
112.36
122.79
107.73
102.77
105.47
101.53
102.55
94.87
102.26
104.97
96.71
99.99
103.07
107.19
122.34
126.17
134.79
134.56
71.46
126.16
114.98
111.85
101.09
105.79
108.64
101.34
101.73
97.55
107.48
114.78
115.34
113.67
108.47
122.14
112.56
120.61
118.28
126.47
131.15
138.35
145.20
141.45
138.90
121.29
110.34
103.11
93.15
105.23
100.38
108.84
96.60
77.28
85.37
100.10
103.35
99.23
107.48
105.50
108.68
109.86
109.29
117.88
111.88
118.76
124.44
125.99
123.08
110.48
104.12
103.57
93.38
93.74
97.70
89.74
85.50
83.72
85.06
90.88
80.10
85.38
90.50
93.74
93.66
92.18
98.05
97.39
99.97
106.21
115.79
119.18
104.02
94.83
91.12
79.84
80.95
80.97
82.88
80.50
82.62
83.36
85.60
106.20
96.17
104.19
76.57
68.00
65.96
67.93
65.52
67.88
118.72
140.15
136.62
132.86
128.17
125.69
115.29
110.24
112.29
105.29
115.23
110.17
108.64
104.01
93.93
89.84
76.07
65.57
70.65
76.72
72.90
73.45
72.03
70.66
104.57
127.47
124.45
129.13
132.14
116.11
116.75
116.61
114.79
112.77
103.69
102.66
96.96
97.08
98.88
87.28
70.88
66.82
70.54
70.57
68.90
67.24
67.40
69.46
112.25
141.50
133.32
137.26
128.56
126.78
111.38
111.45
109.98
108.62
111.25
100.90
100.84
103.47
92.28
100.79
69.80
62.86
69.56
70.33
69.34
67.64
67.90
67.61
114.47
137.35
133.59
132.67
130.22
122.84
117.98
107.08
110.96
108.06
116.66
108.83
99.28
99.16
93.01
90.01
73.33
61.42
71.10
73.46
71.74
73.25
70.95
71.91
108.26
127.83
128.97
124.52
118.85
102.95
102.47
112.01
110.94
111.56
114.94
108.69
96.84
91.24
89.15
91.02
66.44
68.66
70.15
68.64
70.26
67.94
68.85
67.55
103.18
133.46
140.83
140.10
126.17
120.11
126.94
109.56
100.43
106.58
102.68
101.58
95.67
92.52
87.81
90.69
73.32
68.86
67.58
66.81
67.32
67.18
66.38
65.45
108.51
132.39
129.86
134.10
121.33
111.32
118.78
109.34
99.02
99.59
97.43
100.95
95.97
92.22
87.90
83.43
65.89
65.42
71.33
67.34
65.10
66.14
65.71
64.86
104.16
129.79
119.90
119.87
120.70
118.39
117.19
100.88
88.88
89.72
86.78
81.26
79.19
88.68
97.76
104.06
80.52
69.86
66.31
66.04
67.30
72.40
75.10
77.24
130.77
168.07
164.01
164.72
161.94
140.07
129.28
119.42
110.65
109.63
101.14
94.55
97.62
91.01
104.99
116.55
87.55
75.27
67.67
71.03
76.40
76.05
76.64
78.11
136.94
164.85
170.37
168.43
172.56
152.28
137.72
124.63
125.56
107.95
94.62
86.08
92.86
102.66
124.61
122.73
91.19
71.27
68.96
71.96
77.02
77.17
75.96
76.96
136.64
163.43
169.44
166.55
165.50
152.12
142.09
119.89
125.19
111.90
102.29
106.17
105.68
105.37
92.26
100.42
90.28
75.33
69.47
73.51
74.69
74.13
77.61
77.42
127.21
162.37
159.20
153.41
146.24
120.59
119.18
124.22
115.59
106.04
103.82
103.03
89.15
81.32
88.87
92.16
87.62
74.52
74.71
73.69
72.81
74.43
79.67
82.53
122.77
149.82
148.66
143.44
131.92
113.74
112.24
116.60
106.20
106.83
109.26
106.60
99.87
89.06
83.06
87.82
75.21
68.08
66.43
66.92
64.98
65.55
71.92
74.77
104.18
133.32
135.37
136.97
126.71
111.40
112.44
112.58
99.72
91.73
93.04
93.30
87.36
83.51
78.13
75.83
70.70
66.70
66.60
65.64
66.42
65.20
65.89
75.36
126.79
156.07
152.75
149.88
121.55
109.63
125.08
110.87
103.26
108.09
106.14
100.99
92.44
94.20
90.41
81.18
87.52
83.67
85.83
102.03
97.32
98.55
95.70
96.80
113.15
120.59
123.99
120.43
128.80
121.64
98.09
102.43
103.06
111.75
79.89
96.06
97.58
85.85
90.36
82.08
79.91
73.04
82.86
95.18
91.74
92.19
89.28
97.32
105.54
112.50
120.02
124.45
122.99
110.14
98.95
113.79
118.91
124.11
119.25
111.92
108.08
107.44
103.72
84.36
76.73
69.57
68.13
77.91
81.42
95.84
90.02
96.58
102.86
112.98
129.25
130.10
125.95
114.12
100.62
107.51
109.22
112.11
112.22
101.61
100.70
98.44
91.23
80.88
83.02
71.92
70.30
82.86
84.03
91.36
88.35
93.61
102.33
106.91
114.31
109.51
99.50
98.23
103.82
106.75
113.36
110.38
112.95
115.02
99.32
88.06
86.04
78.44
72.85
63.70
60.10
68.56
71.49
73.47
72.99
73.07
89.80
104.49
105.72
108.15
117.78
103.98
101.24
101.23
101.33
110.68
114.01
105.59
92.56
87.26
83.84
84.21
67.81
57.63
56.95
56.80
59.18
56.87
55.56
52.90
66.01
85.55
97.98
95.65
99.66
98.16
85.33
74.87
69.88
74.73
77.11
77.63
79.40
77.36
81.11
84.12
78.00
70.57
71.11
71.15
70.99
71.89
70.40
71.60
105.71
134.94
126.85
127.21
128.80
107.45
97.69
97.24
98.68
96.57
95.17
92.93
91.63
87.56
87.10
88.19
87.19
73.96
69.77
66.83
66.74
67.80
65.59
65.87
110.06
133.98
127.00
126.08
127.33
122.59
116.43
101.95
99.42
103.87
97.81
96.09
96.10
98.53
91.32
88.93
85.50
77.33
69.87
70.22
67.40
66.87
67.44
66.82
105.91
139.83
132.84
141.74
138.89
133.28
132.25
127.48
121.96
108.78
94.54
91.69
88.47
121.62
122.58
132.28
92.24
70.77
74.61
76.62
76.19
78.61
77.13
78.54
131.74
160.24
170.88
173.52
181.09
162.96
145.85
135.13
118.09
122.61
105.11
92.52
88.75
115.21
118.33
115.92
87.38
73.36
77.75
78.07
77.75
78.07
79.24
79.68
128.56
167.95
170.34
159.86
166.48
152.73
133.02
120.04
126.02
118.61
100.57
100.13
81.95
74.84
87.43
108.75
83.93
68.69
66.80
67.96
69.92
76.75
76.39
75.46
115.39
141.44
148.09
142.00
126.30
131.32
126.02
123.68
123.06
132.43
112.79
110.76
111.40
112.69
110.45
115.76
83.95
66.27
66.80
76.33
75.65
75.58
74.64
74.97
119.73
139.31
144.19
150.88
150.60
137.54
126.93
115.25
114.21
118.83
116.26
94.72
96.00
89.60
104.94
110.97
81.96
68.09
66.22
71.00
76.39
75.87
75.06
76.98
129.25
162.55
165.36
164.21
152.92
141.70
136.99
132.48
128.80
121.01
105.92
103.77
98.85
105.73
125.12
130.63
89.69
71.25
73.08
79.30
78.73
79.66
78.86
78.93
128.34
161.81
159.92
161.73
164.57
154.40
141.39
117.74
132.12
124.07
108.87
111.93
101.68
100.16
96.29
106.51
88.75
73.44
68.99
71.90
67.51
67.95
72.02
77.71
130.69
161.10
164.30
164.40
148.62
144.87
141.12
124.66
112.57
112.85
115.45
105.28
101.46
97.22
99.31
96.29
85.31
79.19
76.35
76.12
71.78
71.11
70.41
70.39
105.39
125.94
135.60
131.46
129.57
115.51
104.14
96.72
93.15
98.70
94.91
90.28
92.83
108.80
109.40
102.57
90.81
69.16
65.97
66.64
68.57
72.24
35.59
53.45
106.34
130.41
130.28
136.71
115.77
104.51
105.50
102.79
106.84
104.80
101.84
96.25
92.21
92.38
91.49
95.98
66.33
63.76
70.95
67.74
67.16
68.59
66.75
69.08
108.26
130.77
127.81
117.01
110.12
105.30
110.93
104.47
91.91
83.35
82.94
85.25
85.15
84.32
100.35
106.95
77.08
66.19
65.03
65.85
65.97
72.93
74.98
73.73
114.12
137.69
136.66
147.77
140.44
118.62
109.55
105.39
103.18
103.22
92.26
82.33
82.53
96.19
110.02
115.70
82.16
67.42
65.11
64.70
66.85
65.86
69.71
74.75
127.18
161.74
159.77
152.29
151.17
138.63
146.82
133.86
135.04
128.22
122.88
112.89
113.06
119.98
121.24
128.83
92.50
73.83
72.25
82.52
78.06
78.13
77.41
77.59
130.68
159.10
165.71
171.28
170.59
164.07
156.58
135.02
124.36
125.69
125.59
113.98
109.14
137.41
131.32
123.40
96.07
80.78
82.00
83.52
81.57
85.76
87.23
87.10
136.97
164.15
163.79
173.03
103.07
146.72
139.53
135.16
119.49
107.49
104.63
94.86
109.44
112.62
117.83
106.96
72.43
59.01
58.25
60.30
62.81
60.68
61.07
103.47
132.39
133.38
140.91
156.44
155.28
143.40
139.50
132.39
123.36
123.16
120.31
124.57
133.14
150.25
148.51
143.35
93.08
64.68
64.06
65.02
64.15
65.04
66.02
109.57
136.37
138.47
145.65
152.75
148.29
148.34
140.47
136.12
135.62
140.27
137.32
132.57
133.97
135.22
133.42
131.60
85.79
62.34
60.94
61.61
63.48
65.52
67.35
110.21
126.92
127.51
131.47
134.18
132.24
130.83
124.55
124.12
115.81
106.11
101.73
98.52
100.93
110.58
114.35
115.77
69.06
58.50
60.42
59.65
58.60
62.09
65.03
106.98
126.47
122.91
132.59
134.30
136.00
129.78
122.67
117.42
110.64
106.48
99.77
91.22
86.78
97.64
93.37
96.65
67.21
50.49
48.81
59.11
59.09
57.77
59.09
103.96
132.58
139.17
149.36
145.62
141.68
135.78
123.86
116.68
112.64
107.69
113.17
103.81
103.85
103.68
91.07
83.86
64.27
53.78
55.74
57.01
52.69
59.83
60.43
106.25
135.17
137.14
140.02
142.74
136.66
122.81
116.22
114.66
108.64
106.10
111.05
97.33
93.39
88.83
92.53
87.81
72.85
58.71
59.14
62.74
56.74
56.04
52.85
80.88
105.46
109.92
109.26
118.32
111.67
105.00
101.61
99.45
99.05
102.87
103.29
93.46
90.12
86.52
93.38
82.83
70.04
58.89
56.85
54.64
51.77
52.13
51.25
83.69
106.10
109.79
110.42
110.73
110.35
99.25
102.19
98.20
95.08
101.27
105.68
95.00
91.64
93.00
85.96
80.36
70.26
62.74
56.95
57.90
53.86
53.26
52.65
75.73
98.02
106.84
101.85
101.08
96.46
92.35
98.58
109.92
111.93
118.00
106.34
104.04
83.60
83.29
77.12
71.37
60.50
55.09
54.11
55.60
53.85
54.82
53.63
65.92
77.09
85.56
78.81
76.63
77.76
77.72
87.94
76.85
80.60
88.58
102.09
95.04
67.92
67.98
63.21
59.21
55.83
55.87
51.47
54.44
52.09
52.42
51.16
74.69
87.00
81.30
77.33
70.71
65.19
67.87
70.61
72.37
76.28
71.18
70.42
68.53
66.23
65.97
60.28
58.63
55.58
54.93
54.41
52.88
50.95
52.31
51.94
74.18
101.07
106.50
99.36
92.21
82.35
82.24
89.35
84.26
93.21
84.51
81.79
77.17
69.71
65.39
63.07
57.73
55.42
53.65
54.16
58.07
53.00
49.80
49.54
79.73
95.88
110.11
99.13
90.57
83.90
83.32
89.34
96.03
101.53
103.66
100.18
95.01
86.14
72.86
67.74
62.94
56.02
53.86
53.18
52.08
52.76
52.41
52.92
70.56
77.51
91.18
90.72
86.99
85.71
90.06
103.65
128.57
117.29
110.84
108.65
111.27
106.08
99.56
92.52
76.06
65.20
58.22
58.74
58.94
53.20
53.05
51.82
64.76
69.15
82.43
82.08
82.30
83.31
80.44
85.81
109.19
104.17
98.59
96.70
85.54
70.09
64.01
59.68
59.50
57.24
57.89
55.86
56.61
54.34
54.71
52.85
62.56
70.80
81.64
78.97
77.45
76.47
73.54
69.36
67.94
68.40
66.46
67.61
63.19
60.72
62.64
65.27
69.64
56.67
65.78
70.67
69.83
69.63
68.30
69.90
102.21
116.34
113.10
105.27
96.43
88.45
80.02
70.57
65.12
68.28
69.14
67.77
62.55
64.45
65.74
65.16
64.47
56.46
65.01
70.64
69.38
69.19
68.34
68.90
104.63
118.36
115.58
110.42
105.12
102.92
99.54
84.06
82.86
80.86
83.83
77.96
74.04
75.15
78.71
74.37
70.88
61.21
52.41
51.83
52.38
55.24
68.70
68.12
97.20
123.67
126.06
130.29
122.25
106.05
98.62
101.16
93.36
96.70
92.06
94.12
84.32
84.84
94.75
82.76
73.41
67.82
55.31
55.96
59.12
75.42
70.80
70.92
91.77
113.98
116.39
117.79
108.87
100.94
96.07
94.81
92.91
90.93
91.81
93.17
89.64
88.21
100.26
94.65
93.83
82.70
75.55
74.74
77.33
70.33
69.34
70.10
99.92
118.92
121.59
123.64
126.46
118.85
99.60
93.36
94.62
98.26
101.58
97.72
91.39
80.03
92.04
85.40
84.09
68.86
72.11
73.79
71.41
69.24
70.81
68.92
105.30
130.73
136.85
143.29
146.32
140.52
129.50
132.16
108.78
102.06
104.71
110.29
106.37
97.33
99.66
94.70
88.53
71.16
63.43
75.12
69.98
69.78
69.83
68.74
104.15
126.63
131.07
136.58
136.13
120.97
109.58
111.02
105.44
107.86
121.55
122.32
102.28
90.61
98.78
92.81
87.06
73.86
61.61
56.00
54.72
53.39
54.75
61.47
84.70
94.98
90.40
100.87
95.90
83.88
90.15
104.11
109.51
109.45
103.97
102.31
102.37
98.90
76.93
76.73
75.12
60.08
55.08
55.39
54.95
53.08
49.87
51.93
80.63
95.11
89.75
94.82
90.63
85.64
90.13
99.57
104.29
107.27
106.05
107.88
106.40
109.84
86.99
83.76
83.52
68.17
58.56
51.89
53.72
51.44
51.09
52.14
79.74
107.88
110.00
111.98
110.44
109.67
132.98
131.64
133.79
139.82
138.59
137.26
131.54
119.17
100.20
90.60
86.76
75.46
66.35
58.78
56.45
55.98
55.33
55.11
63.30
81.51
94.38
101.56
102.38
110.95
124.14
137.47
144.39
146.80
144.81
140.99
142.48
140.03
119.63
100.32
86.46
75.16
65.43
58.75
57.73
59.33
56.00
54.51
63.05
74.53
84.00
91.21
105.25
113.91
118.67
137.04
141.71
150.03
144.60
147.65
128.32
122.32
122.14
121.39
91.73
80.95
70.35
62.53
59.07
57.13
55.89
54.47
66.12
79.39
86.88
92.27
95.83
93.86
98.26
103.55
110.67
101.59
105.68
100.71
88.19
88.95
99.90
97.65
84.60
70.54
60.58
54.11
53.55
53.51
65.53
72.20
94.71
119.14
120.45
110.58
98.62
82.78
93.03
94.84
95.54
99.22
100.37
98.23
95.46
88.15
79.69
78.09
76.60
68.12
55.69
54.65
52.45
52.91
68.04
69.57
91.57
101.71
96.46
108.70
103.58
90.16
83.39
85.99
93.17
101.79
109.91
102.47
103.34
89.16
85.24
81.78
75.57
59.67
54.49
52.44
50.06
51.03
51.10
48.96
70.53
86.41
87.80
86.13
78.19
74.86
80.66
77.57
94.41
97.71
100.92
98.27
94.73
93.63
84.64
73.82
68.39
61.12
52.46
51.77
49.64
50.48
48.37
49.89
71.86
97.19
103.09
101.05
101.18
94.08
95.03
115.29
124.99
128.28
134.64
135.22
127.30
123.85
125.19
100.01
93.98
77.92
63.57
58.25
57.11
55.11
54.83
56.79
65.38
80.14
83.30
87.69
98.28
103.60
124.64
127.65
130.19
130.07
137.31
138.89
142.44
128.69
130.97
120.79
110.04
85.31
70.00
59.11
60.23
58.54
55.96
56.65
57.38
75.59
76.67
80.83
91.94
104.15
108.00
119.73
127.42
125.77
126.05
127.26
122.44
118.91
113.71
111.11
97.00
75.83
61.40
58.45
55.33
52.48
52.20
50.96
63.23
77.23
83.83
86.03
97.56
96.41
112.60
118.40
131.60
131.02
131.04
131.00
123.26
124.88
124.99
108.43
87.92
71.44
47.12
27.39
55.37
54.22
53.52
54.62
67.44
83.89
85.59
90.30
94.05
91.88
95.67
113.85
123.84
130.97
134.55
136.43
134.71
133.55
116.72
92.28
85.55
76.59
62.94
58.28
57.56
54.46
56.67
54.44
65.98
71.13
68.12
69.45
72.74
80.26
80.61
97.42
104.60
112.04
116.35
112.81
106.57
102.71
99.10
89.32
76.34
62.49
56.74
55.67
54.60
53.56
52.55
54.03
65.38
73.59
69.43
74.70
73.12
75.74
78.83
97.88
106.73
105.79
107.43
105.23
103.02
98.50
92.90
82.14
76.57
67.92
56.83
57.93
55.97
54.09
56.30
53.86
61.93
73.68
80.22
99.63
106.81
107.64
117.45
125.68
138.96
140.43
146.13
137.92
136.75
131.94
129.02
111.10
89.05
77.27
61.71
58.27
58.34
55.51
55.69
54.46
62.19
73.92
78.79
89.24
100.62
114.33
133.54
149.55
149.35
151.20
155.66
149.64
152.90
140.02
140.46
125.15
108.29
81.37
66.58
63.64
59.88
59.31
57.05
55.82
58.84
72.93
79.73
89.09
102.59
113.97
112.07
127.84
138.30
142.66
138.66
133.30
127.36
128.28
126.74
105.91
95.28
77.65
62.23
60.82
58.49
57.10
55.91
55.18
61.72
74.83
80.93
81.59
90.96
98.08
112.26
123.93
125.20
126.94
127.84
135.33
126.51
124.85
129.77
111.66
94.32
72.73
62.54
60.38
58.39
57.68
57.34
55.30
60.23
69.81
76.07
79.87
89.97
90.42
112.36
119.20
120.31
119.39
121.68
126.86
119.01
114.50
103.87
97.53
81.58
69.63
63.56
61.42
57.39
58.56
57.65
56.67
58.17
58.84
63.60
76.03
79.31
81.00
84.70
101.88
100.47
102.98
103.84
100.89
101.91
99.55
97.24
90.82
85.76
63.60
57.97
56.97
55.76
54.81
55.07
53.51
55.47
60.22
57.51
71.59
74.51
84.76
98.46
105.63
106.45
112.04
115.02
113.47
112.35
107.00
104.44
96.25
84.23
64.53
58.27
54.65
56.46
56.62
55.08
54.64
55.80
70.26
73.12
83.82
102.67
112.89
132.53
138.87
144.17
150.50
150.21
148.46
148.69
143.36
130.09
122.05
114.50
88.65
72.08
64.08
62.05
60.34
58.53
56.45
59.71
72.37
78.36
93.62
119.66
127.55
144.61
151.72
159.50
154.35
163.69
156.08
152.11
146.38
140.98
131.25
120.11
97.29
80.50
75.03
71.51
62.15
60.70
58.00
60.24
71.71
80.67
84.85
94.59
99.91
108.36
118.76
112.71
120.87
116.48
113.35
106.46
98.62
91.68
87.49
79.05
69.90
59.59
56.42
53.69
53.28
52.92
52.53
61.12
69.11
75.92
82.06
90.47
98.64
101.54
62.63
123.66
126.35
127.91
125.41
117.82
120.01
103.98
94.34
83.44
69.42
60.54
61.52
63.06
58.53
57.29
56.51
59.85
73.38
72.36
83.28
92.92
97.91
103.16
115.33
114.45
120.19
120.63
122.09
112.47
100.67
87.50
86.53
79.68
66.59
56.29
55.65
56.04
54.40
53.75
52.82
64.24
70.27
67.74
81.73
79.00
81.16
83.96
87.78
99.22
111.62
118.45
110.06
105.19
107.69
96.04
90.03
83.89
63.55
55.82
54.34
52.29
54.52
54.51
50.93
59.30
62.36
60.38
69.40
74.62
83.62
94.52
101.48
111.27
105.34
109.49
107.83
107.88
104.89
98.03
90.87
76.41
67.50
58.10
56.41
55.04
55.92
53.26
53.96
57.54
68.77
73.65
82.84
96.08
113.30
120.43
131.05
137.13
141.80
139.41
146.33
146.98
140.39
126.14
124.59
113.60
78.49
66.56
58.32
57.15
56.83
56.79
55.69
55.42
67.05
70.42
83.05
107.81
116.88
127.92
139.82
131.46
141.68
134.64
126.52
108.75
90.00
91.43
84.14
79.26
68.85
59.66
56.43
56.96
57.66
57.20
56.52
60.67
68.99
76.77
77.16
94.46
96.94
100.31
106.07
109.77
117.25
120.87
118.55
110.51
121.44
118.85
100.05
82.36
73.86
60.08
57.04
59.49
55.20
53.74
52.00
55.19
65.61
69.02
77.59
94.25
104.10
119.46
129.84
133.61
134.82
140.95
151.01
144.12
136.98
140.50
120.48
117.34
88.39
65.39
65.88
65.18
64.01
62.40
59.81
61.01
69.89
83.36
93.49
113.56
127.98
136.19
153.58
155.46
184.04
213.54
189.95
173.40
159.43
149.42
146.78
141.54
124.54
111.82
112.36
105.87
108.19
109.90
107.95
110.84
111.11
106.59
120.96
131.71
145.43
164.68
172.76
175.90
186.54
181.53
180.12
194.37
182.14
161.52
153.49
152.03
140.47
139.90
152.41
162.87
147.48
145.83
149.82
146.58
143.95
149.30
179.07
174.05
169.55
175.64
171.88
163.39
170.11
170.86
169.42
176.65
170.80
162.45
152.10
148.72
158.61
149.97
148.12
147.11
151.12
144.12
147.48
146.93
149.52
122.49
126.82
143.17
144.81
163.56
168.71
181.69
176.69
183.92
180.60
198.40
171.84
151.87
139.09
123.88
124.93
114.76
93.32
92.14
88.71
88.23
85.66
85.65
95.44
102.49
106.16
126.03
154.68
160.93
169.15
180.21
182.00
176.81
175.60
175.20
157.96
156.51
139.72
128.71
101.59
92.97
87.10
82.79
76.66
73.30
69.39
73.92
93.02
107.51
109.90
138.02
157.16
160.50
167.52
174.44
191.23
212.50
201.32
209.56
184.33
168.20
156.54
142.94
122.33
113.50
84.75
87.56
82.16
81.30
78.90
80.43
92.76
104.53
127.31
152.72
163.17
186.09
199.85
210.41
214.33
224.51
221.23
209.81
206.66
182.74
159.46
142.32
122.80
111.19
105.32
98.98
82.91
84.43
86.16
87.44
100.02
121.49
140.69
160.41
178.13
188.90
203.71
222.77
226.99
226.76
220.63
212.51
217.99
181.37
173.11
159.94
130.52
113.34
115.41
111.11
111.43
101.93
90.54
93.87
96.36
106.92
134.01
144.85
157.90
169.11
172.88
180.45
197.56
206.61
205.84
213.90
196.84
186.00
168.19
152.45
120.32
103.56
101.43
92.75
92.78
95.16
82.51
83.11
81.98
100.53
120.49
134.51
161.82
170.67
173.84
177.40
182.91
196.65
195.34
205.00
181.06
163.96
151.68
143.85
120.08
108.29
103.57
102.45
99.83
97.83
100.03
115.22
128.27
126.94
137.60
153.37
154.28
170.58
165.82
166.97
159.41
161.75
171.63
164.78
163.27
145.43
127.74
126.99
115.48
88.16
85.13
85.86
82.36
77.46
73.78
78.38
90.05
97.22
103.01
129.59
145.27
145.08
156.82
170.25
173.97
176.54
177.14
174.21
173.34
158.75
137.00
126.62
112.78
97.91
89.01
88.75
79.61
79.06
75.97
78.44
86.97
103.97
128.29
150.29
163.65
163.57
177.00
180.92
184.36
187.90
181.10
174.45
170.70
162.05
141.03
132.09
111.61
91.76
84.00
85.55
79.23
72.36
70.87
72.50
84.27
97.03
126.67
144.95
151.99
161.92
172.65
183.14
183.39
174.28
172.08
163.90
152.04
153.05
146.72
132.59
111.88
98.70
83.06
85.98
77.09
73.42
73.13
73.69
82.84
93.07
115.71
127.69
137.91
151.21
163.19
182.48
190.03
189.72
174.84
181.06
155.54
149.64
128.14
119.03
106.81
95.94
87.33
80.30
76.01
75.39
74.03
77.80
78.44
83.25
107.79
118.55
134.86
142.43
150.28
162.53
169.53
168.23
177.59
168.89
144.49
132.13
122.15
114.47
101.85
94.81
88.50
82.94
72.35
73.92
78.19
73.16
72.24
82.60
98.09
105.84
117.77
122.69
129.68
138.01
139.09
139.76
137.64
137.92
129.94
123.15
114.88
111.27
103.66
96.29
91.09
87.10
80.77
71.82
71.88
77.60
88.32
95.78
115.09
131.00
134.94
135.38
146.40
162.84
162.48
155.62
145.89
132.93
131.89
121.02
118.70
114.88
100.51
90.07
84.73
84.39
79.32
76.45
73.16
77.03
77.18
93.38
97.03
103.96
111.83
123.04
130.70
148.23
142.66
133.81
133.18
129.13
132.87
120.33
113.25
101.91
85.12
79.41
79.60
82.00
72.93
70.85
69.36
82.80
87.50
104.49
111.99
127.15
147.15
157.52
148.18
148.52
151.90
138.19
132.55
121.77
112.08
114.35
112.12
104.15
86.54
88.54
85.18
79.47
79.38
78.49
73.13
77.23
85.31
97.61
125.37
134.04
151.80
161.00
161.12
168.93
166.47
148.29
150.46
144.23
133.09
127.59
123.08
118.37
109.68
104.43
86.96
82.44
75.41
76.75
75.01
73.24
101.31
96.51
108.05
76.81
150.34
153.94
159.18
158.15
166.80
140.86
137.43
123.79
123.44
112.48
112.18
115.14
99.55
86.78
75.87
73.62
70.38
65.93
70.87
70.12
71.31
78.17
89.21
99.66
113.57
111.87
113.43
122.08
117.37
126.23
124.92
120.96
117.99
119.08
114.66
103.77
94.11
90.41
91.31
76.16
69.90
75.67
69.40
70.56
77.46
77.41
103.04
106.81
112.90
113.80
110.17
119.68
122.54
109.32
103.33
101.33
110.70
108.34
86.53
86.38
81.77
68.11
66.99
66.56
65.29
64.53
63.26
69.20
81.63
89.51
119.58
129.21
138.80
143.00
147.13
149.57
154.04
142.88
157.05
128.21
137.75
130.80
122.89
115.35
100.98
97.23
94.28
89.39
80.26
76.69
78.48
81.15
84.34
114.79
126.30
139.90
142.91
149.57
168.88
189.14
191.62
164.38
171.99
179.36
166.35
148.05
134.18
123.99
109.24
99.12
98.08
95.62
87.34
79.55
78.43
85.96
104.82
122.81
126.67
138.73
147.86
153.34
171.89
184.94
190.72
201.54
188.45
186.23
176.88
150.98
139.91
131.07
110.99
102.88
99.11
102.23
98.57
90.49
91.12
94.82
103.90
123.06
127.08
142.80
147.80
153.59
163.66
180.03
177.66
169.13
180.80
143.85
141.58
135.23
130.92
134.24
118.82
101.47
100.58
86.90
81.93
73.35
71.55
82.16
83.90
101.36
106.19
118.75
135.49
146.07
153.62
155.93
161.09
170.03
168.62
148.87
138.07
140.32
134.97
111.94
96.01
82.64
80.25
71.80
70.90
68.75
68.32
69.44
66.19
70.44
82.68
109.89
128.40
128.88
131.44
130.67
132.34
135.81
148.18
132.88
128.22
128.37
117.03
108.78
91.20
78.68
76.60
76.90
72.39
68.10
66.91
68.45
71.06
74.84
90.80
107.45
112.80
109.05
114.09
119.68
119.76
121.20
121.08
117.18
115.85
113.06
111.23
95.14
84.22
85.26
80.31
71.36
67.27
66.77
66.81
67.76
77.52
96.21
97.34
107.29
114.22
114.52
121.30
130.56
135.31
121.56
109.79
94.47
89.73
90.42
84.47
76.77
71.70
65.84
65.81
68.99
63.47
62.22
69.87
87.09
94.44
117.24
120.42
120.16
137.02
148.03
148.68
159.78
160.85
144.70
139.77
125.79
121.33
115.00
114.60
101.26
78.50
72.60
75.11
69.97
67.13
68.08
65.28
68.88
71.81
90.48
104.60
112.12
120.78
126.42
139.96
145.64
132.24
122.00
119.10
110.94
103.84
86.87
81.54
82.90
77.60
70.57
69.54
71.52
67.66
67.55
66.72
65.01
75.24
100.19
107.61
112.67
121.67
123.44
131.29
141.40
143.00
131.53
126.56
118.02
112.13
109.52
96.86
82.62
75.21
68.64
67.87
65.32
65.95
62.74
61.71
67.09
82.87
109.94
117.58
123.98
145.33
150.42
158.58
159.64
165.61
166.85
155.65
147.86
134.92
131.41
118.86
114.13
96.08
84.32
79.88
72.58
69.61
67.59
66.62
68.39
66.76
69.04
96.62
105.21
112.14
123.15
128.34
130.83
141.90
156.81
160.66
164.24
142.42
130.85
122.96
119.28
95.89
83.93
88.05
81.87
73.28
69.13
67.46
69.06
68.52
74.66
105.49
107.39
113.55
123.51
125.63
126.16
133.03
141.37
140.68
126.04
126.80
125.22
125.60
114.73
94.39
91.99
89.32
84.21
76.47
75.98
76.60
71.32
70.09
70.14
74.65
82.18
105.01
110.24
113.41
111.04
116.51
120.09
120.49
118.81
118.38
113.25
100.78
81.06
75.08
70.60
68.02
65.74
64.84
63.07
61.64
68.29
79.06
93.88
101.36
112.86
134.32
144.55
142.74
146.90
147.42
135.60
144.23
126.53
124.00
127.05
113.14
102.29
82.65
75.82
72.58
73.44
66.46
66.35
65.16
68.04
72.71
88.63
114.39
128.45
142.91
148.15
154.88
163.84
169.93
170.95
168.15
149.36
151.00
137.67
131.96
119.87
106.79
93.12
85.85
82.97
79.95
73.59
68.93
70.90
76.79
103.41
135.95
144.92
153.18
168.04
184.15
194.70
198.21
183.35
181.00
171.18
152.40
133.06
125.79
120.31
106.85
97.94
95.08
89.60
87.74
77.49
73.61
76.71
89.69
124.52
132.04
144.78
153.40
159.21
191.31
223.36
203.86
186.74
181.84
171.71
171.47
151.73
136.59
126.35
109.78
101.17
96.47
92.82
86.57
78.28
76.64
76.95
86.78
121.50
137.83
140.32
148.04
160.18
172.14
146.59
166.65
184.08
178.09
166.02
163.64
139.88
134.22
125.77
111.56
98.95
101.20
98.67
89.36
88.00
87.40
88.59
98.29
114.72
116.29
119.38
126.07
142.73
145.55
159.77
184.74
202.82
178.50
167.69
165.18
143.17
131.69
128.02
106.72
102.11
99.15
92.19
89.14
86.31
80.77
79.93
102.64
127.05
134.32
145.47
155.44
171.58
190.15
206.01
202.94
202.32
191.17
183.53
175.13
141.49
132.93
129.47
112.28
96.58
103.58
101.11
88.77
89.61
82.46
82.67
94.06
126.32
128.00
144.72
152.76
173.68
192.40
204.05
204.32
190.11
178.28
166.80
150.13
132.91
130.47
125.96
107.18
99.97
99.22
98.55
94.52
90.88
87.23
83.95
101.50
129.09
136.65
148.30
157.99
181.27
201.85
210.76
201.05
198.58
197.80
188.12
183.33
173.74
132.12
128.56
116.74
100.85
103.63
103.07
96.95
92.44
92.13
105.23
118.31
125.24
131.15
157.68
165.83
194.61
210.58
217.18
219.06
202.28
199.23
194.94
185.41
176.51
142.46
136.24
118.51
110.47
106.82
112.43
110.68
109.35
102.81
118.97
129.97
132.97
146.15
166.70
177.45
204.39
213.07
226.03
251.24
217.61
183.11
190.96
191.22
172.35
146.12
137.32
117.11
103.63
101.85
101.69
98.99
87.91
84.17
82.88
99.73
123.33
128.47
135.48
145.76
150.71
173.53
187.36
197.33
202.78
186.33
186.89
183.44
159.94
136.27
127.24
111.09
101.84
103.38
101.73
94.62
92.50
89.44
100.21
92.31
114.30
115.92
129.59
140.44
164.01
182.30
212.88
217.07
230.37
232.00
198.90
178.98
184.28
142.98
133.32
114.73
102.87
100.22
103.31
100.85
101.89
96.75
115.95
119.08
136.66
150.29
200.09
216.89
216.53
252.34
243.36
238.85
232.72
227.04
219.75
200.17
191.36
192.12
152.41
130.99
118.88
123.84
121.91
109.62
110.52
109.32
129.34
142.79
152.47
162.44
187.51
210.98
243.47
241.72
242.31
240.63
229.69
228.13
211.75
191.72
192.56
156.69
148.37
120.19
109.55
106.10
110.80
104.04
102.35
98.54
120.11
123.61
136.78
152.50
186.55
209.44
236.67
241.74
242.39
246.57
236.04
229.10
215.93
194.70
189.61
157.74
146.03
116.24
105.22
102.79
105.42
103.12
102.90
100.71
126.27
141.25
147.78
169.03
175.70
191.87
210.69
226.36
236.74
243.40
227.83
221.82
195.57
191.70
186.03
162.54
148.11
121.99
108.84
103.73
101.49
101.01
99.76
90.18
112.03
127.28
136.24
137.56
157.07
199.20
213.51
253.98
267.62
275.96
238.92
203.79
220.34
211.02
165.73
146.45
142.86
111.32
102.84
100.62
97.10
95.43
96.02
89.46
110.71
119.80
111.62
123.44
133.67
146.78
165.39
175.53
177.83
180.44
182.17
185.34
186.92
182.90
164.47
147.72
138.35
109.01
102.34
101.22
100.26
95.73
95.33
94.55
114.36
123.37
116.24
118.98
136.21
159.80
173.59
173.38
183.79
183.34
188.47
186.41
187.66
182.03
179.85
160.81
146.24
117.82
105.06
99.67
103.07
98.31
96.95
93.70
121.76
129.59
143.38
165.31
168.14
179.65
203.16
213.24
236.84
217.90
199.24
188.48
182.34
172.65
165.24
152.72
146.85
116.62
109.85
99.72
100.21
100.52
95.82
94.33
116.68
125.68
145.28
153.35
162.82
181.50
199.19
217.40
220.94
212.65
205.02
201.60
185.35
185.05
182.94
151.34
138.32
116.33
104.65
102.01
100.29
96.47
91.90
84.73
98.03
130.81
125.63
142.72
165.52
177.86
203.39
218.57
212.27
218.74
227.75
210.82
181.11
178.39
177.29
143.82
137.20
111.03
102.64
98.12
103.63
94.75
91.27
87.39
100.90
125.27
145.89
151.85
159.20
181.54
209.80
224.05
221.47
226.43
225.16
214.95
189.12
182.78
182.61
148.03
143.13
114.65
103.18
101.84
104.13
95.91
94.92
89.08
109.96
137.77
130.28
140.27
162.68
181.02
201.54
215.45
235.32
230.81
195.20
199.04
192.54
183.09
184.13
149.71
143.55
120.65
103.86
103.97
103.00
102.45
98.34
96.32
115.57
130.06
124.29
131.11
140.59
144.53
155.88
163.29
182.82
178.76
172.15
182.06
187.81
181.52
160.58
140.04
136.22
112.78
98.82
103.09
97.98
95.80
89.18
89.45
96.86
112.12
104.21
108.98
130.63
140.21
147.28
150.97
153.87
184.15
184.70
187.36
188.03
180.14
164.43
137.85
134.74
110.80
95.72
98.27
94.44
85.21
84.69
80.89
93.15
104.61
120.17
132.75
153.32
171.26
205.90
219.40
208.25
212.65
207.76
189.61
183.51
184.54
175.14
145.75
139.53
110.44
102.44
99.78
99.53
94.89
86.12
86.90
99.02
126.19
117.55
136.53
163.00
175.48
203.39
223.15
225.23
240.84
213.04
200.38
192.33
188.63
179.38
150.21
143.99
117.46
101.77
98.79
106.70
94.16
94.16
87.54
99.47
122.03
130.59
133.05
159.13
179.59
212.45
231.66
226.02
218.69
196.37
196.67
188.79
186.39
175.65
146.86
146.17
120.52
107.06
109.45
101.88
101.25
95.14
94.15
108.06
123.28
127.50
139.57
148.36
174.14
199.96
211.56
212.89
235.48
232.56
200.19
195.41
192.24
185.83
165.42
145.75
117.17
107.03
105.56
104.71
102.42
100.29
96.05
114.24
123.48
145.74
116.88
167.16
192.63
224.14
258.14
278.73
265.07
268.03
268.79
237.01
217.51
201.70
206.10
187.59
129.94
115.41
115.55
110.41
108.49
104.94
99.81
136.20
143.79
134.51
146.33
165.86
193.91
196.70
205.59
220.23
207.95
243.18
233.51
221.53
220.07
196.27
190.73
183.44
149.50
131.26
128.70
107.46
113.37
110.81
105.76
138.23
150.97
154.42
153.84
173.70
192.12
193.58
207.58
206.85
209.83
220.24
207.05
220.19
206.04
201.81
185.14
154.22
127.85
112.71
112.64
111.66
108.91
109.35
102.93
133.23
151.04
167.90
172.25
199.99
211.03
228.92
262.22
267.69
266.76
247.39
228.21
224.65
219.71
209.29
179.35
150.72
127.72
113.91
113.79
115.82
108.60
104.23
102.79
126.80
148.50
163.40
166.59
191.03
211.25
241.70
254.34
266.40
256.48
261.55
234.22
201.80
205.09
206.40
184.74
147.74
118.94
116.36
109.95
111.02
106.77
102.63
99.98
126.46
138.99
150.74
163.95
180.05
210.21
242.94
238.27
239.02
238.07
232.00
208.11
206.90
192.19
191.99
156.81
149.26
123.27
111.23
104.83
104.80
101.45
100.76
93.35
111.53
132.73
126.32
136.05
144.99
162.35
174.74
190.77
198.71
194.82
203.89
192.95
192.57
193.30
190.11
174.80
145.08
126.39
112.16
107.49
104.45
103.13
100.86
99.27
118.53
136.69
143.53
155.67
164.22
192.18
217.40
236.75
225.55
217.32
208.87
222.81
196.03
191.31
188.70
174.64
143.83
125.39
111.60
113.83
115.57
114.55
115.02
110.08
138.81
149.90
152.34
155.13
154.99
162.87
184.34
190.46
192.82
193.09
201.59
195.43
193.65
190.55
189.04
157.91
155.31
124.39
119.64
125.01
120.77
123.74
113.96
108.04
137.53
150.20
157.18
162.56
181.78
180.49
190.88
203.88
204.05
193.60
203.34
192.99
192.95
187.33
181.07
158.33
142.59
117.25
100.99
104.09
96.56
95.86
88.11
93.28
113.46
131.15
123.10
136.66
160.29
189.78
229.32
248.11
244.89
252.13
243.68
203.29
192.19
192.04
181.68
152.09
142.75
116.14
101.65
106.56
106.35
94.85
93.31
92.24
108.71
117.43
131.97
137.33
156.25
181.35
226.90
244.15
227.97
243.26
227.80
204.21
202.96
191.05
189.96
154.51
152.02
125.02
107.73
107.87
106.50
103.45
101.91
96.52
120.13
138.40
146.11
164.91
173.04
202.17
232.46
220.52
243.35
255.29
239.29
234.95
215.45
196.73
197.13
176.42
173.92
139.85
118.88
117.45
115.02
109.69
114.19
106.27
142.04
165.73
170.94
171.85
197.61
210.83
225.31
221.64
268.48
275.10
247.68
229.59
223.77
208.67
191.53
181.22
164.17
136.99
119.43
123.77
124.02
118.89
108.34
112.94
148.30
172.91
177.06
179.65
226.98
248.35
267.02
279.36
281.29
282.14
274.60
255.70
203.36
197.37
198.61
196.49
198.25
158.05
137.44
134.05
139.32
133.30
123.17
123.48
153.94
172.95
173.72
186.30
199.76
199.36
202.25
208.42
213.79
251.51
256.75
255.77
231.13
225.07
221.88
201.38
198.25
156.78
148.23
138.39
128.84
127.42
127.38
127.81
160.57
185.35
180.35
195.44
203.92
190.23
207.77
224.85
250.17
254.96
255.47
234.69
228.14
236.92
222.80
201.68
176.33
144.49
127.36
130.59
131.15
127.74
127.63
125.93
160.63
181.63
197.75
207.30
238.49
233.68
258.42
276.59
301.84
297.58
288.57
264.52
258.40
218.44
203.32
187.99
190.17
148.49
125.71
122.96
123.81
118.24
122.16
121.54
148.60
173.00
191.80
203.89
211.66
221.76
248.96
289.01
284.48
269.36
265.62
253.49
228.20
219.04
219.35
199.46
194.57
147.99
134.18
119.94
126.37
122.53
122.99
118.26
147.68
168.07
183.18
193.13
225.02
235.61
262.01
260.72
275.68
271.90
235.60
216.38
213.40
212.36
211.77
194.85
168.66
135.09
122.99
120.61
120.62
125.39
124.08
118.63
146.41
168.39
178.83
92.68
182.88
214.63
237.72
242.76
246.94
256.46
234.11
225.16
195.99
191.96
189.86
178.60
151.29
126.37
112.79
111.99
109.49
117.34
111.64
110.12
137.00
152.09
170.48
181.71
190.79
222.65
223.63
226.91
247.15
258.69
233.19
221.55
209.19
195.32
192.40
169.80
154.36
121.78
113.40
114.39
107.75
109.34
102.73
104.54
126.28
138.82
141.97
143.22
159.06
188.33
191.95
188.81
191.31
205.72
220.29
222.82
226.37
200.36
190.03
180.39
147.14
123.31
110.35
112.43
110.19
110.99
107.28
105.53
136.53
150.95
160.45
179.24
171.53
188.96
200.45
193.81
216.65
217.66
220.58
242.51
227.08
209.00
191.15
192.22
189.51
153.09
127.75
126.34
128.92
129.31
124.42
128.40
160.73
185.42
193.73
208.60
213.18
236.19
253.18
258.13
256.41
254.04
249.25
226.66
216.02
212.08
190.96
176.16
160.25
133.64
122.60
125.39
122.05
121.23
121.84
121.44
151.59
169.43
188.89
190.47
186.44
210.26
257.21
264.87
272.08
291.29
256.28
237.42
225.82
216.44
208.46
191.16
189.32
149.90
126.17
126.82
135.95
132.27
135.04
131.04
167.97
196.82
195.34
200.17
205.53
222.29
227.98
249.30
260.16
261.23
252.09
242.40
214.51
209.32
202.35
187.73
172.47
136.67
124.68
121.03
123.67
123.79
132.26
134.15
172.99
198.70
207.45
219.10
206.38
231.96
255.37
273.99
291.69
295.46
281.04
250.84
235.17
223.53
213.57
194.95
190.63
163.61
151.49
136.86
131.57
134.83
132.74
134.52
170.57
209.76
199.97
215.63
217.40
238.23
259.14
266.65
293.26
295.06
294.47
277.12
245.31
238.54
219.02
198.11
194.59
155.51
125.93
132.29
129.03
126.93
128.64
130.41
168.26
189.80
185.59
212.29
233.18
225.06
240.39
246.30
254.30
273.59
274.14
265.28
260.89
250.63
246.93
221.00
217.21
170.89
148.14
138.58
136.76
134.64
134.19
137.45
186.36
211.45
207.14
218.48
235.35
220.03
229.25
235.94
242.40
247.45
270.46
263.68
254.99
247.11
231.47
216.15
192.84
166.14
124.28
121.40
122.76
125.10
124.05
127.98
158.67
186.64
191.98
206.05
203.91
235.15
265.50
261.99
271.44
285.71
286.61
263.65
226.09
209.27
193.84
197.00
177.52
141.88
133.56
147.35
150.27
143.04
148.80
140.68
170.54
191.10
202.04
209.52
226.23
248.18
266.31
268.83
268.66
289.73
285.58
259.92
192.77
176.22
180.21
176.91
184.20
151.95
143.89
145.92
146.32
138.74
141.87
142.36
163.67
177.63
189.61
194.18
192.82
225.57
215.04
214.77
222.44
228.98
210.57
199.40
168.16
159.87
156.37
161.62
153.56
134.59
133.80
132.35
132.51
126.46
125.93
126.03
151.73
165.97
192.04
208.35
215.41
234.02
257.38
259.53
280.49
284.04
273.16
249.30
218.33
213.50
182.67
166.07
159.82
137.36
122.80
126.74
126.74
132.04
128.78
126.13
156.21
178.50
192.68
211.68
232.02
238.99
259.70
278.81
290.56
282.62
283.75
273.33
246.51
226.47
219.02
193.57
167.28
148.99
138.21
122.88
136.15
128.18
128.45
126.98
156.92
175.20
165.56
182.17
190.40
212.52
219.02
217.08
226.25
251.08
251.97
228.46
223.30
223.13
201.18
194.47
173.81
147.90
136.41
137.74
136.08
132.81
131.41
127.44
153.07
169.64
170.52
174.42
168.69
202.77
212.27
213.36
213.01
225.67
243.36
233.81
222.52
222.04
208.01
175.63
161.34
139.85
127.24
125.58
122.90
122.93
122.27
119.75
143.26
166.24
174.67
198.76
227.12
250.54
263.98
283.81
297.12
297.98
294.99
294.56
274.76
230.06
218.37
190.03
172.68
142.22
140.27
133.74
127.00
121.78
121.53
121.42
157.08
183.47
188.56
200.87
200.13
212.27
227.71
253.98
260.97
255.71
256.01
254.65
222.73
214.82
190.11
176.42
167.97
140.36
140.39
135.71
126.48
126.55
125.90
120.00
152.19
179.86
188.91
194.37
216.04
240.38
261.70
283.34
290.57
286.90
280.37
283.88
254.99
194.74
187.02
159.80
157.97
132.72
117.73
119.49
123.04
121.82
113.25
110.02
139.58
164.32
173.34
210.11
215.14
238.13
261.01
260.84
260.27
256.99
259.18
246.33
216.80
195.78
197.76
181.88
186.95
126.97
119.33
123.80
128.59
127.54
126.58
121.44
150.93
174.74
179.19
188.59
214.93
226.90
227.96
250.98
267.56
239.66
223.45
217.82
202.31
191.19
165.59
154.36
152.12
126.65
112.99
114.14
112.04
112.42
106.38
104.46
134.10
154.48
151.11
163.05
177.77
206.56
215.34
245.13
231.33
237.78
211.05
214.59
192.63
174.42
154.88
159.25
156.38
135.68
125.73
127.59
115.25
117.52
115.92
116.89
146.71
166.43
151.59
168.74
172.88
181.10
183.79
194.53
211.86
216.62
215.21
212.95
214.44
205.57
186.16
172.98
168.66
140.65
125.87
128.66
119.01
115.57
115.46
115.38
144.22
171.67
164.77
166.12
184.03
212.52
235.11
247.74
253.66
273.43
259.01
235.06
219.59
192.76
197.95
157.09
133.77
119.67
109.42
108.62
108.70
106.56
98.71
97.42
117.20
139.47
144.79
155.96
181.48
212.21
226.63
241.87
259.68
265.20
252.59
229.60
203.76
192.22
178.54
156.22
143.15
119.06
105.03
105.61
108.26
109.22
100.10
91.62
122.54
140.35
143.59
159.32
186.53
203.29
240.35
241.51
249.91
251.77
246.20
237.67
234.07
231.74
229.29
177.87
156.17
120.47
106.06
104.59
104.60
101.38
96.81
102.39
129.82
145.30
154.49
191.09
227.28
248.86
248.69
251.60
255.87
260.33
248.22
247.96
233.26
230.05
224.80
210.96
178.26
133.28
114.60
106.93
107.93
107.17
99.43
97.03
128.90
156.28
173.05
201.29
217.46
240.64
251.65
247.92
249.13
250.19
249.12
243.17
226.29
220.90
218.13
196.99
179.45
142.83
124.67
123.50
121.76
121.85
114.52
115.71
149.65
189.86
183.67
204.48
220.21
243.54
246.77
245.58
245.42
254.32
246.99
244.38
249.02
248.56
243.04
237.21
216.77
160.36
114.90
104.97
103.01
102.11
100.32
97.95
125.06
141.44
131.06
163.26
181.02
193.23
194.49
223.74
231.89
236.91
232.15
235.45
232.89
228.54
203.03
177.82
173.31
129.32
95.17
92.00
93.32
94.84
89.37
86.99
119.49
148.44
161.46
190.43
218.04
227.72
263.88
278.31
278.17
278.82
275.76
276.00
274.67
274.46
259.65
207.08
185.19
147.16
114.59
100.85
102.62
97.06
98.26
93.44
120.31
155.38
158.42
182.46
206.36
231.60
272.47
287.49
292.59
318.61
312.15
310.06
303.03
295.06
269.48
235.12
200.98
148.12
115.82
104.41
107.96
102.81
101.20
100.79
125.85
159.04
172.30
201.30
223.08
254.22
250.01
289.82
288.23
309.26
324.31
309.49
315.45
307.08
261.95
204.36
182.35
147.85
118.36
115.96
116.26
115.78
109.38
106.03
127.69
155.32
169.28
193.56
232.48
277.18
285.42
293.15
306.70
318.29
316.93
315.92
312.51
295.08
253.90
245.12
232.56
182.00
148.57
146.16
146.38
139.01
130.47
127.43
147.18
179.57
190.85
210.96
239.62
253.50
279.48
279.90
280.50
280.89
281.70
271.23
264.63
246.73
217.72
189.59
180.16
143.62
127.74
0.00
9.25
114.41
121.60
126.32
151.90
174.59
157.46
170.51
196.31
195.81
195.81
219.73
239.51
242.86
252.93
251.97
254.17
228.54
222.53
201.73
186.30
146.88
126.21
130.04
130.61
129.40
127.86
128.30
151.73
167.54
160.92
198.03
197.08
210.69
216.32
217.52
244.43
237.50
239.91
242.34
234.97
236.10
216.90
200.14
191.66
155.74
131.52
130.44
123.95
121.98
119.79
118.48
141.16
175.43
191.07
224.03
229.11
254.55
308.83
314.09
309.06
304.87
283.53
302.71
307.12
292.89
274.35
221.88
207.15
160.92
137.93
132.06
126.60
125.11
124.23
120.08
146.45
189.73
202.78
226.11
251.85
275.89
297.85
313.49
319.43
328.62
323.43
323.04
316.53
310.47
295.85
247.31
227.15
170.58
145.16
136.29
148.38
138.16
135.27
130.22
159.74
197.17
200.91
209.62
243.94
280.49
288.29
284.42
320.31
319.39
312.75
311.02
311.09
303.75
299.07
244.15
207.15
185.19
158.09
149.54
143.32
147.60
141.55
131.70
156.15
195.90
197.76
213.42
238.64
240.01
253.35
260.88
270.77
269.93
285.45
299.64
298.56
281.16
269.89
216.81
207.42
173.38
140.50
139.36
133.56
135.91
131.32
132.26
153.66
185.68
196.97
214.38
238.18
246.64
272.16
289.12
307.46
313.23
306.17
310.54
297.78
262.44
240.78
218.58
208.73
161.49
138.49
134.65
127.05
127.84
130.53
129.88
150.70
171.74
159.42
178.51
190.90
189.60
199.83
217.25
220.72
223.85
222.70
243.34
226.94
224.01
188.06
176.17
178.12
145.89
132.24
131.92
127.50
129.25
131.02
134.40
152.22
168.90
163.01
177.11
192.33
183.02
207.29
217.31
240.21
247.24
245.92
231.32
201.85
193.16
178.36
169.65
164.58
131.16
121.77
119.75
122.20
116.40
114.43
105.84
135.78
164.77
157.43
173.10
174.41
175.30
176.43
215.39
222.62
212.52
216.88
219.72
215.68
218.59
204.28
194.89
171.03
136.48
128.69
124.59
123.95
121.11
121.46
124.80
148.51
191.51
199.31
214.36
242.53
247.18
272.41
284.59
288.45
312.00
313.36
311.40
310.26
286.56
279.63
237.29
211.70
177.54
146.46
137.43
137.49
133.61
136.30
129.89
159.53
186.07
198.43
201.57
229.06
274.93
277.76
279.49
303.60
325.44
321.82
317.61
312.80
291.35
279.59
250.05
222.53
180.88
146.26
141.18
145.53
134.99
133.75
133.33
154.26
199.96
208.24
225.09
240.78
273.91
281.50
286.52
282.24
289.11
287.08
283.20
274.92
272.94
261.81
230.70
198.48
158.70
134.06
131.29
136.02
129.80
122.50
120.87
149.70
192.59
199.80
213.06
228.35
246.69
266.44
275.55
270.75
287.03
297.83
277.06
276.79
264.66
241.83
205.36
190.95
157.11
135.07
133.25
128.84
128.46
130.39
127.14
151.35
168.82
166.72
185.92
196.04
188.46
207.33
237.44
234.86
235.52
250.71
254.57
230.88
228.25
219.93
181.31
173.96
145.12
133.37
133.57
130.74
125.69
128.69
121.22
140.73
164.04
161.08
185.31
198.37
193.78
218.47
228.97
222.21
228.70
242.97
224.67
234.27
222.95
191.76
185.22
185.25
147.54
121.80
122.08
129.97
129.08
125.19
113.61
137.01
174.86
185.59
210.64
210.22
239.59
266.43
271.17
268.92
273.58
275.66
279.07
267.08
229.91
201.59
197.60
183.44
149.11
133.49
140.28
147.98
151.77
151.43
150.59
170.65
196.07
201.00
210.03
224.18
223.12
246.44
262.93
265.24
276.72
264.44
264.58
263.59
221.98
192.46
189.32
194.67
150.25
146.47
139.74
143.88
136.58
137.03
133.78
159.93
191.83
189.16
186.92
204.36
221.72
235.98
244.60
238.81
247.98
236.86
233.21
222.35
218.36
201.03
186.16
172.43
144.35
134.35
115.40
107.81
109.83
106.65
102.44
124.26
152.88
162.41
174.96
195.13
207.50
216.11
217.45
248.31
257.43
255.70
251.01
244.11
243.18
211.39
172.00
155.74
125.14
100.56
97.94
99.99
94.22
90.08
86.33
109.12
128.29
130.18
143.48
168.31
194.31
220.31
176.85
191.25
190.08
269.72
300.76
252.64
249.40
202.40
188.30
184.45
138.89
114.43
117.60
123.98
122.32
122.94
125.22
150.06
170.44
159.04
165.83
203.64
203.20
200.34
227.28
220.12
228.71
240.71
219.19
190.33
183.14
175.07
160.45
160.14
128.70
105.53
106.87
107.21
101.87
100.43
99.67
121.50
144.68
143.89
157.58
171.48
191.60
203.70
201.55
211.25
213.66
221.55
222.91
223.23
212.86
185.37
161.50
159.52
126.56
111.54
105.14
110.61
107.00
102.50
107.43
128.31
162.87
172.50
202.44
224.94
244.61
275.17
280.75
271.68
245.92
230.63
237.64
225.80
211.16
196.11
184.30
174.42
140.15
114.81
109.01
110.98
106.95
99.95
98.91
95.34
130.16
154.16
162.54
185.57
219.87
251.66
280.52
268.37
263.32
257.37
251.36
229.55
224.86
212.98
191.13
179.11
146.36
116.93
114.17
111.01
105.53
102.81
100.94
123.83
152.07
157.87
171.29
221.06
247.64
249.86
262.63
264.06
255.28
253.04
247.61
244.63
236.53
203.33
181.81
169.34
129.39
111.37
102.29
100.97
100.18
98.56
90.36
120.49
155.06
147.45
163.91
192.25
222.41
242.78
257.13
253.06
251.44
247.94
247.46
238.31
225.65
201.12
187.58
185.71
138.26
111.02
100.72
103.46
100.51
94.79
93.07
115.53
121.14
123.63
142.14
162.46
181.58
201.55
216.23
217.15
209.53
215.40
210.01
208.04
197.58
169.88
165.92
146.97
109.01
94.18
93.88
93.86
83.23
81.01
80.71
83.41
93.44
97.40
131.57
135.01
146.28
153.07
153.71
167.51
182.78
191.22
177.40
182.30
173.90
143.19
134.57
130.09
104.12
88.30
87.43
80.45
79.48
79.67
76.86
83.75
89.65
92.23
119.39
136.66
147.46
154.46
170.97
183.51
201.00
201.93
201.31
200.82
195.46
168.16
154.50
139.91
118.37
114.01
132.22
135.39
133.69
124.45
121.91
147.39
185.46
176.17
204.92
215.20
228.24
233.29
240.57
183.32
96.82
234.14
225.81
197.94
193.48
173.80
165.20
139.92
115.20
99.39
93.61
98.41
89.76
84.67
85.22
90.42
114.51
120.52
130.48
155.37
166.22
177.99
184.38
204.41
215.50
215.87
211.25
215.05
202.99
188.41
171.41
155.40
121.07
97.62
91.53
93.71
89.98
92.03
83.07
85.94
118.90
137.64
146.58
169.13
182.58
193.59
211.71
218.31
225.16
234.15
252.55
235.80
209.65
203.28
185.30
158.73
137.57
114.28
108.13
105.38
103.49
108.49
105.82
122.36
143.03
150.57
181.21
185.85
188.24
210.58
234.67
239.12
238.38
218.76
208.82
198.66
198.16
186.23
172.06
159.82
125.98
105.72
100.48
103.59
96.04
90.91
89.74
99.66
122.58
133.27
151.69
170.97
171.48
187.58
205.54
219.28
218.67
202.87
215.33
194.97
164.50
150.54
152.64
140.39
113.16
93.13
99.79
97.88
94.05
89.11
82.09
86.67
103.16
102.61
122.64
132.84
143.22
154.05
175.03
189.98
195.53
183.18
172.94
164.63
165.08
152.97
160.40
144.24
113.11
94.15
95.03
92.33
93.15
94.43
82.79
100.34
106.12
103.50
120.81
138.36
149.31
160.01
168.83
179.20
187.70
189.79
181.38
168.46
164.58
145.51
139.47
138.54
106.45
84.67
82.09
81.69
78.82
77.05
74.97
70.16
95.76
101.99
97.20
147.16
160.90
181.97
194.09
213.14
216.25
209.81
200.27
187.27
176.32
166.01
147.68
133.67
110.80
88.22
82.76
91.60
81.38
76.96
73.64
78.79
93.31
107.66
117.99
140.26
163.12
193.85
197.84
200.74
214.68
224.62
215.03
218.65
178.13
156.64
139.92
134.56
108.51
89.17
80.16
86.94
80.83
78.68
79.48
80.61
90.51
97.94
118.10
153.77
164.30
181.17
187.00
205.25
205.75
199.44
196.83
195.19
174.43
157.56
145.76
136.56
115.05
87.96
81.81
87.74
73.70
67.96
68.54
71.11
82.92
93.17
106.58
137.17
145.29
162.38
183.56
191.95
189.82
187.30
183.20
178.17
179.44
173.37
146.21
135.25
111.25
93.49
80.85
77.20
75.61
73.50
72.00
73.87
90.96
98.40
113.46
124.39
136.60
163.56
178.32
183.13
182.99
181.37
181.90
178.64
172.29
145.90
142.88
124.79
103.20
93.76
87.85
80.19
74.41
72.20
69.80
73.82
78.62
75.78
96.77
109.49
116.92
120.26
137.88
137.61
141.79
144.64
144.63
143.08
138.34
129.01
127.19
112.27
88.22
75.64
70.70
69.74
64.40
64.65
63.23
65.96
68.84
68.74
86.76
98.97
111.57
113.14
120.14
134.28
134.18
142.05
146.84
154.98
121.54
117.65
121.38
117.25
92.04
70.67
71.81
65.11
65.95
64.77
60.26
61.02
75.06
86.34
105.41
128.54
145.15
152.37
175.62
185.97
191.26
200.18
204.40
191.53
168.02
138.49
135.50
135.15
102.52
82.82
80.27
79.66
72.59
68.04
66.70
70.83
87.87
97.91
114.77
141.91
141.25
159.80
184.12
181.35
200.85
193.26
187.60
172.73
161.85
153.36
127.94
126.31
106.59
83.90
75.29
77.02
72.88
71.62
67.69
70.46
83.23
87.47
99.82
120.33
129.33
154.06
155.69
165.01
175.13
174.61
175.54
171.00
155.81
149.59
128.92
123.95
103.94
82.94
78.31
73.66
78.00
74.50
66.95
69.19
81.43
87.68
100.19
126.00
158.67
163.00
174.32
172.30
187.68
186.79
187.72
177.19
153.05
148.11
131.57
116.65
92.20
77.98
72.39
77.99
73.35
68.35
60.98
62.90
75.15
82.08
97.57
114.17
131.23
136.05
144.42
152.76
154.98
140.66
138.38
130.78
119.99
115.79
111.66
109.58
81.26
72.52
70.22
67.22
63.70
61.40
63.72
63.92
63.58
63.41
69.62
94.06
104.34
116.88
125.35
133.00
133.26
135.83
136.36
138.05
122.06
112.11
109.22
96.23
78.86
73.56
69.39
67.89
64.14
58.89
56.05
65.60
73.75
73.88
68.72
88.72
108.31
119.74
126.30
134.15
140.73
137.32
140.06
137.12
127.37
117.18
113.83
102.25
79.72
70.14
70.31
69.50
64.91
63.76
62.64
68.10
71.03
76.86
89.01
93.92
132.38
131.61
135.40
133.12
130.93
135.43
139.24
130.71
120.27
109.26
104.85
102.75
84.17
75.64
78.87
81.22
82.44
77.10
64.86
70.38
73.00
85.97
95.28
108.08
126.17
126.25
136.78
136.61
150.63
149.26
152.35
144.85
127.36
117.80
113.28
101.87
86.12
74.71
75.89
73.73
69.66
65.14
63.12
67.50
85.59
90.06
102.56
130.96
153.48
166.24
182.95
204.23
205.82
206.30
197.56
187.71
171.50
161.86
146.87
133.04
114.61
91.58
88.04
86.26
87.15
78.82
82.37
96.52
104.96
99.02
127.70
163.12
163.41
185.98
192.21
213.01
211.25
203.33
204.42
198.41
182.85
164.16
152.89
141.49
115.10
91.57
85.88
76.79
75.64
78.15
74.66
74.43
87.52
94.00
106.50
134.77
146.69
160.06
160.57
162.08
172.36
166.27
169.56
163.09
158.96
138.77
122.71
117.09
84.79
69.33
68.13
64.03
67.81
62.30
63.14
70.17
66.69
61.47
75.34
93.43
121.95
132.59
130.54
131.84
136.50
136.69
136.51
137.11
125.29
110.46
102.84
91.26
76.52
66.83
62.19
56.48
57.23
55.48
53.58
68.40
74.29
70.97
84.16
89.03
97.68
110.06
132.56
130.46
138.43
142.41
142.59
131.20
120.40
107.61
105.20
94.46
74.30
64.69
60.61
57.73
61.73
54.44
53.21
73.82
101.29
112.98
112.35
107.21
123.80
139.60
160.67
166.28
154.97
161.75
155.77
147.72
134.48
121.57
113.40
96.81
84.05
73.69
67.92
67.53
61.42
57.21
56.17
67.26
80.79
95.61
100.68
103.81
136.44
163.71
178.74
170.57
191.60
191.59
186.58
174.82
157.11
148.85
129.97
113.46
94.26
76.50
71.30
72.01
67.24
67.70
57.09
65.48
83.63
94.14
101.45
118.84
140.54
163.45
158.45
167.69
170.73
187.21
186.31
163.53
139.28
133.37
122.01
111.76
90.63
82.81
75.21
74.89
72.23
68.13
64.36
71.82
80.74
86.96
104.74
133.97
150.18
166.40
167.69
166.78
171.53
172.21
174.76
160.46
153.88
149.19
133.01
108.48
92.30
83.55
76.85
73.58
71.63
69.40
66.82
72.65
78.75
82.83
88.38
107.40
129.18
145.34
150.18
158.16
159.56
155.11
149.03
142.13
123.09
109.66
103.23
97.59
79.92
72.06
70.05
69.14
65.79
57.88
61.00
69.55
83.03
90.33
99.74
99.71
101.07
119.22
140.79
137.26
139.56
136.03
135.65
134.07
117.92
108.74
96.61
89.35
73.52
64.05
61.73
58.46
56.86
57.34
54.70
69.12
70.88
69.46
76.04
87.11
104.90
120.57
140.17
147.98
144.19
134.51
138.35
138.08
121.77
121.97
120.87
115.85
90.41
73.68
72.58
72.22
73.40
73.29
65.13
66.09
71.77
85.35
95.37
102.64
111.42
128.41
127.66
138.70
139.42
135.07
135.28
122.68
108.88
98.93
95.80
89.36
73.92
60.08
60.75
71.67
72.46
72.44
72.08
105.92
133.27
135.35
144.45
136.39
131.25
122.75
133.89
138.22
139.33
133.64
132.50
132.07
105.96
99.27
96.69
93.25
83.84
66.62
56.43
67.36
76.16
74.94
74.79
102.46
124.05
125.44
135.71
136.73
124.82
117.40
107.64
117.61
120.39
119.66
118.12
108.54
101.60
105.07
95.36
85.26
78.25
62.34
71.03
78.87
75.03
73.54
74.32
117.58
150.19
156.69
162.11
149.61
130.13
133.53
145.13
131.37
142.92
143.52
143.19
125.90
107.60
95.12
96.56
93.16
74.40
67.37
71.11
71.32
71.26
76.09
76.38
115.17
149.72
160.75
158.81
140.15
136.09
147.12
141.28
148.90
152.07
147.81
146.67
128.12
111.82
101.56
92.82
90.94
72.04
64.29
74.98
75.29
75.63
74.58
73.20
101.29
113.54
115.65
122.73
123.37
120.96
119.37
133.58
143.38
136.54
129.00
132.16
122.11
103.13
101.77
90.49
83.10
76.03
65.94
62.32
61.33
57.74
55.28
56.47
79.06
105.38
102.60
97.76
107.15
105.22
132.28
138.68
136.60
135.52
132.33
128.34
124.69
105.07
98.23
95.88
94.91
73.41
60.21
55.85
55.36
54.44
54.74
70.10
98.78
131.31
132.63
139.97
133.47
135.09
144.07
168.33
162.45
161.16
165.96
168.90
157.22
133.63
126.20
117.08
110.81
85.92
71.18
65.39
61.85
61.15
59.24
60.27
80.86
104.47
107.32
118.17
116.83
126.89
152.04
171.29
169.93
176.78
169.08
182.40
178.24
155.38
136.62
136.19
132.91
98.30
80.13
73.10
70.13
67.99
67.87
67.49
74.82
90.64
93.48
101.80
122.37
139.31
167.58
169.97
166.77
163.78
153.63
155.70
151.08
130.63
124.70
115.59
116.01
93.19
76.98
68.21
62.41
62.46
62.79
61.89
71.48
78.82
87.53
100.16
112.17
124.67
148.73
149.72
160.37
176.58
162.87
163.68
158.19
145.42
136.10
119.39
114.36
93.37
77.51
70.96
67.52
65.18
65.32
64.67
75.42
91.05
96.63
106.92
131.60
148.57
159.20
166.62
178.20
171.59
169.97
166.90
163.27
159.81
138.32
133.70
122.06
94.31
79.84
73.06
72.54
68.04
67.06
66.81
68.30
71.34
68.55
77.65
91.77
110.11
119.17
129.97
139.94
133.45
131.05
138.95
125.71
120.47
106.43
105.31
101.66
83.24
72.87
74.02
66.21
63.23
63.73
68.61
68.78
69.86
68.88
79.27
84.70
105.74
120.20
130.95
136.68
138.47
131.09
136.19
134.71
120.41
114.21
108.84
99.87
83.22
71.27
68.51
64.47
61.40
63.29
61.93
49.08
0.00
0.00
0.00
35.60
113.63
59.38
77.94
135.61
122.25
119.71
126.05
123.01
92.22
60.58
62.10
62.50
60.55
59.12
58.25
58.43
57.65
58.30
57.09
58.77
74.12
75.06
83.46
123.91
151.64
196.87
192.96
180.29
159.90
150.75
149.02
146.36
127.72
126.23
110.22
86.65
74.56
63.90
61.76
58.37
58.76
57.94
61.00
99.47
124.01
130.44
126.03
111.57
98.00
81.13
93.49
97.48
175.08
147.19
150.68
138.79
134.30
125.81
105.42
98.84
81.97
70.50
65.56
60.13
55.12
61.06
72.97
93.23
111.73
117.44
117.55
125.21
122.98
140.41
139.88
157.13
155.56
158.97
152.31
148.49
138.73
134.68
109.35
99.10
83.96
69.76
65.40
64.38
62.46
58.99
57.49
88.55
116.65
122.28
119.28
132.42
122.56
129.57
149.74
152.63
151.02
148.49
147.79
140.08
116.16
102.04
96.83
88.94
77.42
66.26
66.68
62.33
62.62
61.08
61.53
81.88
99.32
103.51
107.69
111.17
102.42
101.24
113.08
126.33
136.64
139.37
135.80
122.24
106.51
100.67
97.43
91.89
73.70
64.68
56.19
55.23
63.13
72.59
72.19
91.02
109.28
103.41
106.33
111.11
108.17
107.05
111.73
119.60
126.34
137.15
136.53
131.46
112.47
100.72
93.91
90.73
73.44
64.61
62.36
56.95
56.12
70.79
73.32
95.81
120.96
118.66
122.86
128.51
126.61
136.48
136.32
156.06
155.10
148.68
158.76
143.09
135.09
127.24
110.00
99.02
84.17
71.32
67.32
66.75
66.46
54.29
66.47
91.95
116.93
117.05
121.38
125.93
127.36
148.77
158.39
155.09
146.19
130.63
114.93
104.65
101.96
109.10
100.84
87.58
79.49
74.03
70.47
67.98
62.65
60.55
59.26
69.67
91.86
95.35
100.06
110.44
106.01
112.73
111.91
112.62
118.73
114.56
107.02
102.18
104.01
93.07
85.27
77.17
67.88
58.02
52.61
59.30
71.32
70.05
69.34
87.64
108.50
111.43
115.54
120.15
119.65
105.87
106.59
102.18
99.11
88.44
90.43
96.41
114.85
112.12
104.28
93.15
83.92
71.13
57.96
65.84
69.91
69.72
69.07
89.77
107.32
118.37
135.33
138.68
124.66
118.25
99.55
119.72
116.26
113.43
105.80
95.83
95.48
88.87
78.11
77.56
78.54
75.25
74.21
72.99
71.01
70.60
72.13
100.95
122.04
127.59
124.16
126.07
114.05
111.11
98.91
92.56
98.99
97.75
92.39
91.60
88.16
85.43
81.83
78.55
61.06
65.97
72.45
70.75
69.56
69.87
69.50
98.51
113.07
112.88
113.34
117.61
116.96
113.38
100.61
94.78
101.74
97.76
94.09
93.18
89.48
82.86
80.54
73.65
61.05
69.46
72.69
71.70
70.79
70.41
70.74
102.26
119.29
115.37
124.26
129.02
129.11
126.43
113.33
118.15
120.49
117.30
113.11
106.11
99.85
87.19
91.56
74.72
66.18
55.98
58.70
68.83
70.02
70.96
69.22
92.99
117.73
128.63
135.36
137.85
127.22
124.86
118.40
96.71
88.01
83.10
84.56
83.80
91.89
92.77
105.03
108.55
87.72
74.67
72.11
78.79
80.09
78.79
78.27
109.31
130.71
140.20
142.61
138.61
130.98
124.86
117.10
119.30
114.15
97.25
87.67
78.93
72.09
75.90
77.05
76.76
59.79
52.94
55.99
64.20
67.39
66.63
66.58
83.97
93.65
87.73
83.95
83.14
81.69
74.49
69.30
72.08
72.86
73.51
70.59
68.52
68.62
70.01
69.43
66.14
65.89
57.85
57.74
56.78
55.24
55.03
55.67
64.75
93.46
97.42
99.13
103.01
104.16
102.62
97.97
97.16
89.30
88.18
80.15
84.92
92.16
94.83
94.89
102.29
81.42
70.99
74.15
79.58
77.69
77.77
78.24
111.92
123.74
124.24
118.43
117.03
111.82
104.12
94.91
92.94
92.66
87.29
74.01
69.36
74.80
92.04
97.94
101.07
80.19
70.56
74.32
79.44
78.56
77.74
77.78
111.51
136.74
133.86
123.11
115.08
108.96
103.71
100.45
97.04
95.10
75.04
91.98
77.78
80.65
79.92
81.53
95.96
80.58
70.56
70.00
68.91
71.63
78.96
79.03
112.76
139.59
140.47
135.19
138.64
127.56
122.32
120.16
106.47
113.18
109.60
103.46
96.57
85.72
80.75
74.66
89.47
85.90
75.23
72.70
70.86
70.33
70.68
70.42
108.74
143.72
145.52
139.23
147.47
133.81
122.56
108.22
107.33
110.03
106.48
109.75
100.06
92.74
84.36
86.43
80.83
75.67
59.55
54.85
56.98
65.87
71.37
71.82
90.16
104.10
109.40
105.24
119.35
107.27
114.41
116.66
121.67
125.23
127.05
121.52
117.83
115.22
106.59
96.12
84.28
75.90
64.75
62.01
57.63
59.74
61.94
62.22
75.61
95.67
106.17
103.18
99.28
110.28
117.28
117.28
123.56
124.29
124.50
117.39
112.54
104.98
92.35
81.88
73.82
67.32
59.01
54.76
58.00
70.92
73.08
72.69
92.03
111.42
116.96
117.29
120.55
126.86
111.91
107.81
110.59
117.93
114.45
111.56
102.07
96.45
88.14
87.44
75.18
63.70
53.50
53.42
69.38
76.94
76.22
75.80
91.59
106.12
103.48
113.48
108.13
106.06
97.88
88.72
90.49
96.04
89.55
86.77
84.56
82.10
79.24
76.17
71.59
63.33
54.75
51.85
49.40
55.84
64.24
67.90
80.43
89.69
83.93
90.09
89.47
81.31
73.65
57.15
0.00
0.00
63.04
75.89
77.44
77.22
79.14
76.68
73.38
63.08
53.57
50.73
49.83
59.45
67.14
68.78
81.14
101.96
102.97
104.67
108.45
98.78
104.48
100.63
115.08
113.09
113.27
110.90
91.08
87.01
83.44
77.59
83.56
83.14
78.93
73.44
70.83
69.45
70.97
68.94
98.20
128.94
132.78
145.34
146.61
133.18
125.56
105.24
91.40
93.34
88.91
88.60
84.81
87.54
82.58
76.93
69.84
73.58
82.00
75.45
70.61
69.94
70.68
69.58
90.33
120.90
137.63
141.56
132.30
126.53
121.18
105.44
88.90
102.48
117.18
109.89
96.30
32.11
0.00
14.53
0.00
0.00
0.00
0.00
0.00
0.00
0.00
0.00
0.00
38.02
36.15
33.19
0.00
0.00
0.00
0.00
0.00
0.00
0.00
0.00
0.00
0.00
0.00
0.00
0.00
0.00
0.00
0.00
0.00
0.00
0.00
0.00
0.00
0.00
0.00
0.00
0.00
0.00
0.00
0.00
0.00
39.59
102.07
94.71
82.00
68.05
68.07
68.54
71.06
72.02
71.93
70.23
68.78
68.38
68.23
68.08
87.36
97.18
114.95
112.99
115.48
102.30
104.47
99.41
97.39
93.70
86.91
89.20
90.27
80.16
65.54
66.51
71.18
58.27
55.72
68.98
69.13
68.25
68.56
68.48
87.01
94.48
93.03
92.62
98.21
96.99
101.72
85.88
69.75
74.13
82.27
73.23
81.81
80.75
85.11
81.30
94.53
76.85
70.61
70.69
69.44
69.58
77.94
77.95
102.11
115.81
138.39
138.84
141.32
137.60
133.43
124.25
110.03
94.69
90.08
90.19
87.60
90.83
101.27
113.21
112.77
89.40
71.04
77.14
79.21
76.91
78.26
78.34
101.99
118.67
133.53
141.02
139.50
134.80
121.73
108.80
103.93
88.65
72.05
67.84
65.93
69.42
79.47
97.36
103.05
84.40
73.90
70.18
70.64
76.84
77.07
76.70
102.28
116.01
130.63
127.19
129.51
130.41
122.38
110.44
95.49
75.26
65.79
67.25
65.43
69.68
76.26
86.47
98.62
84.78
71.32
70.34
68.46
70.51
76.67
78.33
103.93
126.39
143.42
141.41
141.58
138.10
113.58
111.37
101.44
78.87
65.52
64.41
62.01
68.72
72.30
87.13
92.16
78.03
71.91
71.62
80.25
81.00
80.97
80.76
106.30
115.37
128.93
126.83
125.95
127.76
124.38
116.58
115.30
96.09
91.44
90.18
74.59
70.71
70.60
77.27
92.47
78.85
70.71
71.20
76.00
77.73
77.71
77.46
101.69
110.80
109.49
107.26
109.53
109.04
112.40
95.90
88.77
87.22
80.34
77.52
72.61
68.35
69.28
72.59
88.35
77.12
69.62
70.48
68.73
68.45
68.25
68.52
89.05
105.98
115.03
113.78
110.76
104.35
91.55
92.91
88.76
74.61
68.76
67.04
66.05
65.46
62.76
59.18
71.72
69.59
66.03
28.92
0.00
60.16
64.20
64.72
82.67
98.91
111.96
102.67
92.67
91.21
84.68
81.76
74.96
68.10
60.15
74.54
71.11
47.72
59.95
74.27
70.70
59.07
54.61
52.03
50.39
50.47
49.71
49.98
69.64
80.61
84.66
83.49
78.35
76.87
74.52
72.99
73.21
73.22
73.17
73.99
74.87
79.94
82.58
81.83
81.40
64.32
58.96
59.10
58.32
57.11
57.65
57.81
88.47
100.51
99.00
95.64
94.26
91.90
88.35
86.00
84.76
81.68
77.95
78.58
80.25
85.22
88.36
87.71
87.37
67.14
57.84
57.79
57.47
56.91
57.32
57.78
92.20
105.74
118.99
116.14
111.08
106.88
101.62
97.23
97.63
90.21
82.34
80.24
81.27
88.38
85.64
86.34
86.33
66.17
56.16
57.25
57.48
55.91
56.14
56.82
88.57
102.18
111.51
109.60
110.24
105.51
101.46
98.29
100.31
94.92
92.14
92.51
88.39
89.55
89.21
90.00
90.64
68.77
55.93
56.71
56.46
56.15
56.04
56.34
91.61
104.32
101.58
101.30
96.26
90.95
85.39
85.10
82.41
85.79
85.73
86.05
88.57
90.80
91.31
90.59
92.85
70.23
55.98
56.21
56.42
59.60
56.52
56.78
92.66
109.04
107.63
105.71
104.90
98.99
97.52
89.83
84.86
83.83
81.59
83.59
84.04
89.90
88.87
86.55
89.16
66.50
55.74
55.20
55.27
55.44
54.91
55.17
91.97
106.50
123.08
122.36
118.63
119.08
118.83
117.74
111.13
103.59
106.86
102.67
93.51
93.59
95.23
98.76
99.27
101.53
103.25
103.04
101.68
102.84
103.14
102.68
103.83
104.62
110.22
109.65
108.57
101.86
100.43
101.30
99.51
92.56
88.48
88.60
90.63
93.35
95.15
94.61
94.52
95.62
97.92
