190.06
186.81
188.47
188.63
189.99
187.35
188.69
187.34
193.21
185.19
185.36
182.61
172.90
155.46
151.56
155.21
146.84
146.81
168.77
170.46
173.20
182.97
183.71
188.77
192.26
195.40
201.02
200.67
204.11
204.50
202.51
205.03
212.26
212.93
200.27
189.12
184.91
171.54
159.29
154.41
160.37
151.62
153.53
171.65
170.37
180.74
186.51
191.27
201.19
200.61
204.37
206.16
204.50
210.02
210.42
210.32
221.93
215.65
203.38
193.54
180.45
168.94
158.38
145.31
147.79
143.68
135.37
150.99
171.41
175.17
169.89
177.36
185.65
195.70
193.15
193.69
186.62
202.43
204.66
195.22
210.14
197.31
185.74
172.87
154.61
169.89
220.02
235.49
237.86
243.29
236.03
191.58
168.34
153.62
146.02
164.39
167.59
168.38
172.61
179.11
189.60
182.69
189.84
183.35
191.22
179.87
172.99
213.93
243.56
246.12
240.21
242.71
244.30
244.56
237.59
241.85
237.95
237.56
236.71
234.41
196.24
166.37
158.90
148.98
151.71
159.22
149.99
155.92
164.39
157.43
151.32
157.50
143.82
135.10
149.11
153.25
149.36
157.90
167.78
155.06
166.08
173.21
155.14
163.90
165.93
170.02
169.78
174.71
179.44
178.53
183.32
186.79
194.88
189.92
172.39
148.22
141.25
199.57
240.45
231.85
235.44
239.95
235.97
238.98
227.43
177.39
161.70
154.65
154.04
176.67
160.66
168.86
171.95
177.44
185.51
178.76
187.90
176.09
165.71
151.47
201.98
238.29
232.84
239.89
243.97
242.61
239.54
230.16
234.52
234.83
217.17
170.25
155.72
141.26
149.36
158.94
142.64
156.74
157.02
157.16
157.31
162.83
193.69
231.51
229.32
240.96
237.76
234.44
234.38
231.54
224.24
237.34
235.48
232.10
238.66
231.40
236.52
239.41
238.46
235.38
227.47
172.47
158.00
144.59
140.62
175.88
120.99
238.47
239.72
237.51
228.79
225.24
224.42
230.09
227.18
213.75
167.50
147.86
130.75
133.69
152.63
148.55
150.82
172.55
161.48
164.19
172.27
166.32
184.74
174.27
154.30
169.52
215.02
230.16
223.65
234.29
234.77
231.42
234.36
234.09
223.25
169.49
157.36
139.91
147.00
156.23
151.20
162.37
160.80
167.89
160.77
161.29
167.06
157.53
151.35
137.59
193.70
236.00
233.01
237.86
236.99
233.70
235.26
232.86
234.39
228.79
231.50
181.86
162.17
141.13
135.76
139.78
134.90
136.74
160.90
158.15
153.26
161.87
153.61
177.75
228.54
231.07
231.45
234.44
233.66
230.95
232.11
234.18
229.86
181.67
158.04
143.45
132.21
144.97
144.97
133.88
146.48
161.94
155.12
150.28
160.76
168.63
215.62
236.02
233.07
232.67
240.01
233.44
232.96
230.11
230.11
231.81
223.55
230.69
228.00
227.72
231.57
228.07
229.24
233.18
234.87
233.31
239.32
228.00
184.13
224.75
242.42
233.95
240.81
235.39
232.32
233.62
231.90
228.68
225.97
226.92
224.05
229.47
225.84
195.98
162.14
153.57
132.91
129.01
140.81
141.90
150.83
158.89
163.55
154.32
193.17
220.30
217.60
228.72
225.82
224.79
233.49
221.77
216.65
211.77
217.50
216.26
219.83
190.12
164.13
146.81
128.97
141.26
151.41
154.80
156.12
166.14
163.59
158.46
142.21
207.54
239.95
234.71
238.35
229.13
233.05
231.32
230.38
229.64
230.10
233.14
229.88
234.70
230.00
236.79
179.14
154.31
139.71
127.16
128.94
137.69
144.06
155.64
208.96
214.30
223.86
222.97
222.65
219.91
217.69
219.75
215.49
211.21
212.74
218.24
220.36
203.49
170.91
150.14
134.47
147.30
151.25
154.94
164.41
166.45
170.43
165.55
153.26
221.82
240.82
239.91
241.60
247.62
248.40
237.50
233.39
234.83
231.00
231.78
183.87
156.57
143.19
137.67
151.59
153.81
146.33
159.86
164.30
168.88
177.41
166.42
171.46
221.91
231.39
238.64
236.79
238.39
237.34
237.21
228.22
228.02
227.98
226.65
221.42
163.97
146.01
133.71
126.38
140.57
144.16
153.88
155.34
158.65
155.45
153.43
178.89
222.42
231.36
226.57
233.11
232.84
235.79
234.46
239.62
232.24
181.38
157.41
147.60
139.79
151.83
159.10
157.83
173.35
167.57
176.43
176.18
184.16
191.85
184.47
185.30
158.73
135.53
160.59
210.21
239.08
233.59
239.50
217.41
169.12
152.25
139.88
143.18
160.46
165.68
167.51
172.92
177.09
178.98
184.03
192.06
196.65
199.21
190.00
183.85
162.96
148.12
133.23
209.00
237.69
236.06
246.30
243.43
187.51
162.28
150.01
147.37
172.60
167.61
179.89
178.07
182.67
188.10
192.53
190.30
195.67
195.15
204.22
178.71
165.22
142.13
196.41
233.53
237.65
237.71
240.33
231.29
232.05
233.24
227.92
178.83
162.63
160.73
150.81
157.06
168.20
167.44
175.49
185.19
184.60
193.51
183.99
173.31
151.11
201.69
234.79
235.06
241.27
240.86
236.02
231.64
233.37
234.56
205.42
167.75
151.98
136.93
152.80
163.82
173.65
169.21
179.29
174.85
186.57
183.33
182.39
210.49
239.71
242.99
243.48
248.20
249.25
247.69
244.08
237.01
234.74
233.82
193.68
163.90
142.63
133.33
141.54
154.09
152.71
159.37
181.09
165.12
161.65
184.00
168.78
160.51
220.25
233.14
236.61
238.92
244.83
240.39
238.37
232.10
232.85
228.20
229.01
176.76
153.74
138.98
141.80
159.30
158.12
169.68
165.38
173.21
180.26
175.49
181.02
150.92
213.09
235.66
226.36
240.37
239.19
179.18
231.59
232.09
233.28
233.09
231.76
229.44
232.60
174.56
151.84
132.88
129.24
141.65
144.86
146.91
144.81
151.05
138.04
211.86
234.12
231.53
234.25
233.99
237.99
245.02
230.20
228.50
230.25
232.99
232.52
229.46
230.81
230.81
234.76
233.11
237.72
234.51
236.71
236.88
245.39
240.10
245.11
237.91
242.93
235.58
235.06
233.00
233.06
237.55
231.28
224.30
233.65
230.39
230.52
226.03
229.54
236.12
237.29
198.37
168.33
145.95
130.15
138.80
156.66
149.07
153.11
212.09
239.37
229.10
237.14
234.40
233.36
230.88
229.51
225.38
230.27
229.86
230.78
230.33
230.20
227.14
234.36
230.71
229.77
233.47
231.44
176.82
153.81
141.70
196.30
223.84
226.61
231.06
230.30
229.76
232.25
233.98
229.89
225.00
229.89
225.55
228.84
228.84
231.27
182.94
154.00
137.10
120.34
127.12
138.34
202.58
232.00
235.89
241.59
230.77
234.80
227.98
222.38
226.60
226.75
229.61
231.69
223.39
228.94
224.67
224.04
224.87
227.77
224.42
227.37
227.21
226.20
227.27
223.98
226.35
229.39
233.24
236.06
236.23
239.61
237.70
234.57
235.96
235.42
238.04
234.48
236.59
229.54
235.37
235.54
234.97
205.07
166.16
155.14
135.12
123.76
131.81
135.40
139.74
149.22
167.28
223.90
232.68
237.72
230.49
235.43
226.66
228.17
234.06
234.92
235.05
233.74
233.32
236.34
237.69
212.17
168.34
157.05
147.69
146.21
149.36
158.51
146.03
147.21
156.67
151.80
210.94
227.11
232.97
234.26
230.03
227.98
228.38
235.70
229.82
233.95
235.36
239.21
227.62
174.17
150.33
134.30
123.29
147.42
158.89
164.80
157.32
166.88
171.91
168.68
159.28
154.15
145.00
152.04
150.44
158.88
154.93
154.05
159.25
168.62
162.81
169.39
167.83
171.96
178.26
173.10
188.97
181.58
196.82
196.01
208.15
211.29
213.77
212.87
191.70
185.14
161.08
157.71
143.54
148.38
142.65
142.14
152.62
161.59
164.53
158.02
170.24
166.20
171.36
178.30
182.79
190.47
192.54
200.28
194.83
204.80
201.01
208.11
180.62
165.21
144.10
185.47
224.08
236.95
233.83
239.64
232.81
231.05
198.73
168.80
151.84
143.83
162.26
159.64
168.54
169.11
177.67
176.44
176.69
177.73
178.93
178.06
163.05
222.18
231.52
242.89
236.95
238.67
237.57
234.22
201.05
171.50
157.80
153.99
149.94
167.68
167.92
179.71
180.93
189.61
188.57
192.53
193.03
196.64
200.46
203.30
179.89
170.80
188.03
216.84
236.86
235.71
237.80
238.81
232.09
212.61
171.43
158.58
150.56
153.15
165.72
169.80
176.22
171.74
175.77
161.05
167.62
167.39
182.29
173.29
166.05
149.89
133.75
132.45
136.45
131.60
128.88
133.11
135.12
139.91
153.66
168.98
155.47
162.48
179.46
171.47
182.56
184.14
185.25
192.01
189.91
199.24
202.16
199.96
184.74
160.44
181.00
226.14
240.96
239.84
236.14
234.70
235.29
231.41
236.92
209.74
170.69
161.08
143.19
150.70
157.87
148.83
155.31
157.93
163.41
163.61
163.01
169.80
191.03
234.57
234.91
236.45
234.98
233.95
237.76
230.38
227.47
226.47
232.73
228.50
234.80
230.09
232.25
228.07
232.61
231.88
234.47
234.33
234.08
236.95
241.13
240.39
235.67
236.35
234.62
229.83
223.01
227.13
227.28
231.07
229.75
232.16
232.35
239.49
236.99
236.79
247.51
233.83
237.42
233.21
118.70
174.79
234.23
238.41
237.19
239.52
237.99
231.47
229.99
227.87
230.06
226.74
226.55
226.41
228.70
227.97
231.75
230.60
235.83
236.93
225.79
176.94
156.91
152.74
141.45
141.51
150.32
160.78
169.55
159.37
161.38
209.91
219.36
219.38
220.79
222.44
214.92
219.54
223.01
221.75
189.13
159.61
153.15
145.61
153.65
159.82
166.77
176.24
179.59
183.82
184.47
187.48
191.09
185.38
173.24
157.35
190.80
236.25
231.00
237.55
241.06
240.43
218.34
173.98
159.09
160.80
148.61
158.44
163.12
156.54
150.76
160.82
149.86
155.13
161.46
163.84
182.28
172.70
176.73
164.44
165.71
159.45
142.96
142.40
144.76
136.18
150.82
157.35
167.02
156.41
166.79
164.91
160.44
177.52
170.04
187.74
180.87
192.51
192.97
195.38
198.85
196.67
187.91
172.53
160.50
146.48
147.73
144.03
139.51
150.28
158.44
163.80
158.78
172.39
167.77
173.22
177.79
182.35
191.22
189.08
204.12
208.14
207.78
214.82
213.40
213.49
114.89
184.77
164.81
153.31
141.85
145.62
138.44
140.84
151.01
165.15
159.32
163.23
161.46
154.83
170.36
165.17
152.52
157.17
171.65
155.06
156.21
173.01
176.49
166.49
174.68
160.15
153.04
162.53
165.80
174.24
175.91
172.21
182.60
182.77
195.78
191.71
198.47
189.95
193.34
187.29
195.98
192.50
195.17
192.61
197.48
200.32
202.08
207.84
202.03
204.09
192.39
183.45
177.77
176.27
181.19
181.05
185.71
186.73
190.72
187.15
192.18
193.75
199.56
200.40
204.22
206.06
201.55
212.41
206.60
209.88
215.91
200.45
193.16
182.94
168.49
165.35
147.23
142.86
147.90
147.19
153.78
169.27
183.18
169.06
177.72
177.50
178.55
185.93
180.82
184.53
194.64
192.37
205.53
195.03
210.99
189.63
191.82
171.36
182.88
220.79
239.38
232.86
237.43
237.06
236.05
236.90
223.60
176.02
164.97
157.14
154.10
170.79
174.57
174.80
181.57
175.89
187.43
183.16
196.45
184.28
172.99
182.54
225.06
232.68
238.77
235.85
239.85
239.26
235.71
230.82
234.45
228.94
178.45
161.30
145.01
157.61
164.65
176.78
168.52
178.09
172.27
177.33
179.12
177.22
179.96
217.03
233.84
235.65
237.90
244.35
240.57
238.07
229.98
233.59
232.72
234.37
229.82
228.98
226.25
225.36
232.81
222.98
172.66
153.60
138.91
134.67
164.27
205.36
218.33
221.86
228.10
226.02
233.74
235.48
243.36
238.61
234.68
230.89
231.98
232.20
226.42
182.69
152.86
139.14
145.59
144.93
142.18
158.64
179.07
170.16
171.24
155.00
224.14
232.82
238.54
242.37
246.51
244.53
240.11
237.59
231.45
226.81
228.82
227.16
227.61
230.21
218.40
162.74
149.17
133.56
126.20
144.61
156.36
156.82
151.11
124.94
221.46
223.48
223.43
232.82
236.95
236.49
241.17
233.35
235.89
231.91
228.85
223.53
222.53
224.13
224.16
228.21
229.06
227.28
226.07
232.43
234.13
234.38
237.01
237.40
241.05
235.27
236.30
228.64
229.92
237.31
238.07
238.63
231.68
228.71
225.74
223.82
224.23
225.28
224.43
230.97
205.95
156.67
141.93
124.11
129.43
154.44
162.48
228.73
239.12
233.14
232.11
232.48
231.81
232.52
235.60
230.29
230.97
226.03
229.61
231.30
227.84
227.79
226.84
227.90
229.74
197.66
159.94
150.24
137.02
138.55
156.01
194.31
230.97
231.61
236.26
233.43
233.53
237.45
234.60
231.30
227.75
226.96
232.01
227.41
225.45
165.04
139.27
121.38
125.04
149.40
162.97
164.78
173.05
160.03
152.32
187.40
226.43
230.88
237.26
238.66
234.83
232.09
233.39
229.10
239.52
232.22
230.07
231.65
226.15
229.91
230.42
232.19
231.54
233.63
232.52
233.83
235.61
213.20
216.50
237.54
234.00
240.23
232.11
241.78
233.49
236.61
229.74
234.91
229.35
230.02
235.33
231.09
222.24
223.29
215.09
218.20
227.24
230.07
228.58
228.45
233.77
235.51
236.67
232.49
230.46
231.64
233.19
234.97
228.55
226.40
232.38
229.21
226.53
220.89
219.15
221.85
219.83
221.79
223.94
222.92
225.34
226.36
230.57
233.68
234.70
230.44
234.46
236.35
237.55
235.63
233.64
234.31
233.51
236.06
235.09
234.92
231.40
234.79
236.65
183.84
159.12
146.43
132.48
140.13
165.04
170.42
181.88
172.65
181.72
175.88
185.92
165.83
189.62
228.61
230.58
234.97
235.44
229.71
234.26
231.84
237.58
238.08
230.83
231.90
175.84
155.44
143.17
145.40
156.60
165.04
159.47
172.27
170.81
175.70
168.47
159.78
183.19
227.16
237.03
234.04
233.86
234.94
233.54
228.95
228.26
231.98
231.55
228.89
229.02
230.35
232.48
233.20
204.37
164.03
153.35
135.94
148.37
154.42
156.50
183.12
233.75
229.45
232.68
224.67
233.41
226.25
230.73
231.53
226.71
229.07
230.25
229.70
230.61
229.07
229.60
231.78
212.19
165.27
153.66
137.75
129.20
141.52
149.83
147.24
223.15
230.74
203.23
201.26
235.66
218.76
167.46
162.30
206.11
177.61
159.13
147.01
138.05
146.91
151.01
163.76
168.24
170.55
155.96
145.42
151.37
153.43
155.77
180.89
210.44
218.38
220.53
222.03
225.15
227.48
226.18
226.00
226.07
218.97
223.70
210.10
172.86
155.33
149.35
148.70
158.93
177.47
165.29
172.81
182.04
183.32
185.73
180.60
154.72
145.16
167.56
208.12
217.83
210.86
216.74
214.86
210.84
200.40
164.86
141.11
126.55
135.59
158.85
160.77
160.00
172.26
173.65
157.76
162.65
173.33
161.50
179.64
198.05
198.27
201.49
201.18
196.44
198.32
192.01
188.55
184.40
183.07
185.09
189.90
182.04
182.92
179.36
186.05
181.31
185.58
181.44
191.66
189.63
195.88
191.66
194.84
192.31
197.13
189.53
184.88
180.95
175.51
177.68
174.68
176.80
170.49
171.29
173.57
176.78
173.16
182.73
177.27
184.08
179.47
189.55
185.25
190.37
191.24
195.77
190.00
190.94
188.03
180.95
182.36
180.29
181.64
181.96
176.94
176.01
182.40
179.00
177.35
173.86
169.28
179.20
177.71
184.71
186.17
185.87
183.39
189.70
202.28
217.05
226.02
223.36
225.18
222.33
226.16
221.40
215.52
216.16
214.70
212.27
212.59
216.19
211.51
210.51
196.74
197.59
203.77
205.76
207.20
213.85
214.65
218.77
216.45
223.72
236.30
223.53
224.98
223.46
224.79
219.18
212.63
209.94
206.67
209.91
208.88
208.75
209.64
202.03
203.72
210.40
201.12
204.66
208.15
212.89
213.68
213.32
216.75
220.75
219.69
221.80
215.18
219.15
218.01
217.56
215.19
218.92
219.25
213.47
210.86
213.17
212.93
211.18
209.14
202.62
200.67
202.62
202.92
205.89
210.27
215.83
215.47
216.17
215.49
212.75
214.90
210.58
213.31
218.05
216.97
211.89
215.13
219.56
216.26
217.79
217.78
213.87
216.07
221.08
217.53
221.21
179.55
169.30
159.45
166.23
163.33
178.20
212.30
215.73
220.89
224.26
219.49
220.71
217.61
219.39
219.19
218.42
218.69
221.84
218.09
218.71
217.72
215.30
217.11
216.22
191.24
162.71
158.22
150.29
161.65
180.51
213.63
222.86
229.13
226.16
218.44
220.66
217.65
216.08
218.70
228.35
219.02
219.86
217.90
207.07
208.31
211.58
214.43
215.26
214.90
216.41
217.72
217.06
219.45
225.95
230.39
229.90
225.27
227.71
223.05
225.72
220.80
221.87
221.74
221.22
213.30
217.09
216.80
207.59
206.92
213.57
215.69
219.43
215.94
218.63
178.67
162.86
185.25
216.06
222.45
235.60
226.79
227.74
232.90
228.16
225.69
220.86
221.65
217.58
215.45
215.24
210.82
213.39
211.54
205.49
199.67
204.08
209.89
211.41
215.27
214.95
221.01
224.32
230.88
223.85
221.24
222.99
224.25
217.18
221.08
216.49
215.55
213.41
212.60
211.46
213.04
208.27
206.45
206.22
202.23
197.77
198.50
204.89
203.64
206.19
211.46
219.74
224.30
215.84
214.31
217.44
219.96
225.43
229.61
223.85
217.45
213.66
208.40
207.49
207.38
208.98
210.10
210.88
199.18
198.05
211.70
210.00
214.91
217.07
221.41
223.01
226.84
223.82
225.96
227.25
220.37
222.98
220.77
213.93
219.79
213.34
209.09
205.56
209.53
210.57
160.72
104.14
210.32
200.35
203.36
209.42
209.48
182.86
207.82
218.77
225.42
222.22
218.70
214.69
219.67
219.78
222.28
219.84
219.75
208.48
206.08
212.67
217.52
207.72
207.37
205.18
208.01
206.53
216.60
212.19
218.48
220.08
220.64
224.69
225.96
226.72
224.42
222.35
227.58
223.88
215.79
215.78
209.77
207.54
206.69
209.59
211.98
211.16
204.22
203.56
206.19
208.61
210.32
215.17
211.76
219.40
212.71
227.45
224.24
224.14
219.04
216.74
214.37
220.88
220.25
216.69
212.49
211.94
207.62
212.52
212.38
214.61
201.34
205.84
208.17
210.80
211.33
220.49
215.24
220.19
214.20
226.78
227.49
224.01
218.23
226.34
224.16
221.65
213.40
217.15
211.41
205.89
210.15
208.39
213.28
207.71
210.75
196.61
201.15
200.71
206.31
211.92
218.52
212.61
218.23
221.60
228.25
223.70
220.42
230.90
222.76
220.47
218.31
215.13
210.32
213.66
202.46
205.65
209.50
213.05
213.84
214.55
210.14
204.56
202.25
212.01
208.44
207.48
210.78
225.81
222.26
217.95
211.29
211.25
213.68
211.99
219.65
213.93
213.17
210.33
208.24
212.53
212.10
214.04
203.47
208.96
197.35
213.43
212.33
213.80
216.98
215.75
216.13
223.91
224.20
224.74
214.47
219.20
217.90
221.89
220.36
219.79
217.54
212.21
216.46
209.09
209.88
208.04
213.27
214.85
197.47
206.52
202.68
206.46
215.45
216.07
215.49
219.06
221.43
220.43
217.22
219.05
219.39
215.56
215.80
212.80
206.20
207.22
201.97
207.93
207.14
209.48
209.38
214.40
206.56
207.86
214.03
208.78
213.29
213.90
205.61
217.98
219.06
220.44
211.76
213.04
209.16
217.86
214.94
211.41
206.67
209.44
202.80
209.43
206.94
207.99
207.50
213.56
205.80
206.17
204.23
210.17
206.36
214.36
215.87
225.72
222.89
221.63
220.29
223.39
221.15
221.64
222.07
220.11
218.29
214.67
208.63
210.52
209.64
209.46
208.71
211.38
209.82
199.38
203.10
206.29
205.64
207.33
214.24
222.98
222.34
219.31
222.19
224.92
231.39
235.87
242.89
241.21
236.33
222.07
216.64
212.76
206.19
207.60
205.01
206.32
207.83
209.83
210.54
199.66
202.19
204.91
211.96
222.13
222.85
220.38
225.92
233.53
238.35
233.13
229.96
232.27
228.13
223.97
216.07
214.28
204.90
201.83
200.58
205.59
204.09
203.40
210.01
205.38
200.70
205.52
204.45
211.87
219.76
209.76
211.66
210.66
210.85
209.64
213.61
210.42
210.31
210.73
213.78
213.31
216.04
212.17
208.66
208.80
203.81
208.79
217.68
214.38
220.11
212.67
219.17
223.52
225.19
218.76
214.04
118.07
210.62
208.65
220.05
212.35
218.00
221.33
215.80
216.63
215.27
214.59
214.54
226.99
212.25
210.09
207.54
220.11
218.93
217.76
214.98
220.76
222.04
216.30
207.78
209.24
209.21
212.54
207.65
209.73
210.76
207.02
208.78
209.66
209.28
200.06
204.30
205.58
208.44
209.14
208.97
216.35
220.39
218.97
221.82
224.43
221.85
221.40
217.73
220.21
216.51
214.11
214.85
216.79
214.57
210.50
213.33
213.21
216.66
212.44
208.47
211.72
209.93
212.25
215.69
213.59
221.05
220.94
220.22
227.44
227.03
225.42
223.22
220.64
216.18
215.86
216.23
214.44
210.93
210.06
209.88
206.40
204.34
210.94
211.19
215.39
209.55
208.28
203.26
204.98
210.24
209.86
212.44
222.23
217.43
214.96
218.08
219.41
215.04
211.43
216.73
214.37
211.54
211.07
203.51
205.27
198.47
203.56
204.16
212.23
206.62
200.87
198.34
200.68
201.17
205.47
206.85
220.70
218.04
214.34
214.67
211.06
206.49
214.30
205.34
199.08
203.56
195.49
196.22
198.01
204.56
202.48
202.15
204.97
200.69
207.50
198.86
205.50
205.63
208.60
210.89
215.57
210.14
209.29
217.35
211.34
207.47
205.85
207.75
209.35
208.20
207.86
214.97
210.88
210.67
208.21
209.71
202.77
200.98
200.68
201.84
205.27
208.42
207.21
214.30
215.57
219.26
220.53
223.70
217.44
218.75
224.48
218.76
219.76
217.81
217.08
211.40
209.07
205.14
201.50
205.39
207.19
208.20
203.21
204.21
200.07
200.18
201.46
210.25
220.71
216.29
222.82
222.12
234.73
238.56
247.68
248.47
243.97
245.71
226.81
221.65
208.99
204.37
203.68
205.02
203.03
208.54
202.12
208.75
206.30
213.86
215.37
214.97
212.42
218.83
218.14
220.48
218.15
220.86
222.28
224.19
220.22
219.01
211.90
205.15
200.50
206.28
200.78
198.59
200.90
199.14
202.31
204.22
209.51
203.75
200.71
206.72
211.73
212.01
211.35
216.81
216.57
214.05
214.92
213.37
215.71
209.70
207.52
199.87
202.69
201.65
202.27
202.30
204.00
201.65
200.03
199.72
201.93
196.96
206.24
202.64
215.50
210.49
213.47
212.27
215.48
209.30
213.97
208.98
210.09
208.77
202.85
200.58
206.73
202.70
206.30
209.33
208.65
207.76
211.16
209.40
208.75
204.39
203.85
213.25
214.43
215.35
211.58
213.22
216.63
210.32
208.04
208.53
207.59
209.95
202.98
195.79
200.95
199.57
200.81
201.95
208.53
203.14
200.34
197.79
201.02
195.90
205.61
204.57
219.37
210.59
208.58
217.78
218.14
214.19
216.15
221.15
225.32
222.74
219.57
213.59
206.82
206.20
201.35
205.55
200.44
202.80
208.53
202.20
207.60
196.48
205.99
210.64
215.03
215.34
218.04
219.47
230.25
235.40
236.35
235.68
238.02
241.75
230.79
223.91
221.18
206.30
204.31
200.15
198.51
205.71
200.91
207.06
205.00
210.14
209.05
210.58
214.15
219.50
220.39
226.22
236.12
243.38
239.90
245.37
238.03
233.77
229.09
215.26
215.16
212.16
205.79
204.94
197.89
199.48
197.54
198.65
200.60
205.01
208.78
208.19
212.69
216.95
220.10
219.09
223.57
226.07
235.59
232.14
239.28
225.51
221.96
210.77
211.98
200.75
207.73
194.40
204.49
190.10
203.02
196.58
204.29
204.54
208.16
211.30
211.79
217.43
211.86
221.53
216.59
222.29
221.26
228.69
226.51
226.86
218.49
214.95
210.75
209.70
201.69
204.72
200.69
199.40
200.70
196.94
204.07
195.62
205.39
199.82
213.44
209.63
215.07
216.49
213.30
201.14
202.73
214.71
215.52
208.30
212.44
203.13
195.81
200.57
197.65
193.96
189.97
189.80
193.12
191.41
193.47
194.11
196.59
197.73
216.12
205.41
209.44
207.50
209.78
210.84
215.16
214.73
215.35
213.68
206.40
204.39
199.12
200.16
199.30
199.34
205.09
210.83
206.50
204.86
200.56
198.15
206.97
207.77
217.43
215.72
217.28
217.77
216.39
211.28
214.04
227.50
218.69
214.45
210.55
207.69
206.04
204.06
201.36
202.99
205.35
208.93
210.21
201.08
201.71
205.42
207.07
212.46
218.86
217.14
215.90
215.87
215.38
213.03
213.64
210.63
218.65
210.80
208.98
207.42
203.72
200.88
200.08
208.95
209.27
212.09
207.30
199.55
197.41
202.21
208.07
211.82
221.67
215.85
219.71
222.26
223.20
222.05
224.76
221.13
222.58
220.61
220.94
211.06
210.48
207.65
200.74
201.19
201.05
207.93
203.67
205.00
196.80
202.51
205.88
211.22
215.05
219.62
221.55
221.35
222.49
225.79
230.62
227.97
227.97
219.53
216.62
207.56
205.87
202.09
200.67
196.44
201.17
198.24
202.16
206.54
206.48
200.19
205.47
211.05
215.17
219.57
217.30
219.26
221.29
223.85
220.11
220.07
219.34
213.67
213.50
204.89
207.36
201.26
198.98
201.31
201.70
209.08
207.47
209.40
206.84
206.21
206.66
197.91
183.29
183.68
175.30
179.75
191.06
201.19
204.75
206.76
206.72
203.53
205.09
198.83
204.37
198.40
197.34
199.70
200.44
201.56
203.70
203.39
197.69
197.84
200.91
204.57
210.86
209.99
203.68
213.91
214.41
212.46
212.20
202.78
203.64
204.43
201.80
204.96
202.36
210.32
206.34
212.15
209.07
201.80
208.86
202.92
204.58
205.47
216.83
221.11
225.86
229.32
221.24
219.78
232.66
236.02
233.05
227.26
224.28
220.46
217.43
213.89
219.26
216.36
222.48
223.21
224.10
224.03
225.99
225.12
217.51
225.60
224.89
228.82
230.45
228.52
243.74
236.91
236.66
241.85
239.88
234.14
218.94
228.00
232.11
213.36
203.15
198.83
191.55
189.96
190.66
189.60
184.51
186.39
185.31
185.22
184.13
186.23
196.94
107.94
187.85
197.50
197.90
200.63
216.81
205.17
214.77
208.70
198.90
196.02
188.24
189.14
186.62
185.03
178.84
177.72
179.05
178.04
178.53
180.92
187.39
191.01
199.35
199.35
194.69
199.44
200.18
209.96
209.23
206.47
211.72
228.17
213.60
201.78
194.86
192.59
187.51
186.72
184.89
178.09
177.72
176.28
178.29
180.51
184.30
183.63
192.16
195.53
195.20
197.12
206.96
208.51
204.14
198.34
186.07
187.74
192.29
191.35
186.07
183.55
181.60
182.44
180.69
181.31
183.32
184.43
183.87
184.89
190.43
217.56
253.07
265.65
270.33
256.32
258.28
252.54
255.34
269.30
279.07
279.00
272.74
273.34
273.99
270.25
268.80
266.78
268.16
269.61
267.72
268.32
258.50
252.98
256.00
270.75
281.94
277.21
285.27
284.97
287.85
288.17
294.65
286.71
294.49
287.04
287.84
279.20
275.04
270.86
269.38
261.75
264.62
263.53
268.93
256.79
247.97
249.18
254.77
269.14
271.00
273.42
275.71
286.67
290.69
287.59
285.87
295.09
294.63
292.54
289.15
276.35
273.67
266.45
263.27
263.15
264.96
268.27
268.24
263.70
261.56
260.93
256.12
260.88
276.82
271.67
270.19
279.39
289.92
287.26
287.65
283.61
278.12
267.87
261.41
256.97
255.85
256.32
253.81
259.76
257.23
244.56
250.34
253.47
250.02
259.16
253.69
256.31
261.57
256.74
255.07
268.89
268.04
271.53
274.57
264.12
262.83
263.71
264.60
268.45
268.22
260.98
258.31
248.22
250.18
252.93
257.74
252.80
258.16
255.74
255.89
265.63
260.49
267.11
276.12
276.53
275.32
272.18
273.29
265.82
258.83
262.60
264.21
263.15
270.25
267.13
266.29
258.42
249.10
248.52
253.34
255.19
259.04
255.00
257.42
258.35
260.65
278.92
275.05
272.53
272.69
272.26
268.41
269.39
260.15
261.95
262.78
266.17
261.63
259.72
253.35
249.04
251.31
252.59
256.42
258.76
259.63
260.75
260.64
265.75
257.91
266.55
256.46
259.41
252.89
256.59
256.89
267.82
264.55
262.39
262.82
264.77
258.98
265.34
260.48
256.28
254.74
258.66
257.38
265.82
266.85
273.88
271.05
272.48
268.27
262.54
266.01
267.73
273.24
280.77
272.13
268.13
264.56
271.06
268.00
269.50
267.55
259.31
254.42
256.77
255.56
257.67
255.32
254.26
256.97
256.12
261.14
262.30
268.41
263.85
256.04
256.44
260.45
265.46
264.04
265.11
258.29
260.50
261.82
256.65
258.17
257.15
259.52
260.72
258.46
258.06
259.67
255.42
253.94
260.21
264.60
268.22
264.27
267.56
260.41
260.05
260.13
264.92
272.74
271.60
268.84
263.04
260.07
262.33
257.52
258.17
257.66
262.09
258.01
259.03
255.80
265.65
260.89
268.85
264.53
274.18
268.11
270.53
277.37
273.38
278.11
280.57
277.37
273.60
271.81
265.76
263.37
269.14
264.96
270.43
266.35
261.23
256.23
255.73
259.52
257.36
258.03
259.32
260.84
260.41
270.66
278.60
271.29
279.77
276.97
283.11
279.85
284.87
280.62
281.22
279.76
269.85
268.13
268.90
266.78
267.33
267.18
259.91
254.84
255.25
256.57
253.84
259.32
256.29
264.98
271.92
271.35
273.30
271.64
264.92
263.23
258.34
262.21
260.06
260.36
260.63
259.80
267.74
263.29
261.47
257.95
252.99
251.28
254.16
253.06
253.23
256.70
257.37
261.71
259.03
259.29
257.74
265.50
266.57
277.25
272.96
274.42
267.83
271.42
271.62
265.37
259.30
253.99
257.09
258.01
257.77
255.21
254.85
257.87
258.13
264.37
264.83
269.51
268.16
271.78
274.98
275.30
269.36
271.45
275.56
262.73
265.81
261.68
266.37
265.99
266.89
264.39
256.64
252.42
255.08
254.78
257.26
255.47
259.32
259.45
265.44
264.31
274.98
269.36
279.16
279.36
277.06
278.12
280.24
277.32
270.17
265.59
262.66
261.26
262.18
266.50
257.43
251.43
239.09
247.13
243.19
246.19
250.07
256.66
257.74
264.04
275.33
275.53
271.85
279.57
280.90
283.08
281.72
280.92
281.33
282.39
272.14
262.92
257.12
264.50
261.80
255.92
263.91
260.44
243.81
241.78
251.70
250.53
257.85
272.87
273.28
279.74
278.73
278.53
288.18
284.43
279.67
288.30
286.39
283.90
281.26
269.13
268.01
259.43
259.91
259.04
267.23
257.22
254.53
243.20
250.08
258.09
265.53
271.57
275.26
273.23
273.45
273.84
275.78
280.68
279.53
282.01
277.81
283.58
276.46
267.21
256.76
259.04
253.63
255.81
259.65
261.60
264.27
262.17
259.16
258.98
266.21
271.74
269.49
275.03
277.69
280.91
275.73
277.65
275.91
272.78
273.58
275.56
272.89
264.01
260.44
257.98
258.98
258.22
260.90
266.62
262.38
253.78
254.23
258.68
272.61
271.29
270.91
269.18
275.43
273.92
281.65
289.50
285.04
279.46
273.71
277.99
272.34
269.84
264.10
262.93
258.20
263.70
262.98
269.09
257.82
253.91
256.61
260.99
274.07
269.59
270.37
270.42
276.70
282.70
282.66
280.31
280.52
277.31
281.03
279.40
275.27
269.46
267.24
263.41
259.98
260.78
260.55
261.98
261.65
250.75
251.55
257.47
269.77
272.22
269.25
270.89
280.99
285.53
279.87
287.41
289.66
299.98
291.20
290.27
280.91
274.75
266.82
263.90
255.53
258.96
255.28
259.79
258.22
260.16
254.78
260.41
268.17
264.91
270.99
273.88
280.47
280.90
285.48
290.33
294.66
288.52
287.54
282.85
280.06
271.97
267.75
261.84
256.78
256.25
250.86
252.84
250.75
257.10
258.68
264.57
266.25
267.85
267.59
274.83
276.57
273.86
281.94
291.55
283.14
284.43
282.52
281.51
276.69
270.96
268.18
261.11
253.92
255.94
254.00
253.83
258.97
258.34
246.87
250.93
264.22
268.37
266.38
269.97
270.57
277.89
277.98
283.16
288.42
285.28
283.78
277.56
273.34
265.46
259.64
258.23
255.13
256.94
255.44
258.05
256.95
256.11
251.35
254.08
266.45
269.70
268.92
277.61
281.98
284.02
295.85
300.13
306.81
303.90
301.54
294.79
292.96
278.66
273.99
265.88
258.65
255.82
256.41
256.89
255.64
256.73
258.34
259.46
266.01
272.84
282.71
289.70
301.30
303.81
312.43
317.23
321.06
320.84
321.66
309.88
311.66
297.65
290.11
280.62
279.41
268.45
265.13
260.09
257.83
262.08
261.02
260.24
270.76
280.94
284.08
289.74
283.54
281.68
279.10
285.61
287.03
309.29
308.28
295.51
291.92
285.11
272.17
263.12
253.69
249.66
247.28
251.47
249.75
248.15
259.57
260.05
258.86
272.22
276.89
287.04
296.84
300.98
318.03
328.14
328.22
326.90
319.84
312.69
298.77
288.67
278.71
267.35
260.86
252.66
252.59
255.33
255.60
254.08
253.12
254.60
257.70
262.32
279.16
283.35
290.63
302.88
311.62
313.96
313.76
315.42
312.79
302.39
288.20
280.31
270.99
265.09
259.76
254.20
248.95
250.43
255.28
258.89
261.30
259.28
267.74
268.90
276.91
279.28
278.47
290.92
297.77
299.71
307.08
301.82
296.88
291.29
283.55
273.67
265.90
255.53
253.64
252.12
253.37
252.01
253.09
251.87
248.51
252.44
260.64
268.65
272.67
275.36
275.50
277.61
286.58
291.15
295.24
294.96
293.42
288.81
284.25
278.08
273.00
260.69
259.47
254.46
255.37
254.89
257.66
258.96
261.35
263.90
260.52
266.31
273.84
277.04
282.34
284.08
291.62
294.64
296.83
298.78
296.45
292.94
286.20
273.74
270.11
265.73
261.57
257.59
253.66
251.79
252.83
250.96
249.40
257.44
258.96
265.63
268.52
275.80
281.18
285.80
297.83
301.22
302.83
298.85
293.87
290.31
283.20
273.21
267.12
260.19
260.19
256.78
252.86
249.02
248.74
256.09
264.02
268.68
260.14
272.52
275.80
275.82
279.47
284.74
293.68
294.10
299.22
293.01
292.90
291.12
278.57
269.45
266.75
262.04
256.79
255.14
254.37
254.13
256.20
252.77
253.10
263.41
265.86
268.87
271.82
276.35
279.86
282.56
291.48
288.57
293.73
289.93
294.44
288.54
282.80
267.56
263.24
259.39
253.07
255.12
254.49
254.29
260.17
251.80
247.46
253.15
262.56
271.54
277.63
274.17
278.92
280.61
284.88
289.62
295.65
294.61
293.10
288.87
286.48
278.05
264.72
267.27
259.43
257.86
260.80
265.74
263.24
263.87
262.54
269.97
271.18
269.65
276.32
273.17
277.95
278.85
286.03
290.91
289.05
295.41
295.46
287.79
284.36
271.25
266.73
258.76
251.42
254.08
252.87
251.38
251.35
255.63
258.08
257.42
261.29
264.80
267.96
267.24
271.49
273.33
282.08
278.46
278.66
282.22
280.79
278.58
271.93
266.93
264.25
257.93
254.26
256.75
253.96
256.13
257.80
258.38
250.84
257.33
264.32
264.81
261.92
265.78
268.48
279.71
279.85
286.33
286.88
282.70
281.66
274.80
275.45
268.29
263.63
256.95
257.28
255.99
257.09
256.03
253.72
251.25
252.49
251.76
258.71
269.49
269.26
274.91
278.70
283.63
292.25
299.92
296.18
296.30
290.93
291.86
279.46
272.77
267.23
262.94
253.70
254.88
256.23
257.55
259.51
253.53
249.62
251.85
267.62
266.90
274.40
273.97
282.23
283.93
290.67
294.62
293.19
301.18
298.43
294.43
287.78
273.79
268.04
265.00
256.77
254.19
255.54
256.16
252.47
256.43
254.26
254.77
266.83
267.90
268.84
274.51
277.03
283.69
284.26
286.94
295.86
317.81
312.30
309.44
308.11
298.01
290.80
278.64
268.19
262.93
262.76
268.25
268.06
272.21
266.56
270.55
272.48
272.73
284.86
292.99
301.41
308.16
316.27
325.87
328.32
331.52
328.41
328.43
313.48
297.97
289.99
273.07
272.21
267.83
263.14
267.22
266.90
277.50
273.73
274.86
268.37
223.37
303.49
308.42
312.81
336.49
344.61
354.77
361.26
366.04
355.61
346.48
331.19
309.14
305.21
298.83
289.64
284.73
276.21
262.73
262.80
266.70
267.19
270.92
272.68
300.19
300.09
314.98
328.47
337.53
346.59
346.26
359.03
362.17
347.55
351.51
335.34
313.61
309.36
305.55
302.29
296.70
288.97
281.90
270.73
263.53
264.51
265.57
280.12
293.24
302.76
315.24
331.34
342.42
348.77
349.38
351.60
352.42
353.14
344.53
333.87
318.71
318.99
299.76
290.64
284.67
278.89
276.39
265.76
267.91
263.16
265.51
286.30
309.62
309.43
317.90
327.14
341.83
346.48
356.06
362.88
363.04
358.82
348.30
338.03
319.36
303.86
298.52
287.63
285.08
267.84
268.45
264.06
265.79
273.59
270.90
284.66
303.05
300.53
312.66
314.29
334.29
341.99
348.62
352.27
350.12
345.43
342.78
330.79
313.85
300.66
286.42
281.24
269.71
264.28
261.21
267.73
264.43
262.86
268.58
278.67
305.99
298.47
307.08
310.87
321.92
324.65
337.52
343.87
348.55
342.51
339.44
318.32
304.90
292.63
278.05
268.75
266.05
264.46
263.91
274.06
277.29
273.65
273.88
268.87
274.25
285.79
296.74
305.77
315.12
326.31
329.34
344.35
344.98
339.62
332.14
325.70
305.78
300.61
288.76
277.98
269.83
263.57
264.13
265.39
264.21
271.67
271.65
265.22
278.73
295.67
301.61
306.99
320.65
323.41
328.01
337.65
333.52
330.62
326.31
315.07
302.89
297.37
288.06
277.45
291.21
308.79
300.04
288.49
287.41
283.30
284.86
295.49
314.29
299.21
300.80
304.59
308.12
323.82
329.41
334.64
335.46
326.31
325.03
321.73
311.85
320.09
310.42
313.41
304.00
301.28
294.10
281.84
281.38
279.67
288.81
307.60
316.37
328.64
326.22
336.62
340.89
341.79
331.04
345.97
345.02
338.83
327.52
315.34
300.07
289.57
277.19
261.10
266.21
265.93
272.90
273.34
273.31
276.04
275.72
268.48
274.14
285.06
293.57
302.74
311.76
322.78
333.80
332.92
328.34
327.28
320.46
308.91
291.46
278.86
268.42
263.79
262.43
269.39
270.53
279.10
273.83
275.12
268.81
277.78
278.76
290.60
296.71
306.21
307.52
322.28
332.35
338.83
336.80
332.16
321.98
319.28
303.23
299.14
290.91
281.55
267.85
267.55
267.04
268.13
265.92
281.21
284.38
271.58
280.76
305.23
312.19
311.06
317.27
344.83
362.56
372.44
368.47
360.21
353.31
341.15
317.48
315.91
310.53
298.00
285.81
282.79
276.83
270.26
262.10
268.93
279.57
273.97
284.45
306.26
310.67
315.83
335.58
361.41
377.94
376.60
371.59
353.77
341.10
322.91
312.48
302.50
299.28
289.10
289.96
284.58
282.71
278.17
274.94
280.42
279.57
287.81
303.90
328.14
334.31
341.81
354.86
356.82
350.33
343.17
349.13
346.87
341.88
327.05
323.57
313.60
305.03
300.55
293.67
296.36
295.00
287.94
280.51
275.98
275.91
284.86
302.72
311.03
320.93
331.47
338.88
344.52
359.30
374.60
372.26
368.00
349.02
338.53
324.65
321.90
324.42
316.56
310.19
303.78
302.71
303.81
297.16
296.62
299.42
301.32
317.07
331.36
352.10
363.50
373.51
376.41
388.95
377.36
371.35
361.41
362.55
342.84
332.63
319.84
321.76
324.97
316.27
309.45
308.51
299.98
300.64
301.47
304.25
317.83
332.45
339.80
355.35
369.52
385.52
388.59
391.15
379.25
376.97
367.40
372.64
362.44
346.46
343.13
331.11
323.07
316.70
308.20
300.16
299.32
292.10
291.35
289.09
295.44
307.27
311.30
328.89
342.49
350.42
362.42
375.11
377.76
385.87
374.61
359.31
341.38
337.27
331.23
325.55
318.09
306.16
305.22
297.99
286.11
280.12
276.57
280.31
295.26
321.66
353.19
355.13
353.03
360.20
377.57
371.84
359.40
367.06
366.25
369.35
359.72
333.73
330.87
326.20
322.56
311.40
299.95
301.27
291.52
303.78
298.53
300.28
296.38
152.69
305.15
320.60
324.85
331.98
334.55
346.39
344.60
351.32
348.71
340.74
331.86
315.86
309.29
295.61
296.61
288.65
286.41
280.79
278.74
288.42
290.08
293.02
303.89
323.04
312.99
316.99
317.05
325.61
342.28
355.09
358.07
359.08
351.26
339.17
323.84
309.79
306.18
294.72
289.88
276.84
273.40
263.53
266.58
266.84
269.91
269.63
270.58
292.64
305.00
310.52
318.91
332.91
343.30
351.85
357.72
359.78
354.74
347.33
328.88
318.57
310.10
300.08
284.48
280.15
272.60
282.61
273.13
264.11
284.56
300.82
315.90
326.98
335.33
345.79
353.28
353.39
355.37
361.38
386.21
379.21
371.60
352.01
347.18
338.11
350.98
351.28
345.90
335.66
330.50
323.93
323.68
323.09
320.61
320.66
335.73
354.14
363.07
355.33
357.20
369.57
366.44
365.27
372.45
380.02
366.72
352.38
348.10
334.39
321.89
315.86
317.67
319.91
316.92
323.78
319.58
320.14
317.59
325.04
325.05
332.13
342.57
353.34
351.40
357.44
365.66
380.85
377.65
370.65
369.61
365.88
356.00
347.70
363.72
346.72
341.87
342.59
341.00
329.54
335.80
329.29
326.53
330.36
327.56
336.95
337.68
360.44
352.14
358.78
363.11
366.95
368.41
375.72
379.68
379.10
363.56
329.37
330.47
330.32
327.59
324.29
321.70
324.30
333.66
335.27
340.36
337.48
352.71
362.56
374.93
379.04
379.28
387.15
387.27
394.51
392.87
391.73
399.87
386.26
376.45
366.75
362.70
361.72
362.03
352.59
344.42
332.58
327.54
328.14
330.36
332.26
341.43
354.62
361.20
368.52
382.28
394.69
396.10
408.03
411.18
408.81
399.69
382.85
372.76
353.59
351.45
342.46
334.92
326.98
323.67
321.32
319.53
315.00
315.99
309.53
327.97
344.72
348.28
356.57
382.65
386.71
382.56
397.73
404.96
394.63
375.14
369.50
355.87
342.11
330.39
322.68
312.21
306.68
302.44
301.00
294.04
295.33
296.63
294.57
307.20
321.09
328.64
342.73
355.07
359.49
370.00
379.67
385.41
386.08
357.73
352.21
339.27
330.21
323.09
315.10
311.37
306.68
298.67
289.21
291.72
298.62
296.80
296.86
304.29
320.44
321.64
333.12
339.39
353.14
374.10
377.92
378.57
360.18
364.82
360.11
351.81
344.95
327.34
322.85
329.15
328.85
322.36
321.07
315.95
312.20
308.82
314.23
316.79
333.34
339.85
340.10
339.28
359.15
379.19
378.35
387.76
374.81
342.91
328.86
331.13
326.56
333.93
327.79
332.43
331.79
324.92
329.14
336.06
328.17
326.82
327.47
330.77
338.84
332.57
333.34
345.15
345.01
351.65
365.21
355.30
348.64
345.36
339.62
340.11
348.11
343.77
352.68
348.88
346.03
345.50
338.73
337.23
345.69
338.57
339.80
355.35
365.56
372.85
375.31
378.03
368.57
373.06
370.36
383.41
383.92
366.20
351.09
344.52
343.51
339.68
339.10
338.22
336.29
336.94
335.47
330.70
329.95
323.60
324.43
345.66
368.20
366.70
377.29
377.95
390.44
390.71
394.47
397.87
391.65
385.25
372.64
360.26
348.20
348.67
346.49
330.16
330.80
338.51
331.92
323.99
324.42
322.01
322.56
332.23
348.26
362.18
367.70
370.06
361.58
382.69
396.40
377.46
376.39
377.50
363.71
356.29
356.21
344.65
324.86
322.90
324.14
321.36
314.15
312.46
308.75
310.40
319.13
323.88
332.23
339.76
339.56
348.71
373.08
377.13
379.14
379.86
375.11
368.43
365.00
349.05
344.62
338.93
335.52
331.73
323.91
316.09
322.28
320.59
306.04
310.07
304.13
318.00
332.06
339.93
342.19
357.71
360.20
371.05
381.98
380.15
388.55
388.37
355.90
331.10
323.82
320.00
310.39
309.33
304.73
302.83
298.72
300.31
304.19
306.65
308.11
309.19
314.28
316.91
323.59
315.82
341.38
341.75
348.91
348.80
351.56
352.38
338.37
330.48
325.16
322.08
323.91
319.76
319.01
314.70
310.88
311.07
311.17
308.39
310.92
319.14
335.06
350.11
349.95
351.68
359.73
368.58
375.39
369.01
357.41
356.35
341.72
323.70
319.33
315.34
310.54
311.57
307.95
303.42
304.63
302.69
297.12
298.12
299.45
307.92
322.27
334.57
335.68
336.68
343.57
348.55
352.69
351.70
350.48
339.52
330.81
320.32
320.12
316.40
314.97
307.81
309.49
301.68
304.37
294.79
283.86
279.45
280.99
286.75
303.21
316.00
310.19
322.39
327.67
323.60
319.63
321.01
319.29
318.18
315.73
313.93
312.67
316.17
308.37
298.66
295.94
294.42
288.61
284.91
281.13
281.58
286.06
292.27
313.32
327.02
332.34
339.22
337.61
345.61
335.04
338.00
328.33
339.51
315.01
311.07
307.99
306.95
312.26
304.14
296.35
291.21
304.38
305.36
303.86
302.21
307.07
311.23
324.61
323.81
329.04
349.04
351.72
349.90
344.87
351.92
340.75
336.32
326.15
327.19
318.64
313.66
311.06
306.39
305.59
302.35
293.65
295.50
297.78
300.54
291.71
289.08
296.01
298.58
300.61
303.82
306.15
324.03
318.87
326.64
317.87
319.44
315.07
305.31
292.78
286.56
276.02
268.37
262.85
265.12
259.92
260.82
259.88
261.00
260.22
263.02
279.57
281.71
289.41
292.29
306.90
313.61
327.34
327.64
323.75
319.11
311.92
300.36
294.05
288.54
279.85
269.55
266.48
264.58
261.75
258.53
259.23
256.29
255.11
259.29
276.58
289.27
290.35
298.89
312.03
321.26
332.97
347.48
336.83
331.44
323.58
309.60
303.95
286.30
278.49
271.27
267.23
262.09
256.81
257.57
267.09
266.61
258.70
261.60
284.08
321.69
346.81
347.31
357.94
369.45
379.68
373.39
375.10
368.26
349.53
328.96
317.19
301.14
287.00
280.91
275.49
265.21
262.02
260.99
257.65
258.24
263.07
263.18
286.82
296.66
302.36
304.07
327.11
326.31
337.76
344.73
338.57
338.00
328.31
322.29
315.61
307.97
312.31
316.30
311.07
305.61
299.53
298.03
291.52
290.23
284.81
294.70
312.71
328.59
328.85
323.45
326.75
338.18
329.75
339.59
334.18
327.80
321.66
318.99
305.48
302.65
295.87
274.21
267.91
262.93
261.98
263.14
255.70
256.94
260.27
261.81
275.46
281.46
277.39
287.64
295.78
297.73
294.47
292.08
293.71
297.59
293.93
287.12
276.43
273.16
266.21
259.90
259.27
253.47
257.55
253.26
254.46
258.04
255.35
259.58
282.11
281.11
287.20
297.97
301.90
304.29
316.03
319.01
318.41
315.08
306.15
298.36
287.24
284.06
271.01
266.66
263.09
258.28
255.88
255.98
250.44
254.91
257.49
258.91
268.65
279.28
287.38
306.78
321.63
333.40
336.63
340.48
335.75
334.24
322.16
307.94
296.44
290.14
284.22
272.90
265.91
262.61
263.55
255.71
259.32
259.06
257.64
261.50
281.23
286.48
306.68
324.59
327.40
334.94
340.73
350.55
350.18
345.99
331.70
310.75
300.13
288.77
279.07
271.39
266.54
260.15
256.82
253.69
250.95
249.80
254.54
274.45
289.04
318.46
334.73
332.70
334.04
346.50
353.41
349.90
346.45
342.33
332.36
323.95
324.97
324.33
310.78
318.74
315.72
303.71
301.47
299.41
298.40
299.24
302.04
304.46
318.66
334.94
337.12
347.05
339.06
334.55
341.40
333.95
329.84
327.03
317.48
318.79
312.14
307.24
308.76
314.01
331.30
309.18
288.44
292.45
298.04
296.48
299.61
308.79
317.23
327.21
349.14
361.13
361.18
363.76
368.04
363.76
369.28
368.08
355.96
345.35
334.13
331.95
325.69
318.11
311.74
324.46
320.15
323.36
324.30
320.49
319.98
329.03
328.67
344.83
358.23
369.19
367.58
365.86
367.84
370.09
367.41
352.93
344.95
331.35
330.71
322.61
332.88
319.61
312.05
312.29
310.43
307.85
307.23
298.53
300.57
322.25
349.91
363.18
371.31
370.27
376.72
376.26
373.07
368.64
371.31
361.94
353.16
335.84
328.41
329.35
326.39
311.50
304.83
300.50
295.68
296.38
292.79
291.52
297.11
307.71
335.39
355.64
352.48
365.33
377.59
385.39
396.57
396.68
389.87
369.32
365.59
350.07
345.15
336.27
330.10
314.36
312.64
305.37
305.48
299.32
297.70
295.21
297.15
312.62
344.20
340.34
353.32
356.69
371.12
367.07
382.05
378.83
378.77
372.80
361.09
349.56
324.00
322.20
324.88
323.21
316.22
316.03
317.59
313.19
317.52
316.55
316.50
315.36
322.42
334.72
335.80
343.71
346.42
347.18
352.38
352.84
357.91
354.63
342.78
332.69
325.96
325.85
325.61
318.19
308.88
303.03
303.31
300.97
294.35
291.06
296.28
309.04
325.74
355.92
337.04
355.81
362.69
363.41
364.18
372.70
371.20
361.11
348.17
330.06
320.04
313.99
311.24
304.37
296.47
294.97
288.86
303.63
302.64
305.13
308.32
316.90
327.79
337.12
344.77
344.73
343.25
346.46
339.69
338.80
342.74
330.18
323.75
317.40
310.41
314.15
310.18
308.39
300.61
301.49
301.56
305.18
306.98
307.44
306.42
321.44
334.21
342.74
347.48
353.16
352.81
358.44
358.41
366.68
356.51
76.13
0.00
0.00
0.00
61.97
65.59
63.69
69.38
64.91
62.61
99.00
284.83
281.07
295.81
304.19
289.44
299.51
313.54
306.08
333.10
336.90
340.71
341.06
332.94
329.58
318.61
315.60
304.44
300.45
296.74
294.24
289.14
290.05
284.13
283.02
293.29
298.35
295.64
302.24
307.26
330.10
339.16
337.89
350.81
369.67
364.81
344.52
388.53
368.79
353.61
344.04
336.38
333.85
339.92
328.86
325.88
317.60
312.38
312.97
317.69
316.12
311.09
316.71
332.41
351.50
352.86
351.98
379.01
385.36
383.49
374.80
370.14
365.87
353.72
341.57
329.17
325.38
329.46
329.39
328.39
327.25
321.60
316.75
309.29
308.18
312.46
315.31
336.89
365.40
345.52
325.30
347.09
348.18
349.67
350.29
347.17
344.24
335.45
333.35
333.67
327.88
321.75
312.03
312.44
305.34
293.34
293.83
296.05
298.56
302.54
315.69
326.44
337.73
332.43
346.56
355.27
364.82
365.05
359.60
358.19
348.26
338.10
332.39
329.78
327.77
319.23
310.58
305.81
305.22
299.17
299.36
295.05
298.85
306.16
323.66
352.63
353.69
348.88
345.60
355.16
372.06
366.22
364.96
357.85
354.18
338.87
319.97
310.50
307.25
316.79
320.45
310.99
302.79
297.63
299.89
297.77
298.20
298.66
305.69
323.01
343.32
353.21
344.93
350.00
365.96
361.00
355.71
347.88
340.31
320.11
310.44
310.42
308.52
298.69
295.06
298.76
304.24
295.79
298.77
299.99
302.91
311.89
326.61
325.41
330.41
347.40
341.44
344.01
341.23
336.36
328.94
319.34
312.50
307.48
302.86
44.11
0.00
66.80
299.30
307.68
314.41
311.29
312.93
317.47
316.60
313.65
321.53
316.37
323.72
333.79
336.29
335.72
334.27
322.95
320.26
313.06
309.22
303.08
298.23
298.65
298.16
308.88
312.96
302.49
301.32
304.11
302.56
305.51
307.89
311.90
310.09
313.38
316.95
311.31
318.41
318.92
310.01
316.51
312.39
310.33
309.28
303.40
299.31
297.18
290.02
293.31
294.05
289.77
286.37
282.40
277.04
274.25
274.16
276.25
282.21
293.82
301.71
302.74
307.62
310.72
306.57
307.60
314.61
314.41
305.91
296.88
287.45
284.88
272.82
266.92
263.73
266.02
262.07
263.36
274.34
279.27
274.46
268.42
258.58
254.83
275.27
288.54
287.91
296.46
307.07
318.57
312.82
308.97
304.07
292.59
279.21
278.50
270.86
260.83
263.24
275.33
279.80
276.68
279.73
281.56
277.78
281.14
281.61
288.10
292.32
284.28
284.52
294.36
301.90
304.33
314.06
314.40
266.92
236.48
232.44
232.13
232.65
236.07
228.64
233.11
229.51
241.35
240.00
242.76
238.50
249.60
243.68
243.64
242.75
251.18
284.96
287.37
297.19
299.98
295.80
291.59
288.21
285.75
265.58
245.13
239.28
240.66
236.43
235.89
232.08
227.61
236.98
239.48
241.38
246.59
247.90
250.36
274.81
323.39
330.66
337.14
325.59
315.53
302.98
306.61
307.21
253.13
234.71
232.29
231.30
235.03
235.35
238.32
242.91
246.30
248.59
244.71
246.89
242.25
253.66
247.79
248.22
254.98
287.61
301.47
307.48
307.02
304.70
300.41
299.89
292.87
254.04
240.14
240.11
239.32
232.37
230.49
236.98
236.01
238.25
248.74
250.06
255.23
246.33
245.46
258.00
295.47
302.24
309.82
297.09
303.38
298.29
302.52
300.49
285.39
260.18
243.81
239.98
240.60
232.60
230.20
235.09
243.31
245.69
246.88
240.62
244.95
242.30
233.53
241.65
263.20
276.20
280.40
279.65
277.55
285.16
279.22
275.40
265.99
250.39
231.73
236.99
226.83
235.31
231.58
226.03
222.85
214.49
213.85
211.18
215.84
216.25
224.91
227.39
229.60
239.21
255.22
269.32
272.54
268.51
268.21
264.77
243.81
232.77
235.72
232.17
235.75
216.98
221.38
216.45
215.41
214.05
216.05
224.23
222.13
215.67
221.92
233.46
227.08
234.36
236.29
242.22
257.60
256.68
259.44
247.82
237.68
240.81
234.14
232.46
217.36
224.49
221.79
219.20
215.83
218.15
224.30
225.95
225.35
224.76
226.94
234.27
237.70
248.43
256.13
273.22
267.81
270.96
269.88
263.71
256.84
240.01
240.11
233.72
229.71
256.20
258.90
255.51
245.05
242.73
244.06
240.83
238.61
244.81
249.87
262.74
285.33
313.23
339.94
337.17
319.44
259.58
240.89
236.19
225.82
236.80
229.26
243.63
234.30
234.23
239.50
240.75
241.82
235.74
235.43
241.68
240.38
243.15
247.52
249.63
254.85
247.99
238.22
234.37
236.60
239.70
234.72
232.77
228.29
226.76
229.42
237.78
228.88
235.91
233.85
238.97
235.54
244.28
237.61
234.86
238.43
238.73
259.17
244.26
239.64
239.94
234.03
249.66
243.20
261.75
280.56
255.01
241.40
235.71
230.75
230.13
228.19
227.96
234.11
229.35
232.98
237.81
235.50
240.56
248.05
243.83
241.17
239.69
235.29
236.93
240.92
260.95
265.64
240.92
234.96
230.63
226.95
228.20
228.76
233.75
233.60
237.93
242.29
242.41
249.52
245.48
249.59
250.69
252.71
253.67
245.71
238.44
239.54
236.18
236.14
237.74
239.56
239.65
236.83
233.74
228.19
227.80
233.18
228.31
236.74
232.90
240.01
249.10
245.53
239.53
236.15
239.87
230.61
241.23
247.00
246.04
239.39
245.88
243.27
247.39
263.78
259.86
273.81
255.86
245.27
240.71
233.51
232.74
229.15
235.57
232.08
235.50
235.85
237.86
248.33
236.33
238.69
245.90
245.64
239.28
239.11
245.79
238.79
239.19
244.46
269.61
267.74
246.14
229.76
229.75
230.25
240.96
236.92
232.48
227.98
229.52
224.51
230.26
227.79
230.00
232.73
230.32
192.41
246.81
241.91
237.63
241.93
244.08
240.79
237.14
238.71
232.17
229.42
235.13
237.11
229.94
228.96
219.15
223.35
221.56
227.39
225.79
223.40
227.29
228.55
230.01
235.77
248.38
254.21
249.34
243.74
238.77
241.21
244.38
244.55
243.17
231.51
228.47
241.13
233.83
237.95
225.28
229.03
220.25
227.97
228.99
227.13
225.26
228.84
234.02
230.88
245.60
246.38
245.33
245.55
237.28
236.54
238.50
234.88
230.84
229.50
241.33
241.96
239.58
232.84
229.00
225.71
228.99
223.89
228.89
224.55
229.84
225.89
230.16
233.82
242.74
250.16
242.64
254.41
254.34
277.51
260.82
263.74
251.90
237.43
229.68
228.78
229.06
238.05
235.88
233.26
234.10
233.65
229.60
226.71
223.76
224.84
231.32
245.10
245.74
242.47
252.14
251.26
265.06
274.37
278.38
271.76
248.50
235.97
232.60
230.61
228.03
235.25
243.57
238.86
233.54
230.38
229.52
228.32
229.99
234.55
232.82
238.60
247.50
238.08
253.35
253.81
263.71
264.27
265.99
247.74
240.89
236.36
227.24
231.32
240.93
236.32
227.05
230.44
226.16
230.54
226.65
226.37
228.58
228.52
232.75
234.42
247.42
243.46
246.76
258.44
263.76
269.12
259.85
247.87
243.14
232.35
237.91
231.64
247.02
229.90
227.04
222.34
227.73
223.86
227.17
225.94
228.12
228.38
228.25
232.53
250.54
244.83
255.44
260.71
279.95
289.10
285.61
282.38
276.70
255.65
238.20
234.40
236.55
234.42
234.27
228.95
230.02
224.29
228.24
223.85
228.05
229.24
228.68
231.71
245.74
245.33
254.29
250.64
260.09
269.30
270.93
266.14
253.01
232.42
226.41
227.43
238.61
227.03
229.02
219.09
227.66
225.82
230.74
227.42
227.61
228.11
229.94
230.99
243.59
239.25
244.37
245.90
250.32
247.71
261.22
256.44
240.91
227.57
227.78
234.59
238.25
236.89
229.69
226.04
223.81
227.88
226.04
230.60
226.77
229.03
231.30
232.81
243.67
245.76
244.20
239.41
230.99
229.26
236.43
238.94
224.00
111.06
232.00
240.94
222.78
234.12
225.27
236.07
229.66
234.95
232.24
228.33
229.50
230.14
232.83
238.44
244.41
242.90
248.33
238.52
238.68
237.48
234.08
230.56
232.91
237.77
234.87
228.29
222.86
218.89
223.97
225.37
226.82
226.38
227.42
225.99
227.71
227.68
229.16
230.57
233.50
243.38
244.96
242.22
242.60
243.81
245.35
239.80
239.59
234.30
242.84
235.72
232.04
223.22
222.61
223.10
220.61
224.75
227.36
225.79
226.68
227.72
229.35
232.24
234.76
244.70
246.59
243.41
247.41
250.44
249.86
243.44
243.95
233.09
240.83
235.59
226.56
222.80
222.28
223.75
222.99
222.31
226.68
225.70
224.27
224.97
225.89
231.07
196.94
240.11
235.58
236.32
236.05
233.53
234.11
228.86
227.78
225.23
234.70
238.87
234.59
230.87
227.68
223.60
220.92
222.64
225.40
227.65
228.39
230.78
231.55
232.68
245.37
243.11
239.19
243.08
248.18
245.79
248.95
241.88
241.39
234.90
234.92
238.83
232.88
226.12
223.01
225.56
226.12
228.44
227.06
229.10
227.97
228.26
232.79
234.39
241.94
247.47
238.17
261.79
279.84
282.20
269.63
262.81
245.37
230.91
223.64
221.09
229.63
223.79
228.73
224.61
224.48
220.74
213.90
224.20
226.78
223.74
223.87
231.46
245.36
232.18
237.01
250.30
257.84
261.69
264.67
254.79
227.00
217.71
213.65
230.94
234.83
226.97
225.86
220.74
218.12
220.03
221.10
222.55
217.01
219.79
220.30
226.68
230.05
235.32
231.22
244.56
238.63
231.06
226.14
235.36
237.69
230.76
231.74
222.04
221.28
227.43
219.55
225.62
220.45
227.09
222.77
232.62
225.93
237.68
234.85
238.57
230.70
237.46
248.57
248.45
244.19
235.99
237.12
235.87
244.86
235.88
228.87
225.24
226.47
226.20
225.80
225.42
231.86
228.05
237.35
231.94
238.80
236.82
249.08
242.64
244.30
232.13
237.93
247.60
246.04
244.47
238.94
242.41
248.69
239.60
227.44
225.75
227.75
224.27
228.30
226.85
231.45
236.28
231.92
236.71
239.86
246.32
241.27
243.71
239.59
235.23
243.97
244.85
249.82
247.29
239.15
232.11
247.60
238.19
230.16
228.14
226.96
226.70
226.63
224.86
226.77
227.67
229.85
230.65
235.17
236.45
240.54
238.82
244.04
235.69
249.53
242.38
246.61
247.83
248.46
242.20
231.47
239.36
233.64
230.67
221.07
224.59
223.09
224.32
223.97
223.16
225.34
224.86
225.59
230.81
234.80
239.13
238.77
239.32
245.39
242.69
240.92
241.42
237.82
233.89
233.71
238.56
236.81
229.11
222.75
224.28
225.66
224.97
225.52
223.66
225.94
225.05
225.76
229.42
232.98
237.61
244.18
243.19
243.05
245.59
237.93
236.52
238.43
242.70
238.04
226.56
222.92
225.50
227.33
227.30
227.00
227.66
225.75
236.51
226.70
237.13
225.85
231.71
232.59
239.87
230.47
233.63
239.53
243.55
241.05
239.04
237.65
232.46
251.18
237.52
222.92
219.17
224.91
221.89
225.69
224.06
225.36
229.21
227.59
233.83
232.92
235.75
238.69
240.91
236.92
233.08
233.65
244.31
247.05
238.85
241.32
238.80
246.17
230.14
226.27
223.96
223.25
225.42
224.11
232.26
226.94
233.27
232.66
237.45
234.42
240.01
235.90
241.70
235.36
239.23
242.19
235.22
235.13
231.64
226.10
222.40
227.33
237.51
232.89
228.27
223.09
221.12
219.89
217.56
223.28
217.52
220.59
220.69
225.14
225.75
231.39
234.68
240.79
234.54
235.69
225.50
230.71
229.81
228.58
232.44
229.79
224.66
229.81
233.38
234.52
236.53
227.61
230.23
229.30
232.85
235.78
233.30
235.54
231.93
241.11
244.54
252.92
248.67
244.65
242.22
240.52
236.14
233.53
229.40
229.65
225.78
226.08
228.92
231.39
232.62
233.31
237.15
224.62
228.82
233.88
232.38
237.95
232.49
243.59
241.31
253.63
256.05
245.69
242.10
241.50
242.99
244.62
240.95
238.99
233.29
235.39
237.61
239.48
241.80
243.94
247.05
233.87
230.62
235.70
228.70
207.29
198.06
191.78
184.48
221.63
240.34
243.14
242.56
244.64
246.48
248.05
243.34
231.14
229.50
232.40
237.30
232.49
227.96
234.00
229.26
231.50
230.67
232.77
232.72
234.40
234.65
237.74
241.20
249.47
252.52
244.77
251.32
248.33
247.14
249.99
243.34
233.07
231.03
232.74
230.06
229.55
235.93
238.72
237.93
239.52
238.36
241.91
239.26
237.11
228.64
234.27
236.54
246.91
238.66
248.04
251.08
249.51
241.72
236.45
231.74
238.92
230.97
223.89
229.01
222.91
233.17
222.43
236.86
225.18
236.88
230.69
231.99
234.73
232.22
235.59
236.58
237.54
237.74
235.81
245.94
237.05
240.20
232.97
235.46
239.18
228.61
220.65
227.21
223.68
223.55
223.51
227.03
230.78
235.42
236.11
238.82
234.53
235.24
238.81
242.47
241.49
233.86
235.83
250.89
250.76
248.01
242.17
241.27
240.05
229.87
224.72
224.96
229.58
225.88
224.11
222.89
226.86
230.70
238.86
236.00
238.64
237.49
242.06
240.92
239.28
233.29
245.68
246.53
246.54
241.12
241.00
238.08
232.52
233.42
232.09
221.56
225.53
221.30
226.37
222.07
224.11
224.41
227.20
226.59
228.14
228.46
225.81
231.06
234.32
234.58
234.22
237.27
232.14
226.12
231.57
238.45
229.37
223.10
221.53
219.31
226.82
223.23
221.54
222.85
227.17
228.43
226.28
226.11
228.55
231.71
234.15
233.16
230.54
229.72
240.94
248.68
238.12
234.18
241.75
244.42
246.02
244.71
238.49
230.92
231.85
235.99
226.47
230.07
226.45
227.12
227.03
228.49
229.91
232.19
232.00
235.44
239.69
242.19
240.33
238.90
235.62
230.70
223.96
223.14
230.72
228.35
223.77
222.46
220.79
221.17
223.94
224.78
229.13
226.80
224.74
224.46
225.54
225.83
229.09
233.71
233.77
233.48
235.33
237.56
230.30
226.26
228.82
237.33
230.47
224.59
219.87
221.78
220.92
224.27
222.43
226.33
224.44
226.42
225.08
223.06
223.69
228.09
228.26
233.85
230.65
229.76
236.60
233.28
229.91
225.91
224.67
226.87
237.44
232.78
225.98
219.18
221.78
222.07
224.53
220.25
222.78
225.35
223.85
222.55
223.32
224.26
229.41
233.89
234.49
230.27
235.65
244.47
238.91
237.56
233.55
237.64
232.74
229.37
224.26
226.30
223.96
230.74
222.95
228.25
222.99
227.22
225.79
231.25
230.18
230.11
234.08
238.22
233.11
234.16
232.82
237.91
236.70
244.66
230.48
229.63
223.61
217.73
220.56
227.95
228.80
222.80
215.78
216.09
221.55
221.37
224.96
225.94
227.16
222.94
229.96
230.31
239.91
241.11
184.78
224.53
238.15
235.83
232.90
232.79
229.21
225.96
229.52
230.59
227.67
223.01
222.25
225.70
226.27
226.08
228.28
228.51
230.34
229.09
229.13
234.09
244.90
242.56
229.65
237.43
240.55
245.32
247.87
249.33
237.61
235.41
226.67
234.75
233.29
227.58
226.89
218.85
223.36
225.68
227.26
225.04
227.97
228.75
227.13
230.91
228.39
238.31
234.85
236.76
242.00
240.86
238.03
244.48
230.49
228.62
228.52
230.06
231.77
223.94
217.02
220.10
218.82
221.01
221.41
221.37
223.35
224.27
224.94
233.50
228.86
235.43
233.43
231.70
240.14
244.05
244.71
230.35
227.76
223.90
228.96
229.58
224.43
214.82
217.20
218.92
223.72
228.71
234.88
228.37
231.71
230.33
235.43
241.04
231.27
239.63
229.79
239.61
245.13
241.79
242.45
241.86
238.91
229.69
227.17
228.12
227.98
219.28
219.98
222.23
224.45
224.54
225.20
225.78
232.62
226.65
236.24
238.35
237.21
245.42
234.57
241.26
248.90
251.12
245.68
242.79
237.08
227.50
224.96
232.45
226.95
220.54
217.95
219.32
222.94
232.85
228.41
231.66
225.34
236.05
232.02
237.88
241.34
244.05
234.13
232.81
224.94
215.50
216.75
218.96
221.31
229.13
234.58
231.54
231.32
229.87
233.30
232.14
233.51
236.30
231.64
235.53
232.10
231.54
234.35
238.11
244.80
240.47
235.00
231.29
229.96
236.60
233.33
236.28
238.54
245.10
246.92
232.76
235.82
242.15
239.76
235.49
235.83
237.60
239.15
235.78
237.04
233.30
243.33
242.81
249.22
242.56
243.52
237.25
243.64
238.55
236.70
239.44
231.60
235.71
237.44
240.72
237.29
238.39
234.66
238.13
236.68
239.01
239.61
239.23
236.32
238.72
239.30
246.54
247.05
238.17
235.08
241.94
247.74
247.72
251.12
246.03
238.97
234.83
233.89
232.91
232.89
235.49
233.67
235.21
234.98
237.91
235.50
238.64
238.35
240.58
241.57
248.23
245.12
245.38
250.49
258.04
256.83
250.59
247.96
248.46
253.48
247.73
239.99
229.73
232.33
234.09
232.15
231.85
234.17
233.71
237.28
235.16
237.73
234.22
241.89
241.73
247.56
242.42
249.55
254.32
249.25
242.08
244.72
242.74
248.79
245.41
237.41
229.18
229.89
228.51
226.54
233.48
230.86
232.43
234.65
237.51
234.90
234.82
237.53
245.71
247.80
246.94
240.97
244.89
252.81
251.16
249.26
251.28
245.14
237.39
230.05
233.38
232.67
232.32
235.11
237.07
237.66
242.28
241.77
245.22
246.39
244.79
247.48
249.44
251.48
251.31
246.64
244.65
246.14
240.01
239.19
246.01
243.36
241.46
237.10
241.44
239.87
239.69
239.50
223.50
202.15
202.11
184.50
188.42
178.88
180.81
181.32
185.17
169.53
220.95
226.54
236.88
247.07
246.39
242.20
249.02
244.14
236.61
238.04
233.18
233.36
224.26
227.17
225.80
225.69
227.11
227.37
226.74
229.71
231.64
231.28
237.47
233.34
235.61
248.04
249.84
247.39
246.64
246.48
251.67
249.43
247.76
248.13
246.62
245.48
239.81
239.37
236.85
238.91
238.33
237.79
239.95
231.89
222.67
203.43
187.19
187.28
174.24
170.29
163.00
149.64
147.87
140.22
137.99
137.59
140.93
146.94
143.59
146.61
155.70
151.52
168.99
166.91
164.01
177.05
164.62
176.87
176.66
176.82
188.40
173.05
173.63
204.85
228.06
230.48
234.09
233.92
236.16
237.32
232.50
241.00
248.36
252.20
249.38
242.79
237.39
238.77
240.11
234.72
208.78
204.71
191.27
200.73
190.15
184.52
193.36
231.27
242.00
241.81
256.71
252.57
254.20
242.80
237.45
240.02
242.20
243.33
245.63
243.79
247.12
246.72
241.84
242.78
242.81
239.07
240.18
238.65
246.69
245.30
244.43
243.27
236.74
248.77
256.29
255.18
253.08
242.75
237.45
228.62
230.51
232.82
237.11
236.88
241.96
236.99
241.35
239.83
238.94
240.59
246.01
241.80
247.30
245.29
240.67
239.70
247.98
254.50
250.28
247.62
251.44
243.60
240.63
240.41
236.32
236.02
231.91
230.22
229.31
233.16
231.35
235.89
228.92
229.27
228.52
234.11
235.98
240.01
243.69
253.32
247.42
247.25
234.18
229.39
230.73
233.24
235.75
239.98
243.32
240.36
237.12
235.78
232.85
233.73
232.66
231.06
229.18
229.23
228.83
226.06
230.36
241.39
253.05
245.99
244.15
241.94
236.05
235.45
239.72
243.21
240.15
236.51
230.19
226.03
224.49
227.11
227.38
231.60
231.71
235.17
233.42
231.77
242.49
249.43
251.14
252.41
243.95
246.99
249.24
241.99
243.05
238.13
237.69
246.99
241.71
240.64
235.55
233.65
233.46
237.16
239.17
240.21
241.78
243.10
241.45
246.89
245.23
248.58
248.60
252.12
244.20
251.91
248.31
248.69
250.46
249.64
250.58
248.06
246.79
240.64
235.76
234.47
233.55
231.23
234.39
236.07
237.98
235.15
234.68
234.68
233.56
235.07
236.59
241.68
240.41
246.73
246.02
251.96
249.40
247.40
248.04
247.81
242.00
240.40
240.17
237.32
236.77
242.17
237.34
236.74
235.15
234.47
233.32
234.80
233.29
236.12
240.12
245.50
246.15
246.10
247.61
247.55
236.33
235.27
234.01
226.36
231.66
232.80
240.40
241.24
247.26
245.26
251.31
247.34
249.86
239.88
236.85
209.93
186.93
189.14
183.28
170.08
163.75
140.86
125.13
117.95
120.77
117.72
111.02
108.11
110.12
114.12
122.13
133.49
139.68
144.59
160.18
156.21
148.70
136.51
137.89
151.51
151.55
151.88
155.89
154.63
149.70
132.99
119.57
118.51
116.63
117.09
110.51
104.11
104.80
108.36
108.69
114.51
121.97
121.59
149.07
166.38
164.81
156.75
162.94
151.23
157.59
163.07
166.88
157.84
136.52
126.88
120.67
126.57
117.93
111.93
109.79
105.56
106.98
109.38
112.57
111.01
112.51
127.28
153.80
172.07
156.10
150.80
158.65
142.75
150.21
164.83
165.17
171.95
139.70
127.37
119.97
128.66
121.13
113.21
108.79
108.62
104.43
107.30
108.94
110.71
111.97
124.29
146.32
154.56
158.02
158.23
153.50
149.81
151.67
151.29
160.49
152.48
133.05
116.30
115.42
112.32
108.57
105.22
104.37
104.91
102.90
104.49
104.23
108.06
106.66
110.04
116.39
125.72
144.96
150.88
152.32
146.93
147.01
151.13
155.21
156.79
136.01
117.18
115.43
116.97
118.76
114.46
113.65
116.96
115.22
122.45
137.61
143.39
147.11
153.80
164.72
161.32
148.99
163.69
167.35
183.93
180.15
191.54
187.39
184.50
173.41
155.44
134.12
126.98
125.10
123.34
122.62
130.48
139.48
137.69
152.05
170.87
158.92
165.80
168.92
165.36
176.21
167.95
182.67
176.22
185.76
189.75
184.70
187.21
168.22
150.19
139.37
134.85
129.08
128.31
130.46
123.60
125.98
134.65
144.74
152.61
163.42
155.92
150.19
155.37
158.72
168.26
157.16
157.60
170.44
167.22
178.55
162.76
143.70
135.67
131.79
123.20
127.66
134.87
191.47
200.94
225.02
222.12
235.78
222.41
231.21
228.25
231.41
230.29
228.84
198.75
179.25
177.15
178.14
182.56
187.40
178.45
210.78
234.58
231.66
242.02
233.16
236.62
228.50
226.26
225.32
230.50
228.70
235.72
235.93
240.93
242.14
237.15
222.90
199.79
195.93
191.31
194.07
197.32
190.61
199.01
172.69
222.57
233.62
244.32
243.56
245.20
244.14
227.24
230.12
227.35
233.12
232.34
238.03
238.07
233.76
242.89
243.16
239.48
223.44
198.54
200.10
185.03
188.93
176.02
212.36
234.93
235.18
244.88
245.41
242.16
247.54
231.68
235.11
225.02
239.25
232.41
238.98
231.98
240.42
234.78
238.76
239.27
238.76
243.21
233.75
244.63
241.54
247.82
239.29
242.93
248.57
239.78
233.28
234.70
237.21
239.47
226.33
225.30
229.14
232.47
232.27
231.48
87.28
0.00
218.25
241.14
233.35
242.59
235.73
239.95
243.09
242.51
240.70
238.11
238.25
236.55
230.11
232.26
229.74
228.40
150.21
111.84
138.40
123.47
117.64
124.91
126.68
122.94
115.21
118.89
125.04
116.13
117.39
118.93
141.83
147.90
147.02
141.35
149.06
141.05
137.46
141.17
150.05
140.68
133.63
131.78
142.58
137.79
128.57
134.52
145.50
140.95
135.79
146.25
151.91
148.50
143.46
150.25
156.53
152.58
145.51
154.75
158.54
142.09
126.03
130.51
133.50
131.21
129.31
131.67
139.44
147.65
142.49
153.87
166.19
176.88
174.83
170.59
182.19
176.55
184.91
177.83
182.43
182.82
152.70
134.68
125.01
121.55
122.76
117.51
117.45
126.09
142.61
163.10
150.03
155.15
166.52
158.85
163.43
153.37
173.03
163.01
163.92
152.02
162.93
163.20
165.77
154.35
165.97
164.38
170.06
161.50
169.03
167.58
153.46
146.40
159.70
161.60
164.95
153.10
165.60
161.69
163.13
151.90
162.85
165.22
169.84
158.44
172.80
170.20
181.73
168.91
158.31
159.00
147.47
140.47
141.85
154.56
149.30
143.71
152.71
162.11
167.74
163.62
174.09
181.31
182.54
187.39
197.25
204.60
207.42
208.33
208.77
211.07
215.59
210.38
193.54
185.11
175.26
165.87
160.25
149.04
153.56
155.56
158.31
160.14
169.97
177.54
171.37
176.76
184.06
180.93
188.08
191.37
190.30
194.55
188.59
201.75
202.11
196.50
193.30
185.99
174.68
160.95
144.21
149.21
147.05
132.09
136.86
149.39
153.03
153.21
153.59
163.95
163.01
168.40
168.49
165.95
161.44
160.19
160.32
163.16
164.41
162.33
151.85
142.95
129.61
130.25
137.06
119.45
112.93
118.29
134.27
134.11
133.08
145.61
151.78
159.05
