6.16
6.30
5.65
6.28
51.55
76.51
71.69
56.38
53.18
42.40
32.85
33.58
31.38
29.70
26.36
26.98
26.60
28.43
32.40
44.98
48.58
45.81
46.11
17.52
6.30
5.59
6.30
6.18
57.41
80.92
78.23
73.51
68.39
65.28
45.62
34.81
32.60
30.98
29.58
28.29
26.78
26.70
27.40
37.64
48.68
50.25
49.84
51.29
53.98
56.21
57.13
59.52
59.19
60.16
60.81
60.73
64.18
63.68
41.48
35.85
33.11
25.41
25.02
23.40
20.25
17.78
19.69
29.38
41.92
46.76
42.32
43.78
47.91
50.29
51.58
52.27
52.12
54.28
56.82
56.47
57.19
58.11
38.34
30.17
27.58
25.81
25.57
24.13
20.30
19.02
18.94
21.34
25.52
34.69
39.94
39.70
41.35
42.36
44.12
45.95
47.99
48.39
49.74
49.53
48.78
45.00
31.94
24.87
20.69
16.05
14.34
15.49
14.39
15.81
20.86
26.47
27.77
27.12
26.97
27.10
24.77
25.96
28.58
32.72
35.54
34.95
36.21
36.10
34.59
32.80
28.18
22.99
19.13
29.17
30.89
27.38
23.60
20.21
29.98
32.32
29.10
36.42
38.73
41.34
41.51
43.68
44.90
44.71
45.81
46.67
46.59
47.99
47.61
41.63
30.09
24.70
21.15
20.44
18.46
21.58
23.03
19.34
19.31
24.73
23.87
30.86
34.99
34.08
33.44
32.41
35.40
40.44
40.67
42.11
44.28
45.93
42.59
39.59
32.98
25.34
22.64
23.62
24.02
23.48
23.34
20.48
18.91
16.69
19.98
23.45
26.67
27.32
26.81
24.85
26.26
30.13
32.95
34.58
34.65
35.01
36.78
36.17
26.32
21.03
20.57
19.83
17.46
19.77
22.32
20.27
19.02
18.28
17.49
19.71
25.26
24.27
19.22
20.26
22.68
27.40
27.69
29.76
26.37
24.68
25.09
25.31
13.55
25.61
26.22
23.80
22.24
21.50
21.69
19.10
17.28
17.08
24.34
32.00
30.29
30.00
30.70
28.23
30.41
33.11
37.80
38.50
40.18
41.01
42.06
42.72
31.86
22.76
19.46
20.80
17.04
17.53
15.61
14.15
14.70
17.87
22.64
29.39
32.11
29.90
28.63
30.46
33.64
37.49
39.03
39.22
39.92
39.17
39.82
38.12
26.71
17.94
12.87
13.17
13.23
13.41
13.60
15.87
20.10
19.22
18.97
19.52
21.53
24.43
27.24
29.52
30.77
30.56
30.66
26.58
26.71
29.98
35.77
35.12
26.17
20.47
15.66
13.09
12.72
13.25
12.93
13.30
15.16
21.75
32.55
32.70
30.02
31.70
29.15
27.30
27.76
31.73
33.54
32.88
34.12
33.17
30.96
27.77
22.89
20.56
20.94
22.98
20.44
21.60
21.22
18.35
17.02
16.19
14.53
21.26
26.72
25.19
9.44
3.07
3.14
2.55
25.21
35.34
24.56
25.85
28.79
24.47
21.46
22.10
22.68
20.89
22.74
22.44
21.52
18.95
16.30
16.44
16.93
22.46
24.37
10.97
4.62
4.22
4.81
3.03
32.17
45.70
36.80
24.96
25.92
29.85
22.64
21.60
22.21
20.56
19.84
22.56
24.15
20.77
18.94
17.45
16.90
18.57
23.81
11.59
5.15
4.74
4.68
4.72
35.54
52.69
38.90
27.67
29.00
30.33
25.27
21.24
20.91
23.29
24.86
23.11
21.81
21.50
18.05
16.07
16.16
19.78
23.38
10.83
4.59
4.99
5.09
4.26
31.87
43.99
27.44
25.50
29.84
24.44
18.98
18.25
19.94
19.70
16.72
16.66
15.96
15.45
14.98
15.64
15.57
14.62
21.37
12.04
6.03
6.61
5.97
6.74
5.94
6.61
39.11
59.51
51.62
35.42
23.09
20.92
21.27
18.07
14.07
14.44
5.69
3.64
3.15
4.05
2.94
3.67
2.77
3.43
2.99
2.48
3.22
2.21
2.94
2.44
2.91
2.99
2.10
2.84
2.13
3.03
2.11
3.11
3.12
2.50
3.13
2.56
3.62
3.50
3.38
4.04
3.39
4.48
2.50
3.37
2.28
3.21
37.80
61.20
41.15
19.33
31.22
31.08
24.85
22.21
18.33
14.51
12.24
12.38
12.95
14.08
17.10
23.47
31.06
35.87
31.90
10.32
3.11
2.41
3.20
2.23
43.72
64.43
59.28
48.80
39.42
36.69
31.23
27.27
29.12
27.51
23.12
23.49
22.67
19.87
18.56
24.67
26.23
33.54
37.67
12.28
2.24
3.11
2.13
2.85
44.67
64.63
64.37
55.46
52.13
48.44
32.61
27.55
25.99
27.56
25.73
22.84
23.65
20.93
19.66
22.84
29.19
34.52
36.92
12.28
3.38
2.18
3.08
2.18
44.54
64.96
62.89
56.45
46.10
43.70
32.76
29.43
28.64
30.10
25.82
23.06
23.33
20.59
19.52
20.23
19.39
25.66
31.38
10.90
2.23
3.06
2.14
2.87
40.56
60.82
59.26
46.15
38.59
35.83
29.47
28.92
28.98
26.64
19.52
18.68
19.63
18.89
16.46
14.38
17.41
23.43
31.47
11.28
4.60
3.86
4.71
3.81
4.68
4.72
3.83
4.55
3.82
4.56
4.55
3.83
4.43
3.95
4.68
4.92
2.52
3.12
3.81
4.78
4.07
3.80
2.47
3.20
2.18
3.11
2.13
3.04
2.12
2.85
2.17
2.89
2.11
3.01
3.04
2.12
3.02
2.12
3.26
2.39
3.20
2.57
3.79
3.10
3.70
2.55
3.31
2.32
3.03
3.26
2.13
3.05
46.28
67.12
64.43
54.15
37.87
34.63
30.59
27.40
26.60
24.92
18.82
22.02
19.14
19.16
15.88
16.24
19.40
22.10
24.46
9.76
2.53
3.15
2.26
3.48
34.90
56.64
34.40
22.53
29.56
30.08
28.08
22.84
23.11
23.35
23.13
22.61
7.14
19.79
15.61
12.46
12.25
15.69
21.80
9.24
2.56
3.34
2.35
4.03
33.25
49.07
31.37
25.19
25.42
24.78
20.58
21.05
20.73
19.14
19.30
21.13
22.17
20.32
18.23
17.82
16.80
16.44
14.37
7.55
2.75
3.49
2.63
3.28
28.79
40.96
29.31
25.00
28.89
27.11
19.07
17.83
19.47
21.40
22.73
22.19
22.21
19.58
16.42
14.50
11.92
11.68
14.42
7.56
2.66
3.54
2.51
3.28
28.23
37.52
23.72
25.19
26.42
20.05
18.78
20.58
21.48
20.36
16.57
16.15
15.94
15.69
10.07
7.61
6.68
9.16
11.98
7.58
2.72
3.30
2.45
3.42
2.43
3.24
4.01
30.87
45.27
22.20
18.05
14.29
10.74
10.18
11.43
10.86
8.77
5.28
5.65
6.08
3.85
3.67
2.84
3.71
2.88
3.63
2.74
3.58
2.79
3.41
2.43
3.38
2.29
3.02
2.26
3.16
2.48
3.03
2.41
3.27
2.55
3.37
2.55
3.34
2.57
3.27
2.42
3.31
2.30
3.04
2.38
2.79
37.51
55.45
43.33
22.22
23.73
21.72
20.24
20.33
20.56
18.82
17.42
19.12
20.28
19.63
16.63
17.03
18.76
22.28
28.86
10.51
3.09
2.25
3.18
2.11
33.56
49.09
38.81
24.75
28.03
33.50
23.57
21.25
21.81
22.31
22.38
22.08
20.74
19.23
16.22
14.58
16.05
20.84
22.64
9.67
3.69
2.25
2.96
2.19
32.57
46.54
39.26
27.93
30.03
32.16
29.34
23.92
18.41
19.85
20.20
24.54
25.12
26.12
22.43
20.14
34.65
36.59
39.06
13.43
3.01
3.38
2.16
2.90
43.75
65.84
63.99
60.02
59.30
45.65
33.42
31.58
28.90
28.08
28.90
23.91
22.66
24.65
21.90
24.87
29.85
38.27
41.40
11.88
3.13
2.13
2.85
3.00
43.80
68.73
68.17
63.17
54.49
40.31
30.91
30.81
27.15
23.07
19.25
17.78
20.06
16.81
14.41
16.62
20.96
25.09
33.47
11.33
2.93
2.16
2.93
2.13
3.08
2.16
3.06
3.13
2.11
3.03
2.11
2.83
2.11
3.02
2.12
3.02
2.86
2.11
3.77
2.48
3.08
2.27
2.81
3.18
2.17
2.91
3.04
2.11
3.03
2.15
3.18
2.16
2.88
3.03
2.11
2.86
2.86
2.12
2.69
2.85
2.15
2.85
3.11
3.41
3.88
2.50
3.78
2.61
3.08
2.87
2.31
3.03
53.71
75.78
72.91
69.02
69.14
55.08
36.46
33.84
28.98
20.75
22.09
21.98
22.05
22.16
24.03
24.43
35.56
42.87
44.76
14.43
2.44
3.07
2.10
2.85
47.67
71.30
68.23
61.53
59.88
43.33
36.31
31.82
26.00
25.93
22.11
21.15
20.14
19.41
16.64
15.18
19.89
23.15
30.62
11.28
2.30
3.07
2.14
3.07
37.19
55.80
47.16
29.32
32.94
36.83
33.18
26.72
24.94
19.19
17.42
21.49
22.26
19.63
17.59
16.69
18.29
22.94
22.71
9.32
3.84
3.43
3.57
2.67
29.93
38.81
24.65
22.28
22.48
23.13
22.79
23.08
23.21
22.70
23.71
22.74
23.00
21.32
19.44
21.14
21.25
18.68
18.01
7.66
2.56
3.34
3.22
2.38
6.16
16.63
23.47
22.36
19.76
17.94
19.57
18.96
20.67
19.04
16.72
15.63
15.93
15.10
14.60
14.53
15.17
19.26
21.09
10.55
4.06
4.72
4.69
3.80
4.71
4.18
4.71
4.71
3.80
4.69
3.81
4.21
2.30
2.71
3.06
2.23
3.01
2.33
3.12
2.86
3.23
2.33
3.05
2.24
2.86
3.02
2.12
2.99
2.12
3.04
2.19
2.91
2.91
2.15
2.68
2.32
2.64
3.00
2.11
2.84
2.10
2.82
2.11
3.02
3.00
3.87
5.29
2.98
2.24
2.96
2.15
3.07
49.36
73.13
71.00
66.27
56.85
35.19
33.80
27.84
23.67
20.06
22.55
24.81
22.83
26.54
33.17
40.80
38.96
36.12
32.82
10.83
3.04
2.97
2.12
3.04
47.92
72.12
70.81
66.30
60.93
60.44
37.77
30.90
29.59
25.98
22.26
19.30
16.39
16.25
24.59
31.05
41.09
41.80
39.85
12.08
2.91
2.91
2.10
2.87
49.27
75.83
73.62
66.18
63.02
46.04
20.41
30.54
28.34
23.04
25.44
27.98
26.24
21.16
17.12
19.47
36.24
36.71
34.71
12.30
2.20
2.89
2.87
2.13
40.43
64.64
51.43
32.81
30.82
34.74
34.69
31.35
31.14
25.36
25.77
32.94
38.31
44.56
45.66
48.85
52.14
50.23
49.95
17.38
3.88
4.59
4.56
3.90
49.03
74.26
67.35
58.04
58.67
53.35
46.87
39.97
34.34
32.90
29.16
28.65
30.50
29.05
40.17
39.62
42.20
45.04
44.73
15.68
3.89
4.76
4.62
3.88
4.59
3.88
4.78
4.39
4.78
3.84
4.55
4.72
3.84
4.75
3.82
4.53
4.70
3.81
4.70
4.19
4.19
4.75
3.94
4.57
4.35
4.01
4.70
3.85
4.57
4.76
3.92
4.74
3.86
4.59
4.53
3.83
4.72
4.54
3.84
4.79
4.74
3.82
4.57
3.89
4.77
3.85
4.73
4.77
3.81
4.50
3.80
4.53
55.63
77.75
76.19
75.79
78.74
72.75
37.46
26.68
23.30
21.20
18.42
22.54
21.49
21.32
22.54
25.30
25.63
31.92
36.35
12.92
3.30
3.88
3.68
3.34
43.89
63.63
61.69
50.70
40.32
32.52
29.85
25.88
27.49
23.27
21.58
19.18
19.89
17.35
14.91
13.32
15.37
20.03
23.55
10.44
4.34
4.87
4.53
4.04
33.00
48.38
29.90
23.01
23.95
22.71
21.01
21.42
21.69
19.60
17.88
21.84
21.59
19.87
17.13
16.13
14.98
12.69
12.05
7.35
3.04
3.29
2.37
3.64
34.54
51.89
37.65
26.50
28.39
27.83
26.74
23.08
21.59
23.06
23.02
21.26
21.32
20.92
16.82
13.86
13.86
13.12
14.15
8.17
4.45
4.92
4.45
5.08
28.98
37.33
23.36
24.69
24.03
19.05
14.81
18.54
19.20
16.82
16.17
15.47
16.57
12.48
9.09
6.77
7.50
6.66
9.60
6.61
5.23
4.33
5.13
4.39
5.03
4.22
5.09
4.30
4.78
4.06
4.94
4.86
4.47
5.35
4.98
5.30
4.82
5.40
4.77
5.51
5.44
5.09
6.14
5.76
4.50
5.07
4.29
4.72
4.42
4.27
4.77
4.64
4.02
4.96
4.14
5.09
4.14
5.25
4.45
5.32
4.64
5.25
4.67
5.73
4.99
5.57
5.30
5.57
4.49
5.19
4.30
5.05
18.79
26.44
24.95
28.40
24.31
22.89
16.19
14.33
15.74
15.08
16.92
15.30
14.36
13.34
11.58
6.14
6.09
7.73
11.24
6.04
2.73
3.31
2.37
3.40
29.96
47.66
29.77
24.77
31.00
26.08
19.08
14.24
17.47
16.70
17.31
17.31
16.65
9.85
5.77
6.25
5.42
6.87
10.05
6.82
3.65
4.44
2.83
3.46
21.73
30.79
21.32
26.02
22.17
14.97
14.15
15.21
15.65
15.62
13.37
9.76
9.00
6.58
6.63
5.46
6.19
5.72
7.17
3.86
3.88
2.87
3.92
2.55
14.13
20.49
22.87
21.88
19.31
15.73
14.01
14.37
13.28
14.11
8.35
8.14
8.99
9.21
5.51
6.93
7.89
8.36
8.46
4.88
4.39
3.47
4.02
3.32
10.33
12.83
13.55
15.26
19.85
21.48
18.00
14.66
11.68
16.00
16.17
15.71
10.58
5.84
5.72
5.60
8.97
19.56
25.24
9.48
2.38
3.19
2.91
2.13
2.84
2.13
3.07
2.09
2.81
2.44
2.62
3.04
2.15
3.10
2.33
3.29
2.41
3.17
2.47
3.56
2.66
3.47
2.42
2.98
2.23
3.08
2.67
2.49
3.03
2.10
3.05
2.09
2.81
2.09
2.99
2.08
2.80
3.11
2.24
3.46
2.60
3.53
2.66
3.77
2.85
3.51
2.66
3.35
3.16
2.47
3.02
2.34
39.53
61.86
50.98
23.69
31.04
29.78
26.66
26.70
22.68
19.03
18.68
19.58
20.98
18.64
17.99
18.36
22.45
28.35
26.74
11.16
4.60
3.00
2.95
2.11
32.55
46.54
30.00
21.62
29.88
29.51
22.33
20.23
20.12
20.55
21.63
21.16
21.38
22.64
21.53
25.28
25.65
26.98
28.92
11.40
4.67
4.61
3.89
4.79
35.38
54.66
41.48
26.62
26.05
25.89
21.54
20.05
20.31
19.70
18.65
19.51
19.87
19.13
17.63
17.81
20.26
28.74
32.75
10.91
3.10
2.13
2.88
2.72
38.51
60.87
51.01
48.42
34.85
30.55
27.84
29.84
27.22
22.15
23.23
21.83
22.14
19.90
15.93
16.61
16.49
24.16
31.64
12.42
4.93
3.16
3.02
2.12
34.91
55.36
43.55
31.10
27.17
27.18
23.12
20.43
17.45
16.30
17.35
17.99
15.18
13.39
10.82
11.77
10.72
11.90
14.83
6.83
2.57
3.15
3.15
2.36
3.07
2.26
3.11
2.22
2.99
2.23
3.06
3.36
2.50
3.65
2.77
3.88
3.16
4.23
3.50
4.81
3.47
4.30
3.13
3.65
2.78
3.18
2.61
3.28
2.52
3.23
2.46
3.24
2.38
3.36
2.44
3.42
2.64
3.70
2.89
3.73
3.90
3.28
3.31
4.26
3.52
4.74
3.26
3.99
2.89
3.60
2.64
3.58
15.29
20.36
22.03
24.23
22.04
17.66
20.81
20.76
19.22
18.34
16.54
14.75
14.68
13.41
10.51
10.89
9.91
6.54
5.66
4.76
3.56
3.31
3.61
3.00
12.01
20.81
22.59
21.97
19.53
19.53
21.89
22.58
21.85
18.07
15.51
14.71
14.90
14.07
11.47
10.37
9.18
8.38
5.56
5.09
3.51
3.95
2.95
3.88
8.42
14.36
15.14
17.11
20.44
20.36
20.77
22.48
17.18
13.80
11.21
15.13
15.02
12.01
10.75
10.78
10.79
8.07
7.20
4.31
4.83
5.60
4.05
3.23
9.34
13.61
15.65
15.42
18.81
21.37
23.27
22.15
18.43
16.33
15.59
14.39
13.49
10.91
10.09
9.19
8.47
8.91
10.55
8.94
6.91
7.49
6.43
5.44
31.65
42.62
35.80
27.19
29.58
27.23
18.05
17.95
18.12
15.16
14.64
14.67
14.08
9.62
6.51
6.00
6.33
5.44
5.86
3.91
3.53
2.52
3.21
2.46
3.15
2.36
3.18
2.20
3.02
2.28
2.89
3.09
2.48
3.51
2.71
3.86
3.57
4.33
3.46
4.47
3.48
4.11
3.09
4.10
2.88
2.95
3.36
3.44
2.69
3.05
2.69
3.19
2.40
3.05
2.58
3.20
2.74
3.63
3.03
4.04
3.54
4.39
3.51
4.51
4.21
6.11
3.66
4.20
2.99
3.66
2.58
3.36
17.85
29.22
23.71
28.97
29.09
23.10
21.87
21.32
18.73
19.01
19.03
17.67
16.46
13.16
12.35
11.40
12.04
9.21
8.80
4.71
3.96
4.09
3.10
3.62
10.81
19.51
23.28
24.78
20.37
20.74
23.18
18.36
18.38
15.75
17.03
14.43
14.57
13.14
10.39
9.74
9.21
6.65
7.37
4.97
4.64
3.53
3.20
3.98
5.89
8.80
10.55
12.95
14.04
17.51
21.07
18.10
14.49
13.02
11.69
14.80
15.55
12.40
11.48
8.99
7.77
6.82
5.89
5.22
3.31
3.97
2.96
3.64
11.22
18.37
17.97
18.85
20.37
24.11
25.77
22.76
18.70
16.59
16.41
17.18
15.65
14.38
11.75
10.29
9.01
6.62
7.25
4.52
2.54
4.99
5.61
2.96
8.02
15.76
19.96
20.51
24.63
22.02
25.94
21.92
18.18
12.38
11.33
10.66
10.92
8.84
8.36
7.61
7.02
6.02
6.41
4.07
3.94
2.87
3.84
2.80
3.59
2.59
3.67
2.45
3.46
2.60
3.59
3.25
3.86
3.08
4.24
3.75
3.89
4.67
3.85
4.76
3.99
4.66
3.85
4.50
3.56
3.90
2.87
3.39
2.88
3.51
2.74
3.25
2.57
3.39
2.67
3.78
3.00
3.77
3.38
3.47
4.43
3.72
4.32
4.01
4.73
4.18
4.54
4.11
3.94
3.20
3.84
2.90
8.13
13.93
18.54
20.66
18.80
14.89
19.35
19.64
15.94
13.30
10.93
14.32
14.43
11.83
10.22
8.60
8.99
7.24
6.79
4.77
4.78
3.41
4.10
2.95
10.05
13.92
17.25
20.94
24.71
23.51
21.20
20.21
14.49
15.61
15.66
14.81
14.87
14.76
11.47
10.98
9.68
9.46
7.10
4.91
4.41
3.29
3.79
3.16
6.61
7.91
9.61
13.95
15.56
16.53
18.87
16.41
14.58
12.52
13.74
13.75
12.93
12.79
11.91
13.13
10.90
8.78
6.91
5.65
3.85
4.09
3.14
4.23
11.18
18.20
15.86
20.74
20.50
20.53
19.69
16.84
16.71
16.32
15.57
16.47
14.61
12.50
11.10
9.66
8.10
8.60
9.16
6.14
5.77
4.73
5.41
4.46
12.77
15.61
16.79
16.77
20.87
19.40
21.11
19.34
14.17
14.02
13.92
14.05
11.97
11.50
8.34
8.48
7.45
8.16
7.38
7.26
5.49
6.16
5.11
5.86
4.83
6.09
5.25
5.33
4.51
5.47
4.79
5.72
4.82
4.81
5.93
5.41
6.27
5.22
6.08
6.07
6.83
5.98
5.99
6.60
5.50
5.58
4.98
5.75
4.88
5.80
4.90
5.12
4.37
5.26
4.76
5.82
4.81
5.95
5.17
6.25
5.57
6.41
5.64
7.00
5.38
4.62
5.16
4.18
4.41
3.38
4.12
3.36
8.11
7.15
6.87
6.02
10.83
11.66
14.90
16.42
15.23
14.45
14.05
15.40
16.57
14.16
12.82
11.98
12.39
9.34
7.52
5.07
4.82
3.73
4.09
3.62
6.24
6.43
5.67
8.81
8.13
14.44
16.75
17.47
16.33
15.87
18.33
18.38
18.49
16.22
12.20
11.18
9.86
10.39
9.73
7.22
6.19
6.04
5.14
5.01
9.42
9.21
9.80
7.35
8.89
11.30
14.55
15.35
11.77
9.68
9.54
14.26
12.94
12.11
12.61
13.59
12.90
8.38
8.03
4.38
4.18
2.83
4.26
2.86
17.58
25.38
20.23
20.65
17.84
18.51
17.85
15.91
8.47
16.29
17.55
15.68
15.58
13.97
11.16
10.75
9.95
8.79
6.50
5.40
3.68
3.94
2.97
3.28
9.84
10.23
7.52
6.74
7.27
10.70
13.77
14.90
14.92
13.38
10.80
11.86
11.13
10.34
6.97
7.71
7.39
8.24
7.35
6.29
4.73
5.48
4.44
5.13
4.25
4.92
4.96
4.03
4.55
4.05
2.61
3.72
2.75
3.67
3.33
4.05
3.50
4.41
3.44
4.58
3.88
4.49
3.88
4.65
3.12
3.65
2.80
3.71
2.66
3.53
2.57
3.17
2.52
3.50
3.69
3.79
3.01
3.89
3.22
4.33
3.44
4.59
3.65
3.87
5.81
6.45
6.07
6.13
4.99
5.67
4.92
5.47
8.16
8.72
7.67
9.33
10.39
12.62
14.87
14.83
14.41
13.19
11.60
13.93
15.15
13.64
13.06
11.57
11.31
6.98
6.90
4.18
3.99
3.17
3.95
2.97
6.36
6.71
7.42
7.04
8.64
12.70
15.40
15.63
14.62
15.25
15.18
17.32
16.31
13.36
10.64
9.87
10.77
8.07
7.94
4.48
3.91
3.01
3.79
3.14
9.62
11.87
12.98
13.59
14.33
15.21
13.37
12.76
12.58
10.12
11.23
13.56
12.80
11.40
11.04
10.49
9.47
5.87
6.32
4.24
4.24
3.15
3.55
2.94
13.37
16.98
13.12
17.87
20.06
22.41
19.03
15.84
14.97
15.13
16.33
16.98
15.86
13.24
9.96
9.48
7.64
7.55
6.17
5.64
4.17
4.26
3.22
4.02
6.36
7.58
7.94
8.28
7.53
9.00
13.54
12.73
13.51
12.12
10.39
11.28
10.34
10.48
9.30
9.90
8.74
9.54
8.44
7.38
5.57
5.90
5.18
5.88
5.04
6.15
4.86
4.76
5.69
5.01
6.05
5.15
6.00
5.47
6.36
5.77
6.62
5.97
6.61
6.26
6.32
7.19
6.22
6.97
5.65
6.41
5.17
5.24
5.87
5.37
5.68
4.76
5.78
4.94
4.89
5.76
5.21
5.83
5.56
6.34
5.40
6.44
5.67
6.07
6.08
4.33
5.13
4.29
3.75
4.10
3.32
3.82
11.15
12.73
8.32
9.35
11.19
14.34
16.74
16.16
14.49
10.80
14.08
17.02
16.26
15.20
12.59
12.91
12.85
8.59
7.67
5.23
4.94
4.80
5.06
4.18
7.88
6.12
6.27
8.09
10.31
13.40
15.33
15.51
14.84
14.88
16.17
15.66
14.81
13.48
13.01
11.95
12.58
11.44
12.56
9.40
8.87
7.79
6.76
3.00
7.78
7.22
7.81
7.83
9.07
10.26
13.81
14.75
10.51
9.65
11.46
15.14
16.95
13.18
12.12
10.71
9.17
9.11
9.03
7.19
5.35
5.71
4.90
5.49
8.33
9.72
9.29
10.74
9.39
13.38
15.05
16.31
16.63
16.68
15.31
18.36
17.08
15.98
11.87
11.03
10.00
7.52
7.58
5.14
5.15
4.63
5.25
4.34
7.95
6.08
7.07
8.14
8.25
9.72
14.20
15.76
12.01
11.28
10.26
11.57
10.64
10.95
10.10
10.37
9.25
9.86
8.42
5.82
3.98
4.44
3.60
4.08
3.38
3.93
2.93
3.92
3.18
3.72
3.54
5.30
3.88
4.66
4.10
4.44
5.19
4.62
5.22
4.94
5.38
4.57
5.05
4.20
4.05
4.46
3.60
4.33
3.44
4.16
3.08
3.15
4.01
3.36
4.64
3.87
3.72
4.96
4.07
4.62
4.49
5.35
4.40
4.66
5.66
4.61
5.12
4.39
4.19
4.50
3.86
4.59
11.26
13.04
9.22
8.66
12.02
13.44
17.05
17.27
19.03
16.04
14.72
13.94
12.17
11.17
10.74
10.23
7.43
7.23
6.41
5.74
5.81
5.61
4.88
3.61
7.23
6.03
6.33
6.04
9.27
9.45
9.35
10.08
12.84
15.61
14.44
15.51
14.87
12.70
11.83
11.04
10.35
10.01
8.89
8.29
6.70
6.91
5.89
6.50
8.76
10.78
10.23
10.80
9.96
11.93
14.83
15.44
11.45
9.88
8.41
13.43
11.74
11.13
9.89
9.24
10.37
9.55
9.86
5.53
4.35
3.31
4.02
3.08
9.55
12.38
11.75
13.99
13.41
14.94
11.78
10.80
13.87
13.40
12.90
12.75
13.08
11.75
11.56
11.58
9.67
9.58
8.78
5.90
3.31
4.21
3.05
3.60
9.95
14.72
13.13
11.72
10.34
10.98
11.51
10.54
10.52
8.98
9.62
9.31
9.91
8.99
7.51
8.07
8.34
9.97
8.86
6.34
4.30
4.74
3.83
4.59
3.80
4.68
2.92
3.70
3.14
4.15
3.39
4.62
3.87
4.69
4.13
4.66
4.93
4.50
5.28
4.84
5.86
4.89
5.66
4.69
4.49
4.89
3.90
4.65
3.86
4.81
3.16
3.24
3.85
3.50
4.23
3.72
4.73
4.20
4.77
4.24
4.87
4.53
4.38
5.28
4.85
5.42
4.83
4.74
4.95
4.14
4.57
4.22
11.28
15.37
11.15
10.64
10.96
12.30
11.74
12.70
11.96
11.52
11.90
11.67
10.91
10.04
11.27
10.35
11.77
10.21
10.82
5.97
4.92
4.07
4.67
3.94
8.43
8.27
10.02
9.80
9.99
10.39
11.68
11.30
12.14
11.99
11.35
11.07
11.01
9.69
9.52
8.62
9.11
8.41
7.63
4.70
4.68
3.60
5.38
4.49
12.40
16.41
15.00
18.79
21.06
23.28
19.82
19.48
14.53
12.17
13.07
11.56
10.31
10.25
11.07
9.56
9.38
9.31
6.46
5.84
4.04
4.81
4.19
4.99
14.18
19.74
10.97
9.45
9.60
10.84
11.42
10.70
11.08
10.24
10.59
9.30
8.60
8.85
7.91
8.50
7.93
9.14
8.21
7.31
4.33
5.17
4.26
4.77
8.52
11.31
10.10
11.07
9.32
6.45
10.09
10.86
11.37
10.18
10.78
10.27
10.76
9.25
8.58
8.89
8.16
8.61
8.33
5.78
3.93
4.06
3.93
3.21
3.87
3.17
2.91
3.97
2.90
3.70
3.80
3.32
3.95
3.56
3.57
4.41
3.91
4.55
3.81
4.83
4.09
4.83
4.20
5.12
3.74
3.68
3.84
4.18
3.19
3.81
3.02
3.67
3.20
4.17
3.16
3.27
4.39
3.51
4.46
3.33
4.24
3.42
4.22
4.66
5.52
6.08
5.39
6.17
5.01
5.60
4.75
5.50
10.05
11.13
11.87
11.21
12.74
13.14
12.63
13.37
14.91
15.74
15.33
15.14
12.96
13.56
11.66
11.90
11.48
12.17
11.29
8.12
5.84
5.78
4.45
3.35
7.91
7.57
6.13
9.54
11.53
11.97
11.01
11.21
9.30
10.00
9.67
10.64
10.46
8.96
8.98
8.02
9.33
9.29
9.99
5.58
4.58
3.57
4.56
3.57
7.96
8.53
9.26
8.97
10.44
9.60
10.19
9.38
9.74
9.62
10.69
10.92
9.98
9.84
8.83
8.54
8.43
8.60
9.81
5.74
4.94
3.69
3.70
4.19
7.27
8.99
7.96
9.07
9.57
11.06
9.77
9.62
8.67
8.85
9.71
9.01
9.79
8.43
8.39
7.92
9.68
9.21
9.78
5.61
4.56
4.16
3.34
3.25
7.96
8.36
10.04
10.66
9.90
10.60
12.47
11.99
11.03
10.16
9.76
9.26
9.59
8.51
9.42
10.52
10.29
10.79
10.40
7.73
5.03
5.75
4.74
5.40
4.56
5.22
4.95
4.36
5.22
4.48
5.30
4.77
5.38
4.99
5.92
5.23
6.01
5.73
6.47
5.75
6.51
5.58
6.45
5.54
5.99
4.95
5.60
4.89
4.60
5.63
4.54
5.29
4.57
5.24
4.80
5.24
5.05
5.71
5.48
5.71
5.10
6.05
5.03
5.95
5.22
6.00
5.27
5.52
5.36
4.64
5.44
4.65
11.12
11.53
10.85
9.91
11.85
13.04
14.79
13.20
12.03
12.12
10.75
11.64
11.64
9.30
9.18
8.88
9.59
8.86
8.94
5.43
4.35
3.84
3.10
3.68
21.49
30.96
24.03
14.71
18.39
15.44
14.59
14.62
13.88
13.93
13.82
10.41
11.18
11.81
11.67
11.76
10.38
10.92
10.43
6.78
3.72
4.21
3.38
3.72
16.89
24.10
14.23
10.98
11.82
13.07
14.40
14.52
13.64
13.58
13.76
10.41
9.34
9.19
7.58
8.23
6.97
8.03
7.24
5.38
3.09
3.82
2.74
3.64
18.34
27.19
16.01
15.77
18.85
15.79
15.30
15.86
17.30
16.34
16.23
16.28
13.54
8.42
9.32
6.86
7.31
8.75
10.72
6.70
3.95
4.37
3.53
3.63
23.80
30.62
26.14
16.68
16.72
15.27
14.02
13.88
13.77
15.96
14.47
9.02
9.84
7.72
8.02
6.86
8.35
8.15
9.41
5.11
4.26
3.28
4.33
2.98
3.43
2.91
3.44
2.79
3.56
2.91
3.99
3.23
4.24
3.56
4.47
3.83
4.75
4.15
4.90
4.30
5.28
4.38
4.65
4.56
3.77
4.29
3.39
4.03
3.22
4.00
3.06
3.75
2.96
3.19
3.89
3.34
4.31
3.52
4.44
3.63
4.51
3.90
3.84
5.01
4.21
4.92
4.22
4.13
4.39
3.62
4.15
3.53
7.42
14.94
13.27
11.52
10.82
9.71
10.36
9.28
9.78
9.74
9.40
10.03
9.63
9.45
8.31
8.93
8.68
9.39
7.74
5.18
3.46
3.75
3.08
3.72
14.64
19.25
11.33
10.63
10.83
11.28
11.68
11.16
10.61
10.82
8.82
9.30
10.20
11.32
10.56
10.11
10.98
10.23
12.01
7.08
5.79
5.08
5.32
5.45
15.63
19.48
11.98
12.10
12.55
11.76
11.78
11.82
12.59
9.90
10.19
10.06
10.51
9.32
8.67
7.83
8.50
8.34
8.85
4.94
4.59
3.43
4.19
3.23
9.28
9.90
10.01
9.71
11.48
11.01
10.85
9.96
10.78
11.30
9.97
10.74
10.08
9.39
7.92
8.11
7.97
9.31
8.85
6.47
3.94
4.52
3.58
3.97
5.60
8.45
8.67
9.67
10.02
10.71
10.86
10.61
8.22
9.04
8.66
9.36
8.57
9.08
8.21
8.72
8.04
9.45
9.14
6.33
3.76
4.63
3.62
3.37
3.99
4.25
3.02
3.06
3.76
4.18
3.57
4.22
3.65
3.92
4.85
4.45
5.50
4.79
5.49
4.77
5.69
4.87
4.51
5.63
4.20
4.96
3.88
3.72
4.48
3.53
4.10
3.49
3.49
4.53
3.65
4.59
3.87
4.02
5.03
4.34
4.95
4.48
4.46
5.28
6.29
5.45
4.63
4.37
4.92
4.02
4.70
3.75
12.17
18.92
13.96
13.43
14.41
15.08
13.66
14.58
15.06
15.22
15.27
15.97
15.17
14.35
13.50
10.95
10.64
10.58
11.02
6.32
5.04
4.14
4.64
3.76
8.39
12.73
12.05
10.32
10.94
10.78
12.51
13.08
14.11
13.77
13.15
14.11
13.62
14.88
12.14
11.46
9.89
10.36
9.73
6.37
4.17
4.74
3.65
3.93
6.86
9.96
9.93
10.09
9.85
11.32
9.93
10.87
13.25
12.47
11.25
11.47
10.22
10.20
9.40
10.03
8.84
10.14
9.88
6.24
4.80
4.04
4.79
3.84
8.10
10.67
9.73
9.70
12.58
12.38
13.17
13.17
12.43
12.09
11.54
11.65
10.96
10.78
9.30
9.67
9.35
10.25
9.63
7.16
4.61
4.32
4.85
3.95
8.41
12.15
10.83
9.92
11.19
10.29
10.79
9.78
9.75
8.80
10.01
9.70
10.01
9.18
9.71
8.69
8.65
7.36
8.03
5.31
5.12
3.97
4.91
3.67
4.35
3.64
6.54
10.73
9.02
6.37
7.54
7.05
6.71
7.26
7.16
5.84
4.95
5.55
4.64
5.74
5.16
5.02
5.29
4.67
5.27
4.05
4.72
3.76
4.54
3.53
3.24
4.16
3.62
4.49
3.97
4.92
4.31
4.61
5.61
5.43
5.25
6.10
7.46
6.24
5.33
5.21
5.80
4.93
5.51
4.50
4.25
4.86
11.97
18.86
11.02
9.86
10.88
13.76
13.40
12.58
17.24
16.06
15.62
15.20
14.30
13.96
14.60
13.27
12.50
10.81
10.71
6.47
5.16
5.70
4.83
5.61
10.35
18.07
10.13
7.23
7.83
7.30
8.02
8.90
12.03
9.27
10.14
9.51
10.44
12.22
10.65
10.87
8.36
8.45
7.54
6.02
4.18
4.97
3.90
3.71
9.70
13.65
7.85
5.88
8.01
7.98
9.32
9.98
13.44
10.54
11.11
10.66
11.80
10.58
10.75
10.23
9.73
8.73
9.02
5.71
4.95
4.17
4.94
3.99
9.29
14.98
8.69
7.85
8.47
9.42
9.05
10.38
10.86
12.06
11.71
11.32
11.84
10.26
10.18
9.08
9.31
7.93
8.22
5.41
4.35
4.84
6.44
5.06
9.61
13.82
6.39
5.52
8.35
8.32
9.53
8.00
9.65
9.46
10.24
9.91
10.23
9.52
9.25
9.56
8.17
8.42
7.45
6.44
4.46
4.36
4.29
3.86
4.32
3.59
4.40
3.54
4.05
4.26
4.49
4.19
4.24
5.19
4.72
5.32
5.07
5.04
5.98
5.05
6.07
6.50
4.96
4.89
5.38
4.47
5.01
4.11
3.79
4.57
3.68
4.50
3.94
4.83
4.17
4.48
5.41
4.65
7.16
6.52
5.19
8.46
7.02
5.31
8.78
6.04
5.07
5.69
4.66
6.44
5.27
4.24
13.01
18.44
11.16
9.99
10.55
11.12
12.62
12.68
13.31
11.70
11.56
11.05
11.72
11.28
10.54
10.45
9.75
9.36
8.38
6.29
4.35
4.02
4.78
3.85
11.69
15.04
8.64
7.67
7.67
9.20
8.33
9.35
9.39
10.05
9.49
10.81
11.25
13.64
11.75
9.68
9.37
7.97
8.52
5.62
4.14
4.85
3.81
4.33
9.47
16.03
11.98
7.47
6.99
7.94
8.71
7.83
9.41
9.74
10.68
9.74
10.24
9.25
9.26
9.38
8.41
8.76
7.83
6.18
4.33
3.98
4.65
3.81
9.88
15.48
12.01
8.79
8.06
9.12
8.96
9.00
9.98
9.95
9.25
10.44
10.65
10.20
10.25
9.16
9.55
8.15
8.81
5.57
4.48
4.86
4.00
4.61
9.85
14.16
7.29
6.67
8.21
8.55
9.29
8.54
9.44
8.35
10.04
9.63
10.32
9.11
9.59
8.79
8.71
8.88
7.83
6.29
4.50
4.28
4.80
3.72
4.35
3.70
3.84
4.10
3.77
4.48
3.83
4.29
4.93
4.12
5.42
4.63
4.86
5.70
4.84
4.87
5.98
4.97
5.51
4.74
4.57
5.03
4.30
4.04
4.81
3.89
3.67
4.35
3.81
4.60
3.97
4.17
5.03
4.49
5.44
5.51
6.76
6.15
4.93
7.88
6.33
5.17
4.86
5.43
4.53
4.49
4.63
3.99
15.09
19.19
13.25
12.24
14.91
16.71
14.40
13.24
14.03
13.54
13.83
12.88
13.40
12.80
13.00
12.05
10.46
9.45
8.29
6.71
4.26
4.91
3.87
3.89
11.96
16.39
12.98
8.65
8.92
12.99
11.10
10.06
10.87
10.67
11.29
12.14
12.30
10.35
10.25
9.30
8.93
9.15
8.01
6.25
4.44
5.06
3.87
4.00
10.78
13.94
9.27
7.15
9.04
13.08
10.61
8.45
10.15
10.02
11.08
10.43
10.83
10.04
10.47
9.54
10.40
8.98
9.70
6.44
5.37
5.53
4.89
5.69
11.42
16.16
9.75
8.47
8.51
15.12
11.92
11.23
11.16
13.37
13.62
13.42
12.66
11.79
10.97
10.91
10.34
8.71
8.63
6.05
5.89
4.84
5.58
4.70
10.19
15.88
9.44
9.00
7.52
11.47
11.30
12.31
11.60
12.30
12.71
13.57
11.86
11.85
10.11
10.38
10.15
11.42
10.23
7.38
7.02
6.05
6.61
5.70
5.71
6.35
5.36
6.25
5.64
5.73
6.87
6.33
7.36
7.09
7.11
9.30
9.65
8.12
8.88
10.30
8.14
7.09
7.22
9.58
6.83
6.33
6.66
6.08
6.84
7.40
5.57
5.68
6.42
6.03
7.49
8.35
8.30
9.62
9.20
8.98
10.03
9.35
9.21
9.22
8.59
8.78
7.19
8.90
7.42
6.06
5.96
8.38
15.46
19.38
13.85
14.03
15.00
16.02
18.21
17.38
18.14
16.05
16.40
14.12
15.06
15.00
12.13
12.03
10.85
10.13
9.45
7.32
4.86
5.27
4.48
4.15
11.27
16.75
11.44
8.90
9.88
12.80
13.54
13.19
13.49
13.57
13.35
13.09
12.42
11.95
10.48
10.56
11.66
11.14
9.33
6.00
5.08
4.05
4.05
4.56
9.57
16.80
10.19
8.64
8.06
9.20
8.95
9.46
9.96
10.60
13.00
12.57
13.14
11.13
10.55
9.35
8.48
8.90
7.76
6.33
4.61
4.80
4.00
3.99
10.09
14.40
8.70
6.03
6.41
6.25
6.22
6.89
6.72
8.04
8.14
9.01
9.06
9.94
9.18
9.01
8.94
8.24
8.42
5.44
5.26
4.05
4.87
3.71
9.57
15.94
8.68
7.90
7.16
8.75
8.29
10.35
8.80
8.97
10.18
9.84
10.87
10.41
10.11
10.34
8.73
9.30
7.97
6.45
4.37
4.13
4.82
4.03
4.75
3.82
3.55
4.47
3.76
4.83
4.18
4.16
5.11
4.48
5.48
5.00
5.06
8.25
6.62
5.22
6.13
7.08
5.54
5.60
4.54
5.28
4.38
4.28
5.09
4.03
3.99
4.78
4.24
4.32
6.57
6.05
4.62
7.52
7.43
5.69
8.53
7.95
5.61
7.01
6.85
5.69
4.84
4.65
7.33
4.38
3.96
4.74
14.75
17.79
11.20
9.03
11.95
12.29
12.88
12.31
13.05
13.54
13.04
14.41
12.83
12.81
11.08
10.40
10.13
8.30
9.72
5.88
4.10
4.76
3.92
4.53
12.41
14.85
9.23
7.28
8.82
10.04
10.88
9.78
10.04
9.13
8.86
11.79
12.92
13.22
11.80
11.94
9.32
8.92
8.22
5.95
5.12
4.18
4.87
3.89
9.10
15.46
9.25
8.11
7.56
9.16
8.87
9.78
11.04
11.83
13.52
13.45
12.73
11.41
10.54
10.08
9.33
9.49
8.72
6.68
5.00
4.41
5.32
4.26
9.93
16.59
9.63
8.60
8.38
10.51
10.33
11.02
11.29
12.71
12.18
12.96
12.66
12.66
10.90
10.67
9.48
8.97
9.38
6.31
5.47
4.65
4.59
5.21
10.13
17.24
11.88
9.22
8.94
9.00
11.55
11.76
13.42
13.04
12.85
13.38
11.62
11.29
9.74
10.06
9.01
8.95
9.23
6.25
5.53
4.63
5.39
4.36
4.13
5.13
3.93
3.96
5.02
4.34
5.48
4.97
5.66
5.99
7.83
8.62
7.63
7.70
7.89
5.69
8.24
6.87
5.45
5.87
7.72
5.25
4.87
5.62
5.78
5.99
5.37
4.38
4.66
5.59
7.64
6.90
8.17
7.55
7.65
8.20
7.86
8.57
7.58
7.07
8.10
6.10
6.27
8.14
5.24
5.15
6.66
6.06
13.28
19.01
14.43
12.06
14.67
16.13
17.47
17.08
17.10
17.40
17.91
16.86
15.73
13.48
12.67
12.16
12.16
11.68
10.14
7.44
5.46
4.98
5.59
4.59
11.49
17.33
11.60
9.58
9.49
12.19
12.50
13.49
13.52
13.33
13.54
12.88
12.95
12.00
10.75
11.26
10.55
10.84
9.78
7.40
5.08
4.78
5.36
4.35
10.77
17.33
12.12
12.07
14.00
10.94
11.51
13.57
12.99
14.56
12.70
12.68
11.86
11.73
10.55
10.72
9.92
9.27
9.74
6.11
5.76
4.84
5.50
4.57
10.16
17.18
10.56
8.66
9.13
9.27
9.03
10.26
12.71
12.31
12.51
12.05
12.94
10.66
10.64
9.10
9.75
8.21
8.23
8.28
5.67
6.17
4.92
4.89
9.74
17.80
12.25
9.82
8.56
9.16
10.24
10.18
11.54
10.50
11.37
10.46
11.13
9.96
10.20
9.24
8.99
9.01
7.79
6.33
4.33
5.04
4.11
3.94
4.69
3.76
4.33
3.58
4.60
4.06
4.26
5.18
4.57
5.45
5.15
5.68
6.83
8.58
6.85
5.31
7.69
6.74
4.98
4.95
5.45
4.62
5.95
5.38
4.27
5.11
4.02
4.02
4.87
4.35
4.58
6.08
7.21
6.27
7.83
7.41
7.68
8.05
6.11
10.19
6.45
5.80
8.35
6.64
5.28
5.60
6.93
5.45
13.27
18.53
13.35
13.13
14.49
15.26
14.82
14.60
13.79
14.55
14.31
15.01
13.80
12.52
12.36
11.41
9.59
10.78
10.58
6.31
5.21
4.20
4.99
4.10
11.17
16.16
8.67
9.16
9.78
8.91
9.78
9.68
11.28
11.16
12.17
11.60
12.29
11.33
10.80
10.80
9.86
11.19
10.94
9.31
7.04
7.93
6.40
5.95
13.02
19.26
13.41
12.08
13.27
12.52
12.02
11.16
11.47
11.01
10.27
12.07
11.91
11.57
9.94
9.93
9.16
9.70
8.72
6.23
5.44
4.68
5.46
4.31
10.59
16.96
11.51
8.36
8.41
10.07
9.68
11.28
11.96
12.67
12.24
13.22
11.86
11.67
10.20
10.25
9.49
9.87
9.84
6.49
5.15
5.72
4.74
5.57
10.78
16.83
10.53
9.13
9.84
9.88
10.73
10.67
11.97
11.87
12.90
12.34
13.05
11.54
10.53
10.66
9.97
10.14
10.06
6.61
5.24
5.82
4.87
5.29
4.59
5.23
4.44
4.35
5.33
4.78
5.22
6.07
6.28
7.46
8.13
8.59
8.71
7.95
6.77
9.66
6.92
5.76
7.85
6.77
6.13
5.40
4.97
7.59
5.23
4.86
5.33
4.32
5.36
7.43
5.68
6.35
8.21
7.90
8.48
7.94
8.15
9.14
7.78
6.40
10.26
6.36
5.56
7.69
6.74
5.21
5.57
6.00
15.09
18.74
12.84
13.40
14.13
15.36
14.00
14.51
14.37
15.03
13.96
19.31
16.41
15.42
14.93
13.27
13.39
12.02
12.10
8.69
5.56
4.70
4.68
5.52
10.76
18.43
10.85
9.77
11.39
12.09
13.69
13.68
13.72
15.47
16.71
15.04
15.24
12.44
11.65
10.10
8.64
9.68
9.14
6.61
4.38
4.47
5.05
4.02
13.16
16.47
8.67
7.77
8.71
10.54
10.86
11.79
9.78
10.49
10.12
11.17
10.21
9.60
8.24
8.45
7.52
8.61
8.20
6.35
4.42
4.90
4.45
4.17
10.55
17.54
9.42
9.23
10.49
10.97
15.20
16.39
14.37
13.28
15.90
14.13
13.09
11.51
12.27
11.56
12.02
11.12
11.68
8.37
7.91
7.09
6.57
7.79
12.25
19.67
13.98
12.43
11.32
11.63
15.83
15.57
14.84
13.75
14.74
14.90
15.55
13.62
13.47
11.88
11.57
11.74
11.90
9.09
7.66
8.24
7.07
8.04
6.82
7.31
7.45
6.63
7.54
7.25
7.77
9.15
8.18
9.52
9.50
10.74
10.11
9.73
10.85
9.69
9.09
10.50
9.04
7.79
8.28
7.72
7.58
8.37
6.73
8.67
7.56
6.32
7.89
7.43
7.91
11.03
8.55
9.51
11.85
10.18
10.03
10.87
10.24
10.47
10.09
9.04
11.43
8.99
8.31
9.40
9.32
8.24
15.03
21.41
17.66
15.04
18.19
18.81
18.55
18.97
17.85
17.07
15.78
15.85
16.24
14.94
14.62
12.95
12.80
11.51
10.83
7.72
5.35
5.85
5.13
5.79
11.32
18.13
12.28
11.06
12.96
11.72
12.06
11.12
12.23
10.15
10.71
12.12
12.14
14.67
11.52
11.52
10.97
10.19
8.42
6.95
4.93
4.81
5.49
4.82
10.91
17.39
10.59
10.41
9.51
9.96
10.08
11.37
11.76
12.40
12.63
12.44
12.68
10.90
10.66
9.70
9.94
8.80
8.71
6.89
4.74
5.35
4.55
4.54
10.64
16.84
11.87
9.05
10.61
9.43
13.27
12.60
11.48
15.09
13.11
12.66
12.12
11.71
9.88
10.15
9.04
9.16
9.39
6.01
5.54
4.68
4.64
5.34
9.79
15.66
9.16
8.39
9.05
9.69
15.17
15.89
15.06
11.23
11.37
10.83
11.66
10.18
9.72
9.99
8.84
9.24
8.08
5.88
5.68
5.38
4.23
4.33
4.86
4.07
4.92
3.95
4.30
4.74
4.44
11.44
16.17
13.53
14.40
15.41
11.51
9.14
6.37
4.47
5.57
4.68
5.55
4.87
4.36
4.86
4.15
4.94
4.02
4.40
4.73
3.94
4.68
3.95
4.23
5.33
4.61
5.38
4.87
5.08
6.10
7.31
6.78
6.26
5.56
6.52
6.96
5.14
5.56
4.72
4.77
5.02
12.29
18.87
12.71
9.87
13.15
11.85
11.88
12.33
12.61
13.51
12.74
13.58
12.96
12.76
10.99
10.98
9.91
9.20
9.46
6.96
6.83
4.73
4.34
5.12
9.74
17.11
10.93
8.68
11.08
11.01
11.90
11.71
12.56
11.17
11.82
12.03
11.94
11.61
10.24
10.61
9.32
9.54
8.27
5.89
5.42
4.30
5.05
4.06
9.44
16.59
10.04
8.36
8.30
10.62
9.91
11.84
11.59
13.18
13.36
14.23
14.06
12.01
10.21
10.55
9.49
8.75
8.38
6.75
4.96
4.95
5.09
4.77
11.03
16.64
11.42
8.70
9.19
10.06
9.87
11.96
13.24
15.41
14.88
14.89
14.81
13.30
12.52
11.99
12.52
11.13
11.42
8.23
6.52
7.25
6.05
6.63
11.55
18.48
15.46
11.37
11.77
11.89
13.51
13.14
13.09
14.69
13.84
14.64
14.18
14.89
13.04
12.19
12.71
11.52
11.75
8.35
6.91
7.17
6.30
7.06
5.89
6.01
6.71
5.71
6.50
6.42
6.86
8.31
7.81
7.74
9.31
7.79
7.96
8.99
6.01
7.65
7.03
5.75
6.23
6.62
5.42
5.46
4.55
4.61
5.44
4.39
4.24
4.95
4.54
4.26
5.08
4.40
5.72
8.26
6.27
5.77
6.82
7.62
5.42
7.89
6.63
4.86
5.83
6.69
4.68
5.27
4.29
4.22
14.40
16.96
11.75
10.36
14.52
15.11
13.70
14.64
15.74
15.29
13.79
14.46
13.45
13.65
12.12
11.37
10.44
8.77
9.10
6.18
5.48
4.28
4.55
5.11
11.64
12.54
7.24
7.25
9.64
9.85
12.16
11.82
15.46
15.37
13.58
14.57
14.43
14.19
12.19
10.79
10.77
9.35
9.87
6.17
4.74
5.51
4.40
4.76
11.12
12.86
7.42
7.84
9.40
9.09
10.17
10.62
11.69
13.53
14.58
15.28
14.90
14.28
11.25
11.32
9.72
9.23
9.74
6.27
5.52
4.63
4.52
5.42
11.37
11.91
8.67
8.13
10.74
16.29
18.40
19.51
21.76
23.49
22.15
22.20
20.95
20.17
17.81
15.85
13.57
11.32
11.86
7.28
6.90
5.52
5.85
5.33
11.81
13.77
8.03
8.25
11.25
15.49
18.98
15.65
15.36
14.61
15.67
16.08
13.90
14.41
13.04
13.15
11.51
10.84
11.52
7.99
7.79
6.37
5.98
6.46
5.94
6.04
6.43
5.66
7.17
4.49
4.41
5.40
4.67
5.02
6.00
5.06
5.61
5.91
7.47
7.39
5.68
5.53
6.58
5.24
5.26
5.35
6.03
5.27
5.64
4.66
4.52
4.50
5.46
4.58
4.36
7.44
6.68
5.00
8.63
7.76
5.47
9.88
5.98
7.16
7.94
5.56
5.43
7.84
5.07
5.02
6.32
6.01
13.79
19.18
12.84
12.24
17.82
20.84
23.13
20.88
23.00
23.05
21.23
20.84
18.54
16.99
15.98
14.37
13.41
12.68
11.83
10.12
7.83
6.73
6.16
6.88
13.35
16.69
10.60
11.35
13.43
16.05
18.85
19.37
21.01
21.42
21.13
21.84
20.94
19.78
18.36
17.18
14.06
11.61
11.20
7.30
6.21
5.31
5.42
5.69
11.91
15.28
8.82
9.41
12.20
16.02
18.33
16.53
18.51
19.84
19.12
19.24
18.14
15.58
17.01
16.56
16.34
15.28
13.54
10.04
8.07
7.97
8.65
7.65
15.07
15.27
12.15
11.07
12.03
15.55
16.13
16.35
17.29
18.81
18.88
19.96
19.27
18.49
17.35
15.12
13.19
11.72
11.40
7.21
6.28
5.19
5.20
5.76
11.54
15.11
11.17
10.95
12.18
15.50
18.48
17.71
15.09
17.89
19.22
20.52
18.15
15.33
14.59
13.31
13.57
12.64
11.01
7.79
4.66
5.17
4.41
4.39
4.81
4.28
4.84
4.03
4.20
5.27
4.38
5.28
4.92
4.84
6.40
5.91
5.76
8.32
8.66
6.02
6.91
5.53
6.35
6.83
4.76
5.92
4.72
4.78
5.18
4.59
4.67
4.82
4.32
4.58
5.11
6.02
8.03
6.64
6.69
9.09
7.95
5.95
7.66
6.22
5.15
7.00
5.79
4.76
4.74
7.65
4.79
4.57
15.36
19.77
15.36
13.60
15.60
16.59
14.19
14.47
14.37
14.24
15.17
14.90
15.72
13.62
12.56
12.97
11.92
11.55
10.59
6.83
5.23
4.73
4.74
4.45
11.52
15.00
10.58
11.76
13.23
17.39
17.50
19.61
20.87
22.22
21.59
22.01
20.47
19.31
17.23
17.29
12.61
12.29
11.38
9.11
5.18
6.06
4.90
4.93
12.72
14.77
11.15
11.00
13.36
15.19
18.37
18.69
17.47
17.98
19.32
18.69
18.04
15.87
16.01
14.69
15.87
14.69
14.60
11.20
10.53
9.44
7.17
5.55
11.41
15.48
11.13
11.64
12.70
17.11
17.13
18.79
18.51
19.24
20.59
19.65
19.06
15.52
18.17
15.80
12.51
12.29
11.83
9.89
6.43
6.93
6.39
7.36
12.83
16.58
12.12
12.96
13.33
15.66
18.85
17.63
17.87
18.68
18.63
18.06
19.67
18.02
17.78
16.34
16.80
15.91
15.48
13.03
9.91
10.02
9.50
9.84
9.82
9.37
16.37
18.41
16.33
14.80
15.58
16.76
17.06
18.52
17.78
18.63
17.07
17.65
11.95
10.54
10.90
10.30
10.63
9.95
9.88
9.90
9.47
10.18
9.46
9.44
10.35
9.16
9.66
9.66
9.66
10.68
9.68
9.90
10.98
10.26
10.83
12.05
10.65
10.89
10.30
12.01
10.89
9.85
9.69
9.91
9.62
10.76
20.73
23.33
18.28
17.60
21.72
21.56
21.57
20.56
20.14
21.83
21.26
20.75
19.48
15.81
14.79
14.19
13.33
11.84
12.08
7.96
4.66
5.60
4.59
5.45
12.70
14.16
12.21
11.88
14.54
18.23
18.46
17.38
19.93
20.71
18.96
19.44
18.44
18.57
16.37
15.05
12.87
14.07
13.09
8.16
5.16
5.18
5.94
4.94
14.11
15.29
13.81
12.95
14.52
16.96
19.30
19.53
17.00
18.76
19.63
21.13
18.64
16.77
16.02
15.58
15.57
13.80
12.57
7.80
5.15
4.19
4.86
4.16
10.79
10.91
10.68
11.47
13.63
15.77
16.99
18.15
19.00
19.12
18.35
18.64
18.37
16.62
15.85
13.94
11.75
10.87
10.91
7.35
4.66
4.90
3.88
4.64
10.04
10.44
10.27
9.60
12.98
14.76
18.18
16.30
16.00
16.49
16.75
16.63
15.47
14.84
15.24
13.99
14.18
12.61
13.04
8.44
7.75
6.89
6.97
7.77
6.63
7.56
6.96
7.43
6.99
7.60
7.57
7.28
7.96
8.00
8.54
9.31
7.54
8.35
6.98
8.08
8.63
7.73
7.33
7.98
6.88
6.71
7.26
6.53
7.09
6.50
6.93
6.71
6.46
7.32
7.21
7.54
8.08
7.83
8.05
9.71
10.11
9.49
8.31
9.66
8.49
7.36
8.37
8.21
6.85
6.89
7.48
6.52
17.98
22.32
16.83
16.29
20.03
21.86
21.27
21.76
22.01
23.38
22.03
19.74
17.14
15.55
14.72
14.52
14.22
12.48
14.53
8.68
7.28
3.88
4.77
3.95
11.92
12.88
10.47
10.84
12.51
17.23
18.99
19.15
21.40
20.34
19.66
18.77
17.72
18.33
17.15
15.40
12.35
12.76
13.23
7.68
5.84
5.15
5.51
4.64
11.19
12.67
10.86
11.12
13.69
16.72
18.23
18.19
18.83
19.14
20.52
20.45
20.40
16.98
16.18
14.87
14.45
11.24
11.05
6.33
4.34
5.21
4.08
4.95
9.85
11.66
9.96
10.44
11.52
17.09
18.47
19.19
18.61
18.61
20.29
20.93
18.39
17.65
17.45
17.11
11.90
12.45
11.73
7.69
4.77
4.73
5.51
3.98
10.49
10.83
11.00
10.65
13.72
15.39
19.26
17.46
17.74
16.91
18.17
16.01
15.89
14.69
14.54
13.83
14.57
14.68
14.07
11.14
8.88
9.42
8.68
9.16
8.63
8.59
9.27
8.40
9.00
8.73
9.42
9.06
9.55
9.03
9.69
9.28
6.55
5.20
4.39
5.56
4.79
4.48
5.21
4.15
4.50
3.82
3.66
4.22
3.51
4.40
3.81
3.88
3.46
3.63
4.48
3.93
3.92
5.11
4.30
5.32
4.54
4.61
5.69
5.20
5.84
4.83
4.81
5.76
4.79
4.61
5.18
4.44
13.02
18.94
14.47
14.31
19.18
21.80
23.94
23.65
23.79
23.96
24.35
22.44
22.70
20.18
18.62
16.06
15.48
11.00
11.32
6.40
3.97
4.52
3.69
4.96
9.81
11.60
12.01
11.12
12.62
15.59
18.54
19.21
19.44
19.36
18.67
19.87
18.92
17.65
15.67
15.35
12.39
10.74
11.74
7.54
3.84
4.01
3.59
4.10
8.46
9.75
10.33
10.15
12.54
14.64
17.44
16.63
16.81
16.94
17.58
17.41
17.26
15.20
14.12
14.58
14.94
13.97
13.92
10.59
8.91
9.65
8.71
9.21
13.13
13.98
12.66
12.45
11.60
15.95
15.27
17.59
15.53
17.60
17.98
16.82
18.15
15.09
14.73
13.45
12.23
11.45
12.76
8.39
7.03
7.42
7.05
7.39
10.28
11.36
11.78
12.71
14.57
15.19
17.24
15.84
17.57
16.32
17.61
15.23
16.09
14.16
13.71
12.15
12.48
11.75
12.27
7.93
6.93
6.12
6.70
6.10
6.79
6.08
6.98
5.89
6.77
4.34
3.64
4.58
3.96
4.92
4.51
5.54
4.84
4.38
6.96
5.29
6.04
5.01
5.02
5.43
4.72
4.57
5.01
4.45
4.98
4.28
4.41
4.12
3.67
4.96
4.02
4.86
4.11
4.26
5.50
4.78
4.72
5.17
4.68
5.42
4.63
4.99
4.57
4.11
4.83
3.68
3.68
4.43
12.35
17.84
12.88
13.31
14.14
17.98
21.07
18.36
18.76
19.51
20.95
20.26
18.20
15.17
12.72
13.00
11.63
10.91
11.71
5.94
4.67
3.95
4.21
3.83
8.53
8.58
8.62
8.90
9.93
13.32
14.87
16.87
17.64
19.01
19.55
17.22
17.75
16.13
15.89
13.16
11.73
10.67
10.37
6.82
4.36
5.28
4.19
5.06
8.41
8.69
9.37
8.69
11.94
13.89
16.34
14.96
17.44
17.04
15.89
16.50
14.88
14.16
14.60
13.93
14.74
11.47
11.53
6.18
5.23
4.38
4.85
3.81
7.48
9.08
8.20
8.60
9.45
14.25
13.40
16.25
15.40
16.88
18.43
19.45
18.82
16.83
16.46
14.34
11.70
12.15
10.58
6.82
3.93
4.57
3.75
4.45
8.73
10.15
9.66
10.13
11.92
15.48
17.51
17.13
15.28
16.26
16.67
16.55
14.81
14.52
13.23
13.97
13.07
13.36
12.45
9.42
6.29
4.32
4.21
3.50
4.19
3.58
4.45
2.97
4.05
3.36
4.36
3.54
4.05
4.79
4.25
5.27
4.47
5.35
4.83
5.85
4.86
4.87
5.50
4.70
4.88
4.26
3.83
4.76
3.49
3.96
4.80
3.19
4.37
3.56
3.50
4.53
3.89
4.91
4.46
4.60
5.34
4.47
5.70
5.14
5.41
7.09
6.21
6.84
6.15
5.80
6.43
5.62
15.07
17.60
14.42
14.48
16.73
18.33
20.46
19.04
19.64
19.68
20.47
19.48
19.37
17.52
16.86
14.63
11.87
11.90
12.32
6.40
4.86
4.02
3.69
4.36
9.37
10.95
10.51
10.79
11.85
16.04
17.31
20.54
20.80
20.22
20.21
18.97
17.79
18.00
15.74
15.83
13.04
13.62
12.36
8.84
5.96
5.89
6.72
5.36
10.51
10.43
11.26
10.33
12.40
14.08
14.65
14.70
16.25
17.16
16.14
17.29
16.37
14.21
13.79
14.92
14.34
13.82
10.16
6.28
3.72
4.34
3.34
4.14
7.81
9.10
8.55
8.84
10.03
14.60
14.60
15.82
17.78
19.29
20.76
21.12
20.53
19.59
16.03
14.33
12.94
11.72
12.75
7.43
4.79
3.70
5.14
3.07
6.99
8.29
9.53
11.62
12.07
11.51
15.54
15.20
13.84
15.57
16.21
17.54
17.99
17.26
12.43
10.55
11.05
11.10
8.97
5.93
3.56
4.20
3.27
4.27
3.22
4.28
3.76
3.13
3.46
3.07
4.11
3.31
4.16
3.51
4.59
3.96
4.24
4.38
5.16
4.34
4.41
4.86
4.28
4.77
3.55
3.38
4.19
3.35
4.28
3.34
3.17
3.50
3.61
3.10
3.27
4.09
3.41
4.59
4.04
4.76
4.12
5.28
4.50
5.13
4.46
4.25
4.99
4.01
4.36
3.50
3.41
4.22
11.06
14.35
12.52
11.46
13.33
10.51
14.06
13.65
13.54
14.34
13.39
13.68
12.58
12.73
11.68
12.48
10.29
10.66
9.72
5.82
4.86
4.84
6.58
5.91
11.24
11.53
12.07
10.96
12.81
13.12
13.25
14.21
13.89
14.47
13.34
13.80
12.70
12.43
11.12
11.22
10.73
11.33
10.48
7.89
4.51
5.37
4.29
4.84
8.11
9.07
8.56
9.30
10.92
13.45
13.29
14.21
15.21
14.33
14.82
14.32
16.19
14.30
13.22
13.90
13.34
13.79
12.89
10.51
8.71
9.29
8.56
8.90
12.41
12.80
12.49
12.61
13.28
15.50
15.86
19.20
17.57
17.28
19.56
19.69
19.39
16.10
14.49
13.31
13.58
12.37
10.89
6.85
4.17
4.74
3.66
4.41
8.34
9.71
9.13
9.60
11.58
14.53
15.94
15.76
15.73
15.63
15.53
15.47
15.48
14.08
12.93
11.40
11.74
10.89
11.85
7.60
6.98
6.11
6.20
6.73
6.07
6.59
6.03
6.60
5.87
6.69
5.91
6.64
6.02
6.95
6.25
6.84
5.66
5.41
5.26
4.62
5.30
4.52
5.05
4.34
4.76
3.98
3.85
4.66
3.76
4.82
4.04
3.42
2.72
2.76
3.59
3.07
4.00
3.47
4.35
3.70
4.84
3.88
5.40
4.58
4.54
5.04
4.33
4.95
4.09
4.47
3.92
4.36
7.78
9.75
9.66
10.30
12.46
14.52
16.65
16.97
15.83
15.82
15.29
15.25
14.53
13.67
11.89
11.85
12.40
10.76
9.20
5.37
4.86
3.60
4.21
3.19
9.05
10.33
13.75
13.09
14.02
14.81
16.70
18.47
16.88
16.24
13.57
14.35
14.35
15.31
14.25
12.10
10.05
8.95
8.44
7.07
3.88
5.51
3.78
4.32
7.28
10.11
11.72
11.99
12.47
13.50
16.18
14.97
16.58
15.67
17.22
16.97
16.87
15.25
13.77
14.07
12.79
11.55
10.38
7.04
5.21
3.14
4.94
3.06
7.40
8.24
10.73
11.21
12.02
13.02
14.66
15.03
15.28
15.17
16.31
16.20
15.94
16.06
13.73
12.44
8.75
8.83
8.26
6.03
5.05
4.30
4.59
2.97
7.96
8.93
11.51
11.19
14.20
13.66
16.85
14.61
14.79
16.53
16.16
15.35
14.05
13.78
11.54
10.80
10.72
10.99
8.80
6.46
4.22
4.59
4.12
4.91
4.00
4.85
4.10
3.24
3.26
3.02
3.87
2.97
3.89
3.44
4.27
3.92
4.66
4.01
5.41
4.49
4.51
5.02
4.29
4.93
4.13
4.90
4.08
4.69
3.96
4.70
4.11
3.72
3.21
3.69
3.24
3.81
3.34
4.46
3.62
3.80
4.98
4.27
5.27
4.69
5.33
4.52
5.12
4.44
4.29
4.96
4.24
5.00
9.72
12.08
9.81
9.12
11.75
13.11
15.02
14.62
13.90
14.88
14.57
15.40
14.02
13.51
11.97
11.45
11.22
13.81
13.35
9.83
5.28
4.43
4.87
4.02
34.06
46.21
31.92
27.08
33.61
25.66
18.46
19.75
18.37
16.92
15.33
15.03
14.59
12.04
12.86
11.34
11.43
13.76
11.30
8.27
4.65
4.03
4.75
3.89
30.32
38.61
20.70
29.38
24.32
20.90
18.04
17.52
20.10
17.05
16.50
16.16
16.01
14.82
14.24
14.16
13.38
14.03
18.76
10.61
4.71
2.88
4.03
2.83
38.00
56.74
47.32
37.87
32.33
29.67
21.90
19.35
19.80
20.02
16.95
16.38
15.62
13.54
12.51
11.63
9.41
13.76
19.46
10.55
3.08
4.17
6.33
4.64
40.27
58.63
45.23
30.97
28.66
28.86
21.14
18.81
17.69
18.16
19.60
18.86
15.82
11.84
8.40
7.98
8.24
9.59
10.10
6.90
2.84
3.12
3.53
2.65
3.59
2.60
3.40
37.71
59.25
35.77
19.46
15.11
16.16
15.11
14.62
10.71
10.25
9.37
7.96
6.74
7.14
6.48
7.10
6.45
6.75
5.79
6.71
5.67
6.43
6.39
6.33
5.37
5.28
4.90
5.73
5.21
5.99
5.92
6.54
6.15
7.00
6.74
7.21
6.84
6.74
7.43
6.63
7.20
6.47
6.25
5.89
6.24
13.32
16.11
15.41
16.84
17.55
17.15
18.33
13.26
12.81
12.78
13.77
13.45
13.20
11.95
10.36
9.22
7.84
7.49
7.56
5.00
4.80
3.96
4.20
3.33
10.44
15.04
12.80
11.65
12.21
14.40
14.29
15.94
16.33
17.52
17.13
17.13
18.09
16.27
15.01
11.98
7.99
8.95
7.98
7.58
4.52
4.32
4.94
2.98
6.40
5.89
6.09
7.09
11.11
11.75
14.16
13.51
16.23
15.48
15.88
16.28
16.85
14.20
12.94
13.40
12.96
11.78
9.10
6.52
5.58
4.15
4.99
4.12
7.60
9.08
9.94
11.38
13.40
13.57
14.81
17.04
14.62
14.16
15.65
16.39
15.95
15.34
13.70
12.07
9.50
9.94
7.74
7.15
4.05
4.22
3.18
3.04
6.97
7.09
6.52
6.88
9.06
12.58
13.30
12.50
12.95
14.12
15.16
14.36
13.63
11.98
11.19
11.16
9.48
9.59
7.03
4.58
4.33
3.13
4.14
3.02
3.84
3.12
9.65
10.94
8.04
5.35
6.10
6.21
7.45
7.83
8.81
8.03
8.40
6.75
5.39
4.05
4.42
3.81
4.39
3.80
4.12
3.03
3.69
3.04
3.55
3.39
4.18
3.19
2.63
3.44
3.76
3.10
3.91
3.37
3.62
4.27
3.66
4.79
4.06
5.04
4.37
4.97
4.15
4.14
4.32
3.41
3.77
3.16
7.80
7.70
7.76
6.47
7.12
6.64
7.30
7.93
8.75
8.11
8.14
8.86
9.05
8.36
7.71
7.58
6.28
6.83
6.05
5.18
3.49
3.71
3.92
2.91
10.09
12.06
6.41
6.91
10.33
12.54
14.11
16.85
17.72
18.06
16.26
16.45
14.95
12.21
13.13
11.05
11.31
9.22
9.23
6.60
5.37
4.04
4.74
3.97
15.09
19.60
15.57
17.06
19.86
20.22
18.92
13.58
14.42
14.51
14.62
16.83
16.53
15.69
12.74
13.68
13.01
10.04
9.43
7.74
4.96
4.84
4.30
4.17
21.64
25.77
20.96
19.33
22.51
21.01
19.06
22.55
15.37
14.47
15.70
17.47
17.18
14.43
13.19
11.68
8.98
9.33
9.87
7.56
4.37
4.15
3.31
3.98
15.92
19.94
17.44
15.39
19.21
18.76
18.07
14.25
12.88
13.88
14.17
14.42
12.38
11.79
9.33
9.63
8.71
9.46
7.68
5.58
4.10
4.78
4.03
4.73
3.99
4.87
4.11
3.99
17.68
37.69
16.36
9.28
6.13
6.65
4.37
4.45
3.67
5.19
4.22
4.92
4.24
4.98
4.19
4.04
4.26
3.30
3.91
3.18
4.02
3.53
4.70
3.06
3.27
2.37
3.30
2.55
3.31
2.97
4.08
3.23
4.16
4.02
4.32
5.17
4.16
4.99
4.16
4.73
3.74
4.02
3.18
3.67
15.55
20.78
20.13
26.99
23.89
18.64
17.91
18.35
16.14
14.93
14.07
14.08
12.61
11.98
9.56
8.58
6.12
7.66
9.84
6.75
4.75
4.52
3.50
4.14
18.58
23.60
20.65
15.67
15.92
18.74
18.83
16.35
15.31
14.02
15.10
13.96
14.41
12.54
12.85
12.32
11.10
9.71
8.78
6.47
3.37
3.33
2.60
3.36
15.99
19.58
7.84
8.16
11.06
15.04
15.41
13.04
11.30
11.47
11.69
12.51
11.50
10.45
11.25
12.94
10.54
16.31
19.98
9.60
3.75
4.52
2.54
3.19
31.64
44.58
27.66
20.33
28.58
26.53
22.46
20.00
18.71
19.07
18.78
18.38
16.75
15.35
15.56
15.53
17.23
22.46
26.51
11.73
5.26
3.82
4.67
3.73
36.15
54.28
41.29
28.65
25.95
24.89
20.02
16.45
15.68
16.32
17.42
15.94
14.64
13.93
11.26
12.65
14.22
15.78
23.50
9.79
3.37
3.28
2.31
3.31
2.26
3.06
2.24
3.10
2.10
3.01
3.31
4.58
3.84
4.54
5.04
4.00
3.47
3.05
3.69
2.84
3.43
2.52
3.45
2.50
3.33
2.36
3.01
2.32
3.16
2.45
3.37
2.16
3.04
2.13
3.08
2.11
3.09
2.19
3.27
2.80
3.50
2.78
3.80
2.97
3.63
2.63
3.39
2.87
3.57
2.82
2.87
2.63
43.06
67.29
57.39
30.99
33.36
31.87
25.80
17.60
14.77
14.76
15.87
16.66
18.58
17.72
15.53
16.66
18.27
17.93
22.36
11.33
6.02
5.29
3.96
4.71
37.68
63.70
50.23
37.85
36.86
33.57
25.66
20.11
18.29
20.07
19.05
18.71
19.38
20.22
24.12
21.54
27.65
37.69
40.89
17.08
4.19
3.60
3.22
3.75
45.42
69.98
60.44
42.23
34.46
30.12
25.22
18.88
16.21
17.55
19.26
15.75
14.56
15.68
15.72
16.59
18.63
20.20
20.05
12.29
8.11
8.86
7.78
8.55
30.82
37.49
16.93
20.03
22.91
21.87
15.66
14.17
14.74
14.17
14.98
12.88
10.99
10.18
11.10
10.41
12.01
11.87
12.74
9.25
8.64
7.80
7.74
7.04
26.92
27.89
25.60
32.94
34.99
36.99
36.86
33.13
23.59
22.43
19.53
17.08
17.92
20.22
24.89
36.27
35.49
31.82
35.10
15.99
8.00
6.64
7.25
6.82
7.37
7.21
8.52
7.04
6.98
6.91
6.14
6.96
6.18
6.95
6.18
6.94
6.18
7.72
7.91
8.33
7.96
8.51
7.87
8.60
7.21
7.31
7.00
6.39
7.22
7.00
8.38
6.95
6.90
6.15
7.04
6.95
6.17
6.97
6.16
6.94
6.17
7.77
8.02
8.57
7.95
8.46
8.46
7.91
8.30
7.08
7.33
6.49
52.19
71.29
71.57
70.05
58.57
33.53
23.07
19.00
18.42
18.98
20.07
20.88
17.65
16.91
15.80
18.71
25.86
37.65
39.47
14.42
6.70
5.10
4.88
3.84
44.80
66.66
56.82
41.59
34.55
31.73
24.48
19.94
18.57
20.02
19.42
21.01
21.42
17.96
17.57
18.42
20.01
20.95
20.45
8.80
3.76
2.25
3.22
2.36
33.07
44.85
28.09
21.85
22.94
24.83
17.85
16.64
15.12
16.98
16.84
16.55
16.05
16.51
14.04
10.61
10.42
10.18
11.39
9.14
5.89
6.53
7.53
8.12
25.81
33.73
18.04
19.95
23.99
21.71
17.67
19.49
17.80
16.24
13.35
13.16
14.23
12.62
13.56
13.66
9.74
10.10
12.16
9.06
3.70
4.24
3.38
4.22
35.44
53.90
37.11
29.52
27.55
22.60
18.85
15.15
15.14
15.48
15.48
15.30
14.95
14.15
14.96
13.46
10.74
9.25
19.40
9.43
3.39
3.23
2.57
3.35
2.37
3.82
3.76
5.52
5.98
8.68
5.93
6.36
6.59
5.84
6.62
5.76
8.80
5.97
6.72
5.94
6.69
6.20
6.34
6.73
5.84
6.60
5.80
6.61
5.79
6.46
5.86
6.40
5.65
6.22
5.59
6.36
5.66
6.10
5.67
6.21
5.69
6.53
5.87
6.56
5.91
6.72
5.86
6.71
5.83
6.27
6.41
5.82
41.94
60.22
42.31
22.66
22.02
19.07
21.19
18.92
16.78
15.92
16.03
15.15
16.01
20.43
26.94
32.70
29.58
30.79
35.23
11.77
3.03
3.11
2.32
3.09
44.78
69.58
58.85
50.90
39.52
33.21
29.19
23.97
16.30
17.54
17.70
18.41
14.77
17.16
16.24
19.63
20.51
30.94
37.23
14.09
4.76
3.74
4.37
3.63
44.87
68.19
56.71
39.00
30.86
33.97
24.99
18.62
16.75
15.74
13.13
17.81
17.69
16.22
17.59
17.79
20.37
24.61
32.71
15.38
5.10
6.45
5.03
5.33
43.91
68.06
56.21
40.51
35.65
29.97
24.57
20.68
15.76
16.43
17.60
18.86
18.43
15.35
16.30
18.77
21.78
31.52
35.32
14.33
4.02
4.95
3.96
4.37
43.06
68.37
58.59
46.72
43.26
39.66
30.39
19.35
16.46
16.14
20.32
22.88
19.69
17.83
15.28
17.98
19.79
23.70
35.38
13.58
4.67
3.99
4.79
3.97
4.72
4.00
4.80
3.61
4.07
2.86
3.06
3.45
2.82
3.54
2.88
3.77
2.87
4.48
4.11
4.89
4.10
4.94
4.10
4.71
4.06
4.80
3.99
4.64
3.98
4.50
4.87
3.81
3.54
2.89
3.98
3.00
3.35
2.46
3.39
3.63
2.77
4.04
4.07
4.70
4.08
4.81
4.05
4.84
3.97
4.55
4.67
3.89
54.69
76.82
75.04
72.68
68.17
48.37
30.71
31.43
26.75
22.90
21.99
24.62
21.90
22.70
29.37
32.40
43.35
51.74
51.11
18.29
4.04
7.47
4.01
4.80
52.39
75.30
70.67
60.41
45.45
40.11
32.66
28.49
27.95
22.44
17.47
18.57
19.62
24.24
25.81
30.10
36.89
44.39
42.90
15.34
3.45
2.26
3.11
2.37
51.81
75.71
70.63
58.16
44.21
35.24
30.61
24.51
20.55
16.51
17.12
17.94
17.16
21.70
24.42
26.12
31.36
37.49
39.25
14.28
4.87
4.06
4.81
4.03
51.53
74.91
68.36
57.41
46.87
38.45
32.93
30.85
21.51
18.55
18.70
18.47
19.49
19.43
22.46
23.17
28.25
36.29
41.65
15.66
4.45
4.34
3.50
4.14
51.54
76.81
71.58
60.88
51.49
44.41
30.82
27.57
22.92
17.69
16.78
16.82
17.37
17.56
18.63
22.43
23.49
36.05
45.20
14.41
3.08
2.15
3.02
2.12
2.84
2.23
3.09
2.15
2.98
2.12
3.03
2.59
2.47
3.01
2.10
2.99
2.24
3.22
2.39
3.90
2.43
3.13
2.34
3.06
2.34
2.70
3.09
2.17
3.07
2.18
3.05
2.18
3.03
2.15
3.02
2.11
2.86
2.97
2.11
3.14
2.17
3.27
2.45
3.28
2.40
3.27
2.38
3.69
1.26
1.60
2.89
2.15
55.84
76.37
72.42
66.82
50.77
35.83
38.51
26.83
19.75
20.55
24.23
21.62
20.70
23.21
20.52
28.97
28.26
26.89
28.74
9.79
2.80
1.99
2.91
1.91
45.24
64.23
45.45
25.77
30.85
36.72
35.84
29.81
30.69
27.82
23.03
23.05
20.59
24.85
33.64
33.48
33.11
32.30
33.17
10.85
2.60
1.90
2.74
2.55
49.02
71.40
58.79
42.99
33.87
38.66
41.18
40.89
38.18
27.24
22.06
18.21
19.24
25.70
33.62
40.21
36.53
37.76
42.59
13.38
2.46
1.81
2.69
1.85
53.75
77.48
69.54
63.32
58.17
42.43
29.02
24.20
18.97
15.85
18.05
19.58
20.06
26.12
33.87
39.00
40.26
42.58
43.90
15.62
2.54
3.06
2.12
2.77
50.80
74.96
64.14
52.56
39.79
40.67
44.62
44.35
40.29
38.71
40.05
39.75
38.63
36.78
43.57
45.58
46.52
48.42
48.99
16.21
3.23
2.27
3.11
2.21
2.93
3.51
3.48
3.82
1.93
2.65
2.81
1.93
2.84
2.23
2.83
1.99
2.84
3.55
3.96
4.22
3.42
3.90
4.02
3.35
3.18
2.14
3.03
2.99
2.06
3.55
3.50
3.73
2.81
1.98
2.85
1.93
2.79
2.82
1.94
2.62
1.96
3.28
4.19
3.49
4.21
3.32
3.89
4.05
3.03
2.81
2.42
2.61
65.63
89.86
87.61
85.96
84.07
84.11
81.31
60.51
57.55
53.13
44.86
40.62
39.58
37.36
45.68
50.19
48.93
50.04
48.58
16.81
3.43
2.60
3.34
2.56
56.16
76.57
72.42
62.91
56.56
44.91
39.62
30.85
22.92
26.60
31.40
22.87
17.39
23.30
31.36
45.66
47.87
46.54
45.07
16.27
