47.23
47.50
48.79
47.76
50.10
50.14
50.09
48.61
53.46
55.40
51.35
45.19
37.98
36.55
37.99
40.00
40.33
43.29
48.31
51.65
52.92
56.25
53.67
52.38
55.15
58.21
60.03
60.48
62.84
62.39
64.09
65.35
71.19
67.89
57.45
50.50
45.25
39.31
40.42
43.25
42.20
42.13
48.12
50.47
55.42
57.07
54.88
54.33
58.32
59.35
61.57
62.75
63.88
64.49
71.26
77.37
75.32
65.79
55.03
46.38
41.89
37.83
33.85
31.16
30.25
34.27
39.51
43.94
48.77
50.33
48.10
49.47
51.51
54.53
54.83
55.97
57.38
59.63
60.37
59.97
64.29
58.45
49.04
38.70
31.27
25.84
18.16
17.00
18.49
18.18
22.22
27.12
34.12
38.36
37.60
38.67
42.23
42.47
44.80
47.07
49.54
52.18
58.43
58.65
56.47
49.42
38.13
28.02
22.38
17.32
11.84
12.77
12.89
13.61
14.53
17.29
20.21
20.91
22.65
23.66
26.31
29.45
30.19
32.22
32.16
32.66
33.66
33.33
32.85
32.12
30.01
27.94
25.92
27.56
26.30
26.41
25.19
28.14
29.72
30.26
31.62
35.82
35.92
39.46
42.17
42.29
44.25
45.53
47.16
48.68
48.14
50.23
54.38
53.06
43.56
33.53
28.59
20.94
15.86
16.47
18.60
20.41
25.00
26.66
31.69
35.11
34.91
35.87
40.43
39.93
40.17
43.04
45.55
46.02
47.49
47.76
52.17
49.70
41.60
29.53
21.93
13.49
12.52
12.82
16.05
15.26
16.92
17.27
18.34
21.25
24.01
28.29
31.48
33.38
34.89
34.38
36.32
39.08
38.15
36.73
41.65
41.67
33.87
28.44
22.76
17.28
13.37
12.59
13.72
14.27
16.42
16.15
16.59
17.63
17.14
17.39
21.21
23.70
24.68
26.83
26.78
27.99
32.42
34.74
34.30
30.21
14.66
21.68
19.28
16.88
13.57
13.64
13.40
13.98
15.15
17.13
21.00
27.54
28.04
29.29
31.49
34.07
36.57
37.90
39.26
39.91
41.01
42.22
44.59
42.09
32.35
23.64
16.50
10.18
10.51
11.65
13.80
13.90
16.09
19.93
22.00
27.47
29.20
30.81
32.56
34.99
36.24
37.93
37.90
40.63
45.48
46.06
46.07
38.86
30.68
21.26
13.21
10.03
9.01
9.72
9.88
12.24
13.11
13.67
15.77
16.54
21.42
24.05
26.88
28.36
28.12
28.82
29.38
29.97
32.43
33.07
33.33
30.35
24.04
19.09
15.13
12.75
12.87
12.67
13.04
13.39
16.41
22.23
25.78
29.23
29.60
30.75
31.16
31.06
31.39
30.95
32.09
31.24
31.77
33.08
35.77
35.99
28.51
20.55
13.36
10.22
9.92
10.57
11.81
11.51
12.61
14.44
16.22
15.50
16.21
17.21
19.54
20.44
19.78
22.22
22.54
24.83
24.02
25.62
27.76
27.49
23.31
17.69
15.87
11.99
11.84
12.60
13.88
15.03
17.16
15.43
14.88
16.86
19.20
23.60
26.42
26.65
27.57
26.73
29.02
31.27
30.96
30.10
33.28
31.74
20.83
13.61
10.16
10.32
9.43
9.62
10.05
10.25
11.13
13.70
15.56
16.92
18.96
20.93
25.81
28.64
31.29
32.21
33.72
36.10
40.31
45.03
42.53
35.33
23.52
15.83
11.46
10.14
10.13
10.72
11.16
10.61
11.42
13.32
14.91
14.93
14.52
17.46
17.49
20.70
23.36
25.91
25.75
26.15
25.26
25.43
27.01
25.57
17.73
13.17
9.73
9.85
10.25
10.23
9.92
9.88
10.70
10.54
12.98
15.74
18.69
21.63
27.11
28.80
30.65
33.54
36.35
39.90
46.75
49.13
48.33
37.99
25.64
16.71
10.81
10.39
9.61
9.45
9.82
10.33
10.89
11.87
14.53
18.77
20.46
27.72
29.99
32.48
32.94
34.29
37.86
39.88
40.76
43.08
40.12
33.04
22.71
15.27
13.14
11.68
9.12
9.14
9.70
9.71
10.71
11.41
14.00
14.78
18.84
23.45
25.00
26.39
27.26
29.09
29.75
29.12
31.05
32.15
34.69
34.39
28.98
20.54
13.60
9.35
9.68
9.75
11.25
14.12
21.37
26.72
29.90
33.57
32.24
35.20
37.11
38.60
41.04
43.21
42.46
44.91
48.59
48.08
53.28
51.28
42.43
33.52
24.81
15.43
12.63
14.22
15.31
16.59
20.95
24.49
31.75
34.72
36.18
39.12
41.77
43.87
46.77
47.20
50.37
53.00
54.42
54.90
59.55
54.36
43.24
33.78
24.97
18.82
14.63
15.86
17.92
19.23
24.25
28.42
33.32
36.98
38.70
40.34
42.69
45.77
48.67
50.57
50.89
53.24
60.19
64.76
63.40
51.31
40.87
29.79
22.39
15.39
12.24
12.87
13.78
13.34
15.97
18.13
22.09
25.80
28.50
31.57
35.13
39.26
40.27
43.85
44.58
48.78
50.87
52.23
54.05
49.72
38.08
26.73
17.27
10.15
10.19
9.99
12.75
13.28
15.15
16.98
21.14
23.95
27.74
31.55
33.91
37.45
40.82
43.64
44.92
47.75
55.60
57.44
56.57
42.59
27.24
18.36
12.98
9.85
9.49
9.44
9.91
10.31
11.27
14.04
17.36
19.93
25.56
28.30
31.45
35.42
36.29
38.83
40.60
41.55
41.88
42.58
42.90
35.00
25.28
17.41
13.25
12.33
9.19
9.28
10.27
9.81
10.87
12.97
14.41
17.91
24.42
29.27
31.52
33.33
35.83
38.39
39.42
41.47
42.75
44.16
46.74
42.23
31.23
20.00
13.86
9.79
10.10
10.15
9.35
9.76
11.98
15.74
16.49
17.10
17.37
18.96
21.49
24.85
28.85
31.28
31.83
32.97
32.98
32.67
34.08
30.96
19.15
13.36
11.41
11.87
11.16
11.88
14.99
10.81
12.19
11.91
13.08
15.39
14.16
14.94
16.99
19.78
22.58
23.53
24.67
23.83
24.27
24.76
26.46
26.54
19.96
13.97
10.68
10.45
9.02
10.20
9.99
9.66
10.69
10.25
10.13
10.08
11.96
12.27
12.97
14.37
18.39
23.11
25.32
27.07
31.68
35.05
34.89
25.99
17.18
13.61
7.71
8.09
9.36
8.69
10.02
9.03
9.93
10.37
9.92
11.15
13.39
12.93
13.08
14.90
18.25
19.96
21.37
22.26
23.84
23.87
24.97
19.35
15.17
10.44
9.41
9.03
8.64
8.73
9.20
9.68
9.97
10.15
10.40
9.88
11.96
14.05
16.11
21.17
23.17
22.90
22.73
22.16
23.61
23.46
21.72
18.75
16.56
14.72
12.87
10.20
8.44
9.35
8.99
9.12
10.45
9.68
9.76
9.67
9.74
9.78
9.70
10.86
12.97
12.57
12.35
14.63
16.46
17.52
17.37
16.68
18.14
16.81
15.81
15.65
14.74
12.13
11.55
11.64
13.04
14.37
17.50
20.47
23.01
25.28
25.39
26.86
26.98
25.09
24.31
24.67
24.75
25.84
27.55
27.05
24.61
18.31
17.34
16.51
13.52
12.11
13.37
13.53
17.10
16.93
18.48
24.18
24.53
26.05
28.21
31.12
32.54
33.46
32.96
33.18
33.75
32.95
35.14
33.09
28.04
19.51
15.66
10.72
10.86
11.83
13.49
12.67
15.26
17.04
17.77
23.08
25.16
24.48
24.77
25.51
28.95
32.48
32.93
34.90
36.01
37.37
42.23
41.76
35.88
28.05
24.78
23.58
21.33
25.70
26.74
27.76
33.41
39.15
43.66
47.36
44.74
44.35
47.29
48.86
51.86
53.77
56.49
58.84
65.94
71.02
67.31
59.26
48.78
38.35
30.91
25.63
23.15
22.01
22.87
25.18
31.79
37.15
40.93
46.04
43.02
44.47
46.66
49.74
52.03
53.64
55.97
55.61
57.05
59.14
54.51
48.03
41.26
28.85
21.64
15.81
11.25
11.54
12.99
13.47
15.03
18.23
23.89
30.89
32.63
34.80
38.02
40.32
41.66
43.53
43.42
47.07
53.71
52.95
51.24
44.67
37.15
30.89
28.11
24.94
21.02
18.87
18.62
20.03
26.95
28.82
32.00
34.94
37.50
40.44
44.49
46.12
49.23
49.92
52.85
53.39
54.89
56.72
53.69
45.54
34.73
26.70
19.39
16.01
14.77
13.96
12.56
13.03
16.33
21.92
26.87
31.55
35.14
38.42
40.89
43.42
44.34
43.89
40.14
40.44
42.29
43.27
47.70
45.31
39.36
30.00
23.19
19.96
15.94
17.65
19.40
20.41
24.50
31.59
35.25
39.17
40.04
41.23
44.23
46.95
49.63
50.41
52.06
53.97
55.85
57.58
60.83
52.49
42.52
29.42
21.46
14.95
10.79
13.45
13.82
12.75
15.23
16.60
19.85
19.64
26.93
30.87
32.40
35.38
34.95
34.86
35.63
35.92
39.00
38.08
41.88
41.16
34.03
25.70
18.33
15.83
14.09
12.28
12.86
12.45
13.67
14.60
14.80
15.24
14.76
16.21
17.20
18.71
20.82
21.60
21.87
23.16
25.08
26.54
25.37
23.70
20.00
18.55
18.62
18.55
18.98
18.32
17.18
16.62
17.89
20.54
21.20
20.57
18.34
18.35
17.94
17.98
17.65
18.15
9.39
10.85
21.97
25.10
25.22
22.58
18.61
14.41
11.40
12.56
12.41
11.80
11.62
11.09
12.00
13.43
14.50
16.70
17.73
24.59
24.56
26.17
29.00
30.26
31.44
33.03
39.31
40.95
39.76
33.33
20.85
17.14
15.44
12.32
11.02
10.82
11.44
12.02
13.58
17.53
24.92
29.97
32.42
35.47
37.24
39.36
41.84
43.78
47.79
49.30
50.39
50.42
45.17
37.15
29.33
23.90
20.15
18.70
18.90
18.79
19.84
19.60
23.40
30.17
31.72
34.14
35.65
38.26
38.10
36.21
35.22
34.86
35.75
36.04
39.78
39.40
44.38
46.37
43.47
39.89
36.63
33.09
29.49
29.47
28.67
33.54
35.94
39.44
40.19
43.18
41.88
42.59
44.68
45.92
50.07
50.83
54.10
54.78
57.14
56.00
59.20
56.71
47.39
39.10
35.16
30.67
27.33
25.89
28.85
28.98
34.06
37.97
42.67
47.60
45.86
46.73
49.21
52.26
54.72
57.32
60.29
61.15
62.80
62.81
66.29
59.60
30.67
40.88
33.63
31.22
29.44
25.88
24.74
25.70
27.35
33.73
37.10
39.33
36.84
34.95
36.36
38.02
36.84
36.29
36.42
38.08
45.03
50.29
46.69
44.08
42.73
39.25
36.37
38.70
44.11
45.62
45.26
46.93
50.16
55.84
57.54
59.58
53.61
51.22
49.23
50.55
50.66
51.98
51.24
53.23
52.92
54.82
62.06
63.14
60.98
53.64
44.97
41.57
43.35
46.93
50.33
53.52
55.76
57.17
59.74
59.24
54.67
54.30
56.30
59.00
60.14
61.41
62.63
65.85
73.94
73.97
70.02
58.10
49.12
44.78
38.72
35.21
28.02
27.14
28.25
30.23
34.25
37.42
40.91
43.83
46.77
48.95
49.79
51.81
53.05
55.94
57.64
59.86
60.79
59.23
55.79
47.28
39.00
29.60
24.80
20.74
19.67
18.52
16.04
15.87
16.92
19.61
27.58
33.14
34.68
37.86
41.57
45.67
45.70
46.62
47.40
50.67
51.41
52.46
53.34
50.08
41.00
32.82
27.88
21.93
16.60
16.16
16.84
17.49
19.26
19.29
20.50
24.06
28.80
32.17
37.17
39.18
40.44
42.61
43.99
45.86
45.50
46.12
46.87
43.83
34.37
22.88
16.06
14.05
13.05
12.84
14.48
15.96
17.82
15.20
16.32
16.09
15.15
15.65
16.43
17.05
19.11
23.20
26.27
27.69
28.18
28.66
28.22
27.54
24.68
17.97
13.42
12.51
13.15
12.48
12.99
13.55
13.53
13.86
13.05
14.11
14.94
17.23
21.04
25.99
30.91
32.87
32.95
35.12
42.46
46.09
39.61
29.42
20.18
15.87
13.02
13.20
13.19
13.30
12.44
12.94
13.58
14.27
12.67
11.97
11.45
14.05
16.48
17.19
18.90
22.74
25.50
26.13
25.71
26.78
27.45
25.26
20.02
15.03
12.22
12.75
12.43
12.16
12.60
12.18
12.61
13.32
12.38
12.37
11.92
11.75
11.22
11.52
13.40
15.07
15.10
16.42
19.72
22.86
22.24
20.04
15.58
11.94
12.27
11.19
11.32
11.61
11.65
11.74
12.24
13.35
12.14
11.84
11.80
11.79
12.93
16.14
17.20
19.63
24.17
26.60
27.80
28.19
25.12
18.71
14.57
12.08
11.58
11.62
11.66
11.61
11.57
11.66
12.15
13.34
12.31
12.55
11.83
11.46
11.31
14.86
17.00
18.54
24.86
28.20
29.37
29.51
29.14
23.20
17.88
13.74
12.42
13.01
12.46
12.42
12.81
12.36
12.66
12.75
12.92
12.26
11.89
18.46
22.75
18.67
24.17
29.51
31.11
33.39
33.58
34.23
30.72
22.66
16.41
13.97
11.98
12.45
12.43
12.62
12.07
13.02
13.22
13.47
12.28
12.24
11.36
11.84
11.16
14.42
15.52
15.65
17.08
19.20
22.51
22.59
20.78
15.68
12.00
12.59
12.76
13.44
14.56
13.33
12.83
12.79
12.97
13.24
13.54
13.32
12.03
12.07
11.15
11.03
10.93
10.94
11.30
14.43
15.19
15.68
17.32
16.37
11.13
11.88
12.17
12.13
10.73
11.03
11.23
10.11
10.44
10.84
10.20
9.98
9.60
9.57
9.78
9.85
9.76
9.71
9.52
10.10
9.56
9.10
11.62
13.20
13.17
11.76
11.76
9.90
9.40
9.45
9.62
10.04
10.76
12.82
14.55
15.29
19.78
25.53
26.02
27.74
30.81
34.37
36.77
40.05
48.52
48.60
41.87
31.43
20.32
13.89
11.35
9.76
10.45
9.59
9.42
9.08
9.11
12.07
12.93
15.32
16.59
23.11
29.82
32.42
34.97
36.75
37.88
38.96
41.90
40.02
33.26
24.90
17.05
13.21
13.31
11.77
10.22
9.59
9.62
9.79
9.43
10.37
10.38
11.44
12.94
12.75
14.00
17.02
21.53
25.45
27.10
29.20
33.27
32.41
32.26
27.10
16.32
13.42
11.71
10.58
10.09
10.08
10.10
11.37
12.03
13.22
13.59
14.78
16.26
18.57
20.04
21.60
23.56
25.79
25.43
25.88
26.69
25.55
28.15
29.32
25.54
20.74
21.32
23.83
21.44
20.09
21.75
20.94
22.37
26.72
29.13
30.71
30.49
30.95
31.72
32.28
34.83
34.46
33.96
34.55
34.52
33.32
35.20
33.01
27.24
20.53
16.38
13.58
13.27
13.27
15.41
16.36
17.75
19.05
21.15
28.45
29.58
31.91
33.99
36.31
40.48
42.04
43.36
46.69
55.40
59.96
52.60
42.47
34.70
27.85
20.49
18.18
14.80
14.91
14.94
14.94
16.81
18.90
20.40
25.34
29.81
30.38
31.30
30.94
34.13
38.17
39.19
39.75
42.54
40.33
38.07
30.50
21.41
16.82
15.14
12.38
12.51
12.03
12.10
12.86
12.50
12.44
12.18
13.26
12.15
13.65
13.97
15.14
16.90
18.94
21.95
23.95
27.35
26.76
20.01
14.59
14.05
11.60
11.57
12.07
10.98
10.62
10.57
10.73
11.40
11.88
10.81
10.44
10.87
10.15
9.99
11.46
12.23
13.70
16.10
21.76
23.33
21.97
15.90
12.50
10.94
9.62
9.71
9.42
10.06
9.47
9.99
9.73
10.33
11.08
10.46
10.03
10.08
9.26
9.13
9.14
11.80
12.81
14.35
17.67
21.07
20.78
14.78
12.80
10.67
10.68
10.26
10.38
11.03
12.04
11.41
12.48
11.44
11.93
12.25
12.27
10.95
9.75
9.56
9.47
10.05
9.40
9.32
11.59
12.23
12.19
14.20
11.76
10.89
11.28
11.11
11.22
11.64
11.43
11.16
10.59
10.84
11.56
12.26
11.24
9.94
9.32
9.10
9.14
8.97
8.95
8.94
9.50
9.49
11.45
10.03
9.63
10.15
11.85
12.26
12.63
13.85
13.65
13.83
13.49
11.58
11.70
11.75
12.02
11.73
10.81
10.06
9.83
9.78
9.35
9.26
10.14
10.38
13.01
13.65
10.31
10.07
10.41
10.39
10.89
10.15
10.60
10.54
9.73
9.45
10.51
10.19
10.48
9.61
9.79
13.42
16.01
20.86
26.57
29.20
31.95
33.33
33.20
26.40
19.91
14.96
13.60
11.34
9.71
9.78
9.54
10.05
9.53
9.85
10.39
10.13
9.85
8.90
11.51
13.95
18.63
24.25
26.72
26.73
30.28
34.53
34.12
26.54
17.94
13.72
13.15
11.80
9.33
9.41
9.12
9.22
9.23
9.83
10.02
9.62
9.32
8.97
8.82
8.90
12.34
14.12
18.57
24.24
26.29
27.65
26.03
19.82
13.11
12.94
11.91
9.05
9.09
9.18
9.23
9.28
9.67
10.68
10.46
9.70
9.63
8.99
8.87
8.75
10.79
15.00
17.26
23.57
25.88
27.31
25.43
20.04
13.92
12.89
11.69
10.17
10.69
10.74
11.82
11.51
10.94
11.20
11.34
12.04
12.17
10.62
9.95
9.57
9.46
9.22
9.05
9.30
12.89
13.85
15.88
14.17
11.50
10.57
9.90
9.67
10.68
11.67
11.72
12.27
12.75
10.88
11.52
11.74
11.46
10.98
10.70
10.41
9.55
10.12
9.40
9.22
9.12
8.82
8.01
9.11
9.24
9.75
11.04
10.58
11.21
10.55
10.54
11.77
10.93
11.45
11.80
12.50
11.21
11.30
10.93
9.96
9.62
9.94
9.14
9.17
9.76
10.20
14.22
13.73
11.46
10.96
10.99
9.97
10.88
11.02
11.37
11.30
10.86
11.66
13.22
13.07
12.34
10.94
7.08
4.45
8.94
8.85
8.80
8.76
11.52
17.95
18.65
15.64
13.20
10.50
10.67
10.42
10.14
11.55
11.00
11.25
11.43
13.25
14.59
14.34
10.76
9.29
8.97
9.51
8.86
8.91
10.25
16.32
20.75
22.80
21.17
15.73
11.78
12.28
10.01
9.56
9.40
9.32
10.01
9.94
10.97
10.24
10.71
11.35
10.87
9.74
8.92
8.94
8.94
9.45
10.07
16.34
22.08
23.97
22.06
15.39
11.50
11.73
9.71
9.25
9.24
9.28
10.02
10.26
10.28
10.88
10.73
11.33
11.06
9.83
9.70
9.39
9.00
9.58
9.27
9.19
9.74
15.00
15.85
13.49
12.97
12.32
10.28
10.34
9.83
10.45
11.98
11.53
10.66
10.51
11.76
11.26
12.30
11.03
10.46
9.62
9.46
9.40
9.96
8.99
9.67
13.16
14.30
13.59
12.75
11.40
10.64
10.40
11.95
11.41
11.71
11.55
10.83
11.31
11.81
11.66
10.95
11.05
10.60
11.17
9.82
9.43
9.11
9.64
9.01
8.46
8.07
9.16
9.14
9.35
9.79
10.39
11.64
10.72
11.13
11.18
10.52
10.90
11.35
11.32
12.85
10.09
9.57
9.32
9.67
9.07
9.00
9.03
9.38
9.39
13.17
13.49
12.29
10.82
10.88
10.29
10.24
11.35
11.83
11.74
11.29
11.07
11.96
11.28
11.74
10.97
10.64
9.69
9.50
10.24
10.23
10.30
10.26
10.32
10.80
12.36
11.17
11.47
11.74
11.90
12.93
12.35
12.45
12.18
11.96
11.99
13.00
12.71
12.58
12.74
11.96
11.91
10.99
10.74
10.64
10.66
10.73
10.49
9.97
10.55
9.97
10.02
11.37
11.86
12.00
11.38
11.07
11.45
12.26
11.72
12.56
12.61
12.57
12.28
12.05
11.47
10.84
10.65
11.09
10.29
10.36
9.79
9.55
9.79
9.84
10.80
11.12
11.65
11.60
11.72
12.35
11.91
12.06
12.48
12.79
12.80
12.80
12.36
12.12
11.98
10.98
10.82
11.23
10.40
10.43
9.84
9.75
10.04
11.50
10.39
11.44
12.05
12.68
12.09
12.72
15.41
17.74
17.09
14.78
12.71
12.16
12.51
11.69
11.59
12.80
14.34
13.82
13.88
13.78
12.39
12.29
12.61
14.08
14.50
14.05
14.64
17.89
20.30
19.33
20.05
19.63
19.90
20.07
19.42
16.11
15.00
14.27
14.08
14.53
13.91
13.92
13.74
13.56
11.25
11.55
12.45
12.32
11.41
11.53
11.55
12.02
12.04
11.40
11.60
10.99
11.39
11.93
12.01
12.65
11.02
10.41
9.96
9.94
9.80
9.73
9.41
11.06
11.69
13.08
12.70
12.16
10.32
10.56
8.82
11.04
11.52
11.82
12.01
11.00
11.60
11.78
12.13
12.87
11.28
10.36
10.61
10.21
10.83
10.12
10.10
10.16
10.14
9.09
9.56
10.00
10.47
10.92
10.98
11.39
11.93
11.89
11.35
11.43
11.80
12.13
12.07
11.38
10.99
10.04
9.98
9.90
9.88
9.90
11.32
15.62
20.43
18.30
13.84
13.02
12.62
10.83
10.84
10.55
11.62
11.27
11.25
11.33
11.09
12.51
11.98
11.26
10.62
11.43
10.06
9.95
9.96
9.88
10.23
12.66
16.03
16.09
13.72
13.74
11.90
10.55
10.48
11.35
11.50
11.66
12.01
11.92
11.53
12.30
12.52
12.04
11.82
11.21
10.54
10.54
11.40
10.33
10.04
10.03
9.30
9.30
10.15
10.40
10.29
12.22
13.30
12.94
12.40
13.26
13.37
12.95
12.52
12.95
12.93
13.42
12.21
11.97
11.84
12.36
10.98
10.54
10.44
10.07
9.43
9.96
10.00
10.56
11.90
12.49
12.25
12.92
11.93
12.95
12.76
11.50
11.80
12.09
12.16
12.19
11.88
11.56
10.43
11.10
10.49
10.33
9.87
9.85
9.64
9.06
9.38
9.60
10.16
10.14
10.90
11.85
12.33
12.62
12.03
11.46
11.84
12.66
12.65
11.97
10.94
10.42
10.24
10.66
9.94
9.87
9.78
9.79
10.03
10.53
10.61
10.01
12.40
11.10
11.99
13.89
12.07
12.85
13.12
12.32
12.68
13.07
12.76
12.58
12.29
11.76
11.61
11.42
10.36
10.71
10.32
10.16
9.23
9.89
9.59
11.00
11.17
13.08
12.85
12.99
14.13
17.30
18.48
18.75
18.37
18.57
15.90
12.73
12.72
11.87
11.74
11.53
11.49
11.50
11.42
10.98
10.47
10.85
11.35
10.84
11.28
11.70
13.25
15.00
17.66
18.26
15.85
14.41
17.22
15.76
12.96
12.06
12.01
11.70
12.40
11.69
11.67
11.58
11.50
11.55
10.63
10.47
10.58
11.58
10.73
10.82
11.02
11.86
12.57
13.72
15.05
17.43
16.19
13.69
12.15
11.98
11.90
11.79
11.63
11.31
12.09
10.26
10.23
10.12
8.94
9.32
9.95
9.75
11.96
11.68
12.41
12.96
12.78
12.72
12.99
12.49
12.22
12.59
13.80
12.70
12.38
12.91
11.82
11.69
11.60
11.59
11.49
10.79
9.77
9.60
9.86
10.45
13.02
11.95
12.76
12.90
12.43
13.78
13.49
13.10
12.08
12.52
12.91
12.37
11.85
12.30
11.65
11.90
11.43
10.98
10.13
9.91
9.05
9.30
10.04
10.45
11.58
12.08
11.60
13.25
12.52
13.87
15.71
18.35
17.43
14.80
13.53
13.25
12.85
12.59
12.33
12.79
12.79
12.16
12.11
11.49
9.72
10.35
10.86
12.43
13.33
12.77
14.90
18.18
19.58
19.24
20.43
19.30
19.70
19.80
18.34
15.39
13.83
13.31
12.40
12.69
13.79
13.30
13.27
13.32
12.91
12.20
12.44
13.47
13.83
15.74
19.70
20.59
21.19
22.35
22.87
23.21
22.36
23.28
21.83
19.82
18.00
13.93
13.78
12.86
13.52
12.53
12.45
12.54
11.93
11.90
12.22
12.43
12.40
15.54
18.86
20.17
20.10
20.40
20.43
19.41
19.08
19.63
17.89
15.44
15.01
14.35
12.96
12.79
12.87
12.72
12.74
12.75
11.85
11.81
11.91
12.53
12.11
13.53
17.05
19.07
19.27
19.22
19.44
20.18
19.12
19.23
19.04
15.93
14.54
15.16
15.05
13.96
13.67
13.00
13.01
13.02
11.93
11.43
12.80
12.71
13.44
12.91
14.12
15.44
15.29
15.89
15.61
17.61
17.61
14.81
13.71
13.69
13.42
12.98
12.67
12.57
12.54
12.56
12.37
11.39
10.01
10.72
10.96
12.10
12.75
13.09
12.96
13.03
13.46
13.41
12.84
13.39
13.74
13.25
14.40
13.28
13.22
12.82
12.63
11.21
11.29
12.09
11.87
11.16
10.14
10.15
10.53
11.20
12.92
12.28
12.58
13.89
16.21
21.50
19.54
15.87
14.54
13.81
16.43
15.77
14.65
14.15
13.02
12.51
12.42
12.33
11.29
10.96
10.69
10.48
12.03
12.56
13.52
12.99
13.95
15.84
18.82
13.97
11.70
10.76
9.94
10.20
10.28
10.11
9.83
9.74
9.92
8.92
8.86
8.83
8.44
8.34
7.42
8.15
7.89
8.64
9.03
9.52
9.94
10.02
12.19
13.56
14.04
13.82
12.82
13.41
13.08
13.59
12.63
11.25
11.21
10.95
10.99
10.87
10.88
11.17
11.39
10.48
10.97
11.99
12.21
12.34
12.73
12.86
12.66
13.35
12.32
12.55
12.53
12.59
12.85
12.50
12.88
12.17
11.83
10.96
10.95
11.03
10.94
10.89
10.87
10.53
11.11
11.42
12.19
12.40
12.95
12.52
12.16
12.29
12.49
12.23
12.30
12.26
13.18
12.65
12.56
12.73
11.87
11.50
11.37
10.94
11.07
12.10
11.37
11.70
12.36
14.07
12.71
12.73
12.62
13.04
12.94
12.38
12.46
12.38
10.58
11.79
12.39
12.78
12.80
11.96
11.02
12.08
11.08
11.14
11.50
12.39
9.83
8.39
9.52
10.68
12.05
12.06
12.16
12.21
12.69
12.58
12.93
12.92
11.72
12.42
12.94
12.33
11.90
11.81
12.76
13.48
11.46
10.62
10.59
10.78
10.17
10.23
9.87
10.25
11.96
13.74
13.17
12.38
11.25
13.00
12.47
12.01
11.65
12.56
12.76
12.52
11.61
11.54
11.40
12.58
13.04
12.71
11.11
10.70
10.23
9.19
11.81
11.36
12.99
14.06
13.18
13.78
13.65
13.60
13.45
13.64
12.70
13.12
13.30
13.19
12.70
12.17
12.33
13.86
12.17
11.98
11.90
12.13
11.55
10.58
10.34
5.63
12.27
12.40
13.52
13.09
12.70
12.41
12.27
12.72
12.18
12.20
12.58
12.50
12.32
12.10
10.81
11.43
11.58
12.10
12.76
12.26
11.00
11.12
10.66
10.44
12.27
12.01
12.11
11.78
11.80
11.71
12.44
12.40
12.14
12.06
12.48
12.56
12.37
12.24
13.23
12.15
11.68
12.56
11.80
12.10
10.88
9.55
8.90
10.86
11.22
11.89
11.73
11.59
11.65
11.43
9.87
10.52
10.92
12.31
11.29
10.95
10.94
10.93
12.28
12.69
11.61
11.04
11.32
10.57
9.89
8.71
8.79
12.30
14.17
12.97
13.51
12.97
13.02
13.03
12.76
13.49
12.81
13.28
13.18
12.73
12.65
12.51
13.13
12.26
12.02
11.82
11.88
11.77
11.67
12.08
12.92
13.86
14.05
12.96
13.49
13.11
12.75
13.65
12.89
13.06
12.45
13.46
13.25
13.37
12.79
12.40
12.02
11.97
11.85
12.30
10.92
10.91
9.98
11.10
13.30
14.14
12.94
14.33
12.97
13.09
13.02
13.23
13.12
12.74
12.81
12.96
13.96
12.98
12.57
12.17
12.48
11.99
11.93
11.09
10.97
11.03
10.83
11.09
12.52
13.42
13.51
13.29
13.97
13.34
13.24
13.17
12.76
13.38
12.53
12.13
12.48
12.69
12.12
12.31
12.51
11.04
10.78
10.93
12.95
12.83
10.66
10.32
8.63
10.43
12.98
12.97
12.61
12.31
12.17
12.28
12.06
11.87
11.80
12.40
12.65
12.69
13.63
12.61
12.72
12.50
13.24
12.00
11.42
11.50
12.01
11.99
13.98
12.28
10.60
11.68
11.85
12.21
12.29
11.88
11.81
12.04
11.73
12.38
12.86
12.43
11.65
11.86
10.91
11.25
12.45
12.78
13.34
11.79
10.50
9.66
8.81
11.09
12.26
11.66
11.18
11.80
11.31
11.33
11.61
11.04
11.22
11.49
11.88
11.15
11.32
10.86
10.82
10.99
11.59
10.71
10.10
9.67
10.65
10.64
11.50
11.48
11.13
9.89
10.68
12.24
12.23
12.56
11.92
11.40
10.87
11.64
13.13
13.34
11.40
10.45
10.07
10.92
11.96
12.95
15.50
16.92
14.79
12.56
11.95
14.22
15.99
11.60
11.58
12.50
12.69
12.74
12.65
11.84
12.41
12.41
13.39
14.01
13.29
13.08
12.43
11.01
10.32
10.80
10.86
10.79
11.04
10.80
11.17
12.38
10.14
9.49
9.93
11.17
10.96
12.61
11.30
11.63
10.89
10.36
9.84
9.49
10.22
10.55
9.34
8.85
8.80
8.79
9.05
10.17
11.59
12.29
12.92
13.18
10.92
9.18
9.02
9.18
10.43
11.53
11.65
9.41
9.03
12.21
11.35
9.80
10.12
9.58
8.62
8.17
7.97
8.03
10.52
11.59
11.52
11.21
10.85
10.78
9.57
11.04
11.48
11.89
11.38
12.25
11.95
12.62
12.26
11.62
12.54
11.83
11.56
12.04
11.36
11.43
10.86
9.42
8.83
9.38
10.92
10.68
10.79
8.90
10.99
12.31
12.18
12.66
11.67
11.61
11.64
11.82
11.64
12.01
11.77
12.59
11.55
10.99
10.41
10.25
11.45
11.57
10.94
9.34
9.27
7.21
7.63
9.78
10.58
10.39
10.89
10.84
10.30
10.42
10.40
11.11
10.94
10.89
11.12
11.13
11.68
11.20
12.54
12.39
11.96
11.89
11.62
9.85
8.80
7.05
7.63
8.09
9.50
8.96
10.31
10.39
11.11
10.64
10.45
10.47
10.70
11.05
11.66
11.82
11.51
11.78
9.94
9.43
9.15
9.93
10.76
11.95
10.89
11.14
12.17
12.22
10.37
11.91
11.71
11.52
10.93
11.75
12.08
11.63
11.65
11.58
11.87
11.81
11.43
10.44
11.49
11.33
10.45
9.13
9.29
9.75
9.70
11.05
11.05
9.31
10.70
12.07
11.99
12.44
11.97
11.84
11.05
11.03
11.08
11.82
12.24
12.04
11.75
11.02
10.05
10.42
10.27
10.12
11.46
11.42
9.31
8.24
9.93
10.94
12.92
13.61
12.12
12.22
11.92
12.15
12.08
11.66
11.71
11.89
12.55
11.87
12.23
11.33
11.55
11.73
10.83
10.44
10.19
9.95
10.38
10.57
11.53
11.71
12.51
12.58
12.28
11.71
10.25
12.16
12.67
12.00
11.84
11.58
12.70
12.04
11.68
11.69
11.52
10.99
10.54
10.08
10.05
9.71
9.79
11.25
11.00
11.46
11.70
12.39
11.89
11.70
11.23
11.30
11.31
11.93
11.69
11.59
12.04
11.50
11.41
11.32
10.92
11.31
11.01
11.88
10.90
10.02
9.17
9.75
10.15
10.62
10.65
11.65
11.01
11.42
11.29
11.25
11.36
11.95
11.44
11.67
12.01
11.63
11.62
11.42
12.02
11.13
10.95
10.74
10.11
9.78
9.10
10.35
11.26
12.23
12.25
12.07
11.83
11.62
11.26
10.99
11.28
10.54
11.71
11.82
12.32
12.01
11.77
11.26
11.74
11.59
11.32
11.10
10.38
9.69
9.03
9.95
11.34
11.92
12.86
12.25
12.59
11.17
10.84
12.06
13.36
11.94
12.43
11.98
12.49
11.99
12.42
13.47
12.44
12.31
12.40
12.40
11.28
10.66
10.64
11.24
12.11
12.98
12.86
13.30
13.25
13.05
12.96
13.33
13.68
12.64
12.91
13.77
13.71
13.21
12.73
12.82
12.34
12.95
12.29
12.08
12.44
11.77
11.23
11.81
12.90
12.79
14.06
14.08
12.79
13.14
13.19
13.84
13.42
12.93
13.49
12.90
13.85
13.70
13.15
12.32
12.51
12.19
13.03
12.13
12.39
11.55
10.96
12.23
12.47
12.84
13.41
13.10
13.17
13.27
12.59
11.36
12.33
12.54
11.84
12.05
12.58
12.18
11.45
12.66
12.76
12.40
12.24
12.24
11.34
10.56
10.98
11.98
12.88
12.16
12.08
12.03
12.32
11.99
11.82
11.56
12.34
11.45
11.41
11.61
12.24
12.30
12.99
12.26
12.54
12.59
12.26
12.19
11.48
10.83
9.98
11.30
11.36
11.58
12.02
11.74
12.13
11.38
11.75
11.33
11.52
11.52
11.36
12.21
12.24
12.41
12.32
12.29
12.28
12.30
12.76
12.36
12.28
11.68
11.20
10.88
11.46
11.80
12.19
13.10
12.87
13.00
12.96
12.36
13.09
12.91
12.62
12.56
13.34
13.26
12.95
12.89
12.78
12.09
12.20
12.20
12.21
11.65
11.16
11.94
13.08
13.63
12.76
12.89
12.77
12.72
12.46
12.80
13.05
13.10
12.84
12.57
14.54
13.35
12.84
12.15
12.16
11.86
11.83
11.85
11.85
11.85
10.99
11.05
12.48
12.91
13.45
13.43
12.26
13.26
12.31
12.01
11.70
11.38
11.64
11.61
12.70
12.44
12.02
11.39
11.24
11.22
11.11
11.04
11.20
10.74
11.15
11.04
10.77
11.47
12.00
12.70
11.67
11.93
11.64
11.59
11.88
11.41
11.44
11.13
12.21
12.28
11.85
11.61
12.08
11.26
10.95
10.92
10.79
10.68
9.80
10.90
12.00
13.64
12.51
12.76
13.03
12.85
12.55
11.78
12.16
12.56
12.71
12.61
13.22
13.40
12.44
11.96
12.11
11.73
11.85
11.50
11.69
11.11
11.42
11.58
12.76
12.47
12.61
12.40
12.13
12.08
11.92
11.70
11.64
12.40
11.89
11.94
12.69
12.66
12.33
12.17
11.84
11.77
11.93
12.19
11.65
11.41
10.92
10.95
11.60
11.65
11.99
12.95
11.93
11.84
12.37
11.63
11.65
11.71
12.24
11.49
12.82
12.51
12.69
12.22
12.21
12.03
11.80
12.50
11.68
11.20
10.92
11.29
11.95
14.01
13.89
13.28
12.86
13.22
12.52
12.89
12.98
12.13
12.24
12.55
13.23
13.76
12.83
12.08
12.03
11.68
11.76
11.67
12.26
11.25
10.79
11.10
12.87
13.22
13.27
13.08
12.84
12.73
12.77
13.15
13.11
12.61
12.80
13.21
13.25
13.07
12.53
12.13
11.93
11.93
12.18
11.47
10.55
10.36
10.28
11.12
13.06
13.34
14.35
13.86
12.50
13.22
12.91
12.68
12.51
12.43
12.59
13.22
13.24
13.23
12.29
12.01
11.90
12.47
11.68
11.66
10.97
10.48
10.46
12.20
11.92
12.62
13.05
14.12
12.60
12.94
12.73
12.16
13.09
12.46
12.94
12.55
13.39
13.37
12.45
11.97
12.02
12.55
11.82
11.77
11.85
11.46
10.68
10.89
12.23
12.43
11.76
12.67
12.67
12.64
12.43
12.91
11.94
12.47
12.46
12.69
13.59
12.59
12.03
11.73
12.03
11.65
11.57
11.38
11.61
11.33
12.19
11.82
12.02
12.23
12.36
12.58
13.07
12.11
11.92
11.67
11.68
12.23
11.61
11.75
12.89
12.28
11.96
11.96
11.78
12.40
11.66
11.76
11.74
10.12
9.91
10.67
11.24
11.22
11.41
12.62
11.85
11.58
12.48
11.76
11.90
11.80
12.40
11.61
12.76
12.05
12.10
11.91
11.71
11.47
12.09
11.29
10.58
10.44
9.55
10.28
11.92
13.64
14.21
13.23
12.94
12.27
12.92
12.44
13.05
12.46
12.41
12.64
13.18
13.97
12.53
12.13
11.94
11.89
11.63
11.87
10.90
10.47
10.43
10.66
12.50
12.88
13.50
12.66
12.90
12.61
12.68
12.74
12.47
12.24
12.18
12.47
12.92
12.63
11.90
11.73
11.42
11.30
11.48
11.12
12.06
10.58
9.36
10.13
11.72
12.77
12.64
13.38
12.30
13.12
12.37
12.01
12.77
11.91
11.92
12.35
13.08
13.12
13.47
11.91
11.98
12.10
12.18
11.64
11.59
11.22
11.22
12.01
12.29
12.99
13.13
13.00
12.39
12.49
12.30
12.09
11.78
12.57
12.29
13.58
13.87
12.54
10.73
11.94
11.96
12.30
11.69
11.62
11.60
11.34
10.54
10.52
10.03
12.91
12.30
12.72
12.52
11.26
12.26
12.12
12.05
12.54
11.83
12.38
13.67
13.89
13.62
12.72
12.67
11.70
11.69
11.61
11.68
11.40
11.75
11.79
12.47
12.35
12.44
12.43
12.18
12.27
12.48
11.73
12.57
11.70
11.70
11.67
12.49
12.49
12.78
12.91
12.29
12.15
11.61
11.75
11.71
11.55
10.79
11.75
11.87
12.98
11.76
11.80
11.66
12.18
11.40
11.49
11.60
11.68
11.40
12.43
12.48
12.54
12.33
12.35
11.86
11.64
11.72
11.81
11.98
11.33
10.57
11.47
13.03
13.31
13.15
13.13
12.02
12.90
11.54
12.06
12.62
12.27
12.10
12.14
13.67
13.25
13.06
12.78
12.09
11.78
11.57
11.76
11.46
11.98
10.46
10.73
11.03
12.94
13.11
11.58
12.60
12.57
13.07
13.54
12.86
13.14
12.63
11.85
12.33
11.81
10.90
10.39
10.79
10.03
9.99
9.89
9.95
9.63
9.10
9.55
10.89
13.09
12.22
12.47
12.76
13.14
12.73
12.68
12.81
12.77
12.26
12.23
12.09
11.84
10.90
10.50
10.20
10.04
9.95
10.50
9.92
9.64
9.71
10.29
10.66
10.92
11.10
11.96
11.47
12.13
12.73
12.60
12.82
12.75
13.39
11.92
12.15
11.87
10.97
10.58
10.29
10.06
9.95
10.85
9.93
9.79
9.08
9.27
10.49
11.92
11.25
12.04
12.42
12.43
12.76
13.32
13.31
12.93
12.85
12.50
13.22
12.19
11.07
10.55
10.30
10.33
10.24
10.14
10.69
10.09
10.42
10.58
11.14
11.11
11.55
12.39
12.03
12.24
11.93
10.99
11.12
11.44
11.32
11.10
12.01
11.08
11.09
10.84
10.52
10.40
10.38
10.20
10.19
10.66
9.26
9.40
9.88
10.08
10.68
11.59
11.09
11.23
11.60
11.24
12.00
11.67
11.51
11.02
11.39
11.06
10.85
10.69
11.38
10.31
10.20
10.22
10.11
9.81
9.04
9.12
10.68
10.95
11.70
12.39
12.10
12.21
13.11
12.57
13.21
12.76
13.00
11.97
12.70
12.03
10.88
10.20
10.02
9.94
10.12
10.09
9.73
9.60
8.86
9.05
10.10
11.41
12.26
12.04
11.81
12.30
13.44
13.14
13.51
13.73
12.88
12.37
13.36
12.62
11.33
10.76
10.40
10.04
10.56
9.87
9.69
9.76
9.01
9.13
10.31
11.75
11.77
12.16
12.30
13.46
13.82
13.88
13.60
13.61
13.27
12.86
13.37
12.76
11.38
10.76
10.50
10.45
10.34
10.27
10.23
10.72
10.23
10.84
10.93
11.84
12.77
12.40
12.87
13.94
13.12
13.86
13.18
13.87
13.04
13.47
12.87
12.58
12.01
10.84
10.62
10.44
10.45
10.38
10.31
10.19
9.92
9.51
11.55
12.32
13.26
13.65
14.10
13.84
14.53
14.14
13.83
13.45
13.50
12.46
12.97
12.91
11.58
11.03
10.76
10.61
10.46
10.94
10.30
10.43
10.85
11.01
11.41
11.84
12.30
12.54
13.84
13.47
12.37
11.80
11.76
11.78
11.61
11.89
11.84
11.45
11.37
11.31
11.05
10.90
10.69
10.56
10.44
11.03
9.50
9.99
10.52
10.70
10.65
11.16
12.00
11.42
12.05
12.24
12.18
12.10
11.76
11.26
11.84
11.93
11.39
11.07
10.94
10.72
10.68
10.36
10.39
10.28
9.41
10.39
11.42
13.24
13.31
14.29
14.03
14.98
14.63
15.22
14.08
14.52
13.78
13.43
13.88
13.34
11.99
11.45
10.94
10.55
10.51
10.41
10.27
10.21
9.41
10.19
11.10
12.66
12.22
12.22
13.52
12.97
13.66
13.12
11.82
12.04
11.00
11.15
10.80
10.60
9.94
9.45
9.36
9.39
9.58
9.44
9.81
9.20
8.34
9.99
13.61
13.67
15.07
13.62
11.01
10.55
11.36
10.30
10.59
10.50
9.62
9.94
10.03
9.75
9.37
8.96
9.00
9.05
9.59
8.86
8.72
8.67
8.58
8.68
9.36
8.93
9.07
10.50
9.16
9.71
9.36
10.01
10.12
9.36
9.33
9.01
11.21
9.36
8.90
8.79
8.87
9.30
8.65
8.50
8.41
8.52
7.73
7.76
8.99
11.20
9.87
10.37
9.46
9.67
9.77
9.79
10.05
9.41
9.21
9.27
10.30
9.60
9.60
9.11
8.92
8.75
8.75
8.60
9.05
8.65
8.53
8.17
8.50
8.69
9.36
9.10
9.25
9.68
9.32
9.19
9.36
9.79
9.11
9.10
9.67
9.42
9.32
9.17
8.97
8.85
9.46
8.73
8.55
8.72
7.76
7.96
8.22
8.46
8.52
9.47
8.92
9.18
9.32
9.36
9.39
10.07
9.43
9.32
9.82
9.56
9.38
9.30
9.15
9.12
9.06
9.82
8.95
8.83
8.03
8.08
9.49
10.36
10.72
11.75
10.47
10.57
10.01
9.42
8.86
9.06
9.26
8.84
9.41
9.00
9.42
8.60
8.46
8.42
8.33
8.40
8.91
8.33
7.66
7.53
9.07
9.12
9.42
10.03
10.20
9.81
10.07
9.95
10.46
10.24
9.38
9.84
10.00
9.96
9.42
9.43
9.06
9.66
8.85
8.95
8.76
8.84
7.88
7.99
9.30
9.65
9.31
9.51
9.29
9.99
10.26
10.56
10.23
10.10
9.04
9.06
10.12
9.74
9.74
9.55
8.79
8.73
8.66
8.49
8.64
8.62
8.40
8.67
9.18
9.36
9.65
10.42
9.79
10.16
10.29
9.81
10.36
10.37
9.54
9.36
10.36
10.43
9.37
9.14
8.83
8.75
8.82
8.80
8.67
8.81
8.51
7.88
8.70
9.65
9.25
10.10
9.50
9.72
10.23
10.07
10.69
10.06
10.30
9.78
9.89
9.73
9.30
9.10
8.86
8.77
8.80
8.69
8.68
9.43
8.82
8.41
8.30
8.74
8.81
9.02
9.91
9.71
9.29
9.22
9.32
9.58
9.85
9.18
9.85
9.58
9.28
9.16
8.92
8.83
8.78
9.43
8.77
8.88
7.89
7.93
8.11
8.13
8.44
9.43
8.97
9.15
9.70
9.44
9.40
9.46
9.97
9.39
9.70
9.44
9.31
9.17
8.92
8.95
9.49
8.80
8.72
8.89
7.97
8.01
9.29
9.55
10.52
10.09
8.97
9.57
10.31
11.37
10.28
9.49
9.40
9.27
9.89
10.11
9.21
8.95
8.84
8.90
8.84
8.67
8.67
8.80
8.39
7.96
9.13
9.68
9.99
10.37
10.02
10.31
10.31
11.15
11.18
9.58
8.81
8.92
9.88
9.04
8.70
8.58
8.40
8.25
8.56
8.27
8.25
8.46
7.60
7.58
8.68
8.41
10.00
9.64
9.34
9.63
9.61
9.39
9.78
9.08
9.49
9.41
10.87
10.14
9.28
9.06
8.78
8.66
8.75
8.65
9.22
8.80
8.53
8.66
9.61
8.75
10.33
10.57
9.91
9.71
10.17
9.84
9.91
9.73
9.80
9.76
10.48
10.28
9.98
9.63
9.09
9.05
9.51
8.90
8.90
8.97
8.17
8.66
9.02
9.37
9.79
10.24
10.04
10.14
10.63
10.25
10.64
11.09
10.03
9.90
10.13
9.99
9.64
9.92
9.26
9.14
9.08
8.99
9.06
9.18
9.21
8.79
8.67
9.95
9.18
9.17
9.37
9.55
9.76
9.54
9.68
10.52
9.59
9.43
9.93
9.71
9.65
9.54
9.34
9.19
10.07
9.16
9.11
9.00
8.20
8.15
8.34
8.38
9.35
8.81
9.19
9.40
9.45
10.17
9.74
9.73
9.70
9.82
9.88
9.81
10.27
9.57
9.39
9.24
9.13
9.16
9.04
9.73
8.39
8.29
9.68
9.68
10.28
10.24
11.01
10.61
10.52
10.43
11.03
11.06
9.96
9.91
10.79
9.88
9.33
9.35
9.30
9.19
9.13
8.97
8.93
9.10
8.70
8.13
8.64
10.05
10.22
9.55
9.50
10.10
10.15
10.19
9.80
9.83
9.10
9.37
10.07
10.17
9.89
9.12
9.00
8.94
8.80
8.72
8.80
8.78
8.56
7.99
9.04
9.19
8.88
9.89
9.45
9.47
9.53
9.71
9.69
9.72
8.82
9.00
10.39
9.86
9.50
8.98
8.81
8.73
9.17
8.61
8.48
8.66
8.31
8.94
8.29
9.02
10.90
9.46
9.47
9.77
10.27
9.96
10.22
10.22
9.37
9.56
9.98
9.87
10.30
9.50
9.12
9.07
9.07
8.90
8.96
9.04
8.13
8.67
8.79
9.24
9.92
8.95
9.85
9.30
10.14
9.84
9.11
9.57
9.18
9.44
10.62
9.71
9.60
9.24
8.67
8.59
8.45
8.41
8.52
8.57
8.97
8.04
8.17
8.26
8.44
9.15
8.79
8.83
8.41
8.35
8.55
8.39
8.49
8.79
9.01
8.89
8.90
8.75
8.72
8.43
8.48
9.03
8.48
8.47
7.83
7.75
7.83
7.94
7.95
8.73
8.23
8.41
8.82
9.45
8.90
8.79
8.73
8.84
9.94
9.20
9.14
9.09
8.95
8.82
8.68
8.62
8.64
9.22
7.97
7.73
9.16
9.20
9.79
9.37
9.31
9.24
9.28
9.62
9.35
9.04
8.81
9.05
9.75
10.40
9.59
8.94
8.69
8.47
8.43
8.31
8.32
8.41
8.34
7.68
8.31
9.98
9.21
10.23
10.02
9.83
9.39
9.68
9.85
9.81
9.05
9.42
10.06
10.38
9.76
9.31
8.84
8.70
8.65
8.51
8.55
8.58
7.86
8.44
8.55
10.01
10.04
9.54
9.35
9.59
10.05
9.78
10.02
9.31
9.15
9.66
10.86
10.10
9.86
9.19
8.87
8.68
8.69
8.59
9.17
8.74
8.52
8.71
8.60
8.99
9.65
10.42
9.64
10.58
9.83
10.33
9.66
9.32
9.75
9.42
9.92
9.75
9.45
9.00
8.74
8.60
9.19
8.49
8.39
8.60
7.89
7.76
9.14
9.09
9.07
9.50
9.47
10.03
9.69
9.90
9.93
9.45
9.80
10.31
9.90
9.90
9.67
9.42
9.00
8.85
8.81
8.82
8.67
8.91
9.61
8.36
8.62
9.12
9.01
8.87
9.74
9.20
9.09
8.97
9.73
9.28
9.04
9.40
9.41
9.37
9.19
9.15
9.81
8.75
8.77
8.62
8.60
8.61
7.95
7.80
8.61
8.10
8.25
8.29
8.59
9.44
9.36
9.15
8.99
8.68
9.22
9.29
9.36
9.11
9.15
8.93
9.38
8.69
8.49
8.49
8.50
8.58
7.90
8.39
8.48
9.95
10.11
9.66
9.22
9.87
10.22
9.55
9.45
9.24
8.95
9.76
10.86
10.79
9.54
8.95
8.77
8.66
8.93
8.48
8.49
8.61
7.87
7.78
9.06
9.66
9.54
9.93
9.94
9.93
10.43
10.67
9.87
10.26
9.32
9.66
9.90
10.04
9.61
9.43
8.76
8.69
8.63
8.50
8.51
8.55
7.90
7.74
9.36
9.50
9.86
9.31
10.50
9.96
9.92
10.27
10.02
10.09
9.37
9.61
10.11
10.80
10.25
9.80
9.53
10.05
9.40
9.43
9.41
9.43
9.30
9.34
9.72
10.72
10.95
10.18
10.82
10.64
10.81
10.32
11.33
10.33
10.71
10.51
10.72
10.63
10.15
10.54
9.83
9.57
9.68
9.49
9.49
9.57
9.51
8.76
9.41
11.26
11.30
10.43
10.76
11.35
11.26
10.59
9.70
9.92
10.43
10.42
10.92
10.63
11.33
9.77
0.00
1.01
9.46
9.34
9.25
9.45
9.59
9.01
9.09
9.25
9.44
10.27
9.43
9.80
9.86
10.45
9.48
9.54
9.24
9.52
10.09
9.87
9.74
9.74
9.57
9.41
9.39
9.27
9.34
9.37
8.78
9.55
8.76
8.82
9.27
9.60
9.00
9.46
9.46
9.45
9.48
9.56
9.08
9.81
11.03
9.78
9.93
9.70
9.50
9.55
9.37
9.45
10.03
9.51
8.79
8.67
9.41
11.38
12.08
10.06
10.35
11.33
10.47
9.94
10.97
10.29
9.67
11.40
10.53
10.36
11.05
9.87
9.62
9.56
9.39
9.38
9.29
9.53
8.79
8.55
9.57
11.04
10.99
9.92
10.38
10.72
10.06
10.14
10.26
10.05
10.99
11.19
10.21
11.06
10.67
9.51
9.21
9.22
9.05
8.98
9.00
9.02
8.41
8.27
9.46
10.70
11.77
10.13
11.98
11.91
12.02
11.09
11.17
11.06
10.93
11.86
11.31
11.36
9.81
9.62
9.61
9.58
9.62
9.52
9.48
9.61
9.43
9.50
9.85
9.30
12.07
10.73
9.73
10.83
10.79
11.00
10.00
9.76
10.35
11.00
10.26
10.64
9.97
9.39
10.16
9.11
9.03
9.08
9.05
9.10
8.56
8.28
9.13
14.14
18.41
20.78
21.90
22.30
22.30
23.01
23.00
22.88
23.85
23.83
23.72
23.12
22.18
21.06
20.90
20.77
20.74
20.71
20.53
20.91
21.11
20.48
11.07
9.10
9.11
9.04
8.75
9.19
9.90
8.67
8.60
8.95
8.77
9.20
9.39
9.26
9.21
9.00
9.03
8.92
8.87
8.77
8.83
8.73
8.38
7.85
9.03
8.14
8.03
8.31
8.78
8.67
8.97
9.48
10.17
8.90
8.56
9.34
9.23
9.33
9.04
9.16
9.88
8.95
8.76
8.70
8.69
8.70
8.26
7.82
8.32
9.78
8.63
8.74
8.83
8.84
9.12
9.31
9.89
9.33
9.04
9.89
9.86
9.92
9.86
9.20
9.75
8.84
8.73
8.63
8.65
8.78
8.22
7.89
9.51
9.80
11.23
8.82
9.66
9.02
10.08
10.24
9.47
9.37
9.07
9.80
9.78
9.93
9.63
9.34
9.02
8.81
9.90
8.73
8.65
8.88
8.19
7.97
9.54
10.79
11.67
11.45
8.99
9.81
10.32
9.97
9.52
9.88
9.54
10.07
10.24
9.98
9.58
9.50
9.19
9.29
9.04
9.05
8.98
8.96
9.31
8.74
9.09
9.39
9.70
9.05
10.49
10.77
9.60
10.48
10.33
9.40
8.99
10.49
11.55
10.21
9.25
9.06
9.02
9.76
8.70
8.71
8.65
8.65
8.25
7.87
9.28
9.90
9.45
8.68
10.27
11.25
9.69
9.58
9.42
9.23
9.15
10.05
9.68
9.66
9.62
9.73
9.17
9.40
9.47
9.47
9.33
9.44
9.00
9.35
8.47
8.44
8.44
8.45
9.64
9.09
9.51
9.41
9.35
8.97
9.05
9.88
9.63
10.57
9.87
9.44
9.45
9.62
9.39
9.26
9.32
9.35
9.72
8.31
8.69
8.52
9.04
9.04
10.13
9.29
9.55
9.60
9.30
9.23
9.06
10.07
9.80
9.89
9.93
9.93
10.65
9.86
9.71
9.66
9.47
9.56
9.01
9.19
8.55
9.49
10.32
8.59
10.37
8.79
9.34
9.59
9.52
8.73
9.32
9.98
9.80
9.61
10.07
9.50
9.12
8.69
8.73
8.76
8.64
8.61
8.26
7.75
9.26
9.13
10.16
9.10
9.00
9.46
9.43
9.48
9.35
9.42
8.77
10.14
9.89
9.67
9.22
8.83
8.79
8.72
8.96
8.73
8.61
8.77
8.12
7.63
8.92
9.38
9.29
9.47
9.38
8.87
9.19
9.17
9.63
8.81
8.83
9.38
9.64
10.15
8.96
8.82
8.69
8.44
8.47
8.34
8.36
8.94
8.58
8.24
8.64
9.39
10.18
9.12
8.64
10.20
9.14
10.50
9.19
8.89
9.48
10.25
10.34
10.17
8.99
8.85
8.67
8.64
8.50
9.01
8.43
8.43
7.99
7.53
8.26
9.36
9.72
9.73
9.74
9.43
9.42
10.18
10.06
9.34
9.58
10.36
10.66
10.41
9.27
8.90
8.84
8.82
9.36
8.74
8.72
8.89
9.21
8.25
8.02
8.98
8.63
9.22
8.67
8.83
9.58
8.72
8.61
8.24
8.19
9.19
8.86
9.17
8.85
8.74
8.62
8.53
8.53
8.50
8.37
8.65
8.71
7.60
7.76
7.68
7.86
7.93
7.97
8.69
8.24
8.50
8.35
8.39
8.40
9.15
9.72
8.98
8.90
8.90
8.72
8.48
8.64
8.54
8.45
9.20
8.10
7.95
8.66
10.03
13.14
26.28
25.50
25.94
26.42
26.04
26.28
25.21
25.96
26.07
26.49
26.13
26.04
25.12
24.71
24.48
24.41
24.47
24.40
24.34
13.59
7.69
8.97
12.81
26.36
26.16
25.83
26.22
26.41
26.53
27.11
26.02
26.85
28.10
26.82
27.41
26.55
25.96
24.72
24.36
24.38
24.32
24.36
24.28
16.88
8.50
8.69
12.42
25.59
26.07
25.99
26.10
26.10
26.18
26.42
27.03
27.13
26.93
26.43
26.89
25.55
25.44
24.94
24.69
24.62
25.00
24.53
24.58
17.13
8.74
8.91
9.34
10.49
10.15
10.50
9.62
10.44
10.45
10.01
8.90
9.70
10.06
11.08
9.68
9.45
9.07
8.98
8.74
9.15
8.41
8.47
8.58
8.18
7.70
8.84
9.38
9.54
9.98
9.14
9.59
10.74
10.07
9.76
10.15
9.60
10.85
9.94
9.94
9.62
9.42
9.55
10.28
9.59
9.44
9.56
9.42
9.14
8.65
9.26
8.79
9.26
9.55
9.36
9.96
9.15
8.96
9.38
8.82
9.00
9.61
9.59
9.49
9.93
9.31
8.73
8.66
8.55
8.55
8.42
8.16
7.92
7.55
8.27
7.80
7.91
8.00
8.12
8.22
9.09
8.66
8.56
8.30
8.78
9.25
9.24
9.16
9.68
9.03
8.97
8.86
8.77
8.70
8.70
8.65
8.35
8.33
8.51
9.77
10.85
10.06
10.20
9.66
9.95
9.33
9.81
9.98
10.01
9.94
9.90
10.49
9.36
9.57
8.92
8.70
8.89
8.89
8.71
8.89
8.69
8.41
8.51
10.10
11.05
8.89
9.91
9.75
10.12
9.97
10.20
9.51
10.58
10.43
10.92
10.27
9.84
9.56
9.36
9.97
9.30
9.30
9.85
9.25
8.95
8.27
9.60
10.73
10.80
9.90
10.50
10.00
10.58
10.08
10.13
10.21
10.06
10.77
10.89
10.58
10.34
9.69
9.46
9.47
9.52
9.35
9.38
9.36
9.75
10.34
10.19
10.00
10.95
10.68
9.98
10.23
10.03
10.27
10.29
9.85
10.97
11.43
10.87
10.64
10.11
9.74
9.57
9.97
9.39
9.30
9.25
9.41
8.99
8.41
9.95
17.69
27.74
26.49
27.15
25.83
26.98
27.10
28.25
27.54
28.49
30.37
29.29
26.45
26.24
25.42
24.77
24.73
24.69
24.66
24.71
24.85
26.26
24.63
24.35
24.60
25.20
15.99
9.92
9.29
8.98
8.83
8.95
8.83
9.29
10.45
9.82
9.54
9.59
9.41
9.48
9.37
9.41
9.74
9.28
9.24
9.00
8.20
8.35
8.48
9.24
8.64
8.81
8.72
8.98
9.10
9.15
9.46
9.55
9.82
9.67
9.52
9.41
9.16
9.79
9.06
8.83
8.58
8.65
8.47
7.96
8.12
7.37
9.10
11.01
9.12
9.61
9.20
9.13
9.73
9.06
9.13
10.06
9.38
9.03
9.27
8.66
8.29
8.62
8.20
8.10
8.10
7.62
7.66
7.30
7.20
7.56
8.91
9.35
8.87
8.37
8.64
8.67
8.72
8.89
8.35
9.88
10.32
9.92
9.66
9.80
9.14
9.03
8.95
9.18
8.87
8.92
8.85
8.79
7.83
8.43
9.70
9.59
10.13
9.47
9.28
9.95
9.28
9.38
9.71
9.63
9.84
11.14
9.72
9.11
9.20
9.13
9.50
8.84
8.95
8.72
8.43
8.48
8.24
9.39
9.09
9.90
10.38
10.24
9.86
9.38
10.39
10.10
9.35
10.73
10.23
10.42
10.20
9.86
9.62
9.49
9.35
10.00
9.31
9.40
9.30
8.97
8.14
9.08
9.21
11.79
10.81
9.34
9.48
9.48
9.37
9.51
9.69
10.54
12.34
11.08
10.70
9.40
9.21
9.18
9.08
9.04
9.07
9.20
8.99
9.48
8.40
8.15
8.49
9.52
8.96
9.03
9.01
8.77
9.34
8.69
8.53
9.19
9.52
9.35
9.46
9.21
9.79
9.21
9.22
9.08
8.97
9.01
8.96
8.48
7.59
8.33
8.14
8.13
8.32
8.37
8.56
8.54
9.33
8.66
8.53
9.47
9.81
9.66
10.15
9.30
9.14
9.20
9.11
9.01
8.90
8.91
8.67
9.06
7.48
9.29
9.96
10.40
10.14
9.74
8.87
9.97
9.98
9.44
10.02
10.64
11.26
11.21
10.37
9.43
9.86
9.24
9.24
9.20
9.13
9.07
9.04
8.74
8.44
9.03
10.25
10.77
9.98
9.75
10.06
10.13
10.27
10.02
10.15
10.95
10.90
10.36
10.08
9.71
9.53
9.50
10.05
10.02
9.43
9.33
9.25
8.83
7.96
8.96
9.54
9.73
10.30
10.38
10.35
9.64
10.37
9.79
10.21
11.45
10.33
10.42
12.07
9.85
9.40
9.30
9.92
9.22
9.28
9.27
9.14
9.18
8.77
8.84
9.23
10.54
9.40
9.20
10.09
9.75
9.29
9.95
9.01
10.15
9.79
9.69
9.78
9.18
9.39
9.02
8.77
8.59
8.58
8.44
8.44
8.22
7.95
8.00
9.20
9.77
9.31
9.91
9.35
9.48
9.53
9.01
9.29
9.84
10.21
10.60
9.69
9.35
9.08
9.12
9.06
9.00
8.70
8.66
9.27
9.06
8.26
8.23
8.23
8.57
8.89
8.94
9.46
8.57
8.46
8.57
8.57
9.33
9.47
9.34
9.91
9.24
9.17
9.09
9.04
8.87
8.39
9.13
8.48
8.38
7.55
7.66
7.72
7.91
9.04
8.37
8.46
8.48
8.58
8.56
8.54
9.38
10.32
9.41
9.26
9.30
9.13
9.13
9.01
8.74
9.15
8.54
8.56
8.40
7.53
8.77
7.29
9.83
9.65
9.49
10.21
10.08
9.05
9.97
9.08
10.02
10.65
11.38
9.71
9.44
9.55
9.48
9.14
9.08
9.10
8.83
8.63
8.60
8.21
8.36
9.47
10.89
9.22
9.26
9.52
9.51
9.54
9.88
9.87
9.76
9.90
9.83
10.33
9.35
9.25
9.15
9.02
9.05
9.54
8.95
8.72
8.53
7.69
8.45
9.34
11.58
11.03
9.60
9.39
9.93
9.45
9.66
10.19
10.07
10.04
10.00
10.30
9.49
9.31
9.34
9.24
9.85
9.14
9.28
9.12
9.62
8.88
9.15
10.11
10.55
10.23
9.32
9.74
9.90
9.98
9.23
9.97
10.11
11.87
11.43
9.84
9.48
10.12
9.24
9.17
9.23
9.07
8.99
9.04
9.01
8.37
8.65
10.20
9.90
10.24
9.44
9.79
8.98
9.35
9.49
9.03
10.65
10.17
9.99
10.05
10.10
9.23
9.22
8.90
8.76
8.73
8.60
8.68
9.37
8.26
8.66
8.14
9.07
9.22
9.35
8.79
8.54
8.41
8.79
8.39
9.40
9.27
9.27
9.10
9.00
8.69
9.07
8.42
8.45
8.36
8.34
9.22
11.81
12.11
10.31
10.22
7.68
7.76
7.97
8.41
8.38
8.40
9.30
8.49
9.39
9.34
9.23
9.13
9.57
8.61
8.44
8.47
8.42
8.29
8.84
10.79
13.32
11.70
11.44
12.09
11.04
10.48
9.18
9.25
9.95
8.85
9.27
9.63
9.87
9.89
10.54
10.29
9.24
8.77
8.64
8.51
8.55
8.47
9.01
8.33
10.35
10.99
11.35
9.96
11.01
9.77
9.65
9.56
9.68
9.73
8.91
9.92
10.18
10.76
10.71
10.00
9.72
10.01
9.53
8.99
8.73
8.72
8.74
8.61
8.66
7.70
8.92
9.25
10.68
9.97
9.80
9.58
9.29
9.81
9.71
9.21
10.81
10.58
11.21
9.75
9.65
9.05
8.89
9.31
8.43
8.51
8.31
8.21
8.64
8.67
8.85
9.53
9.29
9.63
8.67
9.72
8.92
9.25
9.00
9.26
9.49
9.81
9.36
9.69
9.08
8.97
8.59
8.56
8.50
8.50
8.45
8.40
9.16
7.33
7.83
8.86
9.94
9.95
9.09
8.89
8.61
9.18
8.98
9.03
9.37
9.86
9.40
9.53
8.76
8.45
8.29
8.25
8.23
8.78
8.12
8.40
11.71
12.29
12.68
11.18
8.24
9.97
7.97
8.48
8.19
8.10
8.16
8.81
9.03
8.99
8.98
8.84
8.47
8.46
8.43
8.30
8.83
8.19
8.36
9.60
11.54
11.09
9.80
9.01
8.22
7.61
7.82
8.27
8.16
8.33
8.36
8.51
10.16
9.26
9.19
9.08
9.07
9.00
8.95
9.59
8.89
8.83
8.45
8.28
8.30
7.84
7.74
8.86
10.35
10.00
8.25
9.01
8.79
8.68
9.03
9.46
9.10
8.94
9.31
9.15
10.72
13.27
15.72
18.51
19.88
23.34
22.44
25.42
27.62
27.78
25.08
17.34
13.68
12.09
9.64
8.71
9.04
8.77
10.02
10.24
10.11
9.68
10.51
10.42
9.18
8.90
11.90
15.74
18.16
18.66
18.04
21.07
25.64
24.84
21.02
14.28
13.32
14.06
10.17
9.07
9.06
8.89
8.94
9.40
10.25
9.46
9.57
12.21
13.75
16.45
18.21
20.41
24.06
27.97
32.40
36.04
42.74
41.33
33.89
22.97
16.22
12.58
9.04
9.61
9.00
9.85
10.02
9.61
9.83
9.86
9.09
9.63
13.87
16.47
21.26
23.89
24.53
26.84
28.37
29.59
30.82
30.95
27.21
19.96
13.94
10.71
9.76
9.34
9.05
9.27
9.12
9.52
11.33
10.38
9.92
9.71
10.01
8.98
10.05
12.87
15.45
15.39
18.27
20.42
24.33
23.77
19.60
13.18
11.74
9.26
8.35
8.62
7.80
8.08
8.51
8.76
10.07
9.56
8.88
8.50
8.49
8.46
8.31
8.28
8.60
8.53
8.21
8.56
10.68
11.20
10.02
8.41
8.12
7.91
7.63
7.83
8.24
8.23
8.76
8.38
9.51
9.59
9.12
8.49
8.49
8.95
8.23
8.24
8.19
8.32
10.53
12.27
14.40
15.49
12.73
12.89
10.32
10.63
8.91
8.99
9.19
9.20
9.24
10.18
10.84
10.53
10.11
10.09
9.34
8.93
8.44
8.31
8.21
8.20
8.14
8.71
9.07
8.95
9.18
8.56
11.59
10.51
8.73
10.45
9.50
9.48
9.53
9.22
10.86
10.45
10.64
10.06
9.95
9.03
9.06
8.94
8.61
8.68
8.66
8.56
9.14
7.75
8.23
9.30
10.13
9.35
9.46
9.83
9.43
9.41
9.57
10.55
10.77
11.09
10.30
9.71
9.30
8.98
9.37
8.65
8.73
8.58
8.57
8.58
8.84
8.97
8.59
10.09
9.91
10.11
8.88
9.89
14.03
10.16
9.69
10.36
10.10
10.80
10.16
10.25
9.81
9.12
9.01
8.92
8.90
8.93
8.95
9.50
8.84
8.04
8.11
10.20
11.20
10.56
9.74
10.29
9.46
9.37
9.71
9.43
9.93
9.94
9.66
9.78
10.06
9.05
8.96
8.87
8.95
8.88
8.80
8.84
9.46
8.79
8.93
8.38
8.40
8.84
8.98
9.58
8.86
8.64
8.59
8.99
9.52
9.51
10.08
9.47
9.39
9.20
8.93
8.94
8.80
8.86
8.81
9.41
8.90
8.10
7.84
7.90
7.94
8.31
9.43
8.67
8.69
9.03
8.88
8.99
10.26
9.53
9.56
9.41
9.38
9.16
9.18
8.87
9.44
8.85
8.83
8.82
8.80
7.99
8.24
8.67
9.94
9.61
8.72
8.97
9.05
9.68
9.02
9.40
9.98
9.87
9.78
9.61
10.00
9.21
8.90
8.79
8.75
8.69
8.71
8.76
9.37
7.94
8.39
9.40
10.24
9.44
9.20
9.33
9.13
9.25
9.30
9.50
9.87
9.42
9.48
9.77
8.59
8.96
8.33
8.24
8.21
8.15
10.56
12.87
14.43
15.41
12.68
12.22
10.94
8.79
9.37
8.40
9.33
8.49
9.26
9.96
10.23
9.15
9.55
9.51
9.31
8.36
8.26
9.12
10.94
11.73
14.46
15.79
16.97
17.74
15.41
14.39
21.92
20.49
19.47
19.23
19.38
19.55
19.29
19.48
20.66
19.94
20.07
19.40
19.16
18.96
18.87
18.80
18.69
19.60
21.46
22.08
24.26
18.43
12.03
11.86
11.07
10.01
9.10
9.57
9.47
9.40
9.79
9.45
10.57
11.27
9.58
8.99
8.64
8.48
8.42
8.35
8.87
8.28
8.22
11.46
13.19
13.35
19.09
16.48
11.38
17.32
13.40
10.67
11.52
17.53
16.34
9.30
10.20
9.29
8.57
8.42
8.30
8.22
8.19
8.17
9.30
14.76
14.79
15.46
17.04
16.08
14.59
11.09
9.80
8.29
7.43
7.52
7.58
7.70
8.44
9.36
9.61
9.50
9.10
8.46
8.35
8.26
8.75
8.32
10.01
12.73
16.02
16.38
16.12
16.88
16.76
13.43
12.17
9.99
8.26
9.02
8.53
9.49
9.58
10.46
10.45
10.01
9.21
9.56
8.65
8.48
8.47
8.61
9.57
11.55
13.02
14.93
15.10
13.74
12.46
12.65
12.56
10.32
9.45
9.64
8.97
8.59
8.74
9.07
9.52
10.88
11.12
9.27
9.65
9.37
9.91
10.35
12.12
11.55
11.74
11.45
11.59
11.71
12.29
12.26
15.44
15.27
12.06
9.21
10.12
9.87
9.49
9.68
10.28
9.75
10.62
13.59
15.40
16.45
16.36
17.15
19.28
19.05
18.64
17.92
21.59
23.20
24.01
21.42
18.31
13.74
13.32
12.91
11.11
22.76
20.93
19.08
22.27
26.49
30.32
29.97
29.22
30.26
29.39
29.28
29.58
29.29
30.88
32.63
33.25
34.33
32.76
28.90
21.78
17.50
13.31
12.95
13.10
15.51
14.14
14.99
17.96
18.89
19.63
23.41
24.09
26.94
28.36
31.10
33.17
34.34
33.63
37.13
41.23
41.70
36.78
31.44
20.49
14.94
12.59
14.43
13.76
14.74
15.48
14.18
13.67
15.06
14.98
16.60
19.08
21.75
25.21
26.75
29.41
29.69
30.44
31.69
33.00
32.91
31.29
25.21
21.54
17.00
19.16
27.64
27.75
21.89
17.63
13.26
15.32
14.61
15.88
16.78
18.38
21.80
27.00
28.36
30.92
32.58
33.35
32.64
34.19
34.67
36.52
34.49
29.37
24.41
18.72
19.58
14.94
14.90
13.09
16.77
15.23
16.34
17.62
21.14
25.66
24.11
25.18
26.81
28.14
32.28
36.34
39.17
38.65
38.06
38.90
35.22
31.21
23.44
18.52
15.82
16.99
16.72
19.68
24.12
27.10
28.00
32.31
35.78
38.10
39.52
42.97
43.45
46.04
46.48
45.13
43.82
43.15
42.73
42.53
38.32
31.33
25.76
20.85
21.21
18.56
16.03
14.17
14.78
14.40
15.92
17.94
26.88
24.70
20.10
19.57
19.55
21.61
20.92
21.85
23.36
24.57
25.09
24.38
21.02
19.42
19.70
22.41
18.36
15.42
13.62
12.16
14.75
13.12
15.05
13.65
15.93
13.54
14.27
15.36
16.77
17.90
19.23
18.68
24.17
30.34
37.11
37.78
40.90
39.89
35.20
29.82
25.77
23.60
23.23
24.98
29.68
30.81
33.11
33.90
37.50
37.51
38.91
41.55
42.06
41.54
41.41
43.42
44.43
48.67
49.62
45.90
41.19
33.79
27.56
22.77
17.67
17.24
17.58
21.61
24.85
26.86
31.75
33.77
35.65
37.79
38.41
41.03
41.96
44.13
44.80
45.85
48.52
47.97
49.40
45.94
37.68
32.17
25.07
19.88
17.21
14.44
13.52
14.67
17.68
17.60
20.05
22.92
28.61
32.17
35.15
35.17
37.22
39.23
41.09
41.17
41.65
43.85
43.70
42.25
34.79
28.91
25.40
20.98
18.08
16.41
17.10
14.35
15.93
15.97
17.93
20.16
25.66
30.45
32.15
33.50
33.35
33.66
37.47
39.08
38.73
39.31
39.81
40.13
33.88
27.89
22.53
18.54
19.10
32.66
24.52
30.39
32.39
28.63
27.70
27.23
27.17
26.70
27.46
27.94
30.18
30.85
32.80
33.03
33.32
33.69
34.08
34.24
33.06
21.24
18.78
15.24
14.90
14.69
14.71
15.57
16.22
15.55
13.63
15.65
15.82
14.26
14.87
15.81
16.15
16.08
16.73
16.69
17.79
20.20
21.17
20.55
35.81
12.67
12.05
13.11
14.22
13.47
25.23
26.79
16.21
14.22
15.57
16.27
16.79
16.41
17.89
19.18
22.54
24.28
27.29
29.58
29.48
29.49
30.39
30.01
25.49
21.87
17.84
16.40
16.22
15.77
27.20
25.69
24.30
26.94
29.09
44.89
41.01
41.10
39.26
41.37
41.86
43.73
44.89
34.38
39.40
36.90
36.04
31.54
18.89
17.33
17.08
16.16
14.14
14.85
14.95
13.22
12.77
14.53
14.85
15.10
15.20
16.25
16.58
17.54
21.28
21.74
23.71
23.66
22.76
23.63
22.98
22.03
21.16
20.89
20.72
15.56
0.00
0.00
11.70
15.43
15.08
16.35
16.00
18.09
20.01
20.56
20.89
20.53
21.57
23.03
23.87
22.68
24.33
23.48
25.57
23.40
24.82
23.58
21.21
20.94
19.42
16.37
14.65
15.59
17.27
19.44
21.17
27.54
31.29
32.37
31.40
33.68
34.42
35.88
38.42
39.21
39.78
41.15
43.13
44.64
41.03
32.16
23.54
19.01
14.47
15.40
16.80
14.42
17.90
19.07
21.69
26.04
27.52
29.88
32.53
32.93
32.84
33.90
35.85
36.10
38.72
40.03
39.72
43.01
40.56
32.86
26.71
22.05
15.73
15.62
13.50
13.70
17.48
6.34
0.00
3.13
0.00
0.00
0.00
0.00
0.00
0.00
0.00
0.00
0.00
12.55
10.88
10.11
0.00
0.00
0.00
0.00
0.00
0.00
0.00
0.00
0.00
0.00
0.00
0.00
0.00
0.00
0.00
0.00
0.00
0.00
0.00
0.00
0.00
0.00
0.00
0.00
0.00
0.00
0.00
0.00
0.00
6.82
13.02
13.88
17.11
17.60
19.07
19.86
23.33
26.73
27.15
31.49
33.63
33.52
35.56
37.46
38.88
44.36
46.54
42.87
32.96
22.93
17.15
15.79
15.55
16.03
16.72
16.62
15.97
17.19
17.44
17.21
17.94
21.34
24.93
26.68
28.89
30.84
31.53
31.26
30.50
32.05
33.90
31.95
26.46
22.98
18.45
15.62
16.20
15.86
15.19
15.78
18.76
23.59
26.51
27.23
32.97
35.44
36.30
38.46
40.49
43.65
46.02
48.21
48.99
53.17
52.99
56.64
49.14
41.35
32.50
28.31
21.06
20.98
20.16
24.31
26.94
30.46
33.27
38.12
41.80
42.15
42.29
44.93
45.51
47.50
48.02
49.97
51.45
52.88
51.85
53.04
47.15
47.10
40.50
34.50
30.14
27.80
26.68
28.87
31.44
30.19
28.88
33.27
35.39
36.42
37.13
40.01
41.15
42.27
41.73
42.48
45.07
46.36
46.54
47.62
41.94
36.42
26.40
19.57
16.12
16.50
18.29
15.70
18.49
22.32
25.64
28.41
31.27
34.20
33.26
34.32
38.08
38.35
41.85
43.85
45.23
51.39
54.90
52.84
45.88
35.29
27.39
20.90
16.31
15.35
15.79
16.64
18.29
23.69
26.16
28.96
32.11
35.39
39.02
40.89
42.97
46.04
46.88
49.71
52.14
52.58
53.88
54.30
50.02
42.89
31.45
22.14
14.75
14.86
13.81
15.81
21.73
18.90
24.00
28.13
32.31
35.71
36.91
39.35
42.49
43.61
43.83
46.21
49.13
54.36
53.70
51.67
45.83
33.14
22.21
16.43
14.22
12.90
12.58
12.99
17.73
16.22
17.49
19.92
25.36
27.12
31.15
32.92
33.94
33.10
32.47
31.88
32.41
36.37
37.36
37.33
31.22
23.75
18.46
17.70
15.32
16.02
16.21
15.39
18.02
15.11
15.49
16.64
18.32
23.65
27.89
16.97
0.00
29.88
33.14
33.36
36.00
35.97
35.08
37.07
37.22
32.26
25.87
20.63
19.91
19.11
19.48
18.58
18.81
18.37
19.34
20.19
23.03
25.01
25.93
27.42
27.04
27.58
26.45
26.23
26.26
27.66
28.13
30.45
33.46
32.72
29.65
27.82
25.46
24.28
25.94
25.80
28.34
32.37
31.37
31.80
33.10
31.44
32.34
34.92
34.72
35.83
35.63
35.97
36.15
36.59
37.13
40.22
41.29
41.28
42.78
41.58
34.12
27.75
25.18
26.99
32.49
33.59
36.09
37.21
38.32
39.77
39.68
43.58
45.35
46.47
48.18
48.44
49.02
53.14
57.69
55.59
50.14
38.64
30.87
25.03
20.76
17.92
19.34
21.70
24.74
31.35
34.76
34.76
37.06
37.41
40.74
45.70
44.21
43.92
41.80
40.86
40.59
40.52
40.12
45.06
45.72
45.61
44.74
43.89
42.91
43.29
42.99
40.83
42.26
46.18
47.18
46.83
47.55
42.88
41.68
41.86
40.84
42.57
42.26
43.19
45.77
51.16
51.60
50.47
47.44
42.28
35.10
32.49
29.19
27.21
30.43
34.77
37.13
40.80
41.75
43.47
46.76
48.12
48.91
53.20
56.31
56.75
59.93
60.34
60.85
63.18
63.49
60.50
55.62
49.85
43.07
37.45
36.86
33.94
35.09
36.14
37.85
41.72
42.95
45.26
46.56
48.00
49.12
49.18
51.21
53.89
54.25
54.82
54.14
55.63
56.25
61.67
62.45
57.27
49.80
46.02
42.45
40.71
40.04
38.71
40.31
42.82
44.04
44.57
46.02
43.80
42.37
42.63
44.94
44.64
42.58
42.57
41.78
42.54
43.04
48.44
47.09
42.77
36.03
35.38
32.94
33.24
28.07
26.99
28.76
34.75
36.63
39.14
40.93
39.84
42.07
