44.48
46.99
45.06
43.60
44.68
45.40
49.15
46.92
45.11
39.93
40.55
43.49
40.46
35.54
37.51
38.11
40.76
42.15
38.91
41.04
43.98
42.62
44.23
45.29
45.40
46.47
44.90
47.53
48.28
48.03
51.02
55.03
52.28
47.63
44.28
44.16
41.17
36.54
41.03
45.29
39.52
42.74
41.93
38.75
44.27
44.76
43.70
45.92
45.94
46.21
46.35
46.59
45.60
45.85
48.01
49.81
48.76
45.61
43.04
44.53
43.01
40.88
36.74
41.10
37.01
37.48
35.11
37.32
39.48
42.73
40.54
43.50
44.04
46.84
44.76
44.12
45.41
44.62
45.92
50.01
45.69
46.55
37.33
34.84
32.19
35.43
36.54
38.18
38.52
34.95
30.66
28.41
30.95
34.57
33.26
34.89
35.93
37.69
39.03
37.49
36.73
40.36
40.05
40.57
35.69
34.48
30.23
26.49
25.29
26.07
26.09
24.99
24.93
27.01
27.05
27.54
27.71
28.42
28.47
29.91
32.51
32.40
32.23
34.47
35.37
34.91
35.49
35.13
34.58
32.12
31.89
32.11
28.75
28.06
29.54
28.51
28.78
32.54
31.13
32.85
38.37
36.44
36.64
36.90
37.35
37.37
38.53
41.88
41.25
39.77
40.97
43.08
45.10
34.28
32.34
37.99
37.39
34.18
36.88
38.72
38.47
35.54
31.04
29.76
33.46
34.68
32.79
34.65
36.04
36.23
37.93
39.86
36.92
46.27
46.87
47.04
43.37
39.38
37.41
34.06
32.90
36.87
40.76
45.10
43.23
39.11
32.60
29.20
30.46
31.33
30.10
31.51
32.87
34.70
35.13
33.82
34.25
40.19
36.44
37.80
37.87
33.91
34.63
33.47
31.81
31.44
40.54
44.50
41.68
38.50
30.18
27.29
30.52
27.84
27.40
27.09
28.22
28.29
29.75
29.66
31.18
31.77
34.24
38.41
33.33
34.11
20.24
36.06
33.93
35.96
34.63
38.03
38.09
34.17
33.55
32.01
32.78
30.38
30.64
31.95
32.41
34.24
33.94
34.95
37.94
39.87
41.01
40.92
38.88
33.72
32.41
32.33
28.06
30.55
35.62
35.50
36.29
35.20
28.83
26.25
28.28
28.15
29.58
32.71
30.47
34.16
33.95
34.51
36.08
35.05
38.60
36.42
35.86
30.91
27.27
26.07
25.79
26.38
28.33
27.88
26.45
25.48
26.21
25.98
26.32
28.96
29.47
32.04
30.42
32.65
33.83
32.19
35.41
34.10
38.88
36.58
34.37
33.45
27.51
27.41
25.92
26.40
28.21
27.78
28.61
27.81
27.86
28.68
33.04
31.85
33.55
32.46
33.34
34.83
34.41
33.34
31.17
38.41
36.96
39.94
35.97
33.46
32.36
33.05
31.79
33.83
41.98
41.15
38.79
36.11
29.75
27.48
29.74
26.46
26.79
27.08
27.70
27.04
27.48
28.26
28.14
29.96
33.00
36.97
40.05
37.72
38.37
36.43
38.64
37.34
43.03
41.11
38.63
38.59
33.09
32.33
32.58
30.63
29.78
31.45
30.45
32.42
32.94
33.18
33.02
37.66
37.04
40.74
36.46
34.54
34.39
35.00
34.59
35.56
42.43
44.64
41.92
35.25
29.83
27.36
30.27
28.87
28.00
28.55
29.79
32.33
32.17
33.52
33.41
37.52
40.13
43.22
41.05
38.05
37.63
36.82
40.30
39.25
45.33
45.68
41.70
36.60
33.36
30.99
32.96
28.99
27.14
26.96
27.51
28.28
29.22
29.79
28.33
34.17
32.86
38.45
34.07
31.60
33.49
31.61
35.01
36.46
41.48
42.25
41.49
39.35
30.21
27.14
25.55
26.61
27.26
27.14
28.42
31.13
32.14
32.51
32.96
34.48
35.43
37.86
34.65
31.28
29.21
26.45
26.70
28.62
30.34
30.71
30.54
30.51
29.87
26.41
26.89
27.43
28.45
31.62
32.10
32.96
32.94
34.40
34.63
35.54
40.27
37.35
33.72
31.91
27.61
26.95
26.77
26.80
28.55
30.36
31.21
29.02
27.08
25.89
26.17
26.77
26.96
28.06
28.13
29.54
30.33
31.18
32.24
35.14
35.23
35.05
35.09
33.29
32.18
28.24
27.75
29.46
36.09
36.06
36.24
35.41
29.02
28.58
34.18
34.07
34.39
34.39
36.13
35.49
38.49
36.58
37.72
42.58
43.87
48.66
46.09
45.16
40.83
35.16
38.18
39.29
44.62
47.52
43.45
40.90
34.09
30.68
32.45
33.44
33.12
32.87
33.34
36.62
45.00
37.09
39.78
45.62
46.75
48.98
47.57
41.34
41.63
40.22
39.64
39.33
40.08
40.89
40.96
40.74
33.01
35.07
40.09
42.67
42.87
42.42
45.38
46.89
44.56
46.93
49.20
54.95
56.35
58.79
59.34
52.32
48.41
40.65
42.01
45.12
48.05
52.23
50.21
45.47
39.11
33.53
37.02
36.69
32.65
37.69
38.63
39.88
40.43
41.74
42.41
48.69
47.60
52.07
48.44
43.83
37.94
35.61
37.63
39.15
45.57
45.01
45.56
43.23
34.36
30.38
31.69
28.84
33.42
34.54
35.35
37.24
40.39
41.84
43.71
42.35
45.59
48.41
42.64
35.69
29.68
29.57
30.42
33.11
38.60
36.16
35.82
36.18
33.80
31.23
30.93
31.21
32.07
33.82
35.64
36.64
37.83
37.23
58.23
43.26
39.92
41.97
38.12
36.93
30.76
30.44
28.62
32.78
34.11
34.54
35.74
35.40
32.55
31.47
31.38
31.97
32.82
31.85
33.60
36.73
35.28
39.58
37.23
44.52
46.54
48.34
46.05
42.91
42.91
43.13
43.56
43.22
52.45
50.82
50.34
45.80
37.93
33.67
35.92
35.38
31.70
31.14
32.08
30.64
35.50
34.71
34.44
37.23
38.44
42.71
39.93
40.98
42.20
37.82
37.85
37.55
43.02
47.68
34.01
42.35
34.99
32.74
32.31
33.46
29.14
29.40
30.24
29.91
31.07
32.81
30.67
32.87
34.97
37.71
36.70
35.15
34.03
32.91
38.16
43.87
45.89
47.66
38.01
32.95
32.83
28.89
30.74
30.05
27.10
27.92
28.80
29.45
30.03
30.86
32.62
32.73
35.98
43.11
38.88
37.07
36.45
36.11
39.75
42.72
42.54
43.77
40.61
40.07
37.52
35.38
36.03
29.25
27.66
28.12
26.97
27.78
27.31
28.13
27.83
29.12
32.33
33.96
35.52
32.50
32.37
33.73
38.04
39.15
43.31
38.82
38.55
36.21
32.44
30.11
30.14
29.26
27.11
27.17
28.11
28.49
28.54
29.00
30.41
29.10
31.25
29.64
30.35
27.15
25.88
25.38
26.02
30.37
29.67
32.90
32.85
31.06
30.72
29.34
31.89
42.26
39.75
27.00
26.60
26.44
26.37
26.63
27.07
28.18
29.97
28.68
31.12
27.62
27.14
27.68
26.54
27.34
27.17
27.38
26.88
26.49
28.98
31.19
31.49
28.72
30.79
29.06
29.82
32.04
31.09
30.34
32.79
33.33
33.91
37.73
36.83
38.71
37.52
36.98
35.81
35.01
33.42
34.25
33.31
33.44
31.65
30.19
37.02
33.33
32.71
32.38
34.52
34.26
34.21
35.09
35.45
39.94
41.07
44.66
43.02
41.32
36.29
38.94
37.76
36.56
36.03
35.97
38.29
36.52
33.24
31.42
33.10
30.14
31.45
28.96
33.57
31.49
34.50
35.30
36.60
42.68
44.77
49.52
45.79
43.00
40.11
42.93
40.04
38.71
39.16
39.12
40.05
37.92
36.87
37.05
41.52
40.38
40.37
41.91
42.21
46.31
50.34
68.43
51.89
51.70
53.06
61.78
53.42
54.29
48.70
41.99
42.81
44.07
41.05
39.90
34.22
34.33
35.33
34.23
38.01
39.14
51.83
39.23
42.48
41.76
54.35
45.29
53.19
52.29
54.75
57.60
52.31
46.16
37.62
33.94
34.37
33.11
33.40
34.20
34.43
30.28
29.11
26.33
29.60
30.38
32.73
32.24
35.12
35.04
36.35
36.73
37.87
38.39
38.88
39.99
36.69
33.40
31.41
28.62
29.45
26.40
26.71
27.73
26.68
29.63
31.18
30.24
31.72
33.94
33.90
37.59
38.57
40.45
40.88
43.47
45.98
45.21
44.92
43.63
41.15
36.20
36.94
26.90
28.51
25.83
27.41
28.94
28.55
29.29
27.11
28.23
32.80
32.13
34.06
36.50
33.95
34.04
35.06
36.25
35.68
42.82
46.07
52.71
46.21
44.07
42.25
39.39
38.65
38.48
40.55
41.21
38.99
36.68
37.13
38.23
42.96
40.55
40.63
43.99
44.02
47.25
47.19
46.33
48.32
52.49
54.14
63.79
54.50
46.79
44.15
40.41
40.91
42.74
44.52
43.45
40.83
39.02
36.96
33.79
35.63
36.45
34.99
35.67
38.02
35.91
40.22
37.74
40.35
42.31
43.23
47.04
43.67
46.00
37.89
36.45
38.60
34.29
35.69
33.10
31.52
30.38
31.27
28.61
28.61
31.11
29.15
29.00
29.14
31.10
30.57
30.53
29.17
29.59
33.04
39.25
38.42
36.42
36.36
35.26
40.90
38.11
34.51
35.25
30.78
30.06
31.42
29.19
29.83
29.95
28.48
27.66
30.49
27.41
28.26
29.62
14.43
16.60
32.59
39.18
32.47
33.91
32.64
33.51
33.62
30.52
31.53
31.57
28.08
26.82
25.51
26.09
25.58
28.77
26.67
31.61
30.54
30.04
32.97
33.10
33.41
35.64
36.36
36.33
34.42
29.18
27.94
29.93
25.27
27.79
26.22
28.11
28.14
28.21
28.21
29.81
30.36
33.87
35.74
37.07
39.50
36.88
43.92
42.88
43.51
45.88
45.79
44.93
41.90
38.88
29.70
29.89
27.42
27.63
27.39
26.84
30.37
28.77
29.47
33.46
35.05
32.76
36.43
37.67
36.91
35.17
39.50
37.29
40.15
41.63
45.83
50.99
46.06
43.20
42.33
40.76
39.84
35.60
34.54
32.75
34.74
34.81
36.91
37.25
42.33
40.30
41.62
42.00
43.84
45.39
47.77
47.33
53.10
59.06
53.50
61.37
53.24
54.47
48.95
43.39
41.19
38.36
39.58
40.99
41.35
37.90
38.93
40.77
44.18
44.65
41.70
46.38
46.59
48.08
49.63
51.72
51.12
51.83
57.20
62.48
53.91
51.27
28.26
41.61
41.58
39.87
36.52
35.16
31.36
35.28
31.12
32.47
35.94
33.50
34.25
35.92
36.18
34.79
34.78
39.98
34.64
34.26
38.42
49.34
48.25
46.88
44.37
43.62
44.19
43.80
43.41
46.06
42.36
44.18
43.52
45.05
46.85
49.39
52.73
49.20
49.31
49.70
46.19
49.15
51.04
51.75
56.69
56.90
51.28
55.31
53.11
50.28
45.74
56.90
42.98
39.19
41.59
39.84
40.91
40.75
44.09
44.41
48.78
48.35
48.23
48.93
53.82
50.67
55.28
50.87
62.06
54.54
54.79
44.78
43.40
39.44
33.93
31.49
28.32
31.11
30.12
36.82
33.37
35.69
36.00
38.85
43.73
42.50
46.05
45.09
49.09
50.17
50.22
50.24
49.69
49.94
46.76
44.83
38.12
33.30
29.50
27.46
29.34
27.80
57.70
34.58
27.66
75.82
99.32
99.06
99.90
102.62
104.16
50.42
41.61
43.80
43.12
45.14
49.95
52.58
48.57
50.29
43.19
39.38
32.47
30.84
32.15
32.29
32.70
30.56
30.89
25.89
30.14
31.71
27.92
28.84
31.90
33.95
35.90
36.10
36.43
46.90
51.66
46.79
40.69
39.26
34.89
32.60
30.23
32.71
34.18
36.27
33.61
27.68
24.68
21.46
23.89
21.53
19.95
22.78
21.61
22.22
24.19
21.92
22.89
30.74
28.46
34.17
29.60
29.26
31.39
31.17
34.21
38.72
37.68
40.88
36.68
35.42
29.08
26.55
25.72
23.41
21.59
22.52
21.37
23.15
28.94
24.21
28.98
32.91
32.48
31.58
36.38
31.72
35.10
32.75
35.49
41.23
40.42
41.41
38.78
38.31
35.75
32.05
30.12
24.25
29.48
87.82
40.85
71.11
56.97
22.97
25.26
24.36
30.56
29.93
29.00
29.11
26.52
27.74
31.57
34.38
35.23
34.10
31.67
31.77
29.17
33.61
69.20
74.88
59.81
26.41
78.52
25.91
23.29
22.25
23.62
24.87
23.67
20.71
22.55
21.04
23.62
21.15
20.52
22.00
28.04
28.10
28.62
28.14
25.89
24.09
23.06
21.88
20.91
20.32
23.19
21.25
22.04
23.50
21.84
26.69
28.69
21.61
25.89
22.30
21.89
22.95
25.26
27.53
29.36
29.93
28.48
27.34
25.55
24.21
22.07
21.74
20.46
21.38
21.82
21.85
24.95
23.80
23.77
25.54
29.70
27.14
27.29
27.05
25.69
30.07
31.42
38.96
39.00
41.12
34.93
34.05
29.83
26.97
28.14
24.24
21.89
21.81
22.12
23.41
27.18
25.60
27.63
31.47
32.47
27.97
30.11
28.30
29.38
30.30
28.73
37.25
37.01
36.89
34.92
33.57
29.66
26.55
26.37
24.81
23.42
22.43
22.87
22.33
23.57
21.95
22.60
22.56
23.53
23.78
23.11
25.06
25.96
28.55
32.60
36.78
38.17
38.79
37.57
34.48
30.91
29.46
29.32
26.97
23.37
26.93
46.43
39.11
30.78
32.98
20.92
20.98
24.68
24.31
25.24
24.27
22.65
26.55
28.07
35.35
35.07
32.85
30.89
29.45
26.63
24.73
26.14
22.49
21.23
20.91
20.73
20.52
21.51
21.85
21.45
22.76
22.49
23.91
22.44
22.58
24.71
24.15
23.30
28.02
28.29
29.63
29.29
28.59
25.41
21.97
21.71
22.83
22.42
24.18
24.68
24.37
25.55
28.71
26.67
31.00
34.99
33.51
30.23
25.31
22.02
22.50
25.29
32.72
75.63
89.15
90.96
90.02
89.77
87.08
21.70
21.80
22.60
22.18
23.47
24.57
30.37
30.49
27.17
29.94
33.29
32.22
29.42
24.94
23.63
22.14
44.34
91.11
92.88
92.44
91.46
91.50
89.39
88.41
89.39
87.61
89.48
89.74
84.81
21.59
38.02
52.30
55.52
26.23
27.74
32.57
27.37
30.08
30.35
32.22
33.29
29.89
30.29
27.35
23.23
26.48
25.34
25.37
27.52
25.41
24.59
31.01
24.61
23.18
26.75
27.21
27.42
87.82
82.00
35.03
32.25
33.89
32.42
33.08
32.88
31.19
29.19
30.64
30.40
30.70
28.57
26.43
29.05
28.54
24.34
25.45
28.09
24.04
28.36
29.80
27.21
30.79
36.92
36.09
31.83
31.91
30.41
29.93
32.82
32.41
34.67
34.21
35.11
31.35
28.31
25.18
25.21
26.38
27.70
25.51
25.16
28.92
27.77
32.44
32.36
46.74
40.04
41.73
39.20
36.74
31.16
30.37
34.60
32.41
31.50
31.95
31.68
28.96
33.83
24.84
25.59
24.12
21.06
34.74
33.16
24.88
25.73
28.84
27.83
30.29
34.97
36.36
29.31
28.87
27.64
27.65
31.96
29.60
29.86
29.57
32.69
27.88
26.28
24.07
22.44
22.34
20.88
20.61
20.72
20.78
20.54
20.72
20.45
20.57
21.41
19.91
19.24
19.54
23.50
51.95
25.97
27.87
30.52
30.97
30.32
30.75
29.16
27.99
26.60
23.15
22.56
20.59
23.62
20.48
24.50
20.22
19.90
20.58
20.77
19.44
19.59
20.71
21.05
24.97
30.14
29.70
29.50
31.04
29.89
31.50
29.76
26.99
25.71
24.13
22.51
21.47
20.32
20.68
21.84
24.11
21.10
21.39
30.07
26.02
26.33
32.87
38.51
40.53
37.31
38.59
40.76
39.37
37.66
37.91
34.52
31.80
30.26
28.04
24.09
22.56
22.80
21.07
21.15
21.24
21.14
21.39
23.71
27.48
28.61
34.06
38.72
42.08
48.86
50.08
48.51
52.08
46.26
45.78
39.71
34.24
33.49
31.74
28.11
24.90
24.10
24.02
23.09
22.84
22.18
22.31
24.33
27.57
27.03
31.04
33.30
41.39
49.35
49.99
51.09
47.94
49.02
40.02
33.71
31.22
30.80
26.34
25.51
22.92
22.53
22.84
22.84
23.61
22.42
23.15
25.30
28.13
29.56
32.08
35.88
35.64
43.40
42.67
38.99
37.85
32.72
28.88
25.40
26.39
31.94
25.49
22.68
20.67
20.91
21.17
20.87
22.05
20.84
23.48
27.49
27.89
26.22
26.45
29.63
30.18
31.71
32.36
31.61
31.60
31.77
31.36
27.99
26.03
24.09
22.38
22.35
20.99
21.09
21.44
21.19
22.12
23.21
22.47
22.08
20.72
20.18
20.44
26.12
38.60
26.96
27.64
29.48
30.02
30.11
31.15
28.57
26.73
24.65
24.11
22.75
22.13
22.31
22.33
21.92
21.38
21.31
32.68
34.78
20.92
19.96
20.95
23.04
25.92
28.00
30.12
31.22
31.72
32.58
33.05
30.40
28.82
25.21
24.75
23.08
23.52
34.25
37.17
23.59
20.97
20.60
20.84
23.61
25.02
26.13
28.73
33.42
35.43
39.66
42.86
45.14
46.73
46.61
43.40
39.65
34.71
34.45
28.83
25.88
23.80
22.52
23.27
22.42
22.60
22.42
22.10
23.99
30.07
30.83
34.10
36.15
42.49
52.08
49.71
54.95
54.36
52.10
45.35
43.37
38.74
35.94
33.43
28.83
26.88
24.90
22.99
23.14
23.91
22.42
22.95
24.39
25.37
26.43
27.62
35.32
39.66
43.96
47.85
47.00
46.18
42.75
34.36
34.70
31.06
31.05
27.48
24.32
23.29
22.99
21.99
21.88
22.86
22.19
22.07
28.52
30.71
32.02
36.24
40.85
46.66
57.71
56.28
58.23
56.73
51.58
47.59
40.52
36.88
37.45
31.35
42.09
18.42
11.95
22.84
22.78
23.37
41.92
33.26
22.10
24.46
26.65
46.04
33.32
30.07
34.43
36.31
38.77
36.39
35.65
37.41
31.67
29.29
28.16
26.72
55.09
91.05
91.56
91.93
91.58
91.29
91.27
90.44
90.64
89.38
89.37
37.96
24.40
27.09
28.92
33.03
33.38
34.44
35.20
35.70
32.93
31.67
28.26
25.88
24.76
22.86
23.02
22.27
22.08
22.40
22.37
21.49
21.88
20.22
21.41
22.12
24.05
26.44
27.86
31.84
32.13
33.80
33.99
34.26
31.79
30.47
27.21
25.35
24.56
22.55
22.84
22.01
23.44
22.36
21.88
21.76
22.15
23.93
24.97
29.76
34.19
37.88
41.85
45.10
43.42
45.80
43.13
42.70
39.76
35.55
34.29
31.85
25.86
23.89
23.21
22.18
22.33
21.73
21.85
22.34
24.00
31.49
34.84
38.46
42.07
48.95
49.32
53.53
56.84
61.04
57.59
49.33
42.67
38.53
36.08
32.87
28.31
25.72
24.18
23.86
23.06
22.47
22.20
22.38
23.27
23.17
25.05
28.10
32.30
36.47
39.07
38.70
38.70
40.27
41.92
37.34
34.04
31.06
28.71
28.66
25.18
24.00
23.73
23.06
22.60
22.97
22.56
22.34
25.16
30.85
32.52
35.34
40.63
45.30
48.62
48.15
52.86
53.58
53.23
50.35
40.68
35.46
35.63
29.51
25.48
21.82
21.96
21.64
21.49
21.17
21.03
21.48
21.91
22.90
23.36
27.14
29.73
32.27
37.10
40.24
42.65
41.60
42.38
39.74
36.54
30.71
30.13
26.83
25.54
23.88
22.43
23.07
22.35
21.93
22.18
22.36
22.12
22.04
23.08
24.95
29.70
32.99
35.13
37.21
37.31
37.72
38.49
39.56
34.76
32.00
31.00
29.20
26.32
24.92
23.33
23.16
23.00
22.28
22.26
23.11
24.07
41.05
22.86
26.03
30.36
33.97
35.89
52.52
41.47
40.33
43.83
42.04
40.12
37.88
33.24
31.61
30.31
26.52
26.32
24.69
24.99
24.16
22.39
21.90
22.96
27.81
30.51
37.59
43.75
51.59
55.02
55.19
58.89
58.98
62.38
57.83
48.35
44.63
43.15
39.92
36.13
31.46
28.82
27.43
26.06
24.82
23.55
23.28
29.29
36.06
41.10
47.86
54.08
60.69
69.26
66.63
70.00
78.65
71.74
64.49
53.10
47.72
46.13
42.28
36.48
29.68
26.99
24.87
23.87
23.56
22.88
21.81
23.48
23.12
25.45
29.58
33.69
37.29
40.82
43.39
37.76
38.92
40.47
38.56
32.15
27.98
27.76
26.72
24.54
24.91
25.75
22.31
22.50
24.47
90.88
87.94
56.62
29.98
33.55
38.24
38.82
43.55
24.09
47.35
49.45
48.80
46.66
40.30
36.48
31.74
31.27
27.35
23.75
23.13
23.25
22.72
23.15
23.19
23.02
22.30
23.73
24.43
25.37
26.40
28.76
35.37
35.98
37.88
40.07
35.11
37.18
35.61
31.36
27.27
26.26
24.01
24.20
22.56
22.72
22.42
22.16
21.48
21.91
22.53
21.93
21.63
21.87
23.34
27.21
26.56
30.07
30.98
32.76
35.15
36.61
38.94
33.00
31.38
29.53
25.44
24.52
24.12
23.19
22.87
22.96
21.97
22.70
22.03
21.64
21.59
21.79
24.94
27.86
30.05
34.89
37.40
37.59
39.54
40.97
39.97
37.82
32.27
30.87
29.85
26.39
24.94
25.15
24.50
25.85
23.09
23.24
23.82
23.59
24.95
29.72
33.11
34.22
43.32
46.81
49.61
50.46
53.93
50.44
48.60
44.11
36.74
35.84
34.72
31.62
28.72
26.08
25.69
24.94
23.36
24.21
24.59
27.41
33.49
40.76
44.21
49.10
53.14
56.25
53.25
52.48
48.75
44.54
35.72
31.13
28.42
39.13
28.42
24.93
37.55
23.97
23.08
23.20
37.09
24.77
25.13
27.34
46.35
42.69
34.67
41.50
43.87
44.19
45.11
50.91
47.75
44.46
43.16
37.18
32.06
32.33
29.68
26.81
25.35
24.70
24.66
24.11
24.34
22.94
50.67
61.02
31.28
36.89
43.29
48.33
52.34
58.87
61.06
63.53
66.38
62.90
57.33
52.87
45.06
38.51
32.23
30.76
27.81
26.38
25.89
27.52
23.86
23.12
24.03
24.94
28.04
33.72
42.17
44.70
51.38
58.94
59.98
63.34
64.18
61.79
61.82
55.22
44.71
43.15
41.55
36.19
64.31
47.58
28.30
26.00
24.47
25.51
25.19
27.71
26.47
32.46
36.45
43.60
45.41
46.88
51.97
50.70
49.78
53.68
53.41
46.98
41.84
41.22
37.25
34.39
32.32
30.74
30.66
27.91
25.43
24.97
25.04
24.10
25.20
27.62
32.50
38.47
38.05
41.80
41.38
42.81
45.56
45.69
47.50
41.75
36.80
32.96
31.48
30.73
28.82
25.17
25.58
24.95
27.23
23.24
24.10
25.86
28.78
35.11
41.27
46.22
49.93
51.89
53.94
55.21
55.80
54.62
54.28
48.44
38.40
39.77
45.95
32.52
30.10
26.98
27.77
25.77
25.31
25.15
25.15
26.94
32.72
35.02
41.56
45.46
53.80
61.67
54.51
55.97
59.23
56.86
47.84
46.07
41.57
36.38
33.89
33.44
30.03
27.03
25.68
26.06
25.51
24.83
25.07
26.08
28.98
35.29
43.87
44.10
51.02
54.12
55.68
58.12
62.21
65.16
58.84
52.24
46.51
45.07
41.71
42.43
35.44
32.83
28.45
28.42
28.10
28.13
27.18
31.53
37.66
42.25
50.75
57.57
68.93
68.96
75.61
78.29
77.67
78.09
75.06
66.38
53.44
52.66
47.39
43.94
39.53
36.89
34.43
29.25
29.27
28.46
28.69
28.48
31.93
39.55
43.78
49.44
57.38
59.35
62.95
67.69
71.14
72.40
69.35
59.56
50.36
50.16
48.34
41.89
39.19
37.67
33.04
31.47
28.97
29.34
26.78
26.82
28.84
35.32
38.57
44.41
49.81
50.78
54.87
57.13
59.36
60.74
59.54
52.97
46.74
45.06
41.02
39.18
37.31
34.39
32.15
28.78
28.02
80.70
27.37
24.11
26.39
30.93
35.52
39.88
42.78
47.07
48.93
52.95
53.18
58.22
54.46
48.45
47.04
42.73
40.82
41.09
39.73
38.70
38.28
37.08
36.22
30.32
35.61
34.29
33.99
39.71
42.21
41.57
43.64
41.56
39.78
46.34
44.00
46.36
43.86
37.47
35.78
32.29
30.37
27.79
24.66
24.64
23.89
23.81
24.00
23.62
32.21
51.45
48.78
32.10
34.48
36.51
40.53
46.51
48.92
46.64
49.16
48.70
52.99
40.38
39.24
36.18
32.87
32.81
29.70
27.20
24.66
27.64
26.71
24.00
38.62
24.88
27.18
33.11
37.42
38.30
43.37
46.07
45.52
48.54
49.96
49.36
50.00
42.15
37.70
37.22
36.56
32.01
29.45
27.38
25.57
24.65
23.94
24.22
24.79
24.54
26.93
32.22
35.61
41.77
48.41
48.46
49.88
52.10
53.23
51.77
46.71
41.61
39.85
38.56
37.17
32.24
29.44
25.69
24.58
24.65
23.47
23.63
24.25
23.81
26.27
32.40
35.75
40.19
46.32
49.55
53.07
60.25
59.37
58.37
57.83
51.79
45.15
42.77
39.45
35.14
33.11
30.72
29.98
27.61
26.07
25.37
25.10
24.82
27.94
46.36
33.97
40.35
42.49
46.96
53.57
53.60
53.20
58.15
57.60
49.88
47.45
44.07
37.07
38.66
34.54
32.24
30.20
29.01
28.03
26.18
25.05
24.36
27.58
31.92
35.23
41.49
41.31
46.45
53.85
52.15
51.67
56.00
51.26
46.15
45.57
41.70
40.24
36.56
35.44
31.20
31.38
30.32
29.09
25.60
26.63
25.35
25.59
29.29
34.25
36.39
38.90
42.26
46.35
48.74
51.35
52.12
46.23
43.27
39.38
38.00
36.24
32.00
29.47
28.26
25.53
70.00
30.32
31.28
68.93
25.76
45.28
32.91
27.90
31.21
35.64
42.82
46.06
43.28
46.06
45.54
42.28
38.66
33.30
34.32
31.23
27.73
26.50
24.92
42.76
24.03
24.26
23.35
24.42
24.31
26.52
28.55
31.31
32.02
36.83
40.62
47.82
50.65
52.96
52.33
44.61
37.39
33.91
35.16
34.55
28.82
25.78
45.05
25.53
27.18
23.53
24.65
25.22
24.60
28.57
33.10
32.48
39.49
44.01
45.26
48.46
52.65
49.84
49.39
45.43
40.94
40.66
34.56
31.88
31.05
27.74
26.40
25.94
26.72
24.02
23.91
24.85
24.62
27.29
32.81
19.34
38.77
42.99
40.51
45.32
48.06
46.92
44.85
46.61
39.14
36.37
32.54
31.73
28.21
28.20
25.29
25.88
27.39
24.01
24.04
23.95
23.41
24.42
27.30
29.13
32.58
34.46
36.20
42.72
40.51
45.48
45.21
44.85
39.96
39.22
36.18
31.67
31.00
31.59
27.40
25.45
25.13
24.57
23.95
23.86
23.17
23.80
26.43
30.30
33.26
34.45
37.33
40.59
40.92
36.48
37.98
37.38
35.79
34.47
32.93
28.07
28.62
28.75
25.20
24.79
24.37
24.00
24.20
24.97
30.67
30.16
33.71
38.59
40.28
44.54
51.49
58.67
55.47
56.92
59.32
56.24
47.14
42.91
46.18
42.66
37.08
33.17
31.53
30.17
30.41
28.39
28.72
29.32
29.43
32.80
38.99
45.69
45.38
58.25
59.99
62.13
67.59
69.11
69.45
64.72
55.02
51.82
46.40
50.81
42.38
38.03
38.51
33.59
31.77
30.90
29.88
31.83
30.74
35.28
43.48
45.97
50.33
61.78
63.61
67.24
69.70
71.59
67.95
68.25
58.51
52.99
48.52
49.35
40.94
38.00
37.80
32.30
31.38
30.20
29.21
31.93
31.19
36.05
38.81
40.23
40.83
33.61
55.79
59.45
58.03
59.77
55.41
56.29
46.83
42.64
43.27
37.99
35.23
31.55
27.71
26.98
24.57
23.59
24.18
24.63
24.98
26.06
29.89
32.47
34.23
39.18
40.59
40.53
43.50
44.60
46.08
41.95
38.25
33.32
33.26
30.75
27.59
26.79
25.72
25.30
24.41
24.99
24.65
24.27
24.10
24.17
26.79
30.63
33.99
34.87
36.79
40.35
45.47
46.02
45.70
47.33
42.03
38.04
36.92
32.53
31.27
31.68
29.99
26.97
26.79
26.39
25.76
26.15
25.31
24.30
27.49
28.80
31.41
33.54
32.19
37.98
37.65
37.06
37.91
36.00
33.18
32.21
30.62
29.11
26.46
26.38
26.59
25.29
26.61
25.50
24.42
24.96
25.33
29.13
31.20
30.08
33.18
35.74
38.90
41.50
42.20
45.47
42.84
38.74
34.05
31.47
29.51
30.15
28.70
25.41
24.41
24.32
24.57
24.43
24.57
24.37
24.14
26.64
30.64
34.38
37.17
39.81
40.40
45.93
45.64
45.96
45.11
43.87
38.46
32.74
32.16
30.68
30.94
27.11
26.48
25.67
26.09
25.43
25.24
25.20
25.05
26.76
28.32
33.10
31.73
35.39
44.37
46.24
47.29
43.85
44.77
39.10
33.92
31.52
29.60
28.41
28.64
24.60
24.73
24.59
24.45
24.87
30.66
24.91
24.07
26.38
29.51
35.53
35.45
37.96
37.71
42.46
48.90
48.37
45.26
42.84
36.17
31.19
30.46
30.14
27.45
24.75
24.95
24.11
24.20
24.13
24.03
24.22
24.62
27.69
29.44
31.87
34.87
39.99
32.08
43.86
49.86
49.33
50.18
52.04
41.81
38.36
36.28
32.08
31.74
31.03
25.52
25.16
25.25
24.66
24.80
23.81
23.89
24.89
27.77
30.85
34.99
36.95
43.33
46.72
50.66
52.63
52.02
52.19
48.16
40.70
39.04
38.18
33.47
31.11
28.90
27.82
25.92
25.33
24.88
24.36
23.78
27.28
28.73
30.05
38.33
36.64
37.97
39.60
41.36
42.20
45.54
43.15
40.34
37.18
36.08
33.46
30.75
30.11
29.93
28.38
26.81
25.05
25.63
34.74
26.88
28.08
29.27
31.54
31.79
35.12
35.77
38.17
39.64
42.72
42.51
42.10
36.85
32.70
30.07
29.91
30.78
26.25
25.63
25.62
25.43
24.34
25.05
25.73
26.29
28.88
22.78
37.47
40.30
47.28
52.86
51.86
54.77
53.13
53.52
50.08
42.99
38.29
35.50
34.74
32.69
29.01
27.44
26.10
26.44
24.43
24.20
25.62
25.87
31.82
37.16
42.25
44.95
53.13
54.17
53.94
60.10
61.22
60.10
58.08
47.09
44.83
44.43
44.02
39.61
34.33
31.16
29.84
29.00
28.07
27.32
27.88
31.01
36.16
44.09
46.94
54.02
61.09
66.05
71.13
73.46
72.73
69.68
66.77
56.86
50.09
47.30
45.51
41.08
37.21
34.41
33.05
33.23
29.16
28.63
31.57
32.73
43.36
47.08
53.10
55.69
66.78
69.00
75.80
76.03
75.64
79.47
70.84
58.17
51.32
46.68
45.27
42.70
37.23
35.29
32.01
30.44
41.98
28.26
28.06
29.91
33.07
34.73
37.74
45.33
49.20
55.20
54.23
59.37
62.40
63.45
61.25
57.01
48.29
47.07
43.57
39.03
37.22
36.42
35.06
32.84
30.11
29.38
29.90
30.28
33.20
35.12
40.58
48.68
51.38
52.21
53.26
58.76
55.92
57.88
58.37
52.03
45.93
45.12
41.22
38.09
37.60
35.93
33.69
33.20
34.50
30.56
33.94
38.26
49.46
52.18
56.40
62.44
68.47
74.16
79.11
83.16
77.08
78.82
67.68
59.82
49.63
46.07
44.11
39.17
38.87
35.34
33.64
31.43
32.88
29.03
32.32
34.44
42.28
46.45
53.30
60.88
63.14
64.14
74.62
76.95
76.65
74.83
66.04
56.20
53.78
46.30
49.15
47.11
39.60
36.35
37.49
34.85
31.45
31.38
33.74
35.49
39.86
44.24
49.32
60.23
65.56
69.78
80.20
80.42
83.04
77.12
73.34
64.77
55.56
56.71
52.60
50.27
43.63
39.95
38.10
39.12
35.73
33.37
35.94
37.01
44.14
53.56
57.05
63.18
70.61
78.58
88.46
95.22
90.07
84.43
78.82
70.14
62.57
61.02
56.08
49.64
43.85
43.31
39.55
36.95
36.91
36.43
36.06
39.62
47.28
52.16
56.31
62.15
70.34
71.95
76.91
78.18
78.32
81.65
76.49
66.10
57.62
53.64
51.24
44.76
42.51
40.84
36.72
34.07
32.11
31.31
30.30
33.37
37.60
38.66
45.11
51.68
56.73
55.88
64.73
66.78
65.47
68.56
68.01
62.16
55.16
49.18
52.13
43.13
42.80
42.08
38.26
36.06
34.03
34.19
31.31
34.88
38.24
39.15
47.31
53.68
59.55
59.17
62.00
72.97
71.13
73.09
71.97
69.94
62.51
58.14
57.48
50.79
46.92
46.05
42.84
39.02
41.85
39.20
42.17
46.87
59.43
62.70
68.53
80.30
84.32
92.23
97.53
100.51
101.77
104.91
93.47
84.81
73.22
72.44
67.87
60.00
56.54
52.52
48.25
46.51
44.02
45.00
48.67
46.21
58.56
67.19
70.23
77.91
84.01
82.38
89.31
94.76
92.89
92.50
84.51
73.77
63.67
65.66
66.76
60.11
51.67
49.84
47.95
43.00
39.29
37.88
41.75
43.51
51.93
55.56
64.94
72.45
83.88
88.09
91.87
95.21
96.11
94.17
90.86
80.95
69.85
64.90
65.57
61.37
52.39
51.67
49.80
45.53
42.00
38.21
42.84
46.45
50.81
61.27
66.20
77.16
79.48
83.96
84.54
89.03
94.68
86.71
76.63
71.78
64.21
59.21
59.60
53.26
49.34
43.65
37.36
38.84
36.31
32.48
34.56
37.11
49.47
56.67
61.60
69.60
75.38
79.78
79.67
83.79
85.66
86.62
75.74
70.54
61.47
59.04
52.30
49.19
44.39
42.10
37.84
39.39
35.30
31.16
30.63
37.56
36.36
42.36
47.99
58.18
61.43
61.96
71.08
73.01
72.82
77.10
78.36
70.63
62.47
58.36
54.06
46.73
47.50
45.33
42.65
38.84
37.31
38.86
36.20
36.65
38.17
43.12
51.51
59.21
58.39
64.63
70.41
72.48
73.27
75.00
75.84
69.26
62.56
58.21
53.79
48.84
47.10
45.21
44.54
38.50
41.40
41.08
43.46
43.65
55.09
60.29
64.77
71.51
78.19
76.83
83.73
85.87
86.51
87.33
83.14
71.00
61.01
60.59
59.03
51.39
47.08
43.69
41.00
37.37
38.30
34.54
37.94
41.88
50.96
58.40
64.56
75.64
77.01
81.79
87.50
89.84
89.90
87.40
80.86
72.90
64.98
57.72
60.34
49.48
46.13
41.96
40.67
37.29
35.75
34.00
36.62
36.36
48.35
59.74
66.76
72.92
82.95
84.25
87.40
89.47
85.69
88.01
83.03
73.44
66.87
59.75
58.49
50.42
48.32
42.51
42.71
39.15
35.71
34.58
38.41
42.91
48.16
56.77
62.33
67.85
78.74
82.12
81.79
84.37
84.56
87.81
84.12
79.52
70.46
64.62
62.62
50.90
48.70
45.04
43.82
39.59
35.01
33.46
37.31
41.90
49.51
49.18
61.43
65.38
71.62
73.58
76.64
79.81
83.22
83.56
78.36
68.42
63.85
56.39
55.55
49.67
44.71
41.99
39.00
39.79
35.97
34.22
33.74
38.26
41.02
72.38
51.93
57.62
58.88
62.85
63.49
69.02
70.44
67.27
70.85
62.33
57.09
51.89
50.04
44.30
44.00
40.44
41.08
37.62
36.89
32.59
31.50
35.76
35.75
39.89
43.42
54.34
53.68
60.07
61.24
64.32
67.12
66.33
69.29
61.73
58.89
51.14
47.50
43.45
41.47
38.39
35.48
32.56
33.61
31.28
34.30
36.84
46.72
49.96
57.48
63.06
75.62
82.56
92.29
98.68
96.72
95.41
87.69
70.04
63.78
61.23
52.92
51.37
47.51
41.73
40.42
39.50
34.61
31.46
35.72
39.16
50.87
61.82
62.92
73.15
78.15
86.58
89.48
102.21
93.39
92.60
82.92
74.17
62.21
58.08
57.37
51.48
48.47
46.00
105.19
102.70
97.88
64.82
34.98
40.64
50.62
59.14
63.06
71.98
81.66
82.80
85.29
88.17
94.87
88.64
78.91
70.41
60.97
59.63
53.76
48.75
43.48
41.10
39.60
37.52
33.06
32.95
36.50
38.31
49.47
54.77
58.92
68.40
74.02
78.40
86.80
92.51
92.47
89.04
79.81
71.84
61.87
60.28
54.85
43.69
46.39
44.88
41.94
41.73
42.59
36.00
39.13
40.74
51.92
44.94
70.14
79.30
86.22
98.61
103.33
112.03
108.39
108.82
100.07
85.61
73.96
66.37
63.00
59.14
54.51
48.88
49.73
47.40
45.34
46.27
44.83
47.66
47.69
54.30
62.75
71.38
76.52
88.55
88.44
94.34
92.55
92.07
95.18
83.51
76.81
74.31
69.10
60.83
60.41
58.60
55.32
51.42
51.50
48.58
47.76
48.24
52.33
62.00
63.32
69.16
78.33
80.52
82.04
91.55
90.14
95.43
88.73
83.29
76.62
75.28
65.35
62.31
58.80
57.76
55.41
51.96
52.43
45.26
50.97
56.36
78.19
73.91
80.08
92.96
93.82
100.90
102.53
116.08
99.06
99.13
94.00
79.12
71.15
66.32
64.58
56.37
51.62
49.69
47.83
43.68
44.87
41.34
43.78
47.17
49.53
62.52
67.24
72.19
76.18
82.09
87.82
86.49
91.03
89.23
87.54
76.65
68.26
63.03
60.96
57.26
51.66
48.96
48.58
42.82
42.08
41.09
41.43
43.45
51.29
63.35
64.38
70.96
77.88
83.74
89.76
86.00
89.94
89.70
83.76
76.72
65.30
61.62
61.37
53.35
47.35
46.22
43.54
39.26
39.84
36.13
37.25
41.22
44.62
47.19
55.99
61.92
65.82
69.47
74.53
78.78
82.42
84.71
80.87
71.01
65.25
61.38
56.42
52.01
49.28
41.41
44.94
38.76
37.42
36.52
37.72
38.34
51.13
58.12
58.24
67.32
74.85
77.50
80.58
87.99
87.55
83.60
80.26
75.92
65.90
60.99
55.36
52.49
49.56
43.40
46.35
42.22
39.95
43.04
36.14
37.57
43.74
44.41
53.95
60.89
62.75
67.64
69.90
71.13
77.93
80.18
80.37
73.04
66.27
59.99
57.45
52.44
51.11
49.59
47.30
41.77
44.45
42.26
39.86
39.18
41.36
50.32
55.51
60.81
69.39
68.00
72.18
76.71
77.07
79.43
76.68
65.70
61.23
57.89
55.67
47.58
46.57
45.64
39.87
38.78
34.10
32.32
34.40
37.66
51.32
49.54
60.00
70.12
75.09
80.56
81.13
84.97
80.95
82.98
77.67
72.48
81.61
56.35
51.99
49.77
43.85
40.64
50.89
38.00
32.42
37.83
32.63
36.28
46.73
52.90
56.30
66.32
74.36
79.20
76.76
86.51
82.97
84.63
82.53
73.65
65.98
61.24
57.27
50.65
48.99
45.78
42.09
44.92
44.46
38.86
41.89
45.27
60.48
71.39
78.53
81.96
88.60
114.66
99.52
102.56
100.53
98.93
96.06
85.69
76.80
72.47
65.04
59.68
55.28
50.53
48.12
48.08
47.72
43.84
48.47
52.44
53.55
63.62
68.91
79.25
87.58
96.29
99.56
105.56
103.11
96.40
89.71
76.15
70.30
63.99
66.66
57.59
54.85
52.14
54.74
52.30
49.10
48.34
52.53
56.53
66.88
73.33
80.24
86.38
92.37
92.13
102.93
106.97
102.09
94.76
85.08
77.67
73.14
67.56
68.04
57.65
56.84
54.46
53.96
52.95
49.80
52.13
49.88
51.73
58.89
60.98
64.60
73.12
76.10
79.32
85.86
88.21
88.05
92.18
90.15
82.61
73.38
67.55
63.09
58.26
60.33
57.23
54.08
51.56
53.10
51.99
49.00
51.76
59.33
61.79
66.96
69.69
76.86
77.46
82.23
81.90
89.04
89.91
88.89
84.22
72.49
66.28
61.98
55.91
55.42
54.96
51.33
48.37
53.46
48.55
48.33
58.64
73.55
79.41
88.28
95.78
102.17
98.75
106.59
108.40
107.75
104.69
101.87
89.05
80.75
74.58
72.73
62.64
56.42
54.81
53.58
50.11
48.47
48.85
53.76
54.53
59.78
66.59
75.05
80.87
89.44
96.73
101.55
105.15
105.43
101.07
98.36
86.99
74.95
73.31
66.12
61.48
58.11
54.43
48.72
53.02
52.41
45.83
53.86
56.19
61.09
67.81
72.91
78.44
83.37
88.63
88.52
88.60
90.60
88.16
82.74
73.44
65.57
61.44
56.84
53.58
50.95
47.94
47.64
45.53
41.27
41.73
43.21
46.65
53.69
29.36
66.16
71.40
72.99
77.26
83.11
83.24
80.93
82.44
81.84
72.91
65.01
61.90
63.21
56.10
49.76
47.41
47.46
47.80
43.78
43.51
50.50
49.13
57.03
60.21
63.45
69.97
78.78
76.48
83.58
87.88
88.09
86.29
78.03
71.69
63.79
59.57
58.81
53.28
49.01
49.06
42.22
43.17
39.76
40.61
38.77
39.29
44.08
46.26
58.18
64.90
67.16
71.89
76.86
75.21
85.13
84.27
85.95
74.09
69.89
65.03
60.22
57.08
55.79
51.23
49.78
50.50
45.19
45.00
46.81
46.27
48.54
55.27
59.70
66.31
68.92
74.91
72.95
82.73
80.87
84.93
83.70
77.90
72.05
67.81
63.77
59.88
56.95
52.90
53.21
53.54
51.74
51.43
59.54
60.42
58.07
65.60
65.61
73.51
82.50
81.44
84.99
86.23
83.75
83.45
85.36
75.68
68.02
66.08
55.85
48.76
44.15
42.82
41.50
41.51
40.30
41.58
48.51
49.05
51.83
55.69
59.46
64.24
76.79
78.98
85.74
92.59
91.97
91.64
88.66
70.64
66.62
63.87
62.89
55.97
53.82
49.96
49.31
50.71
46.94
44.74
50.92
51.72
49.46
53.78
58.27
69.78
68.01
71.70
79.15
83.42
83.95
84.74
80.93
70.42
65.09
59.73
58.24
50.59
46.69
49.47
48.48
42.90
45.87
43.85
52.78
53.53
61.51
67.82
75.43
76.67
81.02
89.44
93.41
97.33
97.52
101.40
92.01
83.57
73.90
67.64
64.58
57.52
56.50
52.74
52.75
48.18
50.63
49.85
58.73
55.54
59.08
68.26
71.70
75.20
84.82
92.95
92.11
99.15
98.58
101.53
92.25
84.04
73.63
69.41
64.88
59.49
55.31
53.35
49.03
53.03
51.10
46.98
48.50
55.64
53.40
64.30
68.33
73.05
79.17
85.49
92.36
91.10
94.76
96.58
93.60
87.53
77.05
72.17
68.20
60.14
60.99
56.44
54.21
52.11
49.75
53.23
49.76
50.89
49.32
55.40
60.19
68.65
72.59
74.67
81.18
85.96
86.36
91.94
92.64
84.41
76.82
68.85
65.96
61.42
57.06
55.81
54.07
52.51
49.27
49.84
57.10
58.65
58.76
66.53
76.97
78.35
84.07
84.84
95.21
92.25
94.93
97.90
98.86
86.48
74.81
68.48
68.05
57.02
51.59
51.08
52.06
50.04
49.36
52.07
55.17
56.32
58.59
64.51
70.12
80.14
81.20
85.54
89.86
91.55
94.19
94.67
86.18
63.50
55.39
54.76
52.73
43.59
39.17
36.72
38.79
38.10
34.75
36.43
41.02
41.26
43.68
50.15
57.42
60.98
66.78
65.72
67.05
70.34
77.91
63.08
60.46
53.36
48.02
47.48
51.44
46.79
45.94
41.27
40.51
40.16
41.80
40.32
47.24
49.98
53.47
61.69
64.97
73.07
73.53
80.47
82.84
86.87
91.93
87.05
87.92
75.64
67.12
64.62
66.47
53.07
49.85
47.83
45.78
46.56
45.74
45.78
48.62
55.66
55.27
62.66
72.37
75.15
88.40
89.72
91.68
96.31
97.44
92.57
87.43
78.33
71.94
66.84
64.04
58.59
53.67
46.10
49.26
45.94
43.79
46.53
44.03
50.66
49.49
51.27
56.86
68.77
76.28
77.97
89.61
94.68
91.30
94.69
86.83
81.05
73.66
69.31
63.97
49.62
47.59
44.57
46.88
43.18
40.80
42.38
42.44
42.25
42.69
50.18
55.52
61.97
70.17
72.23
76.79
83.65
86.25
84.96
86.69
81.74
70.61
64.89
65.75
56.33
55.87
56.77
53.33
52.84
50.76
47.05
51.10
57.11
59.27
65.22
66.88
78.05
89.38
98.24
106.42
110.24
110.34
104.58
95.41
76.85
68.87
64.32
59.28
55.09
49.68
47.61
47.79
47.99
46.16
45.55
50.25
58.70
60.28
62.54
65.33
64.27
67.72
69.41
70.36
66.81
65.26
72.47
71.88
62.27
57.69
57.41
53.53
53.04
49.36
50.10
49.59
45.84
46.59
45.11
49.58
54.60
58.78
65.74
64.53
69.94
75.85
80.91
84.95
90.52
95.17
88.63
71.74
63.20
57.64
52.87
55.25
51.13
46.22
44.22
41.15
41.26
42.07
39.39
43.02
48.15
52.41
63.58
68.37
76.79
81.65
87.60
91.16
90.01
90.08
90.70
88.62
77.98
73.33
66.45
63.10
59.32
50.07
51.23
52.98
48.58
44.97
46.26
53.73
52.41
54.22
59.39
56.21
67.90
67.47
72.81
67.66
73.33
72.42
76.32
72.36
61.42
58.65
55.38
51.19
50.55
44.44
39.14
42.72
40.83
37.91
39.84
38.66
45.59
44.50
43.65
55.02
58.79
64.00
66.90
68.11
73.26
75.73
76.38
66.44
59.44
57.84
52.52
48.37
47.54
45.76
43.93
40.43
39.16
39.67
38.58
37.07
44.59
40.90
45.13
51.51
56.34
60.55
63.91
67.97
72.31
71.91
73.69
67.47
72.32
61.97
58.50
58.85
54.12
50.43
44.25
47.78
43.32
42.85
40.86
43.26
47.05
46.53
53.18
58.78
66.90
73.76
80.23
83.69
84.28
83.50
85.86
84.43
75.13
65.39
57.30
56.71
51.87
45.85
46.57
44.48
38.49
39.75
36.50
41.23
43.69
46.71
54.11
61.28
64.64
73.43
79.88
84.10
85.95
89.26
88.62
88.97
75.99
66.54
64.61
62.39
61.24
49.75
48.23
41.84
43.58
40.21
40.46
43.35
44.37
47.40
58.41
63.64
71.65
84.11
89.96
93.89
101.43
103.05
97.54
99.27
85.38
74.47
65.07
62.00
57.54
52.01
47.27
46.38
44.67
39.46
42.18
45.18
45.73
50.96
57.56
66.91
77.96
82.44
90.89
97.80
98.68
102.17
102.16
97.04
87.42
72.80
66.47
68.57
55.23
52.56
48.81
45.14
45.47
40.81
41.72
43.59
45.43
52.42
57.69
66.45
74.24
81.73
83.66
89.82
95.14
97.63
99.04
96.38
84.18
71.69
65.72
63.00
56.29
53.53
50.20
47.17
48.05
47.37
45.96
44.39
47.83
45.98
51.79
59.11
63.63
67.20
71.39
74.22
78.19
82.67
83.60
82.72
75.26
67.43
60.76
58.52
52.01
51.81
45.31
45.76
42.68
37.31
41.22
38.56
40.37
39.76
42.19
49.59
55.54
58.64
63.95
69.56
68.10
68.58
67.28
71.08
68.91
57.31
69.35
51.22
47.85
45.58
43.16
41.79
44.88
38.39
37.21
43.51
41.61
47.11
51.90
61.49
69.51
76.04
83.70
86.14
93.92
89.90
93.88
89.42
76.53
69.63
63.50
59.39
56.02
49.17
42.36
43.23
40.44
38.64
39.56
41.84
43.28
50.00
54.92
65.04
79.23
86.32
90.59
93.68
101.88
100.05
101.48
99.59
82.21
71.32
65.42
62.66
55.63
52.20
50.28
45.14
40.70
41.26
38.33
46.02
46.39
49.88
58.57
68.39
79.89
87.13
92.82
98.96
99.62
108.36
105.55
96.68
84.07
78.17
78.33
68.03
57.51
54.73
51.19
46.58
45.84
39.85
40.14
47.34
47.04
60.31
65.06
83.40
91.39
92.98
95.17
104.83
108.71
106.53
102.48
93.32
83.91
76.53
68.67
64.09
57.85
53.50
51.98
54.16
53.20
47.05
45.48
53.31
49.86
55.42
63.49
71.15
74.47
83.17
83.65
84.87
90.61
91.20
90.70
83.54
70.51
67.34
60.30
58.06
55.37
51.71
49.32
46.82
45.67
47.22
43.99
46.65
53.74
51.53
54.06
59.46
68.64
66.58
66.58
73.74
75.87
79.56
76.67
74.34
71.22
63.62
56.46
59.52
55.69
51.26
50.05
49.96
45.17
44.65
46.07
43.56
45.88
46.25
50.95
54.11
60.99
64.03
66.50
67.68
72.15
74.62
73.50
74.83
69.51
63.76
58.61
57.70
56.03
52.49
50.27
51.38
50.18
51.01
49.03
52.46
60.26
67.10
75.92
80.71
85.46
94.22
99.10
103.16
103.32
115.18
115.83
102.96
87.80
75.68
73.04
65.71
62.86
54.92
54.54
57.23
54.82
50.64
51.63
59.26
61.03
73.32
85.80
93.51
103.84
108.02
113.84
115.95
120.14
122.84
117.59
105.82
94.82
79.73
70.07
70.10
61.96
55.39
57.27
58.10
53.59
53.57
51.64
54.85
60.17
69.86
71.81
82.48
89.31
96.44
106.42
109.86
111.39
119.03
113.28
97.22
90.64
81.39
71.99
62.59
57.22
49.42
43.54
42.41
44.64
40.89
42.72
48.74
48.67
60.59
69.47
78.27
81.91
92.45
97.59
97.55
99.77
104.62
100.65
92.13
77.74
69.90
68.14
65.01
62.01
56.57
51.86
53.29
48.19
51.05
48.83
50.89
59.00
67.78
81.75
84.36
94.76
96.09
109.15
113.49
111.73
111.34
117.51
105.03
93.69
87.75
78.05
72.48
61.26
61.12
59.28
53.67
56.11
52.16
44.66
50.00
54.08
53.73
58.63
64.05
69.59
73.26
77.13
79.38
84.87
88.79
90.05
85.92
76.79
70.18
63.72
63.14
58.20
53.92
53.74
54.03
49.72
51.55
51.33
48.08
49.10
49.41
55.32
59.60
67.79
70.65
73.24
81.29
84.52
82.82
87.03
80.65
61.15
58.78
56.62
52.81
50.50
46.65
46.76
47.46
44.54
47.01
44.68
49.52
49.52
50.35
55.16
59.89
67.46
75.51
74.31
77.79
84.30
86.72
88.85
83.04
74.24
69.23
65.06
60.15
55.15
52.64
52.59
47.82
48.99
47.19
48.13
51.21
55.10
68.68
79.13
89.19
94.13
94.68
103.20
104.12
112.26
115.87
107.05
97.48
87.34
77.30
71.89
70.00
61.89
53.21
53.86
53.78
47.94
49.56
50.66
50.80
54.28
62.36
70.47
74.82
80.20
90.71
105.07
106.35
107.12
115.25
109.87
96.60
94.55
83.03
70.78
69.01
64.20
59.31
55.28
54.04
54.03
54.43
53.47
58.12
62.63
69.70
83.66
93.03
100.11
99.45
101.73
107.46
112.88
113.46
107.60
92.41
79.89
75.00
71.03
66.93
58.87
58.39
57.34
52.54
56.42
54.84
54.49
58.05
59.98
69.34
70.59
72.01
82.88
82.77
94.80
95.84
102.02
103.83
103.78
93.06
78.01
74.28
71.49
67.55
66.41
59.47
56.85
60.21
55.40
55.00
54.14
59.27
57.68
54.85
60.68
67.44
66.95
75.00
83.33
84.49
89.42
94.80
92.40
88.31
77.07
69.82
67.42
62.72
60.23
58.54
57.09
57.44
55.01
52.62
50.64
51.25
52.18
50.73
56.20
62.22
65.03
69.20
75.97
75.48
75.21
79.86
75.79
76.97
67.42
62.21
62.75
59.31
57.01
55.23
55.05
51.25
49.17
50.24
47.33
50.36
52.44
60.14
64.53
72.71
77.71
80.35
85.51
87.99
89.30
100.60
95.81
86.12
75.79
67.50
62.66
63.18
61.86
55.48
52.58
49.68
49.25
49.36
46.49
54.84
52.42
62.92
72.62
81.65
87.55
93.78
91.09
92.72
91.98
95.16
89.57
82.01
76.29
65.00
60.03
58.84
56.15
50.65
48.66
45.74
44.26
40.96
41.29
42.25
44.03
47.88
53.80
62.44
68.32
74.33
85.01
82.51
85.74
91.95
93.31
84.97
72.87
69.78
62.69
62.28
57.24
48.83
52.51
49.77
45.40
45.08
46.56
45.04
46.40
57.96
67.13
77.75
84.98
85.06
86.85
94.34
99.49
101.64
95.01
87.79
80.01
70.07
65.84
64.73
63.36
53.92
51.19
49.31
50.46
44.92
41.27
44.48
46.33
54.87
63.92
69.11
80.59
85.93
93.50
97.16
104.75
106.56
102.97
97.75
89.83
80.51
75.66
67.72
62.02
59.88
57.29
56.48
55.41
55.22
55.27
56.80
58.19
61.67
61.30
65.60
77.29
82.52
83.88
87.06
92.80
93.27
94.27
81.79
70.82
63.59
57.43
57.23
55.88
53.86
53.08
52.48
49.56
48.94
47.50
49.45
48.03
49.10
51.48
58.10
61.77
69.40
72.32
76.81
78.08
77.79
84.05
81.15
71.45
66.95
65.15
61.53
58.32
58.40
55.67
54.90
52.57
54.62
50.25
48.05
53.27
63.28
71.86
75.45
80.42
84.93
88.79
91.72
92.59
93.17
94.36
87.66
78.32
63.69
57.85
54.55
51.65
51.28
47.80
46.11
45.19
44.86
42.06
43.40
45.82
56.17
62.40
71.87
78.66
80.73
89.22
90.78
92.87
95.01
94.50
89.82
79.30
71.11
64.98
62.18
62.89
59.30
52.67
50.24
48.12
46.86
45.18
45.62
45.40
51.13
61.58
69.18
74.46
77.18
64.94
31.10
101.34
100.59
96.57
92.56
82.26
75.90
68.58
64.91
63.65
54.25
53.85
49.53
50.58
53.06
44.82
47.10
47.76
53.68
64.24
75.73
82.79
87.24
89.68
93.67
97.75
99.57
93.39
87.31
76.91
66.14
63.70
62.62
55.54
52.40
47.23
45.48
42.13
51.92
38.63
37.93
47.91
50.05
54.84
61.76
65.57
74.93
79.94
83.74
86.06
85.40
83.77
75.84
62.87
56.69
52.08
53.76
46.63
42.94
45.02
40.35
38.35
51.86
35.75
35.80
35.83
36.19
41.04
47.47
53.55
58.82
65.99
68.86
68.41
75.72
70.42
69.82
57.60
54.14
51.72
47.90
42.57
40.99
41.22
85.66
103.25
102.34
101.88
101.46
83.87
36.75
59.14
47.87
53.07
61.98
65.52
71.00
73.77
76.89
77.93
73.72
64.72
59.37
56.66
55.10
55.02
52.42
53.59
57.04
56.78
52.32
49.76
52.53
64.62
56.97
58.92
65.25
66.56
70.26
78.07
74.30
67.32
75.38
70.25
58.39
53.14
43.25
42.94
42.74
37.15
35.68
38.44
36.36
33.69
32.63
34.68
33.38
36.11
42.94
48.20
55.63
61.25
63.71
70.19
74.91
79.66
80.67
73.56
70.54
61.16
52.65
49.17
44.80
47.37
43.88
38.20
39.83
39.63
37.16
35.91
39.04
40.48
43.48
45.94
51.76
56.93
58.09
67.23
68.35
70.02
73.24
75.97
64.07
63.98
56.18
54.56
47.60
47.85
41.94
39.53
37.37
40.28
39.98
38.42
39.50
41.90
49.03
60.00
64.90
66.58
71.00
73.58
77.68
81.12
69.88
60.25
49.95
47.82
43.90
45.63
46.74
43.44
40.10
37.87
40.88
38.13
37.08
38.44
37.49
40.31
50.30
53.74
58.45
63.98
65.15
73.67
74.73
69.74
73.25
70.00
63.54
52.90
51.28
46.20
44.34
40.99
41.09
39.47
39.35
37.71
38.59
36.82
36.80
35.50
38.36
45.60
49.88
57.96
62.53
65.53
69.46
70.61
74.66
71.98
70.75
57.17
54.43
50.85
50.18
46.39
46.92
45.30
41.68
43.01
39.83
39.62
39.23
38.82
40.07
44.87
48.90
54.71
60.26
61.27
63.34
65.79
66.91
65.40
59.66
54.08
47.85
46.68
42.35
43.21
40.84
38.87
36.69
35.67
34.90
35.99
33.46
49.40
42.97
39.21
54.01
58.83
65.75
72.49
71.13
77.22
81.70
78.33
69.75
62.87
51.26
46.71
45.15
39.86
40.94
35.67
31.72
32.13
31.66
31.56
30.98
32.43
36.94
42.80
51.80
58.80
62.83
63.28
72.19
74.57
77.30
75.15
70.48
61.32
51.21
48.31
42.90
44.56
39.46
36.60
35.63
33.63
32.79
33.09
31.46
33.21
38.16
44.44
52.69
57.55
62.10
70.14
74.94
75.78
76.76
76.33
67.33
59.83
55.24
49.80
44.48
39.65
41.69
38.73
34.78
34.38
33.40
31.78
31.64
31.81
36.40
44.94
53.55
57.26
67.19
73.33
76.57
80.40
83.09
83.82
73.39
65.31
56.81
56.40
48.92
45.60
45.61
45.27
39.35
37.07
39.61
36.23
33.94
37.53
42.96
50.33
54.34
61.22
69.44
73.89
77.26
78.99
79.48
78.92
71.92
63.67
55.93
48.55
44.73
44.30
39.52
36.99
36.07
34.50
33.18
31.02
32.48
31.72
33.57
42.39
47.00
52.61
63.76
66.92
72.12
71.66
73.64
70.42
64.92
56.08
47.64
47.47
41.58
43.65
39.24
36.65
34.56
34.16
32.09
31.68
31.66
31.96
31.93
46.11
39.81
41.05
55.25
58.26
61.28
67.19
66.62
71.05
61.95
53.09
45.33
44.93
40.96
40.46
37.34
35.37
34.72
32.70
32.03
30.88
31.16
33.30
38.43
48.81
56.45
61.53
67.90
79.57
83.25
87.05
92.16
88.34
78.05
68.24
59.01
53.13
48.51
43.51
39.76
37.30
35.83
34.60
32.78
32.67
32.05
34.46
38.87
46.38
54.98
60.90
68.21
75.79
79.70
80.70
76.27
82.37
73.96
63.57
51.52
52.12
48.45
40.05
39.59
36.60
33.08
32.71
31.73
30.78
30.34
31.34
35.96
41.00
48.98
52.67
62.47
71.99
78.92
81.16
82.51
78.16
69.93
62.24
57.31
52.49
47.58
46.12
37.60
37.51
33.74
33.26
31.50
32.14
30.88
31.65
34.41
39.73
53.31
56.78
58.97
62.61
67.51
67.13
70.64
64.33
57.66
45.55
41.27
38.90
35.50
36.10
40.28
89.83
44.56
52.76
68.48
29.90
29.20
32.10
35.72
39.42
41.46
43.03
50.96
59.70
62.39
62.79
63.32
71.76
54.52
45.54
42.60
39.70
36.09
35.61
32.09
30.40
30.33
30.41
29.48
29.36
29.12
30.60
28.23
30.15
35.87
40.76
44.50
53.41
58.10
55.85
60.29
61.07
54.13
45.46
42.80
39.45
35.99
35.75
34.14
31.62
32.22
31.22
30.78
30.14
29.68
29.35
28.57
31.22
33.22
38.45
47.77
53.17
56.29
59.24
60.87
58.78
54.43
47.35
40.66
39.31
36.32
35.94
35.52
34.27
32.11
31.64
30.20
29.36
31.07
31.11
33.05
34.48
33.61
45.88
52.29
61.43
64.76
61.84
59.13
57.20
53.87
49.23
45.42
42.90
43.84
37.93
36.76
34.93
33.74
34.07
31.91
30.62
31.18
32.30
33.37
36.46
42.06
44.64
53.00
60.97
62.31
64.31
64.45
66.64
56.60
52.07
48.51
46.04
42.70
39.00
35.43
34.70
33.04
31.66
31.69
30.68
30.41
31.16
31.34
38.75
45.78
51.25
58.17
73.10
73.72
73.93
75.82
71.03
64.39
58.04
51.78
48.22
45.22
40.63
37.15
35.84
35.86
47.26
61.18
98.09
66.57
34.33
41.78
51.74
58.15
65.36
69.66
76.18
77.98
78.89
82.44
72.69
66.13
59.34
54.03
49.65
45.95
43.17
39.28
39.18
38.18
36.86
37.81
34.37
33.08
34.32
35.83
42.56
47.67
49.50
56.45
62.32
63.11
64.83
62.70
61.47
52.39
44.74
42.30
37.73
35.14
32.92
30.69
30.95
29.08
29.24
29.84
60.61
45.09
29.01
30.31
34.23
36.76
41.85
46.69
53.38
56.08
59.38
56.97
55.10
48.34
40.38
37.36
36.00
34.60
33.20
32.12
31.67
30.33
30.14
29.89
29.11
29.82
29.79
27.95
26.25
27.80
30.37
36.34
45.07
48.12
50.72
51.32
55.42
46.63
40.57
38.30
37.13
33.77
35.95
33.83
32.87
53.18
30.56
29.71
29.98
30.29
33.76
36.07
36.43
40.83
45.39
55.12
58.62
62.41
66.95
72.89
68.04
59.36
49.87
44.50
41.35
37.09
37.27
32.16
30.87
30.11
29.48
29.06
29.03
28.68
29.53
34.69
38.54
46.17
52.47
59.43
69.15
69.72
76.21
78.99
72.04
61.61
54.03
47.04
42.49
39.53
35.94
31.34
30.72
31.97
29.25
29.42
28.30
28.79
32.64
33.85
35.87
39.76
46.76
53.98
68.09
72.60
72.25
74.05
72.37
58.14
50.20
50.00
44.12
38.90
36.03
34.31
31.01
31.06
30.96
29.43
29.91
28.63
30.83
35.11
40.52
49.06
55.12
58.62
64.74
65.90
69.12
69.22
59.63
53.47
43.95
40.58
38.55
37.86
33.77
32.63
30.94
31.63
30.63
29.85
30.18
30.37
30.62
31.58
34.60
35.86
39.97
45.97
51.45
55.07
55.29
58.24
57.19
50.34
44.81
40.86
35.46
32.49
31.13
30.57
29.35
28.99
28.36
28.64
28.79
28.90
29.34
29.52
30.41
34.17
37.03
43.35
50.83
55.19
56.80
55.35
55.71
47.84
43.16
37.60
35.02
34.68
32.84
31.92
32.51
31.13
30.65
30.72
30.39
29.71
29.97
29.03
28.52
30.31
32.66
38.95
49.18
53.77
56.29
55.36
55.33
46.67
40.58
39.12
37.60
37.36
34.61
33.13
34.83
33.27
32.61
31.85
29.41
29.00
30.42
33.09
32.10
34.26
36.76
39.17
44.88
49.08
48.70
53.90
49.75
43.13
37.48
35.26
34.84
31.29
29.83
30.49
28.99
27.11
26.84
26.84
26.69
27.28
28.77
32.24
34.64
36.60
38.84
38.32
41.82
45.91
49.29
49.49
48.35
37.24
33.78
31.42
28.31
30.02
31.20
29.26
19.29
0.00
0.00
0.00
0.00
28.74
31.85
33.39
34.04
36.05
35.64
36.17
40.11
44.57
43.16
45.01
44.05
33.49
32.29
30.68
29.29
27.81
28.65
26.78
27.43
27.44
27.54
27.58
27.49
28.52
30.21
32.68
32.74
34.67
31.87
31.82
33.25
35.80
41.34
43.84
41.88
34.78
30.80
29.81
30.06
28.96
26.93
26.77
26.49
26.70
26.81
27.03
27.59
27.51
28.94
32.18
29.91
31.09
31.46
31.90
34.17
39.24
49.50
42.90
42.78
33.23
29.81
26.98
26.50
28.63
28.44
28.11
27.87
28.99
28.86
29.13
29.87
30.71
29.98
28.76
27.27
25.17
25.84
27.81
36.16
40.94
45.72
48.18
46.55
37.51
31.19
29.92
28.19
29.13
26.97
26.71
26.53
26.41
25.64
26.40
27.31
27.97
28.25
26.17
27.06
26.69
27.56
33.27
40.15
43.10
46.34
48.02
44.60
37.91
33.11
30.99
29.82
27.78
27.10
26.68
26.30
25.71
26.71
28.32
28.36
28.30
31.54
34.00
33.16
34.07
37.96
42.79
51.62
58.24
62.27
67.52
63.07
50.55
45.39
40.62
37.33
34.81
32.27
30.21
28.50
27.97
26.66
26.57
25.81
26.19
28.64
30.63
32.94
38.29
40.88
51.40
56.89
60.67
65.69
67.73
67.31
51.77
47.02
42.69
37.79
37.16
34.32
32.67
30.74
30.96
32.11
29.65
30.27
29.57
30.94
32.74
32.47
37.54
38.79
47.16
59.33
61.49
59.85
62.91
59.80
52.26
49.82
44.60
39.30
39.64
34.43
32.42
29.16
29.24
29.28
30.44
88.26
90.86
62.30
36.45
41.95
48.79
53.21
58.37
63.32
65.77
73.55
73.24
65.38
55.38
46.67
42.39
41.18
38.35
36.08
32.72
31.60
30.78
30.38
30.21
29.01
28.90
30.46
33.33
38.21
39.78
48.12
53.03
60.37
65.15
64.78
67.42
58.58
49.30
41.12
38.41
35.16
35.08
34.29
29.99
30.44
29.53
29.45
29.19
29.00
28.87
28.90
31.36
34.77
39.48
45.36
49.99
52.40
55.05
56.67
55.51
51.53
45.48
40.86
38.82
34.67
35.23
32.53
33.79
32.95
31.95
31.65
30.98
30.75
33.30
33.50
29.98
30.10
32.22
37.79
45.57
47.86
54.06
55.64
55.81
52.61
44.52
39.91
40.09
35.58
35.42
34.78
33.25
32.24
31.92
31.15
30.56
30.15
30.42
31.79
32.01
31.82
34.51
38.53
44.41
53.10
53.40
57.26
57.57
55.77
44.15
40.47
38.22
36.34
35.21
33.69
31.69
31.84
30.32
28.50
28.40
28.61
28.75
29.65
36.33
37.83
45.80
49.16
52.34
58.20
57.61
57.75
57.98
56.49
47.88
44.23
38.13
35.98
32.91
30.91
29.67
29.09
28.79
28.57
28.76
27.72
28.24
30.39
34.34
34.64
36.60
38.36
35.56
52.77
55.82
56.14
58.99
56.44
45.05
43.18
37.95
34.78
32.29
31.77
30.32
28.84
28.52
28.49
28.30
28.13
27.80
30.52
34.17
35.51
38.12
40.59
42.82
50.88
53.04
57.08
59.39
53.28
45.08
39.57
37.14
36.01
34.19
32.21
31.22
29.70
28.95
28.37
28.06
28.48
28.38
30.05
31.78
30.93
32.29
33.48
38.13
43.72
48.07
53.44
51.55
45.73
38.22
35.03
32.34
32.50
30.05
29.54
28.97
28.44
27.92
28.05
28.10
27.96
28.39
29.23
27.96
26.99
27.17
27.56
30.61
34.86
32.76
35.66
33.79
34.43
33.28
30.24
30.81
29.69
28.56
28.73
28.46
27.87
27.95
27.88
28.42
28.07
28.72
28.61
28.02
26.91
26.67
26.77
29.75
37.71
43.76
47.00
47.63
45.36
35.73
33.71
32.17
30.14
29.42
28.76
28.14
28.32
28.32
30.79
30.79
28.81
28.97
31.26
35.41
35.16
36.27
38.84
42.96
52.49
55.73
57.03
64.68
61.63
51.06
42.71
38.50
36.38
35.05
32.28
29.46
29.29
29.38
27.95
27.95
27.94
28.23
29.97
36.17
37.15
42.60
43.66
44.01
49.45
46.29
43.90
41.04
40.33
38.45
50.29
33.54
32.95
30.71
30.04
29.87
30.21
34.58
28.79
29.06
28.78
31.00
41.02
35.77
37.04
36.40
34.83
37.17
40.04
38.53
37.45
42.27
35.13
27.36
36.44
31.94
31.19
32.28
30.11
28.58
28.46
28.53
28.27
28.07
28.34
28.81
31.70
36.62
35.80
35.43
37.43
36.60
36.06
36.91
40.84
37.57
35.46
33.98
32.97
28.36
28.00
28.49
28.09
26.58
26.95
26.44
26.98
27.04
27.00
27.89
29.74
32.99
32.73
37.40
30.96
31.79
31.35
33.84
34.51
32.78
31.11
29.69
29.83
29.02
28.72
30.57
28.83
30.75
30.02
30.38
30.36
30.85
32.60
31.58
31.59
31.35
28.91
27.88
26.97
27.37
27.21
28.12
32.46
33.51
31.96
29.71
29.06
28.82
28.38
28.37
28.34
28.70
28.65
29.41
29.91
30.77
30.50
30.51
30.66
30.79
29.57
28.72
27.36
27.04
26.82
28.57
31.84
31.95
32.25
29.64
29.07
28.30
28.63
30.06
28.93
28.98
30.22
30.23
30.22
28.49
28.57
29.09
31.48
36.61
38.10
34.77
35.82
32.99
33.59
33.03
33.96
38.20
36.96
34.43
34.05
32.81
32.04
31.11
28.94
27.97
29.91
29.03
30.56
31.16
30.00
32.47
33.36
37.81
36.59
40.29
36.24
35.86
36.57
37.26
36.54
37.48
39.29
33.32
32.29
28.75
28.99
30.54
31.00
30.05
28.69
29.41
28.89
28.39
28.68
28.96
31.08
40.74
46.74
40.45
39.84
44.19
38.30
30.26
30.86
32.97
32.31
32.50
32.28
29.85
31.63
29.69
29.04
28.76
28.88
29.32
29.32
28.48
29.15
29.46
30.22
31.00
29.03
28.37
28.07
27.34
26.85
26.53
27.13
28.04
27.78
29.07
29.09
28.02
28.23
28.30
28.38
28.21
28.25
28.67
28.69
28.26
30.11
30.16
32.72
33.79
32.85
31.81
31.59
28.85
28.08
27.13
28.06
26.87
28.94
31.57
32.17
30.36
31.33
31.88
34.07
31.11
32.38
34.42
31.86
32.77
34.08
33.78
38.16
33.30
35.17
28.97
26.80
28.07
27.08
25.95
26.77
27.34
28.12
28.95
30.82
30.00
30.84
33.28
32.10
31.56
36.05
32.45
35.93
32.82
35.87
33.75
35.37
35.19
34.16
30.88
26.72
27.70
25.00
25.35
26.44
26.92
28.09
26.83
28.47
28.77
29.37
29.27
30.53
31.23
34.04
31.34
34.89
32.15
33.07
34.75
36.22
40.08
39.07
40.65
39.72
40.97
39.27
36.12
34.70
35.14
33.63
36.04
35.08
32.81
36.63
34.30
35.53
34.68
34.33
35.25
36.12
35.88
33.86
34.62
38.45
39.73
40.15
40.00
37.30
35.06
33.82
36.05
37.53
37.93
36.58
37.06
35.41
32.58
32.58
33.20
29.98
30.28
31.65
30.25
30.49
30.64
30.40
30.59
33.07
35.26
34.87
34.51
30.95
31.38
37.86
37.90
41.06
41.19
35.96
34.06
37.63
33.79
32.10
29.42
27.36
26.02
26.03
26.76
26.41
26.46
27.33
27.02
28.08
31.51
31.27
32.74
33.99
34.91
37.03
40.83
41.37
43.10
38.88
34.90
32.84
31.82
31.19
29.58
27.82
28.43
28.12
29.24
27.68
27.23
27.28
27.98
30.89
36.05
32.43
31.82
32.03
32.35
32.22
31.66
33.98
34.49
31.80
28.80
28.58
26.52
26.99
26.69
26.36
26.29
26.84
27.21
27.89
27.25
28.76
29.22
28.60
29.46
29.41
27.74
26.59
26.45
26.53
28.77
27.35
26.84
27.64
28.86
27.57
27.39
26.96
27.77
27.53
31.04
30.19
28.75
27.29
26.95
28.54
27.56
29.18
27.81
27.85
26.42
32.12
27.04
25.51
25.69
26.81
25.73
26.03
27.12
27.90
27.64
27.93
29.98
27.68
27.76
28.45
27.56
28.49
26.51
27.56
28.01
29.16
31.71
31.65
34.58
31.29
36.81
30.87
29.79
32.39
32.54
31.56
31.93
29.87
29.57
30.67
29.66
30.14
27.92
30.65
30.24
29.23
34.94
29.21
36.05
31.99
43.32
38.58
40.82
32.33
32.22
32.76
32.42
34.62
34.17
33.50
30.00
31.22
30.57
28.96
31.05
30.39
30.68
31.26
35.14
31.45
32.50
35.03
33.67
33.93
38.20
37.70
31.63
32.91
32.70
32.53
33.67
34.90
33.93
33.32
29.56
29.52
28.51
28.72
30.25
27.98
28.80
31.69
34.59
35.69
32.84
32.94
36.94
34.59
38.32
41.67
34.60
33.04
32.00
29.31
32.06
33.81
33.18
31.28
29.38
29.32
28.18
28.73
28.72
28.20
30.75
28.29
31.48
30.04
34.89
31.13
31.88
35.20
45.89
41.10
31.25
31.36
30.77
30.47
29.92
33.66
32.86
31.87
29.00
28.22
27.06
27.51
27.95
27.62
28.70
27.48
28.95
29.12
33.96
29.95
30.71
34.19
33.62
28.90
28.26
32.00
26.03
27.37
27.32
28.60
28.13
28.46
27.36
27.02
26.32
26.35
26.44
27.20
26.67
27.24
28.59
27.58
28.97
30.65
33.12
29.79
33.93
30.63
29.00
26.13
26.68
25.63
26.32
27.99
27.98
27.60
27.21
27.84
28.87
31.31
35.20
34.16
31.71
38.61
32.03
37.64
35.41
37.73
34.44
42.11
38.63
44.85
38.98
39.31
36.88
34.05
31.41
31.66
32.88
31.37
32.07
32.97
35.58
35.97
44.04
40.48
40.92
49.56
44.24
47.36
42.70
44.58
43.95
48.19
49.94
44.55
42.09
41.10
38.18
40.82
37.39
33.51
33.30
33.61
39.03
33.00
32.68
35.01
35.86
37.03
34.28
44.20
36.43
35.14
36.26
38.66
36.51
38.74
39.53
35.13
37.65
32.05
31.84
29.95
30.33
29.48
30.26
30.21
28.80
30.91
32.20
30.91
34.47
32.59
34.77
35.70
37.64
37.11
41.94
37.77
42.88
42.77
63.22
73.63
48.36
35.10
35.74
31.98
30.10
32.01
31.61
33.00
32.53
31.28
45.54
51.16
34.71
37.93
37.90
41.01
40.23
39.75
43.92
42.70
42.19
48.12
44.39
45.55
42.11
34.95
30.56
28.63
29.55
30.63
29.90
30.29
28.26
29.23
30.32
31.11
33.50
34.00
37.49
35.42
41.17
38.26
39.29
41.34
38.65
42.46
38.79
37.93
33.13
29.85
27.15
26.97
26.65
28.79
29.30
30.42
28.03
27.67
27.90
29.31
31.19
31.07
31.51
33.32
47.28
57.42
72.60
76.53
92.26
55.85
46.57
71.59
62.14
70.35
48.75
42.43
77.23
90.55
88.01
85.81
61.70
81.23
94.23
94.57
94.85
83.86
73.38
53.49
58.25
39.61
30.09
30.10
30.33
33.85
35.88
40.76
31.90
76.26
89.68
32.45
29.78
42.65
29.03
28.51
29.64
30.99
70.13
41.08
32.24
48.78
40.58
69.30
69.83
79.71
50.68
57.03
54.62
56.55
34.88
34.26
34.36
33.96
32.55
32.43
32.07
30.91
30.05
30.57
32.84
32.21
32.57
32.08
32.88
35.09
33.34
33.49
34.20
39.97
35.49
36.07
39.66
38.75
38.13
37.97
41.83
34.94
35.39
34.12
31.94
30.83
31.09
31.46
35.57
34.76
34.86
38.14
40.07
37.47
43.05
40.83
39.58
44.00
41.19
44.18
42.74
47.15
45.36
45.25
41.53
37.36
33.61
32.58
32.35
30.97
32.52
32.53
33.20
34.02
37.41
37.10
42.38
42.38
38.74
35.84
36.42
42.88
36.46
37.09
40.88
39.12
38.21
41.15
38.39
37.04
36.02
41.00
38.65
34.30
33.78
35.83
37.55
38.75
38.29
36.01
39.06
39.41
36.42
36.98
37.98
40.16
37.68
43.05
44.11
38.65
41.69
42.14
37.09
35.71
37.76
31.15
29.96
32.39
30.26
30.84
36.62
41.09
37.49
40.14
43.08
41.96
45.99
43.54
49.16
42.88
50.49
47.18
52.36
55.07
54.90
47.98
43.97
39.62
41.94
35.46
32.74
31.90
28.73
33.16
36.12
35.91
39.20
39.62
38.61
43.94
40.09
43.68
43.63
47.36
44.47
45.84
41.01
46.91
43.72
44.46
39.83
45.80
42.10
37.18
34.09
38.13
33.44
32.77
34.17
35.29
36.01
38.55
35.86
37.77
33.49
37.87
36.68
33.66
34.16
37.33
37.45
36.22
39.10
40.31
35.69
35.20
33.91
29.38
30.11
29.62
30.15
32.19
30.15
32.93
34.77
37.45
39.74
36.66
38.08
