37.04
40.40
37.27
41.33
38.73
42.38
44.42
45.29
48.83
50.82
42.80
38.26
36.16
33.68
33.27
31.25
33.28
34.87
37.36
35.70
39.65
38.88
40.62
39.00
39.32
42.37
42.73
43.81
50.40
52.17
56.73
57.55
56.66
54.39
48.59
44.98
44.43
40.42
43.19
39.65
40.25
40.12
37.75
38.40
39.40
40.48
42.42
41.57
42.85
44.82
46.23
46.02
45.94
51.84
53.62
54.92
58.89
54.50
45.88
43.30
40.55
40.72
38.17
38.81
35.88
36.48
36.29
34.29
37.42
39.05
41.26
42.82
42.72
41.80
43.43
42.88
46.66
50.41
52.28
54.77
56.52
45.47
42.13
39.60
38.75
38.37
34.67
33.11
32.45
33.14
31.17
30.58
32.50
33.16
34.01
35.49
36.32
36.97
38.34
38.60
40.20
39.77
41.20
40.45
37.44
38.04
32.77
30.71
29.46
27.64
27.04
27.11
27.49
28.75
29.26
28.68
28.25
28.71
30.20
30.45
32.18
31.74
32.57
33.91
33.34
28.44
27.74
29.78
26.17
25.21
27.44
24.10
23.32
21.67
22.31
22.66
22.63
23.17
26.40
24.55
26.18
26.83
31.52
30.10
30.95
32.93
33.70
32.23
34.00
36.45
42.14
45.62
46.05
39.68
36.51
36.57
37.24
34.51
32.21
32.40
29.31
28.05
25.30
23.31
23.95
24.63
25.07
26.84
28.25
27.64
29.66
28.01
28.62
36.77
41.70
46.83
44.29
37.81
34.76
34.31
33.80
32.77
32.29
32.69
29.10
22.02
19.35
19.58
20.18
21.66
23.80
25.41
26.57
27.05
28.23
26.34
30.67
34.11
39.16
42.46
37.47
35.77
35.35
34.35
33.63
31.78
32.52
32.70
30.91
23.67
21.10
20.14
19.86
21.90
21.63
21.32
22.56
23.34
20.82
23.30
22.18
24.52
29.85
33.35
29.90
31.04
17.61
32.69
31.53
31.36
29.96
29.07
27.28
23.67
24.34
21.65
19.55
20.21
23.22
22.68
25.00
25.37
25.72
25.11
26.71
31.29
35.82
38.08
37.38
34.27
29.59
28.11
28.54
27.79
28.71
26.43
23.09
19.16
17.72
17.49
18.75
20.00
19.31
19.29
21.63
21.09
21.51
22.45
23.29
25.77
25.50
25.80
25.88
23.69
21.14
19.17
18.46
19.28
19.45
17.92
17.23
17.51
19.69
17.48
17.75
18.66
20.43
19.58
22.19
20.59
22.09
23.15
22.19
24.64
26.19
25.60
25.44
25.20
23.08
20.39
19.31
17.90
16.96
17.37
16.47
18.12
21.51
20.27
22.43
27.95
27.73
28.10
29.65
29.13
31.39
29.72
25.49
27.17
31.67
33.44
29.39
31.53
28.97
27.10
27.87
25.71
26.24
26.31
24.62
21.21
18.55
17.51
17.73
17.87
20.02
20.94
21.52
22.33
22.13
21.03
19.57
23.10
26.25
27.50
33.08
31.36
30.74
30.68
29.15
28.77
27.77
26.94
26.05
26.64
26.82
24.28
23.61
21.83
23.08
22.97
23.22
23.75
23.60
23.56
24.91
30.47
30.26
31.90
32.73
29.25
29.32
29.10
29.15
26.21
30.26
28.99
25.05
21.38
20.94
18.87
19.63
19.40
21.59
22.31
23.21
22.54
23.58
23.44
22.64
26.85
32.30
36.51
36.18
31.56
32.24
32.04
29.54
29.37
29.38
28.87
26.53
19.23
18.24
17.47
16.89
18.35
21.19
19.24
18.82
19.99
19.95
20.18
21.29
23.59
31.67
33.15
32.41
30.59
29.60
29.05
30.48
30.67
27.73
23.05
22.00
16.79
17.34
16.24
17.10
18.01
19.49
20.42
20.99
22.65
23.56
24.59
25.82
26.54
28.22
30.89
28.91
22.98
21.84
19.46
19.33
17.09
16.35
16.54
16.68
15.38
16.47
17.74
17.82
18.31
21.21
20.86
22.53
24.04
23.73
24.77
25.83
26.87
28.60
30.13
28.76
23.24
21.64
18.54
18.02
16.06
16.24
15.34
14.80
15.36
16.68
17.06
17.12
17.33
18.64
19.28
20.80
21.42
20.29
21.60
24.05
25.11
30.00
29.16
27.58
26.31
19.92
19.16
18.63
16.45
15.33
15.17
16.75
17.62
19.91
20.10
21.17
23.15
25.24
23.61
29.39
31.18
25.74
25.58
25.07
31.96
37.34
34.37
34.94
31.53
34.68
29.20
27.81
25.58
24.83
24.28
23.18
20.12
19.65
18.88
20.84
20.90
22.79
27.29
27.04
35.63
36.49
36.45
36.24
41.78
45.76
45.08
44.21
43.18
37.73
37.42
37.17
34.91
34.76
32.99
31.88
29.62
28.12
27.79
29.84
30.79
34.43
34.00
33.63
34.49
36.66
36.61
37.38
40.47
45.25
44.16
46.31
42.25
39.09
37.80
35.74
33.67
32.80
31.42
30.19
27.98
28.96
28.36
28.53
30.67
32.59
32.95
33.45
33.98
35.15
35.86
37.05
40.65
43.66
45.12
52.54
47.47
42.69
40.70
33.39
31.36
31.06
30.28
29.00
26.75
28.20
26.94
27.14
28.20
31.58
32.33
33.22
34.23
36.02
35.77
37.26
39.26
40.46
41.45
38.37
33.50
31.59
28.88
28.68
25.58
24.27
25.10
24.93
23.96
26.77
26.41
27.53
28.53
31.12
32.04
32.53
33.74
33.86
34.45
35.60
36.33
36.25
38.95
36.34
33.28
31.61
28.73
28.32
25.66
24.33
24.80
24.74
23.86
25.70
26.20
26.60
28.67
31.75
33.08
32.85
34.70
34.90
34.65
35.55
40.37
42.80
45.84
46.74
43.35
41.61
38.42
35.66
35.21
35.15
34.50
32.70
28.14
26.99
26.75
26.34
26.05
29.02
29.91
30.10
32.23
32.29
31.40
32.02
34.46
38.38
41.25
41.64
38.74
35.91
34.88
34.53
34.22
34.60
35.21
25.20
29.02
26.67
25.52
25.89
26.82
27.93
29.03
29.52
29.58
29.48
30.30
29.12
32.05
36.00
35.46
38.68
36.36
35.13
35.14
35.68
40.68
40.82
38.02
33.36
27.84
28.49
21.78
18.23
20.78
18.17
18.86
19.40
19.73
21.18
20.22
22.27
26.24
31.10
31.93
30.33
28.87
27.82
27.92
29.06
29.33
29.59
28.21
25.50
19.18
19.33
19.11
18.30
20.30
18.87
18.45
17.66
17.70
17.97
18.10
19.24
21.79
28.95
28.22
30.96
31.60
31.57
33.71
32.91
34.27
33.31
33.69
30.07
22.97
20.90
18.65
18.25
17.45
16.19
18.01
17.62
18.34
18.55
18.73
19.86
18.37
20.90
19.32
20.03
17.20
18.13
16.94
17.19
16.89
17.24
16.13
16.59
16.00
18.17
17.78
17.39
16.91
17.69
17.66
16.70
17.82
18.56
17.44
16.73
16.55
17.82
19.55
18.76
19.76
17.21
17.55
17.61
19.92
17.36
17.34
17.96
18.27
20.07
20.00
18.85
21.11
18.64
19.56
20.34
19.99
20.56
21.02
20.19
25.41
24.93
32.01
31.33
31.28
31.40
32.32
30.82
29.56
30.33
29.94
28.54
23.92
18.52
16.79
16.77
16.56
19.02
18.27
18.69
19.04
20.87
18.58
19.94
22.60
24.72
28.92
27.53
28.51
28.74
28.08
29.69
29.68
30.21
29.99
29.22
23.79
21.57
19.96
19.70
19.42
19.37
19.23
18.02
18.13
19.26
19.27
19.74
22.62
27.20
30.77
34.58
36.05
37.17
34.38
33.01
32.23
32.24
30.32
28.03
28.57
28.59
22.56
23.44
23.52
23.98
25.51
24.73
25.80
29.13
27.44
27.82
33.62
34.55
40.61
40.12
37.56
41.52
43.80
37.17
31.53
31.22
28.38
26.87
21.89
21.21
21.35
21.97
23.18
24.65
24.66
25.14
26.95
28.65
35.92
37.94
41.44
42.71
51.82
53.94
48.65
44.74
41.13
39.97
36.08
34.68
33.90
27.67
18.59
20.95
18.05
18.92
20.03
21.67
21.84
22.62
22.93
31.78
33.29
34.63
36.00
36.01
36.79
35.94
33.36
32.51
30.14
29.35
29.77
24.85
19.35
19.21
19.49
21.57
22.02
22.88
32.43
32.15
33.07
32.92
34.03
34.69
36.86
37.99
41.61
42.59
41.26
41.00
36.88
33.40
31.43
29.18
28.20
25.11
23.93
23.76
24.50
28.47
29.13
29.57
29.92
32.24
33.59
33.69
34.02
32.80
33.14
33.47
38.50
41.77
48.14
46.35
45.59
42.71
42.62
41.11
38.04
36.15
36.55
33.83
29.77
30.97
30.55
31.67
32.13
33.09
34.68
35.58
35.92
37.79
34.61
39.42
44.07
45.83
48.38
49.15
45.82
44.63
38.73
39.89
37.22
40.12
40.23
38.62
34.40
35.42
34.44
35.49
35.52
35.58
37.71
38.39
38.56
37.95
38.26
37.62
43.71
47.51
48.32
45.16
46.43
45.37
42.58
42.04
41.64
40.41
40.49
39.88
38.68
39.89
34.63
32.64
33.58
33.15
34.95
34.76
34.57
35.58
32.13
29.98
29.17
33.84
37.78
36.26
35.00
36.61
35.50
35.60
37.31
30.58
31.13
29.50
25.86
25.22
22.96
21.67
20.19
24.02
22.35
23.29
21.49
21.74
22.47
10.56
24.46
32.24
35.83
34.53
33.68
30.73
28.90
29.03
28.49
27.16
24.50
20.38
17.10
16.73
16.76
15.90
15.47
16.39
18.07
18.32
19.92
19.61
20.15
20.22
20.37
20.51
21.99
22.58
18.86
18.21
17.30
15.75
15.45
15.10
15.77
15.53
16.06
16.14
17.31
18.01
19.03
21.38
21.78
21.25
23.51
22.21
24.17
25.04
26.29
28.71
28.98
25.66
23.45
23.12
18.45
16.82
16.18
17.53
17.61
15.47
16.86
19.03
19.88
20.58
20.41
22.43
21.47
21.60
22.29
23.08
22.73
22.40
27.11
27.81
25.84
25.64
26.38
22.73
23.93
24.32
23.16
21.32
18.93
18.41
17.59
20.50
20.43
21.16
23.42
23.32
26.12
26.22
26.16
27.69
27.48
29.82
33.80
36.73
41.96
41.62
43.31
43.14
38.48
37.21
35.01
33.79
33.76
31.99
29.67
22.76
22.49
27.04
33.18
35.01
35.87
36.19
36.62
38.68
41.10
41.14
43.94
49.20
47.21
50.51
49.64
25.54
40.97
38.09
36.39
34.61
34.79
35.08
31.75
30.48
29.50
30.81
31.37
31.73
32.11
32.43
32.26
32.68
32.40
32.27
34.45
37.87
38.01
41.92
50.82
41.46
35.81
34.22
34.04
33.09
34.15
33.51
29.77
28.94
29.54
29.14
29.79
33.24
30.55
33.06
31.72
30.23
29.39
33.73
37.76
41.49
43.16
46.58
43.50
44.47
46.88
39.62
35.83
33.21
32.33
30.26
28.86
27.80
29.92
30.63
33.58
29.57
29.38
31.59
31.13
31.63
33.05
35.88
39.10
42.22
41.07
38.43
34.60
34.11
26.65
23.45
20.15
17.24
18.21
17.01
18.38
21.70
23.13
24.60
26.67
26.87
27.54
27.88
28.53
29.52
30.87
35.50
37.28
40.61
39.31
36.98
30.03
27.67
24.35
18.95
18.28
15.74
15.62
16.23
15.31
17.34
19.36
21.43
22.82
23.23
24.39
24.37
26.22
25.46
28.04
29.84
37.60
40.82
39.43
40.99
37.46
33.24
38.79
41.51
30.98
28.11
29.45
29.03
24.09
19.17
17.83
18.16
20.21
21.41
22.82
22.24
22.47
23.87
26.09
27.00
33.05
36.93
36.62
38.71
35.28
30.23
28.25
28.81
28.18
28.72
28.83
26.96
21.83
19.93
18.06
18.24
18.59
18.75
18.27
19.04
20.62
20.12
20.96
22.17
27.43
28.87
31.28
32.44
31.32
30.75
28.17
28.36
28.70
29.51
29.07
25.08
21.67
20.15
18.15
17.30
16.38
16.62
17.57
17.13
17.71
19.24
19.53
21.67
24.16
24.53
30.58
30.79
26.85
25.00
24.56
26.20
27.53
26.44
27.81
25.02
20.07
18.62
17.23
15.92
16.32
17.18
14.37
13.99
15.90
16.85
17.79
18.14
21.20
23.59
25.85
29.32
27.54
28.56
29.53
29.32
29.53
31.05
30.14
27.81
22.88
18.86
18.87
16.96
16.27
15.62
15.07
15.49
15.24
15.17
15.51
16.15
16.03
16.89
17.77
17.12
17.27
15.43
15.62
15.54
16.04
15.95
17.40
17.15
17.12
16.49
15.76
15.33
15.65
14.84
15.23
15.74
17.30
17.08
17.28
18.37
18.81
21.75
20.74
18.79
17.11
15.23
15.24
16.61
16.00
16.84
17.56
17.41
17.43
17.29
16.15
15.16
15.78
15.05
15.70
16.18
16.28
16.28
17.26
17.81
20.57
24.65
24.71
27.53
27.83
27.47
27.94
27.59
29.02
29.31
31.49
29.95
25.45
20.62
19.54
17.27
17.00
17.23
16.39
16.54
17.88
19.22
19.23
21.15
24.29
26.44
28.44
29.83
27.20
26.90
27.55
27.03
28.24
32.59
29.74
28.44
24.95
19.54
18.20
16.43
15.65
16.08
15.67
14.90
14.86
14.57
14.81
14.95
18.33
18.60
20.20
24.89
27.42
26.96
27.65
26.54
29.68
30.27
31.13
30.07
25.81
20.84
18.99
17.65
17.53
17.31
16.73
16.85
14.90
14.44
14.51
14.93
15.13
17.25
19.28
22.37
23.61
24.49
24.67
24.13
24.49
27.14
27.52
24.28
20.56
19.27
16.53
16.38
16.23
15.09
15.45
14.91
14.81
15.01
15.35
14.81
15.77
17.13
17.65
20.83
24.35
24.50
25.34
22.89
24.57
22.20
23.04
21.72
18.79
17.25
14.86
14.81
14.44
14.93
15.10
15.94
16.41
16.49
17.19
17.53
19.34
21.24
20.14
18.58
17.50
14.89
14.05
14.58
14.03
14.76
14.04
14.31
14.14
15.23
14.53
14.28
13.96
15.73
16.16
15.76
16.79
17.62
17.63
18.77
20.32
21.51
20.36
17.85
17.35
16.94
19.19
15.07
14.22
14.10
14.51
14.52
14.57
14.81
14.61
14.13
13.97
14.20
13.96
15.10
15.61
16.03
15.01
16.53
19.85
22.29
23.16
27.40
38.07
38.03
30.25
33.20
33.81
34.71
33.83
30.67
24.87
26.23
23.78
22.15
23.27
25.60
25.10
23.63
25.04
25.66
26.30
30.08
31.00
29.82
32.70
33.30
32.98
31.81
32.94
37.78
33.91
30.82
28.70
28.88
23.44
22.32
23.82
24.48
24.25
26.77
25.91
26.03
24.88
25.44
25.06
27.55
31.75
35.86
34.03
37.12
33.10
29.44
28.27
30.34
29.39
30.85
30.85
27.34
23.67
19.75
19.10
19.24
20.37
20.15
22.43
23.29
22.74
23.13
24.60
24.62
27.69
28.97
30.73
34.44
32.73
28.66
28.41
28.93
27.60
29.26
28.37
26.98
25.03
21.97
18.92
18.89
19.65
20.34
19.94
17.11
18.43
17.99
18.90
19.83
25.85
26.68
28.65
31.32
36.02
38.32
40.39
38.12
37.35
37.27
33.12
35.79
34.98
33.00
31.49
27.13
26.29
28.74
27.42
27.59
27.87
28.43
28.85
28.72
29.33
28.83
27.97
28.13
29.03
28.54
31.15
29.25
27.76
27.13
28.00
26.94
29.42
30.16
32.66
31.97
28.10
26.69
27.13
29.60
32.11
27.77
27.43
27.77
28.22
28.66
28.57
27.67
28.80
27.39
25.98
24.93
24.39
24.97
22.81
23.77
24.24
27.88
33.32
31.15
29.29
25.99
27.74
30.63
28.29
24.52
24.41
27.41
29.13
30.76
32.41
33.38
33.13
33.26
33.29
33.33
33.32
40.20
41.88
32.93
28.44
22.44
21.22
19.58
19.37
18.35
17.93
16.60
16.63
16.27
16.72
16.24
17.02
19.33
19.72
22.82
24.32
25.78
26.54
29.44
30.09
36.01
38.91
35.53
32.12
26.63
21.48
20.05
19.08
18.54
17.83
17.68
15.24
14.49
15.13
14.80
17.85
19.09
21.05
30.49
38.54
34.84
34.65
34.26
36.38
36.98
35.97
34.55
31.56
27.72
26.57
25.81
25.82
24.88
23.24
22.05
21.55
22.52
21.51
23.42
21.99
26.23
25.39
28.46
33.67
32.23
32.64
30.11
31.08
35.20
31.87
30.07
26.29
22.43
20.95
21.59
21.08
21.58
22.71
22.01
19.40
20.95
21.45
21.72
24.85
26.61
28.00
26.40
26.49
28.26
26.61
24.52
24.17
23.26
23.93
23.40
21.23
20.29
21.61
16.82
17.84
17.77
17.68
19.80
20.20
20.89
21.73
22.79
22.91
22.96
22.26
24.17
23.28
22.46
21.49
19.47
16.46
16.40
17.24
17.01
16.88
16.44
17.19
16.24
17.58
17.84
17.41
16.84
18.07
18.06
18.92
20.15
19.39
19.39
20.27
18.93
19.77
18.92
17.46
16.91
16.94
17.61
18.03
17.56
17.83
16.08
16.85
16.90
17.25
17.96
18.64
18.86
18.04
18.50
19.88
19.30
22.97
20.92
18.66
20.47
19.12
20.40
19.75
19.26
20.91
18.86
19.81
19.06
18.37
16.59
15.91
16.06
16.66
16.67
15.38
16.09
15.84
15.80
16.45
16.67
18.40
17.55
16.42
17.46
17.76
17.87
18.11
17.96
17.70
20.15
18.71
19.45
17.49
17.16
15.89
15.73
14.83
15.02
15.62
15.72
15.67
16.07
15.90
15.74
15.98
16.05
16.24
19.42
20.72
23.88
22.74
22.87
24.50
23.83
19.79
19.15
18.76
17.15
16.55
16.61
15.81
16.18
16.03
14.79
15.28
15.30
16.18
16.26
18.83
18.58
21.64
21.40
21.38
21.98
22.11
23.68
26.60
22.16
22.48
22.43
21.45
16.80
15.25
14.40
15.51
15.03
11.08
6.21
13.66
14.79
15.33
15.28
16.64
15.98
16.08
20.75
23.60
22.60
22.82
21.51
22.40
21.23
21.43
20.76
19.90
16.04
14.10
13.31
11.88
11.54
11.16
11.55
11.12
21.74
22.15
22.03
21.91
22.94
24.55
21.88
21.76
22.16
22.72
23.42
25.40
29.06
30.93
30.55
29.77
26.65
25.46
24.26
23.66
22.86
22.74
22.32
22.15
22.08
22.06
22.07
22.09
23.69
24.70
22.33
21.49
21.86
22.65
23.54
25.27
27.28
29.84
29.44
29.25
25.97
25.24
24.13
23.05
22.50
22.24
22.43
22.01
21.59
21.76
21.64
23.01
26.06
23.08
23.94
23.88
24.58
25.27
25.00
33.04
33.30
33.18
32.79
31.38
28.42
27.36
25.15
24.56
23.48
22.43
22.23
21.98
22.07
22.09
22.16
22.01
21.39
21.57
22.21
23.01
24.37
26.99
29.52
31.69
34.10
34.46
33.75
31.04
29.37
27.90
26.44
25.70
24.67
24.01
23.13
22.01
21.86
21.57
21.45
21.22
20.49
20.63
22.03
22.70
23.03
26.21
27.90
29.21
30.33
20.77
20.74
18.74
16.46
14.44
12.86
12.49
11.91
11.40
11.38
11.30
10.88
10.16
9.96
9.88
9.45
9.99
11.16
15.90
17.92
19.33
22.19
23.61
24.90
25.89
25.07
23.93
20.68
18.48
17.38
17.02
15.92
15.22
14.09
14.17
14.17
14.77
14.61
14.69
13.97
20.30
25.29
26.40
29.32
29.02
23.03
21.51
20.92
20.25
21.28
18.74
16.20
14.79
14.00
13.34
12.72
12.47
12.29
12.02
11.65
11.86
11.95
12.47
11.42
11.27
12.20
12.44
13.06
13.91
14.42
16.30
18.07
19.94
18.51
18.63
16.39
15.75
14.00
13.85
13.15
12.90
12.28
12.01
11.66
11.92
11.66
11.69
11.19
11.30
11.74
11.80
12.66
13.85
15.33
17.50
21.50
22.64
23.15
22.57
19.87
17.52
15.50
14.65
13.80
13.17
12.63
11.68
11.16
10.57
10.59
10.54
9.69
9.78
11.71
15.28
16.51
18.63
22.51
27.43
30.48
33.22
32.57
28.75
23.65
19.86
18.88
17.28
15.68
15.53
13.73
12.64
12.25
11.70
11.05
10.96
10.40
10.31
12.22
14.34
18.35
20.32
26.20
29.47
29.95
32.75
33.39
29.43
21.16
19.26
16.70
15.83
14.90
13.28
12.60
11.51
10.75
10.38
10.29
10.05
9.35
9.54
10.22
12.14
14.59
15.75
15.69
17.40
18.06
19.34
18.70
17.17
13.96
12.71
12.00
11.47
12.96
22.38
22.13
21.95
21.92
22.51
22.16
22.07
21.08
21.23
21.49
22.36
24.22
24.60
14.38
28.00
29.30
29.50
28.39
25.96
25.28
24.44
23.76
23.54
22.44
22.06
21.71
21.56
21.57
21.66
21.52
21.33
20.65
21.01
22.10
23.34
25.91
26.99
28.53
29.53
32.45
29.46
29.85
27.07
25.15
23.73
18.08
11.92
11.41
11.32
11.24
11.56
12.12
11.82
11.85
11.85
10.91
11.02
15.99
21.37
21.59
18.77
18.07
14.95
14.91
16.86
16.69
16.91
15.24
13.90
13.00
12.37
11.76
11.55
10.98
11.06
11.16
11.35
11.50
11.51
10.56
10.70
11.91
11.11
20.12
23.21
19.81
14.60
17.60
20.31
20.85
18.71
16.95
15.42
14.00
13.62
12.55
12.25
11.95
11.54
11.24
11.12
10.66
10.56
9.48
9.95
11.16
13.37
15.59
17.50
18.81
22.43
23.49
25.31
25.31
22.06
19.10
16.23
15.09
14.11
13.62
13.27
13.09
11.68
11.74
11.07
10.71
10.63
9.66
10.09
12.43
14.26
16.87
19.66
20.53
20.60
21.94
20.43
18.57
14.67
13.90
13.27
12.45
12.26
11.99
11.73
11.49
11.17
11.03
11.15
11.42
11.36
10.21
10.51
11.91
12.61
13.58
15.05
16.42
17.43
18.76
20.31
20.03
19.54
16.56
14.02
13.69
13.48
12.78
11.99
11.43
11.49
11.29
11.18
11.23
11.45
10.21
10.78
11.43
17.07
20.37
16.19
19.07
22.85
25.07
26.98
27.13
23.52
22.22
18.26
16.13
15.33
15.27
13.57
13.87
19.78
11.59
10.95
10.79
10.77
9.60
10.32
10.75
12.83
17.27
25.10
23.47
28.85
30.00
32.55
32.93
29.89
28.63
23.86
20.32
19.23
17.43
15.51
14.64
14.10
13.31
12.49
12.63
12.21
11.24
12.22
14.44
15.85
17.69
20.19
22.41
25.02
27.17
28.23
27.23
26.00
24.68
21.59
19.53
18.42
17.00
15.85
15.16
15.03
14.58
13.39
12.68
12.88
11.58
12.03
13.39
14.64
15.74
16.95
19.11
21.82
23.49
24.44
25.02
23.38
21.39
18.91
16.72
15.73
14.75
14.76
13.36
12.66
12.11
11.87
11.70
12.54
12.25
11.76
15.01
15.24
17.12
19.83
20.94
22.50
25.07
26.72
26.89
23.44
21.88
17.70
16.94
15.51
14.43
14.10
14.13
12.82
12.78
12.00
11.11
10.99
9.77
10.47
12.33
14.65
19.20
19.42
21.65
21.23
20.86
21.39
20.41
19.56
17.96
14.77
13.71
13.20
12.77
12.25
12.13
11.31
10.58
10.24
10.16
10.17
8.78
9.40
10.54
15.08
17.92
20.59
21.72
25.03
27.03
27.56
28.00
24.98
21.70
18.66
16.33
15.48
14.77
12.88
12.36
12.15
11.50
11.04
10.71
10.52
9.31
10.68
13.49
17.35
19.79
23.73
26.69
28.74
31.13
32.56
31.81
30.22
28.46
21.57
19.07
19.18
15.85
15.31
15.20
13.81
13.20
12.53
12.49
12.46
10.84
13.15
14.26
17.32
21.29
23.45
26.30
29.96
32.93
33.75
31.21
31.20
28.72
24.50
22.02
19.52
17.88
16.00
15.64
14.10
12.97
12.62
12.09
12.04
10.40
11.80
13.24
14.82
17.47
20.37
22.67
25.16
26.89
28.91
28.13
30.05
25.10
22.23
18.48
18.79
16.80
15.63
14.74
13.94
12.49
12.17
12.25
11.73
10.21
11.36
13.05
14.09
15.65
18.94
20.97
22.23
27.00
27.60
28.17
27.43
23.72
22.52
19.85
18.55
18.61
17.03
16.78
16.21
15.00
14.63
14.29
14.25
14.34
13.77
16.11
19.61
20.99
22.18
21.30
20.35
22.77
24.04
22.62
20.58
17.64
15.73
13.90
13.72
12.85
12.31
12.11
11.89
11.64
11.60
11.55
11.69
10.05
10.80
12.49
15.83
17.04
19.60
20.73
22.24
22.84
24.54
24.97
19.80
19.52
15.86
14.88
13.72
13.46
12.70
12.89
12.32
12.25
11.83
11.36
11.34
9.89
11.15
13.36
16.03
16.89
19.10
21.53
22.89
24.39
26.52
26.04
25.70
23.44
18.26
17.38
15.44
14.13
14.15
12.64
12.85
12.09
11.79
11.10
11.06
9.52
11.09
13.11
15.22
17.61
20.60
22.95
24.99
25.24
26.01
24.80
21.32
19.28
15.52
14.49
13.37
13.33
12.31
12.41
11.82
11.76
11.29
11.11
11.42
9.45
10.61
11.89
14.95
16.03
18.71
21.51
23.02
26.60
28.46
27.60
26.65
24.18
19.95
17.77
16.15
15.92
13.94
13.56
12.42
12.66
12.73
11.98
11.73
10.53
11.50
12.52
13.57
15.16
17.76
20.23
24.05
25.90
27.03
28.23
26.14
25.44
22.25
18.26
17.40
15.97
14.95
13.36
12.88
12.64
12.58
12.50
12.14
10.85
11.51
13.22
13.98
16.64
18.33
21.37
24.20
26.99
27.53
25.72
26.04
23.72
19.83
18.48
16.77
16.50
14.88
14.18
13.01
12.21
12.06
11.79
12.24
11.00
11.74
12.98
15.79
17.71
19.14
21.32
21.29
23.67
25.00
24.07
19.91
18.60
16.22
15.37
14.15
13.27
13.12
12.46
12.14
12.08
11.74
11.49
11.81
10.59
11.08
11.75
13.96
15.12
16.72
17.90
18.90
21.34
22.16
22.55
21.04
18.17
14.46
13.58
13.25
13.02
12.03
12.01
11.71
11.61
11.68
11.65
11.76
10.75
11.94
13.30
14.58
17.93
19.56
20.70
23.77
26.43
28.72
26.14
21.22
16.49
14.10
13.73
13.40
12.38
11.90
11.80
11.43
11.09
10.91
11.00
10.97
9.60
10.87
13.31
16.43
18.27
20.75
23.55
26.06
29.18
26.63
25.22
23.61
19.65
16.34
15.37
14.38
13.33
13.19
12.18
11.88
11.50
10.97
10.79
10.91
9.80
10.44
12.66
8.88
17.02
19.92
22.58
24.54
25.45
22.61
21.81
22.61
18.36
14.59
13.96
12.63
12.13
11.41
11.57
11.20
11.48
11.14
11.04
10.97
9.46
10.19
10.99
12.21
13.15
14.74
15.61
18.54
20.54
21.88
21.33
23.91
19.19
16.56
15.39
14.36
14.09
13.36
12.03
11.54
18.72
22.44
22.34
22.46
20.73
21.35
22.55
23.83
24.21
26.13
25.16
20.13
18.95
17.08
18.13
16.92
16.19
15.34
13.57
12.88
12.30
11.86
11.25
11.18
10.97
10.94
10.95
10.98
10.04
10.41
12.75
16.68
19.76
22.53
25.06
29.05
29.54
31.14
30.05
27.81
24.50
19.04
18.45
15.84
14.63
13.04
11.95
11.46
10.89
10.95
10.78
10.73
9.60
11.80
14.74
20.71
23.50
27.59
30.62
32.80
37.46
37.87
40.29
35.71
30.18
24.24
19.79
18.71
17.22
15.58
15.03
14.03
12.89
12.06
11.87
11.86
10.60
13.55
16.09
21.12
25.66
28.30
33.61
33.60
37.68
38.25
37.44
33.54
30.43
23.09
21.73
19.55
16.86
15.63
14.10
12.93
12.96
12.20
11.81
12.23
11.10
12.30
14.27
17.70
18.27
12.28
26.02
28.74
30.53
30.88
29.17
27.29
24.71
20.04
17.70
16.22
13.84
13.38
12.01
11.12
10.87
10.36
10.63
10.55
9.69
9.69
10.90
13.00
13.53
14.97
16.62
18.35
20.13
20.03
22.40
19.68
16.12
12.54
12.14
11.59
11.07
10.76
10.75
10.52
13.64
19.74
21.41
21.37
20.38
20.77
21.81
22.82
23.09
22.94
25.40
26.50
28.94
25.71
20.40
20.51
17.38
15.55
13.66
13.20
12.39
11.74
11.14
11.11
10.78
10.58
10.46
10.16
9.44
9.45
10.83
11.00
11.83
13.02
14.15
14.81
14.94
16.00
15.88
15.25
13.98
12.44
11.80
11.64
11.01
10.72
10.69
11.10
14.02
13.73
12.08
11.21
9.46
10.19
11.00
13.50
14.77
15.06
15.48
16.13
18.59
19.36
18.42
16.38
14.25
12.41
12.36
11.78
11.59
11.09
10.76
10.11
10.30
10.98
10.71
10.39
9.11
9.56
10.57
13.09
13.99
14.58
16.46
18.64
20.13
21.23
20.36
18.67
15.39
11.94
12.02
10.88
11.16
10.87
10.26
10.27
10.34
10.30
10.32
10.32
8.75
9.64
10.68
11.96
12.85
12.93
15.43
15.30
17.31
16.43
16.86
14.10
13.80
12.49
11.80
11.61
11.20
10.90
10.94
10.61
10.59
11.13
11.18
11.43
9.56
10.13
11.60
12.48
14.76
13.91
14.94
16.25
16.64
18.81
17.49
14.99
14.56
11.75
11.55
11.10
10.50
10.55
10.37
10.42
10.51
10.69
10.89
10.69
9.39
10.18
11.38
12.76
13.23
14.37
13.79
17.98
19.93
22.08
21.56
21.12
18.11
14.89
13.83
12.81
12.03
11.46
11.57
11.00
10.92
10.94
10.94
10.55
9.41
10.28
11.62
12.57
12.95
14.21
16.43
17.66
20.74
22.00
22.23
22.85
20.22
18.11
15.56
14.01
12.96
11.87
11.84
11.46
11.27
11.03
11.18
10.35
9.43
10.67
11.44
12.06
12.95
14.16
14.77
16.17
17.05
17.97
18.72
18.44
16.95
14.69
14.05
13.08
12.85
12.98
11.97
11.69
11.18
11.59
11.12
10.72
10.33
10.76
11.19
11.78
12.16
13.20
13.64
14.49
15.55
16.96
16.75
17.51
15.60
12.13
12.09
11.67
11.42
11.01
10.53
10.37
10.39
10.46
10.63
10.31
9.11
9.82
8.66
12.90
15.81
16.56
18.78
20.31
22.52
23.53
21.41
21.01
18.84
15.07
13.51
12.84
11.73
10.86
10.62
10.07
10.13
9.84
10.23
9.81
8.57
9.43
11.22
13.52
15.96
19.00
21.72
23.06
26.65
27.18
27.46
23.41
22.03
18.62
15.52
14.26
13.33
11.78
11.11
10.79
10.42
9.93
9.91
10.18
9.09
12.51
13.72
17.26
19.65
22.81
24.64
28.00
29.92
30.63
30.04
28.68
24.56
20.29
18.73
16.10
15.23
13.78
13.31
12.35
11.47
11.31
10.54
11.23
10.34
12.73
13.91
18.31
20.03
22.31
25.12
28.45
28.73
30.96
30.58
29.58
26.16
22.91
19.88
18.24
16.30
14.94
13.90
13.52
11.88
11.80
11.37
11.05
10.07
12.46
13.97
15.63
17.97
19.68
22.55
23.92
25.81
28.45
29.19
27.47
25.02
22.58
20.28
18.06
17.25
15.46
15.58
14.72
13.10
13.02
12.28
11.70
10.81
12.99
16.23
16.36
18.61
20.45
23.55
24.37
26.15
26.90
27.70
27.78
24.41
20.44
20.31
17.34
16.31
14.55
14.99
13.85
12.56
12.28
11.38
11.63
11.04
13.31
17.20
21.43
22.93
24.81
27.98
29.91
32.84
35.07
36.91
31.05
29.35
25.53
21.61
19.06
17.34
15.79
15.26
13.74
13.12
12.43
12.12
12.36
11.60
13.46
17.56
19.70
24.81
26.32
29.33
31.19
35.35
37.67
39.60
32.17
29.47
23.38
22.29
20.48
19.29
18.32
17.45
15.68
14.24
13.35
12.40
12.34
12.83
13.75
18.69
23.06
27.14
28.24
36.53
37.36
40.73
42.66
44.18
41.44
37.24
30.73
28.29
25.84
23.34
20.73
19.56
17.60
16.10
15.89
14.39
14.43
14.48
17.93
22.63
25.42
28.96
31.57
33.62
34.18
41.03
39.20
40.25
37.24
31.82
29.46
26.19
23.72
21.02
20.45
20.69
17.52
16.25
15.34
13.57
14.28
13.91
17.14
20.41
22.12
26.23
27.44
27.24
30.85
33.45
39.15
37.68
32.34
30.81
25.93
24.07
21.20
19.29
18.31
15.70
14.60
14.44
12.90
12.60
11.42
11.21
12.83
14.91
16.51
17.84
21.25
22.22
28.24
28.50
34.32
32.54
31.99
28.47
25.05
22.82
20.83
18.68
17.40
15.96
15.10
15.39
14.51
13.34
12.62
12.57
14.47
16.82
17.95
20.34
24.31
25.65
31.04
35.39
37.83
38.69
39.48
33.05
27.98
27.47
24.04
20.89
19.53
16.59
16.83
16.15
14.15
13.89
13.52
14.82
18.76
20.11
23.17
27.95
32.94
36.45
44.81
46.12
48.30
47.13
46.72
40.94
34.96
29.18
27.70
26.83
24.21
22.61
20.76
18.99
18.32
17.08
17.48
17.05
20.86
23.33
27.11
29.23
40.58
42.91
45.90
46.73
49.51
45.85
40.92
39.28
34.16
31.45
30.18
27.01
25.23
23.68
21.76
19.85
17.53
16.63
15.91
16.15
19.38
20.33
26.00
31.00
36.56
40.61
46.99
51.07
53.97
55.58
48.88
44.84
37.72
32.39
28.03
26.89
23.30
23.46
19.70
18.73
18.45
16.35
17.82
17.08
19.22
23.47
27.45
31.94
35.05
37.55
38.61
44.06
45.97
44.83
43.43
37.44
33.28
29.11
26.39
24.99
21.87
17.32
17.66
15.63
14.39
13.83
13.41
14.64
17.37
21.52
26.91
30.62
32.00
35.96
39.29
41.82
43.46
43.51
41.21
34.35
29.56
26.85
23.70
23.29
20.21
18.36
17.57
16.59
15.25
14.88
13.33
13.44
16.95
19.05
21.42
23.39
27.84
30.42
34.67
36.38
37.71
38.96
37.40
35.61
30.25
27.14
24.36
22.41
21.79
20.00
18.92
17.67
16.34
15.66
14.70
15.05
17.09
20.98
22.48
25.17
28.51
31.49
35.97
37.10
39.47
41.78
37.74
36.69
30.98
28.58
24.75
22.64
21.80
20.52
18.19
17.66
16.96
15.85
15.66
14.79
18.25
21.24
26.97
29.65
33.77
32.54
37.86
39.85
44.33
42.96
40.84
37.45
30.41
29.22
26.34
23.33
22.26
19.11
16.23
15.41
15.32
13.62
14.27
13.80
17.30
20.24
23.26
27.55
31.09
32.87
34.66
40.75
41.89
39.42
38.65
35.35
29.97
27.92
23.26
21.66
20.48
18.44
18.23
15.29
13.82
12.31
12.91
12.48
15.24
17.42
20.79
26.03
30.79
32.35
35.80
40.64
42.23
42.56
41.53
35.23
29.68
27.54
26.44
25.03
23.37
20.06
17.16
16.26
14.75
13.80
14.07
14.55
17.11
19.91
24.65
27.37
30.70
34.36
37.40
41.25
42.79
41.71
39.54
35.84
29.37
29.28
24.35
22.04
19.23
17.45
16.52
14.67
14.31
14.45
14.43
14.49
16.68
19.01
24.26
26.42
25.02
28.26
32.71
35.94
38.53
40.22
36.20
33.39
26.61
24.30
23.14
19.99
18.53
16.92
16.22
14.74
13.84
12.98
12.55
12.29
15.43
17.33
19.15
21.82
23.16
25.03
29.56
31.55
32.25
34.50
32.07
29.21
24.72
21.81
20.57
18.63
17.12
16.64
15.76
14.52
13.78
12.94
11.64
11.40
14.29
16.82
17.51
19.52
21.42
24.91
28.09
32.41
33.76
35.26
32.43
28.62
26.51
22.20
18.33
17.23
16.38
13.72
12.63
11.98
11.56
10.95
11.49
11.46
15.20
18.24
20.05
23.20
27.53
30.49
34.08
41.04
41.01
40.94
39.22
33.10
26.89
24.69
21.04
19.54
18.46
16.63
15.12
13.99
12.71
12.32
12.68
12.25
16.21
20.29
22.11
28.24
30.56
35.08
38.53
45.04
41.04
43.20
40.16
35.67
29.60
26.70
23.04
22.02
20.10
18.68
17.79
15.32
14.93
13.88
13.80
14.02
16.94
21.87
23.08
26.61
28.93
33.38
36.28
41.81
43.81
44.15
41.42
36.12
30.18
27.78
25.02
21.13
19.38
18.16
16.36
16.02
14.22
13.96
14.20
13.75
16.38
20.54
24.31
24.78
28.61
32.45
36.43
38.90
43.28
42.37
40.23
36.12
30.20
26.38
23.04
20.89
19.63
20.12
17.19
14.98
14.78
14.61
13.90
14.17
17.89
17.28
25.96
29.60
32.17
37.06
43.77
48.94
49.73
51.07
44.46
41.30
34.17
29.23
27.28
26.32
22.99
21.42
19.51
18.92
18.29
16.82
16.82
15.36
18.15
20.37
25.71
28.46
32.87
39.49
46.27
48.05
47.79
46.69
49.31
39.50
36.07
33.36
32.56
30.39
27.76
25.67
23.32
22.43
20.33
20.08
19.09
19.06
21.97
25.14
27.66
30.26
35.95
41.85
40.65
48.89
48.31
48.76
47.03
42.13
34.65
33.29
30.39
28.12
26.43
25.49
22.51
22.70
20.27
19.02
18.14
18.45
23.26
23.39
27.59
33.74
37.00
43.39
46.40
57.84
51.58
54.21
51.14
44.11
37.23
34.05
30.58
27.77
24.13
22.73
21.72
18.92
19.30
18.48
16.72
16.64
20.23
25.61
27.10
31.80
35.10
40.07
46.26
47.83
49.46
48.77
45.35
41.28
31.88
31.06
26.77
25.56
22.60
22.09
19.80
18.14
17.61
16.00
16.07
15.42
20.93
24.60
28.38
32.33
35.69
40.30
43.65
46.25
51.50
50.41
45.26
40.92
32.34
28.89
25.10
25.71
21.74
19.16
17.26
16.70
14.44
14.08
14.16
13.97
17.53
19.04
21.69
25.57
27.37
29.71
32.97
38.46
40.98
41.92
41.00
35.53
31.04
27.82
25.20
23.26
20.38
20.13
17.46
16.12
15.64
15.22
14.01
14.29
17.66
19.65
21.77
25.15
27.57
30.04
34.36
37.17
41.96
41.54
40.09
36.70
30.09
28.16
23.73
23.65
20.68
20.61
17.92
18.56
16.53
16.01
14.64
14.62
17.09
21.87
24.45
26.85
28.32
32.59
34.24
41.41
40.71
42.57
40.97
37.60
31.29
27.92
26.51
24.36
22.03
21.28
20.38
19.10
17.79
16.73
15.82
15.01
17.85
23.46
26.54
29.62
31.92
33.87
40.04
41.07
44.15
44.12
41.34
36.03
29.82
26.55
25.67
21.62
21.19
18.93
16.44
14.54
14.50
12.95
14.66
14.59
18.90
23.40
28.03
30.66
35.19
37.36
39.76
41.51
43.62
41.98
39.03
34.61
27.17
25.84
22.12
20.00
18.10
17.01
15.78
13.82
13.60
13.34
13.06
12.19
16.26
19.18
26.91
29.93
37.24
41.11
42.81
46.21
46.99
47.00
42.34
39.54
31.16
29.22
25.14
23.96
21.58
20.53
18.72
18.70
17.24
16.41
17.19
17.07
20.54
28.19
34.38
37.13
39.78
41.88
47.29
51.69
54.49
54.15
52.14
46.49
39.44
35.60
30.33
29.29
26.73
23.60
23.70
22.05
22.35
21.52
21.63
19.28
21.60
24.93
33.25
36.69
37.55
43.49
53.77
55.22
55.25
53.99
47.22
43.32
35.56
33.30
29.61
28.91
26.55
26.36
24.12
24.21
22.18
22.17
23.78
20.98
23.53
28.26
32.15
40.08
41.22
46.97
49.72
55.03
54.02
46.36
45.41
38.97
37.90
35.01
31.71
28.87
28.05
26.29
25.63
23.76
25.59
23.58
21.25
21.10
24.60
28.88
30.03
31.95
34.76
38.98
45.13
45.08
51.78
49.49
45.48
43.11
36.05
33.50
31.54
30.05
26.39
27.59
25.17
24.77
23.23
22.41
22.00
21.68
27.47
29.56
32.60
34.99
36.82
39.41
42.92
50.35
51.63
49.01
49.72
45.78
36.77
33.11
30.39
27.89
24.80
24.44
22.41
22.57
22.42
20.59
23.02
23.02
28.50
32.14
37.70
42.10
48.11
49.31
57.45
58.55
59.14
59.42
57.59
52.04
41.07
38.61
36.78
32.01
30.03
27.42
27.93
23.70
22.35
21.59
22.03
22.07
23.15
28.29
35.53
43.96
48.64
54.11
58.44
58.62
61.30
57.45
58.27
51.37
42.01
39.46
34.93
33.37
30.91
30.39
27.75
27.22
24.44
23.92
23.78
22.53
26.89
31.82
35.53
39.37
43.49
46.29
49.29
51.46
53.85
49.69
45.46
42.50
33.30
32.31
30.19
28.67
26.05
24.87
23.47
22.03
20.81
19.46
20.29
20.96
23.34
14.48
29.95
34.59
35.24
41.68
45.66
45.83
49.77
45.08
45.68
42.45
33.92
34.95
29.66
28.14
26.47
25.19
22.86
23.88
23.18
23.05
23.52
26.37
31.30
34.00
35.41
40.99
42.46
42.64
48.94
52.29
52.67
51.49
45.75
41.35
32.67
32.99
29.72
29.33
27.31
27.91
25.44
23.52
22.43
21.88
20.66
18.12
21.93
26.97
27.97
31.59
33.87
35.19
39.19
42.98
47.18
46.71
47.10
42.40
37.35
34.25
31.65
31.26
29.29
26.79
26.65
25.76
24.57
24.32
23.68
22.05
25.74
28.97
31.19
32.29
34.32
36.41
43.08
45.69
50.41
48.63
49.67
43.86
39.47
36.05
34.19
30.78
31.11
29.41
29.00
29.68
27.57
27.87
28.08
28.77
30.13
34.39
40.04
46.66
51.63
50.08
49.95
51.05
47.99
52.00
49.65
46.36
39.01
37.40
31.37
27.10
25.84
24.38
23.52
23.33
23.51
23.82
23.79
27.54
29.36
34.31
36.32
41.54
47.71
52.80
60.77
62.11
54.56
56.69
52.30
50.50
42.52
40.21
38.91
35.32
33.98
32.39
32.76
32.15
28.93
28.51
29.10
26.06
27.52
35.98
41.37
45.26
47.54
48.08
56.02
57.43
57.41
57.07
53.53
46.52
43.42
38.52
35.31
34.16
35.30
31.51
31.36
31.97
29.57
29.17
33.09
32.79
39.27
45.60
50.70
60.13
63.59
68.37
67.48
71.90
71.57
70.64
47.78
59.84
53.15
49.70
47.83
45.04
43.62
41.82
40.13
38.01
36.02
35.44
33.87
33.44
34.98
44.68
51.19
56.23
64.47
63.31
66.54
70.80
71.09
70.60
67.57
62.15
55.95
53.02
50.18
47.13
43.37
42.36
38.32
39.59
38.52
35.95
34.98
33.89
40.21
47.63
52.48
56.90
61.12
63.11
66.47
67.95
69.50
68.69
70.55
65.80
59.98
55.88
49.72
48.17
43.08
40.95
38.50
37.33
35.38
36.17
34.51
32.69
35.50
39.64
44.82
50.47
55.61
56.31
60.83
62.78
65.27
65.76
65.55
62.39
55.95
50.80
48.58
44.31
42.80
39.71
39.52
36.10
36.06
33.11
33.28
30.95
34.91
38.40
47.92
48.95
55.74
60.67
65.79
66.57
65.86
71.01
68.65
65.62
56.92
51.91
45.90
42.84
38.80
37.50
36.96
35.91
35.72
34.26
32.92
32.27
34.38
40.19
50.56
54.65
56.19
59.25
62.07
63.42
64.16
63.43
61.27
42.65
39.86
36.32
34.48
29.64
26.01
25.00
23.58
23.79
23.81
23.84
24.72
25.24
24.96
29.66
35.31
38.04
43.54
44.06
45.38
48.46
50.77
47.76
42.17
39.54
37.37
34.59
34.42
32.27
32.02
30.15
30.38
28.86
29.02
28.49
27.66
27.17
32.05
38.07
45.37
46.85
50.94
54.22
54.98
60.19
62.11
63.24
56.41
51.40
44.34
42.72
37.94
35.13
33.79
31.51
31.29
29.33
29.33
29.60
27.45
30.01
33.35
41.20
50.02
56.12
59.11
60.67
62.65
64.35
66.08
66.30
59.02
54.86
48.22
44.87
41.82
38.68
34.64
35.21
31.98
30.39
29.96
30.28
30.45
28.80
29.19
33.08
38.61
44.05
50.19
54.64
58.75
60.74
63.15
62.66
60.42
54.14
49.16
46.57
39.99
30.33
29.32
31.37
29.53
28.39
27.43
24.74
26.04
23.95
28.28
33.15
37.95
42.41
46.92
51.86
54.18
57.41
60.54
61.28
59.00
56.49
48.94
44.23
40.69
37.20
36.74
34.29
32.19
31.80
30.57
29.45
29.79
29.36
37.17
43.50
49.37
58.57
61.17
65.98
69.28
73.90
75.40
74.43
63.62
55.08
50.22
45.91
38.77
35.53
33.85
32.49
31.76
30.94
29.21
29.82
30.53
33.84
31.92
37.79
40.30
43.38
44.24
41.08
41.78
41.33
44.08
48.18
47.55
43.57
39.62
37.07
36.81
34.04
35.25
33.77
31.35
29.04
29.22
27.23
28.18
28.81
35.03
39.22
47.12
50.94
54.85
56.03
57.26
60.66
64.58
60.63
46.91
40.30
37.26
35.48
33.42
32.27
29.70
29.84
26.45
27.70
25.51
25.11
26.07
29.33
33.50
47.28
50.56
57.54
62.91
58.61
63.89
68.21
68.15
64.82
63.06
57.88
50.27
48.16
43.24
42.33
37.33
34.99
34.26
34.94
33.87
31.53
31.14
33.97
46.03
54.18
60.57
66.29
69.83
69.49
58.17
61.23
60.82
62.48
58.31
57.86
49.97
44.67
41.85
41.55
38.29
37.37
36.70
34.48
33.75
34.67
32.90
32.12
36.10
41.21
43.79
49.36
54.38
57.79
63.17
67.01
67.63
70.83
61.25
56.56
50.04
45.99
40.10
37.74
37.15
36.49
36.30
34.64
34.05
33.51
32.05
32.04
36.53
40.50
43.26
48.38
53.55
55.52
61.75
66.12
69.94
67.98
64.14
63.16
57.62
54.52
50.39
48.78
40.56
38.10
35.42
35.80
35.33
31.98
32.17
33.96
40.76
47.84
54.99
60.96
66.55
70.45
72.59
71.84
73.97
70.24
66.09
60.64
50.33
43.89
40.08
37.84
34.32
34.69
32.15
31.42
30.66
28.81
27.88
26.88
36.60
44.61
51.62
60.11
65.84
75.05
82.86
79.01
77.78
72.97
67.03
58.66
51.32
47.05
40.08
37.29
33.84
31.93
31.14
27.53
26.67
24.71
23.53
24.53
32.35
41.75
48.27
58.82
67.28
71.16
81.38
82.18
85.18
79.26
72.92
70.06
55.89
53.25
44.77
41.68
38.92
34.93
32.51
30.10
30.59
27.75
27.33
27.24
32.05
41.32
48.82
58.89
63.09
73.58
78.71
78.75
82.96
79.39
75.03
62.08
56.73
47.51
45.08
42.60
38.73
34.53
33.01
30.97
29.20
28.01
25.84
25.27
33.51
43.00
45.59
54.27
63.07
71.75
79.78
78.82
82.24
78.41
78.73
71.69
60.74
55.13
54.33
49.67
49.47
45.01
41.61
40.09
37.27
36.77
33.72
32.81
39.65
50.33
51.50
53.58
60.95
61.00
66.01
70.43
70.02
74.12
67.93
68.01
57.13
52.78
49.08
46.70
44.15
40.87
38.64
35.63
34.11
33.06
32.04
29.89
33.81
41.37
44.43
49.89
55.30
57.74
61.58
61.91
62.12
59.82
61.73
57.35
50.77
47.77
43.31
41.19
39.31
37.71
35.08
33.83
30.37
30.92
29.80
28.55
32.98
42.23
48.75
57.73
63.20
70.38
80.01
79.55
83.51
80.38
74.27
69.81
57.29
52.10
47.33
45.16
42.65
39.06
36.57
35.62
33.47
32.05
30.59
29.40
36.22
45.31
53.76
61.90
69.10
72.50
78.82
84.44
83.63
84.77
80.18
72.91
60.68
54.82
49.93
42.46
41.99
40.21
37.02
34.16
32.23
31.35
30.61
29.19
35.40
48.22
57.85
64.45
71.77
80.00
81.17
85.61
87.16
84.04
80.48
76.04
62.85
57.70
54.16
45.68
43.53
40.74
35.38
33.54
32.17
29.56
30.46
29.17
33.44
43.82
54.15
63.89
65.92
75.93
79.10
85.30
85.91
87.48
74.72
70.55
63.22
57.28
50.53
47.16
46.79
41.30
43.42
40.09
36.78
35.37
32.58
33.54
37.22
42.46
52.70
57.09
61.44
67.80
68.39
74.72
73.79
71.84
65.75
58.97
53.65
48.84
46.37
43.08
42.23
36.61
37.31
35.28
34.76
34.37
32.20
31.87
35.87
38.65
42.27
47.21
49.36
52.35
56.37
58.09
61.45
60.71
58.67
54.24
49.28
48.17
41.25
41.93
41.87
37.07
38.38
33.16
35.39
31.15
33.66
30.40
35.16
38.48
42.61
44.57
51.96
56.36
61.03
60.05
60.37
63.09
60.65
52.84
51.37
45.10
45.44
40.29
41.09
37.14
39.93
35.79
39.50
35.28
35.10
34.21
40.61
49.37
58.70
63.67
67.03
78.28
77.63
78.90
85.77
80.56
73.80
68.11
60.14
55.98
52.79
49.71
49.44
45.58
46.20
46.56
43.42
42.17
42.55
39.52
45.56
53.96
60.56
68.41
73.86
83.87
84.63
86.51
85.21
91.47
80.21
65.70
61.81
58.74
54.58
48.19
45.81
45.47
44.30
42.61
41.18
38.23
37.43
37.44
45.64
53.14
61.54
66.17
72.02
77.18
83.46
88.92
88.21
87.13
80.89
73.41
65.89
59.97
50.08
40.17
35.75
33.36
33.47
33.38
30.38
31.75
34.25
35.11
39.36
48.46
54.75
57.99
65.63
65.81
70.96
77.65
76.96
76.41
64.82
61.13
54.04
50.49
45.57
45.46
42.79
41.61
37.30
35.41
36.15
30.92
32.38
30.92
34.73
48.32
54.04
57.79
67.86
67.61
75.12
78.48
78.26
80.35
73.97
64.36
61.59
56.16
49.52
48.33
45.88
42.35
40.65
39.67
37.94
36.03
34.94
32.39
37.47
44.94
48.48
55.83
59.80
61.52
65.42
67.35
67.96
69.04
67.48
60.48
52.54
48.94
46.61
45.42
42.57
39.44
37.92
37.21
37.57
36.70
35.51
35.03
33.55
43.93
47.23
51.37
55.13
58.94
63.09
69.35
71.66
73.30
62.41
46.87
45.57
43.33
37.59
35.94
35.13
34.28
34.50
33.44
29.88
30.24
29.96
27.17
31.36
36.65
42.48
44.58
48.88
54.15
57.12
61.95
63.56
62.10
58.37
54.88
51.60
47.44
44.84
42.24
41.32
40.63
37.90
36.31
33.28
32.39
30.47
31.69
37.01
44.44
52.27
60.41
62.91
69.36
71.35
76.02
76.89
76.44
70.39
63.57
58.85
54.78
50.60
47.77
46.08
42.99
40.12
35.76
35.15
34.92
33.44
32.44
40.50
48.41
54.23
64.43
68.86
72.73
78.89
80.36
82.05
81.92
76.59
65.04
57.50
52.60
51.49
48.67
48.04
45.43
40.88
38.91
39.64
39.03
39.16
37.77
39.11
49.62
58.97
65.95
72.25
80.37
84.07
85.95
90.51
88.01
71.72
62.43
52.80
50.25
47.35
44.90
42.66
41.44
41.64
41.04
38.69
39.36
41.02
42.60
35.74
42.18
50.62
60.91
68.03
73.50
78.24
78.31
78.49
77.92
71.49
62.35
64.30
58.83
52.03
48.23
46.40
51.24
47.31
43.59
42.24
42.48
46.61
45.92
39.07
43.63
48.90
49.82
53.30
65.23
67.52
72.75
72.33
72.75
62.40
56.00
50.32
47.72
48.61
39.63
39.28
38.43
39.20
39.34
35.66
34.40
34.46
34.29
36.45
42.33
45.62
46.61
50.19
54.66
59.64
61.65
65.08
61.78
55.31
50.52
47.54
47.12
41.96
40.03
37.71
35.93
36.34
34.48
32.80
32.82
31.52
35.99
38.41
44.35
55.69
62.65
65.38
65.99
70.21
68.45
71.03
71.06
60.09
54.35
49.41
46.00
45.06
42.37
43.18
39.86
37.52
36.08
37.35
33.85
36.50
36.82
38.46
49.41
55.32
62.46
64.30
70.53
73.43
71.62
69.67
67.97
60.67
53.17
46.98
42.08
41.97
41.41
38.53
36.30
33.14
30.89
26.78
28.32
28.79
29.46
31.70
38.11
51.79
55.97
59.19
66.24
64.30
67.92
70.91
65.88
56.62
48.97
45.21
41.28
39.74
37.70
29.61
31.71
32.42
26.24
29.39
23.90
28.16
28.40
30.59
36.28
44.29
47.82
53.08
60.76
63.42
66.64
70.23
65.33
59.36
48.09
44.05
41.92
38.49
33.37
34.59
27.14
28.96
25.35
26.52
22.04
25.30
25.82
33.46
38.55
49.37
53.10
60.40
64.53
69.73
76.22
78.36
73.77
65.96
57.35
52.66
46.48
42.97
40.16
38.09
37.02
35.67
35.47
34.55
34.39
36.29
35.89
35.07
35.49
39.15
45.16
49.63
53.23
55.58
64.09
66.24
63.98
53.11
46.02
40.78
35.32
36.92
35.07
35.02
32.73
33.54
31.04
30.76
29.74
30.41
29.03
29.95
35.32
37.20
38.29
45.46
45.72
52.06
55.06
56.67
56.49
52.70
47.14
42.44
40.46
37.84
35.45
36.00
35.50
32.99
32.74
30.71
30.73
30.49
30.97
34.26
42.91
50.61
57.69
62.15
68.28
70.66
74.69
67.08
66.21
57.27
50.78
44.50
39.60
37.31
34.94
32.48
30.67
29.33
29.40
27.86
26.36
27.26
27.52
31.92
37.34
43.40
46.06
52.22
57.48
65.21
66.76
65.86
65.02
52.57
46.03
40.60
39.16
35.54
35.32
35.25
32.01
29.80
28.28
27.42
26.44
26.64
25.69
29.93
36.74
45.66
50.59
50.19
38.87
33.14
66.70
68.79
64.54
60.12
50.26
45.50
41.43
38.78
37.89
35.64
33.32
30.08
26.84
26.03
27.21
25.37
28.43
28.67
36.48
41.23
44.08
47.35
51.94
57.36
62.10
62.22
58.75
53.26
45.37
41.59
37.95
36.35
34.65
34.11
30.42
27.67
26.50
24.56
23.83
23.54
23.30
24.62
32.47
36.26
39.63
42.06
46.25
49.75
53.58
56.34
53.10
46.94
42.69
37.57
33.46
33.18
31.55
28.72
30.16
25.38
25.38
25.43
24.67
24.21
23.56
24.65
29.32
35.54
35.15
38.63
41.27
44.66
47.69
50.45
48.38
44.99
41.02
36.30
33.94
30.33
29.55
27.86
25.79
25.64
25.16
25.37
24.69
24.43
24.08
25.16
28.52
38.22
35.68
40.87
44.22
49.14
52.14
55.90
53.25
50.94
46.28
40.49
38.98
35.63
35.73
36.86
34.87
35.73
35.17
30.96
31.56
30.51
31.07
30.93
34.94
43.55
45.20
51.45
53.62
52.76
46.22
49.25
46.42
40.17
35.72
29.52
28.15
27.13
27.89
26.42
24.60
21.38
22.54
21.95
21.23
23.59
23.69
26.44
25.23
31.40
36.88
42.77
44.14
50.48
53.57
52.91
53.77
46.33
42.90
36.06
36.57
36.51
33.18
32.00
30.88
29.02
28.96
28.13
28.00
28.75
29.96
30.15
35.21
41.78
45.94
47.28
52.65
53.72
56.62
53.80
53.26
50.74
43.41
40.97
40.12
36.87
34.70
34.66
32.87
31.20
30.35
30.25
29.75
29.78
30.72
31.78
38.07
42.37
44.71
46.66
50.22
50.84
54.02
50.11
48.70
42.24
38.84
36.86
36.21
34.94
34.24
30.50
29.38
28.62
29.36
28.54
28.37
29.29
28.37
31.00
37.27
43.66
44.10
45.43
49.89
56.26
53.09
51.86
45.41
42.59
38.88
33.87
31.87
30.39
28.93
28.37
27.36
27.38
26.64
26.40
26.30
26.68
26.44
28.02
32.29
35.29
40.03
40.12
42.25
43.67
46.88
47.05
48.09
44.79
42.38
39.55
37.25
35.62
34.71
32.95
31.28
30.95
30.02
28.88
28.48
27.34
26.81
28.68
32.90
37.72
40.38
43.82
43.69
47.03
47.08
47.34
46.55
42.33
39.48
35.72
33.28
31.52
29.24
27.02
24.83
23.53
23.55
22.78
22.70
21.94
21.87
24.41
24.83
39.07
43.61
45.92
50.29
54.19
56.37
54.19
55.20
44.44
37.57
33.32
30.39
25.80
24.42
24.21
22.46
22.23
21.78
21.36
20.93
20.42
20.26
20.49
34.42
44.40
43.22
44.70
50.05
52.26
53.16
56.07
52.37
43.17
37.31
32.71
27.60
26.66
25.10
26.13
26.32
29.03
27.54
25.10
25.71
24.88
28.54
29.09
34.81
41.65
45.39
48.01
51.38
52.33
53.88
56.52
54.77
46.63
43.84
41.08
35.92
31.10
30.01
26.62
26.34
24.75
25.06
24.82
24.17
24.06
24.64
24.50
31.70
39.32
47.46
51.16
55.64
57.10
62.26
62.39
58.73
49.72
43.02
40.73
36.04
36.05
33.86
32.20
30.88
29.82
26.69
28.44
25.97
25.48
25.14
29.26
34.64
40.73
45.06
50.43
55.41
56.71
56.79
57.57
54.17
46.74
42.87
38.58
35.08
34.29
29.46
27.95
27.39
25.64
25.02
25.28
25.00
25.04
24.74
25.32
33.33
34.15
37.25
41.68
43.75
46.20
48.79
49.66
46.82
44.12
39.76
36.28
32.27
30.94
26.56
26.20
26.18
25.89
25.42
24.85
24.09
24.28
24.14
24.72
27.89
30.71
34.35
38.87
42.79
46.31
47.40
50.27
49.75
45.91
42.10
37.33
33.07
28.52
27.96
26.47
26.36
25.98
24.94
24.47
24.29
24.16
25.66
27.89
32.88
39.50
46.19
50.23
54.68
58.53
60.85
63.03
60.17
56.16
48.37
41.57
36.26
34.73
29.35
27.80
28.03
27.29
26.15
26.45
26.01
25.87
25.71
29.92
44.45
46.03
47.42
51.00
56.62
60.67
63.66
63.52
61.11
51.35
42.72
39.93
36.18
35.40
30.58
28.18
25.89
24.97
23.82
22.90
22.15
22.27
23.05
24.35
31.35
38.29
46.95
47.69
55.15
58.41
57.42
59.56
55.97
48.77
46.04
39.49
37.19
36.07
35.01
29.97
29.35
25.18
24.18
23.92
22.39
22.50
23.26
25.37
48.50
51.70
47.22
45.67
49.93
58.46
57.34
54.42
51.47
48.09
36.92
34.70
37.78
39.80
39.30
40.26
39.68
39.90
40.50
38.99
41.76
40.92
41.59
37.56
38.75
35.35
36.30
37.55
40.37
44.48
46.07
46.32
44.58
39.12
34.50
30.56
29.11
28.47
28.35
27.55
27.11
27.14
26.94
26.63
26.54
26.10
27.21
28.23
30.35
34.01
37.79
38.52
40.34
41.97
43.44
45.82
44.33
40.78
40.47
36.80
32.82
31.23
30.98
31.12
30.65
30.63
30.04
29.59
29.20
29.12
29.11
28.79
31.10
31.94
34.90
37.02
37.82
40.59
41.87
43.53
43.34
39.23
37.01
34.03
30.58
29.23
29.28
29.29
28.96
28.73
28.36
27.82
27.55
28.97
28.99
28.91
32.50
29.54
42.50
48.26
52.85
54.23
53.77
55.09
49.33
43.10
40.63
37.68
35.62
35.23
32.95
31.31
29.89
30.46
29.77
29.49
29.02
26.27
21.57
31.49
42.32
43.86
46.68
50.64
53.09
56.47
56.46
57.39
56.28
50.29
45.21
41.37
38.87
36.61
38.16
38.87
39.42
38.08
36.80
36.92
31.95
27.68
29.16
30.43
37.01
44.76
45.39
50.05
57.17
62.43
61.40
61.05
54.42
49.65
46.29
43.04
39.49
39.72
38.17
35.60
35.29
35.75
35.11
35.29
34.73
34.87
35.63
36.69
41.09
45.98
51.26
56.68
60.45
60.19
61.97
60.49
58.41
47.69
44.96
37.82
34.40
32.49
29.01
28.39
26.50
27.51
26.22
25.80
25.92
24.89
24.96
23.95
30.02
33.17
37.03
38.83
41.78
44.19
44.21
45.03
42.76
34.73
31.58
28.72
27.98
27.89
26.97
26.58
26.82
25.77
25.12
32.03
32.73
32.88
33.40
33.25
34.01
34.04
34.87
35.52
37.04
40.44
40.94
41.42
40.53
36.44
36.52
34.22
34.42
33.71
33.14
33.78
33.39
33.23
33.58
33.59
33.85
33.47
34.17
33.98
34.60
34.46
33.75
34.33
36.47
39.68
40.96
42.34
41.47
37.41
36.59
34.39
33.72
34.84
34.51
33.82
34.63
35.05
34.47
34.26
34.19
34.71
35.34
35.04
36.38
37.41
37.41
39.89
44.02
48.24
49.33
49.83
47.27
42.82
37.24
34.13
34.41
34.13
34.12
33.54
33.54
33.79
33.43
33.21
33.09
33.38
32.83
34.16
36.72
39.90
44.14
47.28
48.85
47.49
50.40
51.15
50.27
41.06
39.22
35.82
34.26
33.43
32.48
31.55
34.04
35.57
34.92
34.47
35.76
36.98
37.68
39.36
40.18
42.26
40.00
46.77
47.91
50.82
54.81
54.47
50.11
46.08
42.30
39.12
36.84
36.45
35.22
38.63
36.46
33.82
35.89
36.27
35.12
36.51
35.73
38.83
40.96
42.57
44.31
44.87
47.11
49.82
51.16
48.97
46.80
39.66
41.40
41.35
41.07
40.74
38.82
40.57
38.32
35.49
37.49
37.01
36.10
36.64
36.19
38.64
40.79
35.60
38.08
40.98
43.21
44.66
45.28
46.52
44.40
38.69
36.74
33.65
32.21
30.99
31.00
31.13
32.28
32.61
32.54
32.87
33.26
33.49
33.21
33.55
33.08
32.23
34.02
35.62
34.99
39.14
40.00
40.84
39.49
36.16
34.32
31.79
30.25
30.86
30.94
31.42
31.54
31.36
31.67
32.46
32.82
32.74
33.62
33.02
32.42
31.47
32.12
34.05
38.47
40.20
42.46
40.78
41.42
38.39
37.06
33.57
33.02
31.53
30.63
31.92
30.42
33.24
31.90
31.30
32.01
32.16
32.33
32.35
33.70
37.89
39.97
39.70
39.17
40.82
43.59
40.36
36.77
33.91
32.21
31.51
32.17
31.26
32.49
33.79
34.12
33.66
34.45
34.32
34.63
35.33
34.04
33.96
38.49
38.00
35.18
33.52
34.40
35.51
37.59
37.23
36.79
31.58
29.45
31.08
30.93
31.35
31.48
31.73
21.89
32.53
33.73
33.74
33.50
33.75
33.95
34.10
36.63
37.61
37.00
34.69
34.77
34.14
34.27
34.80
32.59
31.09
32.79
32.41
32.71
34.62
32.97
35.81
34.41
34.23
34.79
35.29
35.72
39.07
39.33
40.53
39.29
36.83
42.89
39.00
38.26
37.97
38.20
36.94
35.58
33.13
34.80
33.19
34.65
35.72
34.49
29.88
31.61
32.86
33.69
33.55
32.26
33.48
34.02
36.51
34.43
33.99
32.53
32.78
34.75
36.07
37.29
39.01
37.37
33.70
31.32
29.33
28.47
27.44
27.05
27.84
28.77
29.46
29.55
29.96
30.26
30.25
30.35
31.77
29.09
27.31
26.25
27.91
29.17
30.22
31.38
31.56
31.92
30.10
28.77
26.83
26.03
25.50
25.59
25.60
26.32
27.00
27.23
27.62
27.79
28.27
28.77
28.56
27.64
26.06
26.40
27.60
28.80
30.41
31.24
32.24
32.09
29.50
28.99
26.98
26.07
25.59
26.00
26.44
27.83
28.74
27.61
28.17
28.14
28.57
28.34
29.35
30.34
31.27
32.72
34.69
36.41
40.52
47.25
46.95
44.58
35.98
32.32
28.16
27.09
26.50
26.28
26.63
27.10
27.84
27.33
27.80
27.97
27.78
27.53
30.36
36.44
33.63
35.51
39.12
41.38
42.91
45.56
47.47
46.51
37.09
33.66
30.97
29.62
29.70
29.22
31.07
31.32
29.89
31.20
31.67
32.23
31.25
31.37
31.32
33.67
36.24
37.26
38.59
42.01
44.62
41.93
40.58
39.48
35.28
33.37
31.50
31.34
31.36
31.84
31.81
32.23
31.71
32.00
32.25
31.84
31.36
31.79
32.63
33.84
34.84
35.92
39.38
41.46
44.29
46.89
45.48
38.20
29.80
26.79
23.84
23.10
22.02
21.92
21.61
22.00
20.65
20.77
21.05
21.18
20.88
21.38
21.45
23.52
26.65
31.17
33.31
36.72
38.47
41.19
42.56
38.56
29.46
26.11
20.60
20.66
19.48
18.79
20.11
19.23
19.79
20.35
20.33
20.30
20.78
20.72
21.37
20.50
19.04
19.11
20.50
23.42
26.31
26.58
25.49
26.91
23.53
23.37
20.64
20.27
19.55
19.31
19.59
19.63
19.71
20.02
19.81
20.37
20.49
20.34
21.03
20.16
20.34
21.56
24.02
26.09
27.92
29.65
31.08
28.68
25.95
24.17
21.94
20.05
19.56
19.80
19.30
20.02
19.81
19.56
20.60
21.83
21.16
20.86
21.30
20.60
22.86
24.16
25.80
27.76
32.67
33.23
33.25
30.98
26.72
25.26
21.37
22.21
21.02
21.56
21.37
22.29
21.33
21.84
21.85
21.82
21.54
21.64
20.91
25.51
29.07
31.13
33.12
35.91
37.40
39.56
40.91
37.19
27.86
24.77
23.04
22.07
20.66
20.72
20.06
20.63
20.81
21.07
20.71
21.81
21.50
22.26
23.22
27.62
28.33
29.26
24.23
34.18
35.72
36.86
35.94
33.43
29.29
25.23
21.39
19.89
20.35
19.94
20.69
20.94
21.20
21.79
21.95
22.39
22.55
22.72
29.39
34.78
35.64
35.95
38.31
34.48
36.13
38.42
40.57
35.10
30.84
25.37
20.47
21.03
20.47
20.53
20.69
20.82
21.52
21.19
22.73
21.53
22.12
23.84
22.80
25.82
26.24
25.66
29.63
35.53
35.71
36.25
34.83
31.15
28.04
26.20
23.72
22.95
23.13
23.00
23.43
22.80
24.10
23.93
24.97
24.84
25.24
24.50
25.45
25.12
24.38
22.71
22.32
28.55
30.24
31.25
33.08
28.84
25.60
25.81
23.05
21.28
21.01
22.28
21.26
22.36
22.70
23.08
23.98
23.02
23.26
23.92
24.50
23.76
23.79
29.09
29.44
33.09
33.80
30.34
31.01
27.91
23.64
23.47
21.68
21.38
21.48
20.94
21.43
22.47
24.01
23.67
23.11
23.32
24.62
24.50
29.85
28.49
31.47
32.79
34.03
37.08
39.57
38.24
36.81
34.45
29.91
25.71
22.95
22.17
23.46
22.01
22.06
22.10
23.15
23.09
23.33
24.08
25.98
24.84
27.47
33.29
34.25
35.71
31.62
31.77
30.54
29.47
28.71
29.09
26.70
24.32
22.20
21.62
21.96
21.31
22.33
21.75
21.92
22.07
23.20
23.66
23.14
23.25
23.88
27.02
28.02
27.02
29.02
27.40
28.66
28.09
26.40
25.84
17.30
25.01
24.28
23.89
23.69
23.51
23.92
23.40
24.06
24.08
23.75
24.33
23.96
23.55
24.73
27.56
29.67
29.94
31.79
31.34
30.85
29.73
31.03
31.13
28.20
27.54
26.37
25.52
25.51
25.53
25.34
25.20
25.08
24.27
25.30
25.12
24.76
24.87
26.24
27.88
29.18
31.80
32.17
34.54
33.00
32.93
31.14
29.51
31.78
26.35
23.98
26.51
26.76
26.54
26.46
27.80
26.24
26.84
28.36
26.52
27.41
29.23
30.04
28.46
26.75
23.91
22.70
21.77
21.71
19.48
19.77
18.99
25.69
24.24
23.39
24.81
26.06
26.06
26.22
25.81
26.66
27.47
27.61
26.20
27.13
27.83
28.08
28.32
25.96
26.69
25.77
22.99
20.56
19.98
20.88
18.98
23.40
24.35
26.46
24.20
26.45
26.66
28.62
28.28
27.37
28.11
26.33
27.71
28.74
28.37
30.23
31.84
33.28
39.34
35.42
32.83
30.15
33.87
31.91
33.38
30.31
33.95
30.55
38.95
32.88
35.12
34.30
32.48
31.50
37.61
36.75
37.04
39.09
37.87
41.61
38.17
39.06
37.03
37.71
37.75
31.60
32.66
31.92
34.30
34.90
36.31
32.32
34.02
31.82
33.48
34.35
34.76
34.46
33.85
33.44
34.06
34.48
33.66
34.64
37.68
40.61
36.09
35.13
34.97
29.27
29.46
28.23
26.12
25.63
27.26
24.54
24.88
28.47
27.97
27.10
27.44
25.69
27.57
28.79
28.34
28.73
28.64
27.07
28.14
26.39
26.04
22.58
24.68
22.98
25.23
23.95
25.35
25.66
24.43
25.67
22.85
24.58
25.35
24.92
24.11
25.99
24.39
26.36
28.55
30.21
30.79
31.81
31.26
28.19
30.17
28.28
28.30
27.69
28.88
27.16
27.58
29.53
30.44
28.52
29.15
29.45
29.46
30.06
28.76
29.90
29.44
30.99
29.74
32.91
32.44
31.34
32.19
30.14
28.53
27.37
27.55
27.62
27.80
27.54
28.35
28.35
31.15
29.01
28.56
29.56
29.84
30.27
30.95
32.11
29.84
29.09
32.74
33.03
33.42
33.39
29.66
31.86
29.17
27.68
28.29
27.31
26.99
26.25
25.52
26.45
29.03
27.39
28.70
28.27
29.00
29.95
30.14
30.34
31.42
31.59
31.42
30.93
31.53
32.01
41.60
40.31
36.20
37.14
37.53
33.32
31.56
32.60
31.16
31.33
25.84
27.62
28.98
27.69
29.02
30.33
31.24
32.84
31.81
32.86
32.63
32.16
33.85
38.93
37.78
35.58
33.04
35.54
32.61
31.19
33.96
34.33
34.82
29.15
28.44
26.20
27.81
26.70
28.94
29.01
29.40
29.71
27.77
28.75
27.72
27.54
29.68
30.52
29.71
32.89
30.41
32.80
32.95
33.25
33.85
32.41
30.54
25.19
24.55
22.84
22.79
23.09
23.08
24.86
23.26
23.86
24.04
24.42
25.04
24.69
26.38
27.44
27.47
29.92
29.65
32.01
33.20
35.67
36.09
34.69
30.88
28.25
25.07
22.86
23.13
22.91
23.55
23.69
25.35
25.86
25.85
25.94
27.03
27.11
25.26
27.38
29.40
29.71
30.06
28.96
31.07
30.86
33.96
31.49
30.69
26.96
25.18
24.76
24.16
24.13
25.61
25.58
26.75
27.58
27.58
29.33
28.85
29.00
29.66
31.17
29.49
25.48
25.60
23.41
21.64
22.59
23.11
22.90
24.01
24.91
25.40
24.01
23.72
24.16
24.57
26.05
24.57
26.02
25.76
25.79
26.43
28.17
34.55
32.51
33.39
31.79
31.54
31.39
29.59
30.33
28.87
26.67
27.00
29.65
31.11
28.42
31.42
33.74
33.75
34.46
30.60
33.16
34.32
27.92
29.66
28.52
28.29
29.42
32.50
38.32
36.17
34.57
33.53
34.09
34.31
33.03
31.74
31.12
31.94
31.03
34.52
35.02
31.53
30.20
29.13
31.03
30.56
31.54
33.21
33.74
35.35
35.97
37.69
36.74
38.94
40.41
34.70
31.93
32.49
29.89
26.02
25.93
26.78
24.89
28.72
31.02
30.50
32.07
28.86
29.38
28.81
31.71
34.29
32.28
35.59
31.55
33.67
34.98
31.56
28.30
25.73
27.22
30.09
27.75
27.45
21.98
20.75
21.02
24.35
26.16
28.19
29.46
31.28
32.55
29.77
32.51
34.85
34.30
32.47
33.52
36.28
32.46
32.52
29.07
29.85
30.93
31.34
27.89
27.16
25.19
23.84
24.84
24.50
26.64
26.80
27.56
30.57
29.74
29.61
29.87
30.69
31.79
31.58
34.09
36.79
36.89
35.83
30.96
27.86
27.77
29.46
28.69
26.50
23.25
21.83
20.63
23.24
24.11
26.00
27.21
28.47
28.67
29.03
29.64
30.06
29.71
30.65
31.61
30.37
27.97
26.49
22.98
20.69
19.36
19.18
19.41
18.38
20.12
21.12
21.10
19.52
20.60
23.41
25.66
25.29
26.35
27.91
28.79
28.27
28.99
29.54
30.28
29.31
28.29
23.74
23.64
21.50
21.83
20.09
20.02
20.91
23.81
26.22
25.85
26.94
28.21
29.49
30.63
31.15
35.04
34.24
37.56
38.42
40.26
40.34
43.20
40.58
37.68
35.79
36.36
37.59
41.45
34.21
36.10
27.37
30.69
28.81
27.60
31.41
32.32
32.31
36.97
39.40
42.22
43.75
43.76
44.35
45.70
45.38
50.98
47.89
46.41
45.73
44.57
40.32
40.02
37.66
36.29
35.67
36.76
35.72
35.33
38.00
37.68
37.21
38.56
39.06
40.61
40.48
42.24
40.22
39.10
39.75
42.72
45.31
43.35
40.28
39.26
39.13
38.28
39.35
37.09
32.40
31.22
34.62
33.94
34.45
36.54
35.44
37.43
38.67
40.01
41.34
42.74
43.04
44.01
44.24
44.55
45.22
43.91
43.63
39.17
38.78
37.52
36.74
35.81
34.33
34.32
32.50
33.21
33.76
35.26
35.35
39.94
41.21
43.99
42.35
45.77
46.73
44.12
48.00
48.64
46.41
44.42
43.45
40.94
38.23
37.70
37.11
38.26
32.54
32.68
31.63
33.27
35.91
36.19
37.85
38.23
38.73
39.33
40.22
41.50
41.27
42.89
41.50
41.87
40.76
37.33
32.97
33.30
30.66
29.63
29.15
28.23
28.34
30.49
32.16
32.47
32.94
35.12
35.36
36.75
36.22
36.32
37.74
38.55
36.94
37.59
36.45
38.92
37.77
34.74
34.79
31.12
29.26
27.97
28.43
28.48
28.91
30.15
31.08
30.92
30.53
31.28
31.33
32.78
33.33
33.86
33.35
37.31
33.75
36.37
35.10
37.77
37.24
37.69
36.78
35.84
35.71
34.17
34.47
32.85
33.01
31.69
31.33
30.10
30.02
31.82
32.27
33.75
34.47
34.35
27.46
26.74
25.52
26.63
28.40
31.36
28.71
28.81
29.20
26.82
28.09
27.54
25.59
23.20
23.71
26.38
26.55
27.55
23.85
26.89
27.32
27.95
27.53
29.04
29.11
29.59
28.82
29.69
30.06
35.44
35.88
33.87
31.38
31.63
28.88
27.69
25.98
25.19
25.72
27.86
28.13
28.93
30.30
30.29
30.48
32.27
32.31
35.27
35.33
37.81
34.69
35.75
34.35
38.28
40.68
38.80
32.78
31.36
26.61
28.50
26.78
29.08
26.17
25.27
25.86
27.62
31.36
29.14
29.83
31.62
32.44
32.35
31.67
31.63
29.92
30.83
31.43
33.53
37.37
35.79
34.85
40.07
35.71
35.53
35.07
34.00
29.05
29.13
28.94
29.41
28.57
30.58
29.12
28.63
29.35
29.88
30.36
31.54
32.87
33.98
31.92
35.18
34.24
32.29
28.80
28.45
27.61
27.10
26.59
25.40
26.18
29.61
31.61
31.88
34.82
35.24
35.00
38.08
37.78
39.76
39.40
39.35
41.76
42.48
46.20
42.44
44.20
40.41
36.87
35.60
30.97
30.72
29.77
29.84
30.13
30.71
32.78
33.63
34.67
36.36
35.28
36.95
39.75
39.86
39.33
42.77
42.64
43.43
39.34
41.26
44.37
50.50
50.05
48.09
44.66
42.53
35.46
37.56
34.44
30.96
34.14
33.25
33.24
34.12
34.15
33.67
36.21
33.70
34.95
33.87
31.08
32.56
32.61
36.81
38.85
37.15
34.89
33.97
29.84
31.31
29.45
30.80
25.87
28.34
27.68
29.15
31.15
33.38
31.87
31.97
