48.66
48.35
47.81
47.77
48.30
49.66
53.84
54.51
55.46
52.80
48.68
47.79
43.89
40.42
42.70
40.95
41.55
41.45
42.93
45.16
48.84
50.34
50.05
49.74
50.46
51.58
50.89
54.53
53.34
56.00
61.12
65.65
69.93
65.12
68.95
66.06
63.80
60.10
58.82
58.00
55.97
50.69
47.40
50.36
50.17
50.58
51.08
52.84
54.10
57.60
56.32
56.53
56.28
59.69
63.77
66.81
67.55
65.44
63.53
58.95
58.95
61.95
60.02
56.52
53.11
47.17
46.22
44.28
45.07
48.47
44.36
47.46
49.22
50.93
52.88
52.64
52.05
52.71
58.79
62.78
61.64
60.55
57.21
54.75
55.80
52.50
52.91
52.47
48.13
42.28
38.85
40.64
42.05
40.55
41.36
43.09
42.36
43.59
45.40
45.07
44.51
45.01
49.77
49.70
49.16
43.66
41.21
39.48
36.93
34.31
33.53
34.09
38.06
35.65
35.46
36.40
36.15
37.56
35.71
38.19
36.71
38.10
38.69
39.40
41.45
41.53
43.51
42.93
43.42
43.09
38.12
40.02
37.77
35.90
37.30
36.63
37.20
40.54
39.47
41.44
41.80
44.36
45.79
45.13
45.60
47.86
48.18
46.71
48.58
49.76
50.04
61.42
58.15
61.52
66.35
66.05
64.79
65.76
65.68
67.94
63.84
50.31
45.73
43.68
40.66
41.93
41.70
45.04
44.05
45.93
45.87
45.54
45.61
45.81
51.02
59.81
66.28
76.54
79.18
76.95
80.28
83.11
78.87
78.11
73.95
60.49
52.44
44.58
43.49
41.50
39.89
40.52
41.10
40.72
41.41
41.36
42.45
43.42
44.38
50.60
60.98
64.59
66.82
68.34
72.56
76.10
73.20
84.27
74.43
55.03
47.99
42.47
40.70
39.26
38.23
39.05
39.95
39.42
39.99
39.49
36.54
39.44
39.47
49.64
57.58
61.95
41.38
68.72
72.17
73.87
67.50
70.88
76.76
65.73
56.33
50.40
44.61
42.39
38.39
41.36
41.65
41.24
43.53
42.25
42.52
44.27
45.29
59.05
61.55
65.10
67.25
64.11
69.64
68.01
59.43
61.22
56.23
44.25
35.58
34.66
37.47
34.45
36.93
36.91
38.27
39.14
39.10
39.03
39.34
41.83
42.52
44.27
47.54
51.26
53.69
64.70
59.13
52.75
49.67
46.22
41.99
38.91
38.17
37.83
36.36
38.90
40.88
40.36
39.44
40.81
41.31
41.92
43.11
43.61
44.89
46.41
45.18
42.14
39.30
42.05
40.08
40.99
46.15
42.33
40.59
39.00
39.77
38.55
41.28
39.81
42.53
43.45
42.48
41.61
41.35
41.74
39.17
40.73
42.88
52.13
53.74
61.48
59.29
60.75
68.42
67.96
65.20
68.35
63.95
51.65
47.67
45.14
42.64
39.46
39.01
38.30
38.38
37.14
38.26
36.64
37.07
37.84
39.44
46.06
55.05
65.88
70.09
66.49
74.25
75.00
68.54
67.16
64.01
58.16
51.95
46.97
43.36
41.93
39.43
40.69
39.59
39.69
39.65
42.08
41.15
41.49
41.57
51.27
55.43
58.40
63.55
63.90
72.77
69.15
63.62
71.08
63.72
53.77
49.05
50.07
46.29
42.28
41.34
40.92
42.45
41.21
43.19
44.73
42.71
43.63
45.62
54.70
58.56
62.40
71.45
67.09
69.23
73.45
65.65
66.38
61.85
52.00
47.39
43.86
42.97
39.97
40.58
38.44
40.41
38.83
38.73
37.11
38.87
39.25
41.78
50.58
55.51
57.42
61.26
59.87
65.80
69.99
70.07
64.09
58.96
45.54
37.45
36.09
36.06
33.50
35.40
35.84
36.48
36.51
38.50
40.89
42.08
42.57
44.94
46.71
49.79
45.75
46.67
46.46
46.38
47.42
50.83
49.87
50.25
42.50
35.94
34.09
36.05
34.79
38.09
36.88
39.40
39.85
40.93
40.82
42.62
44.48
45.78
46.15
41.38
38.87
40.24
40.75
40.16
40.72
42.49
44.75
41.79
37.55
33.52
34.43
34.91
34.09
36.29
34.63
35.94
35.17
37.37
37.22
36.60
39.76
41.11
42.11
41.08
41.86
39.24
42.52
42.67
44.25
46.16
44.01
44.13
38.39
38.28
38.01
40.18
39.41
40.97
42.18
43.56
44.34
48.52
44.14
45.19
46.22
47.17
55.40
62.89
64.11
73.93
71.83
75.45
75.51
69.62
72.14
66.65
58.87
53.23
48.38
44.52
41.82
42.19
43.62
43.83
45.01
44.31
45.27
45.49
47.05
49.75
57.66
58.40
60.07
62.48
69.71
72.45
67.71
66.05
67.03
65.01
51.26
45.74
46.91
45.82
42.43
43.97
45.86
47.71
51.85
46.76
45.85
44.88
47.91
50.58
57.66
63.24
64.56
64.64
66.13
68.49
67.63
67.28
68.42
71.30
57.37
48.24
47.50
47.96
43.12
43.19
41.65
40.94
40.93
41.18
43.36
44.24
46.55
47.90
58.66
55.86
56.59
63.46
63.98
66.34
65.73
63.33
59.65
56.53
44.92
36.29
37.05
37.55
36.91
37.34
35.98
39.53
40.92
41.76
41.90
43.37
45.53
45.71
48.59
51.00
44.58
43.36
40.39
41.10
41.88
45.98
48.68
47.72
39.94
37.00
34.09
34.30
36.05
36.01
38.23
38.10
38.09
38.37
42.02
40.94
42.95
43.78
44.83
41.87
38.27
36.71
36.90
36.68
37.15
38.63
41.70
43.07
39.35
34.59
34.69
35.75
35.30
42.17
38.73
40.73
44.12
39.25
37.05
38.90
41.00
40.90
52.48
56.04
59.55
62.36
66.09
67.43
68.72
67.25
70.18
64.80
51.83
46.02
41.34
39.87
35.81
37.78
36.78
38.30
35.78
37.44
35.66
36.83
38.08
38.52
46.51
54.98
60.77
69.32
63.79
69.90
71.25
69.37
69.70
16.26
57.85
50.41
45.89
41.87
39.00
37.29
37.99
36.68
36.71
36.49
33.22
34.64
35.61
36.87
43.94
48.67
52.71
56.41
59.29
69.49
72.23
69.01
72.76
64.41
52.82
47.41
43.56
39.98
37.62
38.20
35.79
36.36
34.38
34.31
33.50
35.82
37.10
39.97
47.18
53.04
59.68
66.71
65.58
73.37
73.00
69.32
67.09
67.88
62.64
49.46
47.28
41.20
36.96
37.99
33.73
32.13
32.86
31.96
32.13
33.78
33.00
35.44
47.79
46.73
52.49
61.59
66.94
67.49
68.13
69.76
69.98
62.49
50.27
41.20
35.85
34.78
33.73
33.57
32.30
34.48
31.82
32.03
33.99
31.71
34.88
34.42
34.22
38.47
37.62
35.26
37.52
37.67
42.19
39.55
44.49
43.19
40.51
35.62
34.86
34.99
32.98
34.55
34.04
32.07
31.69
32.45
33.08
32.38
33.25
35.75
35.44
35.27
34.45
32.66
33.55
32.68
33.90
33.15
32.57
32.93
34.19
33.35
35.97
34.85
34.60
37.91
35.10
35.72
34.79
33.64
31.76
33.30
33.35
35.61
45.08
47.47
56.52
59.71
57.02
60.34
60.67
53.91
60.73
58.88
52.13
45.13
40.39
39.80
37.76
36.86
38.29
36.56
38.43
37.78
36.50
37.22
38.48
38.87
49.20
59.16
67.51
77.57
75.97
76.43
72.64
66.73
66.19
68.14
60.00
51.48
45.60
41.96
39.25
38.20
37.10
39.68
37.77
38.93
39.03
37.53
42.51
44.77
53.44
58.45
59.84
67.24
68.72
72.14
71.25
66.11
69.15
64.32
53.35
50.02
48.12
48.85
47.85
45.15
47.15
48.29
47.26
46.56
47.36
48.64
51.01
55.57
61.76
64.54
69.90
72.06
75.55
76.21
74.04
68.70
70.76
71.22
64.21
54.37
50.59
51.50
46.15
46.02
47.45
48.05
47.57
47.00
47.39
49.88
54.54
55.44
66.32
61.71
66.08
61.59
63.02
63.00
60.08
58.04
58.28
56.38
45.35
37.30
36.80
35.81
39.08
39.02
37.97
39.45
40.51
40.91
42.85
42.18
44.35
43.77
46.60
53.38
56.57
54.80
50.64
51.57
47.15
37.95
37.97
40.06
39.99
40.01
41.50
42.24
41.21
44.22
44.92
46.22
47.58
47.66
50.05
51.16
52.01
54.70
57.39
51.81
47.27
43.91
41.06
40.61
39.49
41.02
40.82
42.92
38.96
36.41
38.43
37.84
42.05
43.16
42.35
43.31
43.04
42.31
42.62
41.92
43.68
46.44
54.63
54.02
59.56
64.69
62.06
69.39
65.95
62.67
67.20
65.21
54.19
48.86
44.66
44.07
43.02
42.20
46.10
46.18
46.12
44.91
46.05
46.24
48.47
53.13
59.77
63.52
68.96
70.52
67.94
71.89
71.57
68.11
70.54
70.57
61.31
49.71
44.12
42.33
39.10
39.08
38.85
38.07
40.31
39.77
38.08
39.62
39.35
41.55
53.78
57.17
58.42
62.55
64.30
60.33
59.48
55.14
59.54
58.94
46.62
42.49
42.91
39.81
35.28
35.97
35.64
35.41
37.31
34.75
35.13
33.28
37.18
37.36
45.11
52.75
58.06
65.31
63.63
67.08
65.45
61.91
59.78
59.08
51.42
44.46
41.87
40.39
38.77
37.28
37.56
39.21
37.34
37.53
33.29
17.86
16.85
37.24
50.33
52.26
54.28
57.07
59.14
64.37
59.52
49.68
51.46
47.20
41.36
36.55
34.71
34.90
34.94
35.12
35.41
34.42
35.84
35.22
37.54
36.12
38.58
39.18
42.56
42.75
41.47
46.55
45.19
43.24
45.53
47.58
45.81
46.34
44.36
38.33
37.14
37.42
39.86
42.49
43.14
41.67
44.68
44.98
46.74
45.90
46.60
48.92
49.54
44.41
42.40
41.61
43.63
42.37
39.17
36.91
35.43
36.97
37.40
37.05
39.38
41.39
41.14
43.64
40.81
37.72
37.44
38.64
39.78
40.18
42.88
45.55
55.66
56.26
60.94
60.44
61.55
61.28
58.43
53.31
60.25
60.20
52.51
48.29
44.56
46.42
44.41
45.66
47.54
48.55
49.14
49.05
49.12
50.23
52.03
57.50
62.15
65.22
67.75
69.24
69.70
71.79
72.35
72.53
66.59
64.54
59.42
52.88
52.23
46.53
46.77
45.78
48.47
49.71
47.53
49.42
48.75
51.07
54.63
60.34
68.85
63.57
66.91
41.05
63.22
67.05
71.35
64.52
68.31
66.09
52.43
46.61
47.43
44.25
43.14
41.11
40.92
43.50
45.64
42.67
39.95
41.39
42.71
45.07
59.95
65.72
71.96
73.83
71.18
72.72
73.17
67.23
68.60
66.88
60.77
50.52
51.56
54.48
53.33
53.92
54.04
52.65
54.80
54.61
54.05
52.33
53.58
58.92
69.31
69.89
75.85
79.40
78.32
74.41
70.43
62.09
58.38
59.14
57.93
49.13
50.35
50.54
51.18
48.61
46.53
48.82
50.61
49.72
51.21
52.24
54.69
63.71
63.80
54.90
52.45
48.65
45.45
43.94
44.45
42.57
44.49
44.43
41.25
39.60
39.67
40.71
42.78
44.61
45.08
44.84
46.38
47.07
48.83
51.26
50.85
61.40
59.81
51.84
46.06
43.53
39.64
37.92
40.56
40.23
40.49
41.00
39.49
36.20
35.60
39.96
41.80
41.88
43.11
41.84
43.13
44.38
44.20
44.24
46.61
52.49
62.80
59.10
63.04
64.06
64.30
65.78
61.27
63.17
69.90
70.24
59.98
49.96
44.57
40.68
40.93
39.18
39.30
41.42
40.74
40.46
40.32
41.10
42.63
47.65
60.38
59.99
67.01
71.95
72.45
80.06
81.17
74.28
70.26
62.96
57.71
51.70
44.50
41.44
39.20
35.85
36.95
37.03
36.70
34.68
33.19
32.24
34.52
37.06
46.57
55.82
60.17
66.71
71.25
77.29
78.84
76.58
81.11
78.61
66.45
56.64
49.02
43.35
42.12
41.07
40.10
41.59
39.26
39.85
39.57
40.73
43.31
44.49
56.95
57.85
60.68
71.22
72.30
79.16
81.59
79.30
76.83
79.35
73.72
54.97
45.74
43.72
40.80
38.19
37.49
37.22
36.42
33.37
34.68
32.23
35.64
35.21
46.59
48.84
52.08
56.53
60.49
65.76
68.79
68.48
68.93
65.64
58.53
47.09
38.89
36.63
35.66
34.89
31.60
32.29
31.38
30.92
31.09
32.46
32.99
33.98
33.76
42.75
50.80
55.20
56.83
54.36
46.36
51.26
54.78
52.98
50.01
41.54
36.85
35.97
33.57
33.74
32.96
33.36
32.06
33.38
32.58
33.81
34.27
36.71
35.87
34.00
40.00
40.33
42.15
45.58
48.60
53.47
55.67
56.81
54.97
42.32
36.70
38.01
36.94
37.42
35.75
35.79
32.40
33.06
33.96
34.24
37.17
37.69
42.90
45.41
45.93
53.39
61.62
60.43
60.97
64.00
63.23
61.80
53.17
43.70
40.91
39.66
37.32
35.54
36.01
38.08
35.24
36.57
35.04
35.59
37.89
40.11
46.11
45.18
47.65
53.41
55.66
59.07
63.60
68.34
70.30
69.10
63.25
52.07
41.95
41.19
38.84
36.79
35.69
35.59
35.64
33.46
31.45
32.40
31.39
32.84
38.38
43.02
48.19
56.41
60.84
64.04
72.48
75.81
76.60
74.62
71.37
53.80
47.49
43.60
42.55
40.09
37.55
35.98
34.85
32.47
31.56
31.46
34.53
33.45
39.70
44.35
45.01
52.33
52.88
60.30
64.26
61.06
61.98
57.26
47.76
41.62
39.42
36.05
35.14
34.51
31.65
30.62
29.75
29.99
29.00
30.05
30.46
32.01
37.65
43.68
44.25
47.80
49.19
53.00
55.02
59.00
61.07
57.60
49.26
37.20
34.97
33.57
33.57
32.03
33.02
32.53
32.69
33.46
35.71
36.48
39.17
41.89
39.43
36.70
36.94
35.77
37.38
38.47
41.25
41.89
39.12
38.05
34.76
33.25
32.71
32.82
33.49
32.35
33.26
31.96
34.02
36.31
35.74
36.22
38.92
42.00
41.03
36.07
33.69
35.81
34.31
36.07
39.19
41.28
43.72
45.11
40.34
33.95
33.76
32.53
33.88
33.00
33.23
31.40
29.77
31.65
29.68
32.34
33.10
34.53
46.53
52.12
55.73
62.79
68.07
66.94
62.10
58.48
61.51
58.05
48.41
46.37
41.40
38.36
36.39
36.29
37.86
36.92
38.36
36.69
35.28
34.07
37.48
37.32
48.67
55.38
63.71
69.83
62.47
68.23
66.55
63.05
67.88
67.52
61.00
52.52
47.46
43.34
40.48
40.71
37.88
39.13
39.59
38.08
35.48
35.19
36.75
38.80
50.59
54.29
51.01
59.61
62.18
62.25
64.61
65.39
70.72
67.52
58.34
45.84
43.06
41.98
38.38
40.39
38.15
41.32
43.07
44.12
42.37
41.45
42.11
46.56
54.79
54.63
61.93
73.10
69.76
71.53
69.69
65.06
66.52
66.40
62.32
48.28
41.70
40.24
38.30
37.56
37.83
39.44
38.81
38.34
37.91
37.99
39.48
41.59
50.33
47.45
51.18
56.97
60.40
62.09
60.64
57.45
56.99
51.57
44.94
37.93
36.29
34.99
32.42
33.13
30.62
31.96
30.56
30.23
31.40
29.85
31.57
34.11
32.86
36.37
40.26
41.42
44.36
47.98
48.29
54.51
56.09
58.79
57.02
47.71
38.63
36.72
35.83
34.29
31.35
31.28
30.61
32.32
31.01
32.29
32.57
32.35
34.68
34.38
39.00
39.75
42.99
45.21
46.70
51.36
55.42
58.32
57.91
49.78
40.30
39.28
37.20
38.32
35.29
34.46
31.99
34.21
34.41
33.92
32.92
36.28
43.61
50.75
64.32
67.48
70.53
78.37
81.24
78.55
91.65
90.94
80.99
66.99
53.60
45.94
42.63
40.53
37.08
36.10
34.52
32.34
31.34
32.15
31.22
34.06
42.35
52.20
62.35
73.12
80.25
88.81
95.42
90.17
94.78
90.29
88.14
73.04
54.62
47.32
42.83
40.52
37.70
35.67
35.76
33.94
31.85
31.02
32.04
33.30
43.67
49.89
59.94
61.80
67.92
78.64
82.27
78.77
89.96
81.32
62.85
51.81
48.35
41.69
39.33
37.51
36.59
34.20
34.76
31.90
30.93
30.53
30.94
33.63
44.26
51.64
60.33
68.35
73.20
81.75
82.24
68.15
60.76
60.03
54.55
43.32
38.17
37.70
35.15
35.70
35.52
34.83
35.78
35.06
34.15
33.38
36.46
38.53
48.26
52.31
65.16
69.76
70.92
68.83
69.08
67.06
69.10
63.66
58.88
46.28
38.84
35.71
33.60
33.73
33.21
32.47
32.34
32.27
33.43
32.65
34.89
36.17
34.83
33.15
34.33
38.70
41.08
43.33
45.44
49.59
53.96
55.59
54.82
43.70
38.62
35.55
33.87
34.21
32.42
31.96
31.04
32.04
33.64
31.63
35.13
34.48
35.33
34.56
38.18
39.52
42.74
43.94
47.14
51.70
55.21
57.57
55.50
49.29
39.09
37.98
35.86
33.05
31.03
29.88
29.87
30.31
30.57
29.74
32.63
33.77
42.90
47.81
58.15
63.74
69.74
74.53
76.84
77.49
94.10
93.93
84.22
66.83
54.61
45.52
41.14
39.04
36.50
34.65
34.86
33.40
31.60
31.09
32.26
34.96
41.77
51.57
73.91
81.31
89.46
97.44
98.45
89.65
91.21
91.53
79.87
69.02
61.22
55.30
50.13
46.18
40.34
38.29
37.13
35.72
32.32
31.62
32.61
33.24
48.40
60.61
67.72
73.09
80.08
86.49
86.21
82.17
83.96
74.84
60.80
58.35
54.83
48.93
45.31
41.62
36.20
35.10
34.93
33.03
30.92
30.82
30.52
34.43
45.89
58.94
68.36
75.01
77.87
87.07
90.76
89.72
93.71
92.18
87.53
67.43
55.79
47.40
42.41
38.32
26.34
16.14
34.49
33.25
31.43
30.08
31.77
33.10
45.01
60.01
66.24
66.00
69.95
74.23
77.07
73.97
76.40
72.71
66.20
56.55
46.65
42.79
40.63
39.98
33.13
33.23
31.39
31.60
30.46
32.36
32.75
35.06
38.73
42.23
47.93
49.69
52.84
53.43
54.74
61.06
64.47
64.86
67.21
56.16
44.18
41.29
38.87
37.69
33.32
32.54
30.93
31.37
31.11
33.27
33.53
36.64
37.85
40.31
42.54
44.45
45.63
48.03
52.07
57.15
60.37
62.33
62.79
53.15
44.01
42.73
42.51
40.04
35.72
35.01
32.73
30.46
31.26
30.83
32.98
34.48
45.81
53.55
67.30
74.20
80.02
76.91
80.14
83.36
91.92
88.34
77.86
63.67
54.06
50.48
45.71
42.64
37.29
36.13
35.19
33.89
31.84
31.96
31.42
34.28
47.27
59.96
68.21
77.00
80.70
91.28
96.30
92.06
94.02
95.33
84.79
69.21
61.44
54.93
51.25
45.43
40.81
40.47
38.43
36.47
33.45
32.57
35.04
35.74
51.99
57.25
62.82
66.25
73.59
71.81
76.34
77.15
86.98
83.55
73.09
62.38
57.23
50.28
44.92
44.24
40.02
37.34
37.74
34.28
31.51
31.75
32.34
33.51
44.88
51.62
56.16
72.67
79.86
89.53
91.04
84.43
91.88
90.79
81.21
64.59
55.53
49.91
47.01
43.87
39.61
38.25
38.39
37.99
35.85
33.89
35.01
36.07
48.64
57.18
63.96
76.51
77.98
73.30
73.53
75.35
74.68
72.19
69.53
60.63
51.12
48.31
44.11
40.84
36.36
35.10
32.93
33.36
32.79
32.16
32.50
37.34
38.71
53.94
62.20
62.94
66.13
68.59
67.38
68.84
69.48
70.44
66.22
56.82
49.02
45.82
43.42
42.03
37.40
35.64
34.26
33.71
32.44
32.90
33.31
36.67
42.92
47.79
50.14
52.07
54.18
58.09
63.15
69.49
73.88
78.28
78.66
63.82
54.91
50.94
47.91
44.91
39.34
37.19
33.49
31.46
30.08
29.98
31.05
33.17
49.10
61.21
66.24
79.52
85.65
90.25
96.25
98.31
112.61
110.91
93.31
80.75
67.09
64.29
56.54
51.75
44.95
43.17
41.11
37.00
33.53
32.19
33.05
34.79
50.20
62.57
75.42
88.48
92.56
109.22
109.98
108.88
118.35
118.24
110.81
91.54
76.88
65.73
58.70
53.03
46.09
41.66
39.65
37.06
34.09
31.88
32.81
34.64
52.44
61.86
67.74
74.75
75.32
77.02
76.51
73.39
79.41
77.49
69.98
58.06
52.37
47.95
44.96
41.93
37.17
37.05
35.11
34.99
33.22
31.77
32.34
34.81
46.28
57.04
62.64
67.06
73.18
43.38
78.91
77.00
76.43
77.50
71.78
54.81
48.91
45.67
42.60
41.22
37.24
35.16
35.70
33.52
30.30
30.79
31.52
33.29
39.42
44.57
50.17
62.82
71.06
67.50
69.65
71.99
67.42
62.34
55.76
49.96
43.89
39.85
39.08
35.95
32.74
30.80
31.27
30.91
30.33
30.26
32.11
34.36
36.51
43.35
47.86
47.78
49.80
50.61
51.94
57.88
62.71
64.00
66.04
57.42
45.89
42.57
40.15
39.22
34.58
33.22
32.16
31.98
32.02
31.58
32.92
34.81
38.85
44.49
47.01
47.62
49.98
54.19
59.45
64.52
68.73
70.36
68.01
60.02
49.98
48.73
45.54
43.41
38.83
37.48
34.64
31.64
31.01
29.93
30.15
32.21
46.63
62.56
67.16
69.86
74.24
83.93
89.98
89.61
98.40
97.92
86.58
71.14
60.81
54.04
49.82
46.35
40.45
38.29
38.02
35.08
32.68
30.90
30.84
32.98
49.09
66.09
76.85
81.50
82.52
89.97
93.01
84.71
82.17
73.04
64.83
53.57
47.16
44.43
39.14
37.02
35.94
35.42
34.15
33.58
31.23
30.96
31.28
34.09
41.59
49.67
61.89
67.32
73.67
77.91
78.59
77.30
87.43
84.51
73.35
63.05
55.75
47.45
43.61
41.58
39.08
38.25
36.58
35.38
33.14
33.04
33.08
35.53
46.06
63.13
75.38
82.12
85.92
93.33
94.03
91.65
105.68
106.18
96.70
78.22
66.62
55.54
48.69
45.05
41.77
37.00
34.20
33.43
33.19
31.08
31.20
34.11
54.59
64.74
75.72
85.12
92.01
97.21
98.70
96.16
108.76
108.64
97.48
84.72
67.68
55.63
52.05
48.00
44.40
39.52
36.75
34.78
33.86
33.93
34.30
36.43
44.57
51.76
58.76
60.97
63.03
65.35
71.12
74.21
78.17
81.22
79.44
69.03
56.23
50.72
48.04
46.29
41.57
39.14
38.00
35.75
33.95
33.20
31.83
34.68
42.87
50.29
52.59
52.20
53.21
56.26
59.36
65.77
70.03
70.46
69.52
63.50
51.23
48.50
45.87
42.18
38.27
37.46
34.41
30.85
30.23
29.08
30.42
32.50
50.70
62.50
71.30
78.50
81.66
89.15
88.44
88.87
105.50
99.61
90.27
75.32
58.74
52.81
46.22
44.20
41.91
40.49
38.58
37.54
35.33
32.66
33.36
36.18
47.66
65.19
72.22
84.20
87.58
100.25
95.75
93.46
85.12
85.48
75.28
66.24
55.49
51.58
47.30
45.00
42.83
39.29
38.66
38.06
33.99
32.57
32.05
37.44
49.94
61.72
70.29
74.92
81.15
86.16
94.45
97.99
112.31
106.81
93.87
81.95
65.82
56.98
52.64
51.13
45.61
42.97
42.49
39.53
35.56
34.11
35.79
38.55
52.81
68.36
83.02
93.16
100.09
106.80
114.16
113.86
121.03
120.06
111.81
94.03
75.64
66.16
62.33
54.10
49.82
47.24
45.28
45.61
42.25
37.25
40.86
42.21
56.70
71.81
81.52
94.44
92.23
98.88
107.97
112.77
112.47
112.60
106.81
92.55
77.22
63.64
59.83
53.84
49.32
45.04
41.27
40.06
38.81
37.29
35.67
41.85
49.32
57.45
64.62
66.48
68.74
70.94
80.40
85.24
92.27
94.13
92.32
80.07
64.87
56.08
52.54
49.89
45.82
42.45
40.50
38.46
38.31
35.40
34.90
40.96
47.73
54.85
58.51
61.69
62.66
66.84
73.90
79.68
86.31
90.28
86.01
74.80
63.54
61.73
57.20
53.96
50.30
47.11
44.33
41.15
40.88
39.90
39.44
43.21
46.54
59.32
64.75
70.80
68.96
66.99
64.06
73.37
81.19
77.09
75.30
68.61
52.98
47.33
45.06
44.16
39.16
38.50
37.56
37.29
32.68
31.56
32.38
35.26
49.42
61.00
66.80
69.49
73.77
82.90
81.88
81.14
86.22
83.80
74.54
66.27
54.51
49.90
49.36
44.92
41.12
42.75
39.86
35.77
33.96
34.13
32.95
36.57
47.97
61.03
66.94
70.04
74.17
83.35
82.66
81.77
86.17
83.22
80.09
72.33
57.66
51.95
48.66
47.71
42.09
41.15
40.22
35.70
34.78
33.46
32.45
37.62
51.84
70.13
71.93
73.05
84.65
89.03
95.75
92.09
95.51
84.08
71.44
61.68
54.28
50.27
46.73
46.78
39.23
36.17
36.79
32.18
32.41
31.98
31.84
34.29
47.38
59.21
68.02
71.39
74.44
79.66
85.03
98.68
105.46
102.17
91.44
81.50
64.65
53.68
48.59
45.18
40.56
38.32
34.88
36.44
32.95
30.96
30.98
35.91
43.48
57.42
68.50
76.41
83.19
86.57
85.29
85.62
93.14
93.82
91.46
81.57
64.15
57.97
52.01
49.59
46.09
42.39
40.48
36.46
37.39
36.68
34.54
38.84
49.88
54.89
59.43
61.99
62.36
68.66
75.60
82.19
84.36
79.98
78.15
67.69
59.76
55.62
53.72
50.14
47.62
46.33
44.15
40.58
39.41
35.48
33.52
35.29
41.79
54.92
59.89
67.44
72.15
73.26
74.76
82.97
87.90
84.24
76.70
72.49
61.70
52.01
49.50
48.59
43.36
40.80
35.53
35.66
34.59
32.76
33.01
36.30
37.55
45.22
50.91
54.58
56.64
63.24
66.99
71.28
77.12
76.08
70.54
63.99
52.19
47.82
45.69
44.48
38.90
36.79
38.59
33.57
32.85
33.15
35.19
37.23
37.89
46.61
56.88
65.06
68.34
74.53
78.32
85.28
88.35
89.37
74.20
54.34
49.94
48.31
41.93
43.87
40.84
38.40
40.22
39.76
34.57
33.63
34.87
39.17
46.58
63.57
69.66
75.57
78.18
82.77
88.66
93.37
97.29
88.96
77.89
63.13
57.46
52.59
51.63
48.50
42.70
39.39
38.12
34.41
33.89
34.82
31.78
35.22
48.46
58.43
35.19
67.84
71.19
72.78
76.68
78.99
78.26
70.66
75.72
65.69
53.34
50.60
47.05
45.89
41.97
38.03
35.51
32.22
32.04
31.38
34.33
33.61
42.60
50.07
51.06
51.24
53.99
56.03
60.54
65.75
69.42
69.60
74.28
60.06
50.91
46.70
44.87
42.48
41.45
37.48
34.89
32.05
31.76
32.97
33.56
33.81
36.79
42.60
49.82
50.79
51.56
54.72
60.66
58.27
51.83
55.68
53.40
58.49
48.57
44.51
41.33
40.20
35.84
35.65
33.42
31.14
31.00
33.33
30.84
33.33
45.99
59.92
63.26
68.02
70.79
74.72
80.28
85.77
90.78
93.51
91.36
82.54
70.58
60.28
55.58
51.65
50.00
44.68
42.27
41.24
36.97
36.45
36.73
40.64
52.78
68.22
75.21
79.46
84.65
87.67
93.38
102.45
107.72
107.64
103.18
92.23
76.95
65.92
61.13
56.07
52.08
48.66
49.35
47.71
41.26
39.37
39.44
43.64
57.52
75.05
82.60
88.02
92.93
97.92
104.47
110.93
114.04
109.41
102.78
94.45
78.52
69.75
62.70
58.37
50.76
48.46
45.96
42.36
39.78
38.27
37.55
42.06
47.30
60.97
69.02
69.68
30.71
82.84
88.68
94.01
96.63
95.09
88.08
77.32
62.24
55.51
52.51
48.19
43.58
39.16
35.77
35.93
33.40
32.12
31.76
35.16
44.70
55.30
57.40
59.45
60.84
62.82
67.79
73.44
73.73
71.92
67.10
56.61
49.48
43.98
41.28
41.25
35.15
34.87
33.31
30.78
30.71
29.80
32.23
34.43
41.78
47.71
51.39
51.44
52.53
55.14
59.76
65.93
68.67
70.20
66.57
62.21
50.45
46.64
44.47
41.53
38.75
37.53
34.49
33.27
34.08
33.24
31.83
35.32
37.10
37.49
43.87
42.81
48.16
51.47
53.05
52.87
53.70
52.24
48.47
46.79
43.16
43.85
44.54
42.03
38.03
37.16
32.65
31.40
28.99
28.33
29.42
33.30
38.20
50.52
56.85
59.90
62.54
63.98
66.90
69.24
71.36
68.81
60.84
52.67
47.84
43.24
39.46
42.15
37.13
36.86
36.25
34.39
32.60
32.64
33.49
34.66
42.76
57.10
59.26
61.51
64.14
65.89
66.68
71.92
75.53
73.64
69.29
64.28
50.99
48.00
44.38
42.95
38.68
38.70
38.33
34.08
31.98
31.58
33.30
36.49
41.03
61.33
66.74
67.01
72.20
71.63
69.02
68.38
65.00
72.14
59.91
47.08
45.37
43.58
41.14
40.03
38.33
35.89
36.75
36.41
36.34
31.94
32.46
33.87
43.57
58.40
66.04
60.12
64.15
64.68
63.72
70.96
70.68
72.83
66.13
61.95
50.07
45.12
41.98
39.66
37.95
33.00
31.70
31.27
32.78
30.77
31.66
32.60
45.54
57.19
59.85
62.86
65.19
65.65
71.30
77.14
76.03
78.47
76.09
69.14
54.15
47.45
42.48
42.09
37.18
35.10
32.52
32.80
30.32
29.90
31.59
35.70
42.10
48.10
51.08
53.70
56.08
60.15
63.64
70.32
75.63
80.37
80.63
73.35
60.57
49.10
45.76
43.27
38.09
38.54
35.11
33.88
33.79
32.39
31.49
35.24
46.05
51.08
53.15
55.95
56.95
55.00
55.03
61.27
64.04
65.34
66.11
63.15
52.42
47.73
47.13
45.49
43.00
40.80
38.12
35.40
31.92
33.28
34.05
34.77
39.47
41.78
45.80
44.76
45.25
45.63
47.39
52.30
55.81
57.39
59.08
56.55
47.47
42.33
40.74
38.42
35.81
37.43
36.79
33.71
33.98
30.31
33.62
32.73
46.98
58.36
65.89
68.12
72.90
75.89
79.29
83.38
84.67
86.12
79.69
73.68
58.36
51.49
47.72
47.52
41.41
40.62
42.10
36.08
33.65
34.07
33.90
37.26
48.59
62.95
74.15
77.50
80.90
84.65
86.03
91.55
94.44
94.28
91.06
80.37
69.46
59.06
54.60
51.83
46.22
46.20
42.83
40.03
40.55
38.05
37.29
46.05
60.66
72.76
84.47
86.72
91.74
97.27
100.28
102.88
107.83
106.92
103.69
92.09
78.14
65.86
58.46
55.15
48.60
46.38
44.32
41.94
39.32
37.63
37.08
43.49
54.29
69.17
78.77
76.18
81.27
86.24
94.63
98.03
104.81
105.82
104.90
95.90
77.92
63.89
57.51
52.59
46.25
42.94
39.80
38.70
38.37
37.18
36.87
44.61
51.25
62.35
67.91
66.94
69.97
73.53
77.92
83.65
91.98
92.52
92.39
84.42
71.95
59.33
54.86
50.02
45.89
42.33
40.56
40.72
38.29
37.20
38.67
44.37
49.52
58.42
62.56
66.26
66.81
70.09
74.29
78.31
83.27
88.48
86.21
81.69
65.98
59.74
57.05
53.60
46.65
46.42
44.93
42.23
41.15
39.41
40.64
44.78
56.64
75.55
85.56
85.82
88.95
96.72
96.49
104.81
109.14
107.49
103.23
95.24
79.63
68.20
61.51
55.05
49.78
46.51
42.58
40.03
39.05
37.96
39.44
45.31
59.16
79.07
92.93
92.48
96.55
98.94
102.78
107.78
109.70
108.59
99.27
84.90
75.82
70.37
66.11
63.87
55.04
54.61
53.30
48.80
44.86
41.02
40.71
49.22
60.24
80.55
90.60
92.72
96.65
95.16
102.01
111.30
113.64
116.47
112.02
101.03
88.40
79.69
74.71
69.66
62.61
61.17
59.43
57.91
51.37
46.72
45.11
55.47
71.40
90.71
95.14
96.71
107.30
109.93
110.33
121.16
120.60
119.42
113.82
101.68
87.50
77.18
72.22
66.11
57.57
52.26
50.00
48.77
45.59
42.53
40.94
51.53
63.39
81.44
90.28
93.65
101.02
99.93
104.34
109.05
112.28
112.39
111.12
99.93
84.38
73.90
65.23
56.45
49.37
47.22
43.75
43.42
39.67
37.74
38.82
46.97
55.89
67.49
73.12
70.49
73.61
77.98
80.02
88.42
94.39
97.59
95.57
91.93
76.95
62.19
59.79
55.02
49.48
47.33
44.47
41.83
40.88
39.09
38.98
47.75
58.94
68.02
70.36
72.01
77.47
78.37
87.85
94.81
102.82
103.52
105.25
99.78
88.59
77.49
70.92
66.18
56.55
54.72
54.62
51.62
44.69
42.98
42.84
51.92
65.65
86.05
99.89
109.40
111.99
118.76
121.26
133.85
140.88
137.29
139.56
124.83
104.72
93.02
84.64
79.78
69.40
64.64
61.81
58.15
52.31
49.89
49.16
61.44
81.29
104.98
112.41
112.15
118.46
127.71
132.31
135.28
143.45
144.77
129.57
114.08
99.55
87.95
81.51
76.20
64.75
60.12
58.39
56.29
50.41
45.34
46.95
55.40
69.19
78.46
100.00
107.73
116.59
121.37
128.24
141.23
149.76
147.27
139.62
128.14
109.38
93.62
82.84
77.65
67.36
63.71
57.82
53.81
51.49
46.23
48.64
58.52
67.91
92.80
100.57
106.23
113.05
112.52
118.57
133.10
137.86
135.28
120.02
106.72
95.26
82.24
76.10
70.34
62.93
54.58
52.63
49.13
42.91
40.95
39.74
49.97
64.78
91.08
97.08
100.18
106.31
105.92
107.67
119.65
121.69
122.40
119.64
108.20
88.88
72.78
67.31
62.04
51.10
49.17
45.35
43.63
40.55
39.79
39.10
47.33
56.71
70.45
76.12
76.00
81.92
83.25
90.81
97.24
101.84
112.81
106.46
102.89
86.13
71.58
64.32
60.43
52.17
49.79
48.05
45.93
42.94
41.80
40.90
48.83
59.78
71.63
76.33
76.22
80.10
82.28
89.77
94.49
103.05
106.32
107.04
102.64
82.32
70.17
65.76
59.82
57.54
56.35
51.37
47.79
46.15
44.36
44.94
49.66
64.78
85.26
95.38
96.44
100.78
106.05
104.23
115.93
122.20
121.34
118.70
107.89
94.51
81.24
72.75
67.76
57.13
53.56
53.44
48.80
45.32
42.58
42.49
52.27
73.77
93.65
99.52
101.69
109.81
111.73
115.13
120.65
127.91
124.84
120.63
108.86
91.09
79.16
71.08
65.11
56.14
52.24
48.44
43.74
43.94
41.40
40.78
49.26
61.50
85.65
93.68
96.87
104.48
103.90
110.14
119.95
124.29
127.58
121.86
107.23
94.04
80.51
71.85
65.24
61.57
55.02
55.68
52.09
46.30
43.33
43.25
53.41
70.82
89.76
100.31
99.52
104.28
106.82
114.92
119.02
122.00
127.34
122.37
110.01
95.37
83.91
72.75
67.58
59.35
51.64
50.20
45.21
44.77
42.41
44.13
49.47
63.31
81.41
92.23
91.78
95.85
97.79
103.42
114.26
114.05
121.11
115.44
106.47
93.50
78.52
71.22
64.61
58.60
53.62
51.54
48.78
46.57
44.34
43.68
50.98
60.76
73.17
79.42
77.80
83.26
83.40
90.12
90.96
100.14
100.96
101.03
94.14
78.23
66.62
62.35
60.54
53.20
51.57
48.78
46.74
45.93
43.06
42.00
48.57
58.44
69.23
70.88
69.85
75.14
74.76
80.76
84.48
94.40
93.89
95.89
91.30
78.64
68.25
60.52
57.79
52.29
49.13
43.46
41.76
39.46
38.58
38.61
43.01
58.48
80.38
93.46
94.82
102.56
104.45
105.99
111.87
118.04
120.80
113.72
111.00
90.89
75.76
71.14
65.24
57.49
53.92
51.42
49.58
44.30
41.93
41.24
49.41
68.18
87.11
97.99
106.19
103.61
110.98
113.43
123.05
117.75
124.29
118.69
105.88
95.45
78.58
70.03
67.10
58.47
53.56
53.48
49.54
45.99
43.28
42.96
49.14
63.14
84.57
89.95
95.26
98.58
103.11
107.73
110.92
117.48
119.42
114.49
105.84
90.97
79.69
69.82
62.58
56.02
51.84
49.72
49.13
45.09
41.35
40.74
49.44
64.37
86.27
97.91
100.94
104.25
105.32
110.36
114.98
119.45
124.24
120.65
108.95
95.34
81.17
72.67
56.52
58.12
56.80
51.21
47.37
46.33
42.53
42.60
51.10
71.53
68.11
93.65
95.30
102.36
110.45
117.08
127.40
131.26
132.62
128.30
116.00
96.76
83.27
77.66
72.41
64.09
57.74
53.32
49.36
49.24
47.05
46.63
50.16
59.89
72.29
82.37
89.00
95.28
103.04
111.59
122.29
118.86
119.41
128.47
109.32
93.49
85.15
82.04
73.52
66.76
61.91
60.01
54.51
53.99
51.60
49.71
59.22
72.06
79.69
86.32
90.29
95.78
100.79
104.02
112.53
119.94
119.52
117.05
114.82
97.87
87.13
76.68
73.83
67.85
67.26
61.01
59.91
52.59
48.79
49.31
57.90
81.36
100.91
107.53
106.23
114.45
117.43
127.07
133.62
138.17
139.72
135.46
125.32
109.44
92.18
83.93
77.28
69.72
62.41
60.72
55.46
53.46
50.12
48.86
56.96
74.00
89.63
98.32
104.82
111.45
117.73
127.87
132.40
136.05
135.50
130.10
115.86
103.73
89.56
78.92
72.78
63.24
60.62
57.32
53.57
48.31
44.56
44.41
52.88
69.66
85.48
97.03
100.73
103.20
110.29
115.09
117.97
125.45
130.06
123.99
117.22
96.89
82.34
73.70
68.80
59.46
53.54
52.33
47.53
43.70
41.99
42.30
49.49
60.87
72.57
78.26
80.86
82.22
85.46
90.27
100.26
109.87
113.18
115.52
107.62
94.25
80.95
70.92
66.89
58.57
55.38
50.47
47.79
43.90
43.55
41.93
50.02
63.31
76.55
82.80
88.36
90.12
92.08
98.74
107.90
115.30
114.96
115.78
104.47
94.28
77.81
69.25
65.80
57.01
53.21
50.68
48.77
45.45
43.94
43.12
49.92
62.22
72.59
80.30
83.28
84.19
88.89
94.25
100.76
108.99
113.00
116.48
105.48
92.35
78.04
69.66
64.80
58.51
55.33
51.89
50.41
47.88
46.56
46.10
50.97
56.08
75.35
77.77
83.38
86.61
89.73
92.31
103.44
106.86
110.75
106.98
94.84
82.70
70.78
63.38
59.46
53.12
48.70
44.44
40.65
39.35
37.14
36.67
42.83
56.23
77.71
84.27
89.37
91.95
97.41
99.79
109.77
119.41
122.14
118.53
106.36
93.82
78.57
67.27
60.52
52.43
48.17
44.80
41.78
40.10
38.06
37.83
43.26
62.99
79.35
89.85
96.27
97.96
103.30
103.68
113.84
119.99
123.66
119.76
110.72
95.93
83.01
75.75
67.67
61.64
57.34
52.09
51.84
49.79
47.14
46.69
54.23
69.95
89.26
99.10
104.72
111.08
119.53
124.84
131.57
141.67
141.23
137.80
129.65
113.35
98.30
90.32
81.33
71.59
65.65
63.75
62.46
58.46
55.73
53.82
58.99
69.46
87.35
104.66
112.22
120.02
126.39
134.10
142.85
144.77
143.16
129.63
117.48
102.14
92.92
87.80
80.47
71.72
66.53
62.83
60.52
56.65
54.41
53.17
58.47
66.25
81.86
96.19
114.08
122.50
126.08
135.62
143.17
147.32
132.23
119.21
106.21
96.40
89.93
87.09
81.38
74.15
68.13
66.23
63.30
61.28
59.11
57.15
65.75
77.28
88.45
94.91
97.79
100.40
105.83
112.73
120.92
126.94
132.87
128.75
119.50
101.42
91.22
81.88
77.88
70.68
67.16
64.39
61.85
60.41
58.33
57.64
66.99
81.39
91.03
93.84
96.07
97.51
100.74
104.99
113.03
119.80
128.22
126.04
120.14
102.69
89.96
80.85
78.49
66.40
63.01
58.96
56.80
53.38
53.58
50.50
62.89
79.90
100.38
109.77
116.72
121.61
127.36
133.59
146.53
154.51
157.20
147.87
138.24
123.87
109.05
101.46
89.53
79.43
73.06
71.03
65.76
61.37
55.93
54.39
62.15
78.60
98.93
111.84
120.51
127.77
136.86
143.01
151.31
158.89
153.38
148.66
136.65
121.44
106.03
99.80
89.62
78.55
76.00
69.66
65.85
63.16
58.31
56.92
67.49
83.45
98.26
107.34
109.51
115.58
118.64
126.19
131.64
135.67
129.15
126.38
114.19
99.42
94.59
85.23
81.42
67.84
65.69
62.18
58.18
54.30
52.44
51.39
59.32
77.26
49.63
100.59
107.03
110.65
113.11
116.44
124.09
123.64
121.44
122.66
118.51
101.12
89.76
84.84
80.51
70.98
64.38
58.85
58.73
56.40
56.03
54.23
61.46
72.22
78.74
88.73
96.04
108.38
108.43
118.41
128.31
130.39
132.39
123.33
108.72
94.89
85.90
77.56
74.71
64.84
61.23
56.78
52.71
49.66
49.06
48.17
55.05
65.28
79.04
87.64
88.21
91.86
96.81
102.64
109.52
118.27
123.41
123.27
113.43
99.93
87.09
81.17
76.06
67.44
62.24
57.99
57.20
52.96
52.47
52.38
59.64
71.03
80.66
88.18
88.56
90.04
93.90
99.32
105.29
115.77
118.60
117.93
111.21
99.24
90.90
83.79
78.08
67.93
64.33
61.28
61.79
60.47
58.08
57.75
62.37
69.70
81.09
92.32
99.73
103.92
110.26
114.83
118.59
109.13
116.58
122.54
112.98
97.43
90.57
75.28
65.85
56.10
52.99
50.50
48.16
48.22
46.40
47.52
55.10
67.75
81.85
85.68
95.89
108.77
111.78
117.80
126.60
132.88
136.28
129.59
121.89
104.74
93.74
89.76
84.10
70.69
67.92
65.74
64.63
56.19
56.24
51.97
55.30
59.06
73.69
85.14
92.80
98.41
101.48
106.12
115.95
121.22
126.48
120.04
108.95
93.67
83.37
76.59
72.50
62.62
59.61
58.39
55.52
54.49
53.81
54.18
62.59
81.06
96.29
108.00
110.76
117.25
118.42
124.55
132.38
138.60
142.19
131.03
118.74
103.74
92.94
93.05
83.01
73.13
73.50
66.31
61.49
61.05
58.76
57.01
65.39
70.37
92.75
101.22
107.42
116.23
120.87
124.86
133.75
140.04
142.77
140.28
126.92
110.30
98.29
89.69
86.63
74.94
69.74
65.55
63.64
61.74
56.71
57.41
64.84
76.13
90.22
105.14
108.16
114.00
113.95
120.11
131.25
136.88
137.97
143.81
132.64
115.93
102.70
91.52
87.01
74.95
70.34
64.17
62.66
59.30
59.62
58.22
62.81
68.55
78.66
86.54
90.82
95.75
101.30
104.72
113.69
121.67
128.09
125.85
118.21
103.05
92.66
87.41
82.18
70.79
65.42
61.41
60.04
54.87
55.36
52.43
61.09
65.31
84.38
103.82
110.40
115.50
128.06
132.22
135.01
139.26
147.51
144.73
135.66
117.47
98.78
92.16
87.62
78.56
71.91
68.89
65.33
59.51
58.28
59.53
63.69
76.04
97.82
115.01
121.85
124.82
130.93
136.21
136.49
140.84
137.78
126.84
86.57
76.31
72.29
66.94
58.99
54.43
49.39
46.39
43.36
45.09
43.15
43.77
47.55
49.19
63.13
77.46
82.41
93.92
98.28
96.91
100.08
112.59
102.85
85.83
78.37
76.76
68.82
67.49
66.02
59.91
58.52
54.23
54.81
51.84
49.74
50.40
57.86
70.76
91.78
102.73
107.00
113.56
117.82
120.66
128.83
134.79
134.10
129.68
118.50
102.78
92.01
88.35
83.22
74.39
67.79
66.15
63.54
59.16
60.27
57.93
59.21
71.62
95.52
106.82
115.27
124.49
126.03
133.49
140.86
145.02
140.72
133.62
116.63
103.43
92.92
91.17
82.73
72.65
67.75
61.58
61.40
60.95
55.73
56.87
58.86
65.60
74.93
89.35
101.96
111.04
114.20
125.76
133.52
139.34
139.01
127.53
109.84
97.33
92.17
80.10
63.10
59.74
59.25
56.14
55.87
52.17
48.74
49.24
54.06
60.76
72.90
85.67
89.71
92.07
98.96
103.62
113.78
124.02
128.12
123.88
115.12
100.18
87.44
85.42
83.33
74.64
68.81
64.13
59.83
59.01
56.00
56.44
63.85
80.66
98.19
108.21
121.38
123.09
130.79
143.77
157.58
163.59
167.65
144.89
121.99
108.43
94.94
86.58
77.25
70.17
67.52
62.99
58.96
59.29
54.42
57.00
64.40
74.80
83.16
87.33
92.86
92.64
90.27
94.49
94.08
95.11
108.57
108.83
97.79
84.80
79.49
77.76
74.20
67.39
67.12
62.87
58.83
60.74
56.50
56.51
59.52
70.32
87.73
100.82
112.72
120.09
119.00
127.18
129.74
135.65
129.56
108.13
87.54
88.83
80.75
76.30
73.36
67.82
62.07
59.82
56.00
54.40
53.27
51.51
59.10
75.42
95.92
106.41
110.25
122.21
127.65
127.24
133.21
143.52
135.17
131.94
125.40
109.32
97.82
93.97
89.55
82.56
78.10
74.57
72.91
66.54
60.39
58.06
62.97
70.62
80.56
85.89
92.26
95.73
98.60
97.43
106.34
109.17
110.65
101.88
97.05
81.93
76.93
71.75
65.02
61.62
55.89
56.14
51.96
49.23
51.25
47.78
53.33
59.43
77.91
93.81
99.29
107.75
114.54
112.30
107.98
105.39
112.60
96.45
80.57
73.53
67.84
60.64
59.39
57.11
55.17
51.77
48.89
48.00
47.26
45.95
53.10
60.37
69.48
75.97
77.25
78.58
82.33
91.22
95.81
98.58
103.05
97.88
96.06
84.02
78.61
74.36
68.72
65.73
61.61
60.26
60.18
55.26
52.29
50.56
54.74
69.23
87.49
108.91
107.84
125.57
123.96
129.40
142.73
143.86
141.55
129.28
115.97
93.70
84.28
78.04
71.84
65.54
62.70
57.50
56.15
55.78
49.17
50.06
56.29
74.30
91.31
109.05
111.10
114.99
120.53
129.04
138.29
153.12
151.25
147.64
125.40
105.07
91.94
88.58
84.66
73.47
67.11
63.95
58.98
54.42
52.77
48.63
52.49
66.81
90.85
107.39
121.20
129.38
135.16
151.81
163.56
164.75
166.72
156.49
132.37
111.15
96.51
88.66
84.40
74.79
69.71
63.14
58.91
56.28
52.46
51.35
55.01
69.10
92.99
110.18
124.07
135.87
138.50
156.74
164.15
168.25
174.75
165.27
144.31
114.75
98.49
90.80
86.94
77.46
71.76
67.92
65.36
58.91
54.52
52.82
56.95
70.11
94.44
119.60
129.62
129.06
136.19
143.75
163.43
169.86
167.29
158.68
135.45
112.78
97.11
91.77
82.45
73.10
69.13
63.27
59.05
56.09
53.02
52.75
56.78
66.20
82.22
87.61
90.10
98.38
98.60
111.26
129.08
133.61
140.88
136.11
113.31
96.01
85.95
78.54
75.80
66.44
61.77
61.76
55.94
54.75
51.00
50.15
51.90
58.34
71.23
76.90
79.23
87.04
89.73
101.04
105.15
102.89
97.90
102.75
97.64
84.57
72.80
68.74
66.62
58.22
55.84
53.05
51.00
46.89
47.37
46.66
49.09
61.82
82.56
99.24
107.54
114.75
118.16
128.35
134.23
140.63
141.83
133.28
117.99
96.04
84.64
81.15
75.32
69.48
62.85
57.70
55.87
50.02
50.08
47.98
51.60
67.05
89.30
102.34
112.41
120.31
126.14
137.48
147.97
158.62
156.05
152.28
129.71
112.21
92.68
91.45
86.17
70.40
72.79
65.84
61.45
56.63
52.18
51.00
55.59
68.31
95.21
110.72
122.40
129.35
138.74
150.70
161.05
163.62
161.10
155.47
137.86
110.38
98.25
93.39
83.03
75.27
71.00
65.28
61.39
56.97
50.94
51.64
54.17
77.15
101.84
137.45
150.96
160.62
152.61
173.59
189.76
198.29
190.31
171.23
149.22
122.53
105.63
92.39
82.59
75.12
70.09
61.42
59.33
59.14
55.66
54.88
57.84
81.30
104.86
116.72
124.13
136.32
133.24
147.01
152.22
149.63
139.48
125.94
111.40
91.88
85.97
85.46
76.96
68.03
62.76
60.26
57.46
54.36
54.89
54.04
57.71
63.83
75.36
79.82
85.01
86.24
88.80
96.58
101.60
110.43
113.52
108.74
97.50
86.66
74.90
73.80
70.42
66.75
60.72
57.14
56.87
53.44
52.59
52.25
56.58
64.30
72.27
75.88
77.64
78.59
83.11
89.27
95.31
105.89
106.78
106.08
96.34
81.67
79.85
75.46
73.32
69.58
64.88
64.84
59.89
58.53
57.29
58.18
58.80
79.39
109.60
126.54
131.60
144.90
140.95
152.40
159.53
172.29
167.70
155.84
128.88
116.81
96.20
90.41
83.71
77.39
72.05
67.54
68.25
65.01
59.54
60.70
63.67
82.34
108.36
138.90
147.61
158.28
160.35
179.63
183.96
185.70
187.05
174.59
134.40
114.92
99.56
96.27
91.20
81.57
75.54
72.77
74.99
69.04
61.24
61.24
66.40
89.61
115.23
134.29
145.50
151.33
154.00
158.20
168.58
191.74
187.84
163.69
135.06
115.55
104.77
87.09
73.64
64.76
63.85
59.54
57.02
56.03
52.50
54.40
57.35
71.10
93.32
118.85
131.44
136.24
147.34
152.79
159.73
169.05
159.43
142.97
123.12
103.47
96.00
87.61
79.20
71.62
67.60
69.97
69.01
61.97
55.46
55.22
61.02
81.67
101.57
118.63
123.71
138.09
134.89
150.07
149.44
153.02
150.32
139.38
117.69
100.33
86.92
87.93
82.76
73.76
70.58
67.10
64.40
58.99
58.62
53.42
59.24
69.74
80.35
86.46
92.11
93.56
96.26
105.57
112.15
119.90
125.46
121.69
105.29
93.51
81.19
81.36
78.09
70.00
66.28
65.56
61.92
59.07
58.69
57.34
59.97
63.30
77.03
82.96
86.86
90.48
93.21
101.24
110.95
117.12
121.08
103.92
78.18
76.26
74.12
65.46
64.93
58.22
56.02
57.74
53.21
53.22
50.61
50.82
53.37
63.11
72.84
76.27
81.32
86.93
88.70
100.37
106.75
113.65
118.42
112.09
97.49
87.87
81.55
81.23
75.65
69.48
60.68
62.14
59.83
58.06
54.54
52.95
58.81
73.01
97.44
128.49
132.69
142.07
143.12
161.03
170.66
180.02
174.55
164.85
125.96
108.62
100.54
87.61
88.19
73.39
73.14
68.83
64.81
63.28
57.66
57.77
62.34
85.91
106.91
125.53
137.03
146.69
147.65
160.66
166.69
187.38
181.16
159.44
135.25
112.80
99.89
86.80
86.80
79.42
72.66
69.66
67.37
66.08
61.07
60.08
64.26
81.90
96.80
124.99
143.97
152.60
150.20
166.40
178.99
185.05
171.17
148.15
118.75
107.81
97.63
92.50
86.26
78.04
73.24
71.20
67.36
64.34
61.21
60.08
64.99
75.52
89.39
100.95
118.62
131.64
125.20
136.29
146.69
153.19
146.52
137.15
113.57
97.11
89.06
88.32
83.26
74.21
73.13
69.40
65.62
65.36
62.28
62.93
65.32
68.36
78.48
100.37
107.39
115.12
127.35
126.94
131.34
135.07
127.77
125.89
105.24
88.37
84.02
79.82
72.15
68.24
63.97
59.11
58.83
59.35
55.32
57.24
58.18
68.03
75.79
79.74
83.88
82.21
91.47
96.47
94.35
105.84
108.21
103.22
90.06
76.17
74.37
74.72
68.64
63.68
61.85
60.54
55.58
55.22
51.66
50.91
55.61
71.43
92.22
98.26
113.96
115.72
117.81
128.41
125.49
145.99
140.17
126.81
108.77
95.14
84.55
78.04
70.00
65.54
62.76
60.37
56.62
53.79
52.92
53.19
55.20
68.08
82.63
111.33
123.49
126.37
137.54
137.98
144.03
146.49
133.51
130.72
104.75
87.92
80.12
70.94
64.59
61.82
56.64
53.91
51.92
50.30
46.89
46.73
49.21
62.43
86.15
101.51
113.49
114.90
123.11
125.25
122.72
136.09
132.54
118.81
99.49
87.50
79.39
70.30
66.76
58.78
58.21
59.81
56.55
50.08
48.97
49.23
49.88
64.08
81.67
107.54
119.84
123.96
130.19
139.99
147.99
147.46
146.18
130.04
107.31
89.15
81.52
75.24
68.80
63.89
58.91
51.68
52.36
47.52
46.07
46.34
48.59
69.28
91.03
101.94
118.02
121.28
127.40
135.62
133.42
142.32
135.33
116.32
97.52
88.85
76.25
72.91
67.37
58.45
56.35
54.69
52.53
52.05
52.60
53.38
56.70
62.57
64.02
68.63
85.75
88.37
89.22
92.84
108.18
109.51
117.52
103.27
81.51
68.83
63.20
59.23
58.19
56.44
50.21
50.90
50.81
48.61
47.06
47.12
50.23
52.25
60.88
65.92
65.99
74.34
74.52
86.96
89.01
96.20
96.07
95.07
85.23
72.51
67.64
66.09
63.42
58.62
59.23
55.01
52.19
51.56
49.11
51.29
53.48
67.71
91.38
99.94
118.85
116.65
118.08
126.47
125.05
123.77
126.54
117.58
100.52
85.54
71.09
64.15
59.04
52.97
48.84
47.58
43.50
42.35
40.51
40.57
44.37
60.16
77.33
103.35
113.83
114.93
121.69
131.93
134.23
132.52
130.47
121.22
101.61
82.51
77.32
71.57
63.82
59.79
54.71
51.53
50.49
47.67
45.32
44.47
47.97
62.23
85.15
93.14
107.25
116.29
120.19
81.02
134.64
148.83
141.02
128.81
105.52
86.82
79.35
73.52
66.25
58.74
59.46
56.58
54.41
46.76
44.99
44.40
45.87
58.16
80.72
104.44
123.88
128.53
128.15
139.59
151.11
147.73
136.45
130.10
107.77
87.96
80.44
73.04
61.89
60.93
55.22
50.74
47.75
42.89
41.90
40.14
42.97
56.29
79.44
92.29
105.16
106.69
110.68
115.66
119.24
117.94
111.39
95.62
79.62
63.83
60.24
55.65
50.82
48.22
46.65
43.35
42.02
39.18
38.77
38.81
40.24
44.03
53.43
58.65
63.07
67.37
70.29
76.36
83.33
86.33
87.76
85.72
69.72
58.54
55.54
50.84
47.09
44.68
41.05
39.52
38.64
37.55
37.79
38.04
37.29
43.14
51.48
53.52
59.60
64.61
69.39
80.21
84.22
89.40
90.38
88.75
73.42
63.70
60.60
57.21
59.09
55.22
54.42
50.08
49.82
47.65
44.36
46.08
48.98
59.13
70.04
82.06
89.28
101.57
106.51
105.84
93.17
106.93
101.98
83.43
68.63
57.45
50.13
47.64
45.16
43.08
42.19
40.01
37.95
37.03
35.50
34.96
35.78
41.86
51.17
71.18
88.99
91.46
100.21
110.10
116.49
120.34
115.41
105.77
82.80
64.99
61.89
55.03
51.84
47.80
47.48
44.68
41.88
39.78
39.89
40.47
43.31
56.17
66.21
79.76
86.55
89.45
92.58
97.93
104.90
111.79
111.25
93.10
76.24
66.60
62.68
57.86
49.33
44.02
44.17
45.50
42.93
41.19
41.87
41.77
45.59
53.14
72.26
96.07
107.01
103.26
109.84
118.12
122.54
107.41
94.70
75.11
64.90
56.78
53.63
52.10
51.20
47.31
45.99
41.38
41.68
40.90
40.47
40.45
42.68
54.64
74.76
86.07
85.22
92.41
91.97
98.58
95.54
96.57
90.23
78.42
64.67
54.70
51.72
49.49
45.46
43.69
40.67
40.00
38.97
39.10
37.64
38.62
40.28
44.76
58.00
62.72
64.76
70.11
74.82
78.16
88.74
90.32
92.75
92.11
67.27
58.41
56.36
52.01
48.87
42.65
44.35
41.37
41.60
39.62
39.79
38.15
41.07
45.76
54.49
56.14
63.02
67.90
67.07
74.36
80.38
80.70
82.90
77.55
63.65
53.35
51.05
48.33
45.33
41.98
42.35
39.44
36.45
35.35
34.22
35.01
36.39
49.50
52.11
75.21
79.21
86.08
89.30
99.82
102.31
117.05
108.88
99.06
77.81
64.54
58.73
52.44
46.70
43.66
42.31
40.50
40.74
36.37
33.88
33.08
35.53
42.66
58.42
81.15
90.75
97.30
103.60
115.07
111.46
111.56
113.22
101.90
70.51
61.47
55.21
51.86
49.41
47.21
45.69
42.58
40.84
38.79
34.11
33.08
35.42
45.46
67.45
86.36
90.85
98.56
100.48
109.53
112.55
118.53
116.78
97.67
74.91
66.83
60.25
54.59
50.82
45.67
45.72
40.66
39.76
38.23
35.55
33.54
35.78
45.94
63.90
89.05
105.35
114.43
119.98
127.82
133.44
129.81
121.05
108.21
86.25
73.01
66.14
60.12
54.23
49.26
47.41
46.66
44.09
41.37
38.48
38.40
41.01
52.74
71.40
82.82
92.45
101.44
106.44
116.38
115.81
112.66
113.32
95.99
76.45
68.67
61.50
55.90
48.36
43.45
42.85
40.66
39.34
38.47
37.89
37.16
39.15
43.64
54.47
73.12
78.73
87.88
94.88
94.30
95.72
92.85
94.74
85.20
64.92
58.46
53.75
51.10
48.29
44.53
42.33
40.15
39.13
38.12
36.85
35.51
36.64
38.92
46.64
52.05
56.66
63.97
69.90
79.10
83.43
92.11
94.33
84.40
66.22
59.35
53.65
49.27
46.90
42.78
42.84
40.68
38.74
36.67
34.40
34.11
35.51
47.99
67.22
79.52
90.64
101.36
104.73
117.38
113.20
129.31
126.41
109.97
85.43
76.68
64.69
58.09
50.99
45.78
44.36
42.94
42.78
39.46
35.86
36.68
39.54
51.42
69.18
89.06
100.27
105.94
112.42
123.07
126.53
126.57
123.91
112.53
80.98
68.27
63.96
57.16
53.03
46.18
42.35
41.43
38.87
35.65
34.16
32.47
33.93
47.88
67.88
81.27
91.82
100.99
102.81
110.45
110.46
124.89
119.90
99.81
73.39
64.78
58.50
55.30
53.32
46.87
44.19
42.93
40.19
38.28
36.32
35.84
36.71
51.18
64.35
84.10
96.58
100.09
100.91
110.00
112.16
111.63
102.38
85.43
70.08
59.98
54.04
48.58
45.21
40.78
38.91
38.49
35.86
34.35
33.23
33.16
36.99
44.14
56.42
62.06
74.71
82.44
81.90
85.02
84.36
86.46
85.94
73.90
57.65
52.24
49.10
47.15
43.01
38.61
37.12
36.27
32.55
33.22
32.96
32.11
35.30
36.13
44.77
52.16
57.40
63.11
64.64
71.27
78.13
80.09
82.40
72.85
57.04
51.49
49.48
46.12
43.45
40.64
38.61
37.54
34.33
33.40
34.21
33.54
34.95
37.51
42.16
45.91
49.86
55.10
61.98
68.37
74.78
78.57
80.73
69.61
57.17
53.04
49.85
47.18
44.56
40.87
40.14
37.48
35.80
33.31
32.88
32.12
34.66
39.35
55.69
51.37
75.63
79.55
86.34
91.61
92.48
87.81
79.57
75.07
61.43
55.48
54.40
52.05
49.29
45.76
44.33
40.57
39.66
38.27
36.01
34.67
37.27
42.03
53.92
68.93
73.34
80.92
85.34
96.43
96.30
101.76
96.75
84.14
63.59
57.35
54.83
50.44
47.54
44.30
40.84
39.14
36.98
36.26
35.37
32.49
36.19
48.57
68.62
83.61
94.87
104.36
115.76
125.34
122.60
127.99
120.03
98.00
79.92
68.88
60.16
55.38
51.62
46.35
44.22
40.53
39.44
38.22
38.14
37.03
40.45
47.81
67.61
89.35
106.16
114.90
119.94
132.72
129.61
126.47
120.78
97.21
81.33
72.28
66.25
58.79
53.38
48.40
45.46
46.63
43.44
39.60
38.46
37.07
40.12
51.63
65.32
76.36
83.70
90.25
89.70
96.80
92.23
89.42
82.33
70.07
55.84
49.79
46.17
43.74
41.85
38.83
37.66
35.24
34.29
31.92
32.58
32.46
34.24
35.90
39.87
43.56
47.89
51.92
55.75
62.98
70.38
74.24
71.34
62.66
50.22
45.04
44.00
41.65
39.56
36.75
34.73
33.16
32.14
33.02
32.99
33.19
34.86
35.50
38.32
40.73
45.33
48.73
52.04
56.80
63.55
66.19
68.27
57.88
47.26
43.71
42.68
38.75
38.47
35.26
35.17
37.14
35.06
36.88
34.37
34.55
37.85
42.84
55.87
61.44
71.27
74.32
84.12
93.07
93.81
112.15
104.01
86.07
69.57
63.19
57.60
51.09
44.86
42.66
39.21
39.29
40.37
36.58
34.33
34.62
37.23
44.61
52.39
77.18
88.65
96.44
109.40
113.51
114.67
117.02
112.18
94.71
68.75
60.41
56.11
51.42
47.55
43.60
42.55
39.02
36.80
35.14
34.40
34.56
37.03
46.21
57.94
67.47
80.18
89.95
93.41
101.16
96.86
112.20
109.75
92.35
72.18
64.94
56.57
49.12
47.06
41.99
41.73
39.80
37.57
34.24
33.75
33.62
36.74
43.73
56.30
80.99
90.08
93.30
101.15
113.20
115.86
113.30
106.11
81.55
64.87
58.48
53.09
48.38
44.67
41.42
39.25
37.87
36.57
36.39
33.83
35.05
37.11
45.46
58.82
67.57
77.04
80.57
73.34
85.35
84.62
89.36
84.55
66.70
50.59
45.01
44.34
40.87
39.73
35.17
32.42
32.49
32.04
32.09
33.52
33.38
35.05
35.94
37.88
43.03
45.84
49.89
53.57
57.96
63.39
66.10
65.94
54.29
44.33
41.63
38.28
36.87
35.29
32.95
32.89
32.07
32.00
33.32
31.98
33.20
35.82
34.61
36.45
39.12
42.08
45.89
51.37
58.13
64.43
65.77
63.54
54.46
45.82
43.64
42.35
42.77
41.04
38.66
35.86
32.53
30.98
31.02
30.91
30.21
33.14
42.28
54.32
63.33
66.29
69.99
70.28
79.51
78.07
85.68
82.62
60.78
53.45
50.08
46.52
40.73
38.17
37.06
37.46
38.21
38.77
38.44
37.85
38.05
39.65
43.81
51.23
68.80
68.86
69.02
71.81
82.59
82.23
84.63
77.68
65.43
51.51
47.04
42.86
40.71
38.29
36.80
23.80
0.00
0.00
0.00
0.00
36.54
37.90
45.04
54.05
58.24
59.95
64.16
67.21
74.87
72.14
77.64
75.86
59.48
47.42
44.26
42.06
41.22
39.46
39.48
41.00
39.78
39.64
40.30
38.94
38.84
42.03
45.89
50.52
60.71
70.01
80.93
79.89
86.16
88.00
85.32
79.44
60.13
49.79
46.25
42.67
41.03
39.60
39.64
39.71
39.66
37.93
37.94
37.97
39.47
42.08
43.72
53.57
57.46
62.32
70.75
64.34
68.24
69.85
75.61
70.23
53.80
44.18
40.57
37.86
35.29
34.26
33.65
33.21
32.61
33.47
33.61
34.06
35.26
36.06
36.67
36.22
35.66
38.97
42.65
49.81
55.45
62.15
66.70
65.07
51.21
41.41
37.87
37.97
35.59
35.10
32.71
31.30
31.65
31.32
32.07
31.21
33.30
34.22
33.71
35.09
38.51
41.51
44.98
49.38
53.36
60.39
62.46
61.90
48.72
41.09
38.78
37.17
37.31
37.37
36.30
34.28
34.20
34.23
33.40
32.31
33.19
36.09
41.23
51.68
59.97
70.43
72.92
76.04
87.07
89.95
103.84
98.92
75.76
63.23
57.08
51.92
44.40
42.27
37.94
37.54
36.63
36.56
35.09
32.76
33.26
36.45
38.15
49.40
72.30
83.75
87.38
96.77
101.83
102.26
105.51
102.69
83.79
64.32
55.60
51.89
48.82
46.88
40.93
40.33
36.76
36.92
35.43
34.01
33.84
36.05
44.48
54.12
65.54
74.54
83.62
87.03
98.21
94.76
104.52
98.90
78.99
59.02
53.89
50.35
47.32
44.49
39.96
38.69
36.57
36.38
35.68
33.86
34.36
36.30
40.13
49.49
70.74
82.32
92.33
99.79
108.12
111.25
110.03
103.98
81.18
65.22
58.82
51.79
47.43
45.32
41.34
39.20
36.44
36.76
32.74
31.97
32.58
33.83
41.58
53.90
67.49
78.52
88.48
90.69
96.50
95.15
91.74
89.20
68.95
57.34
52.49
47.33
45.06
41.63
38.78
37.25
34.34
32.64
33.75
32.72
32.62
34.41
37.26
41.47
46.13
55.37
56.50
60.09
65.79
64.96
62.44
58.78
52.40
48.39
44.06
42.31
40.47
37.89
36.07
34.78
33.78
33.50
33.55
33.06
33.80
35.52
35.87
39.81
45.77
49.06
55.23
60.74
67.27
72.93
72.20
67.55
54.93
51.21
44.30
45.73
42.77
41.07
38.16
35.52
34.64
33.71
33.73
33.86
33.11
35.17
36.31
39.95
43.79
46.85
53.14
56.86
63.16
68.12
69.31
66.96
54.42
46.05
43.68
43.15
40.22
39.34
35.63
33.41
32.33
33.16
32.15
33.12
31.91
35.31
38.15
48.14
73.40
78.22
74.25
83.70
92.83
96.28
93.29
89.01
72.68
58.48
52.01
47.49
45.30
42.68
40.16
38.70
37.43
35.50
34.54
34.01
34.89
37.33
42.71
54.01
59.12
67.62
57.87
71.37
81.39
83.92
91.17
79.54
65.64
54.46
47.70
44.61
41.82
40.60
38.11
37.07
38.30
36.84
36.04
35.27
35.43
38.12
40.61
50.08
62.87
75.43
84.34
90.87
96.96
101.13
99.83
89.62
71.32
59.11
52.32
46.93
44.25
41.50
39.04
39.08
40.55
39.03
36.63
35.96
35.91
38.55
44.13
53.16
55.92
63.48
74.76
73.97
79.25
81.15
77.06
67.27
55.44
42.76
40.54
38.59
36.63
36.55
33.86
32.46
32.06
31.59
32.04
32.30
31.92
34.70
35.76
42.98
53.52
58.07
64.16
65.07
51.49
46.11
45.26
45.44
42.36
39.80
37.89
36.69
35.95
36.43
34.76
35.49
34.80
34.78
34.35
33.98
35.62
37.69
37.76
36.95
37.93
40.72
44.18
50.65
55.44
60.12
63.99
60.32
47.93
42.92
41.93
39.26
38.25
38.86
37.88
36.10
35.24
35.13
34.51
34.24
35.54
37.51
45.33
51.90
58.68
68.87
66.21
72.04
79.17
82.67
98.25
87.59
68.52
57.99
51.81
45.46
40.22
38.46
35.37
34.75
34.88
35.56
33.29
32.15
32.11
35.08
39.23
47.57
63.12
71.35
68.05
74.55
76.74
71.52
65.80
58.83
56.48
47.15
42.28
39.93
39.30
37.21
35.37
35.25
34.34
34.72
34.21
31.38
32.83
35.06
41.62
52.90
55.71
60.20
66.10
65.20
64.88
60.30
63.48
60.97
49.24
47.09
42.86
41.16
39.23
38.15
36.72
36.13
36.28
34.39
33.77
33.87
34.54
35.15
40.76
48.08
56.72
62.80
64.12
60.67
74.87
80.61
70.05
62.83
51.15
47.66
43.71
42.84
40.32
36.69
37.70
37.38
37.57
35.01
34.92
34.30
37.18
37.61
43.32
48.72
55.96
59.86
63.62
64.10
67.28
60.95
57.85
48.71
42.42
37.27
36.60
36.35
35.88
33.39
31.98
33.39
32.93
34.27
34.74
35.88
36.02
35.86
41.01
38.51
38.57
39.33
39.84
41.06
42.91
44.83
47.97
46.38
39.44
35.87
35.34
35.70
33.93
32.51
33.90
32.14
31.71
33.53
33.27
36.34
35.61
36.87
40.25
38.85
37.51
37.36
34.46
36.89
42.32
46.59
48.05
46.42
38.74
36.99
35.72
37.18
35.91
38.34
35.03
37.30
35.72
37.66
34.92
36.13
36.49
38.52
44.89
53.56
56.23
56.26
55.81
55.30
55.08
55.40
59.64
58.27
50.13
48.98
46.20
43.32
36.68
34.80
33.63
35.23
35.59
38.50
37.77
36.15
35.23
39.10
46.85
51.53
60.98
64.65
65.39
62.50
70.23
73.23
74.58
66.69
54.61
48.60
45.42
45.21
44.66
41.28
42.75
41.60
43.02
48.38
47.13
44.34
45.49
46.58
49.24
50.85
51.92
49.68
48.11
46.28
45.01
45.50
45.28
43.65
38.14
36.55
35.27
34.79
34.04
34.39
32.50
31.17
31.70
30.78
31.42
32.28
33.04
32.95
34.70
34.71
33.18
32.29
32.58
31.65
33.93
33.05
32.07
31.81
33.25
32.35
32.68
33.11
32.69
31.96
31.38
31.33
30.73
31.17
30.83
33.56
35.76
40.11
39.80
43.69
40.65
40.32
36.55
36.18
36.69
36.03
36.77
38.05
37.24
39.61
40.19
40.64
40.28
39.44
38.17
37.68
37.97
38.00
38.07
39.68
41.93
44.79
43.22
43.56
40.59
39.79
38.51
38.76
38.80
40.03
41.90
40.09
37.79
35.23
37.72
38.09
38.73
38.57
39.09
39.53
39.40
39.79
41.30
40.81
43.53
45.14
45.90
41.13
37.66
36.05
34.81
35.80
38.09
38.25
38.66
36.71
32.59
32.84
33.99
34.02
33.82
36.82
37.75
38.04
37.95
37.98
38.13
39.32
40.09
43.79
51.07
52.24
61.68
64.65
62.22
57.89
54.97
53.14
69.50
58.91
49.87
45.41
44.64
41.71
39.10
36.21
37.11
37.33
38.93
38.76
37.64
36.69
38.18
40.22
43.46
50.33
64.35
63.86
63.68
63.44
69.87
63.77
57.44
56.55
47.15
41.21
38.28
38.24
36.51
34.11
33.18
33.65
33.57
32.31
31.32
31.76
30.37
32.87
35.96
43.41
51.07
58.95
63.89
66.26
67.86
62.28
66.97
56.75
47.50
40.74
38.38
37.71
36.28
35.80
35.82
35.37
34.67
33.32
32.03
31.93
32.34
34.86
41.80
49.89
62.81
69.81
72.88
78.79
81.81
83.75
79.45
66.98
54.77
46.15
42.29
40.38
37.09
35.81
34.90
34.04
31.05
31.68
31.59
31.49
31.66
34.41
41.45
49.70
50.17
48.46
51.56
52.80
55.06
55.72
53.38
49.58
40.18
35.41
32.53
31.98
31.55
31.93
30.36
29.81
29.36
30.10
30.79
31.61
33.44
34.69
35.30
37.84
36.47
36.75
35.43
38.44
38.91
36.26
32.96
31.78
31.58
30.46
29.48
30.75
31.07
30.94
30.57
29.71
29.95
29.26
29.81
29.37
30.02
31.25
31.42
32.06
30.40
30.56
30.33
30.02
29.41
29.69
32.85
36.04
36.77
32.46
31.72
32.58
33.75
33.00
32.43
32.42
32.88
31.84
32.42
30.69
31.51
33.07
39.95
45.57
46.27
48.55
48.64
49.29
51.64
52.99
52.19
49.48
45.35
41.80
39.05
37.27
36.73
35.71
36.41
37.75
37.77
37.13
37.24
37.83
37.61
41.50
46.52
54.32
57.57
58.77
61.30
69.07
70.09
71.45
71.89
62.69
46.10
38.79
37.75
37.36
38.04
36.83
36.64
37.53
38.63
38.07
37.93
36.79
37.23
40.39
40.05
49.03
49.56
52.31
53.44
59.46
61.52
60.59
55.59
53.66
42.47
38.14
37.95
37.20
37.28
36.64
37.24
36.55
35.74
36.48
36.12
37.26
37.60
38.84
48.12
58.12
54.72
53.47
62.47
65.10
66.51
65.82
64.71
53.35
42.54
39.37
37.50
35.92
35.71
35.57
35.67
35.79
38.26
37.61
37.85
37.62
39.12
40.64
44.13
45.55
47.86
54.21
54.08
55.42
56.61
59.85
59.29
55.42
44.52
36.08
34.32
34.03
34.67
33.31
33.69
32.67
33.59
34.28
35.17
36.83
36.10
38.65
39.38
39.04
38.64
36.05
39.75
43.98
44.90
46.81
42.23
39.18
35.69
33.91
31.91
31.50
32.04
32.37
31.71
31.69
32.69
33.15
33.60
35.50
34.12
37.49
37.95
36.81
34.85
35.10
38.10
38.40
39.79
40.75
41.31
37.51
34.64
32.79
33.58
35.51
36.67
37.98
39.05
44.10
43.63
46.85
43.37
42.78
43.35
45.64
48.23
52.27
54.06
51.33
50.88
55.71
57.81
57.74
61.17
55.86
48.03
43.84
45.08
46.04
47.23
44.82
44.88
44.25
44.18
45.87
44.78
43.30
43.87
47.30
51.28
56.23
57.49
56.31
55.47
59.24
59.36
55.24
57.87
52.26
44.40
41.31
43.76
46.10
41.89
41.55
40.75
39.90
39.79
39.09
38.86
38.75
38.99
40.86
43.72
49.00
52.87
51.47
52.01
53.60
56.51
55.33
55.47
50.06
41.26
40.93
40.81
40.07
40.83
38.86
39.50
38.82
39.43
40.61
40.43
41.82
43.15
45.08
47.40
52.22
55.12
53.21
52.30
53.97
53.01
55.59
55.37
50.90
45.52
40.37
41.26
41.20
42.15
42.80
41.46
43.02
45.02
42.13
42.63
42.91
43.57
47.23
49.10
52.51
51.96
49.96
50.18
55.89
52.50
54.05
52.60
48.23
47.66
46.89
46.70
44.80
41.84
40.29
41.09
40.59
41.71
40.65
42.27
41.88
41.42
43.82
44.61
44.97
41.33
40.24
38.66
39.94
41.42
42.94
42.15
38.68
34.48
31.65
32.56
32.22
34.15
33.21
33.47
33.13
33.16
32.92
35.31
35.24
35.34
37.03
37.70
37.56
35.53
32.33
31.47
32.36
31.72
32.17
31.56
31.03
31.00
30.04
31.15
35.41
32.99
33.28
33.17
30.52
32.51
31.28
32.56
32.42
32.18
34.26
35.09
40.86
42.49
42.91
45.15
43.63
43.53
42.04
38.99
37.39
36.50
37.01
44.01
42.42
38.61
40.96
40.56
40.63
39.12
35.41
33.78
33.59
35.31
35.76
38.18
38.52
38.36
36.91
36.92
36.52
36.71
35.64
34.58
35.00
36.07
36.14
37.20
35.82
36.64
35.49
35.12
35.29
34.99
36.10
38.26
37.76
39.08
40.61
42.07
45.09
44.55
41.47
41.47
39.69
38.43
38.83
38.12
37.44
38.33
39.74
41.86
42.09
42.47
40.64
42.29
40.55
42.05
42.89
44.56
43.83
45.60
47.10
51.01
49.31
49.14
47.79
46.96
45.72
44.37
42.48
43.06
44.95
42.89
43.25
44.57
46.25
45.82
42.67
43.39
43.85
44.20
45.32
42.91
41.35
43.37
43.37
46.21
50.50
48.26
51.90
52.65
50.77
49.51
47.12
44.92
47.35
45.94
43.78
46.09
47.41
44.73
42.31
42.47
41.92
41.52
42.16
43.57
44.59
43.57
47.54
49.83
48.09
45.69
44.81
43.92
42.94
42.62
43.34
43.63
43.78
44.71
43.16
43.62
43.36
44.63
46.48
46.76
46.71
48.82
48.97
49.50
52.95
53.12
58.30
58.63
53.91
49.96
47.66
44.32
43.19
43.06
44.87
43.48
41.41
42.57
42.02
43.42
47.22
48.71
47.56
46.78
46.96
46.56
47.12
47.99
49.35
50.82
52.14
52.64
54.78
54.25
55.82
52.86
52.58
49.17
48.52
45.81
45.85
45.23
45.24
45.14
48.41
47.59
43.65
42.62
42.62
44.15
43.47
39.66
41.10
42.72
43.02
46.06
48.82
54.30
52.17
47.82
44.92
45.76
45.66
39.75
40.79
40.80
43.01
43.04
45.27
43.35
44.31
42.78
