16.02
17.77
16.61
16.37
16.69
16.83
19.20
17.87
18.97
17.19
16.69
15.27
12.00
11.42
11.05
9.99
10.31
12.17
12.57
13.51
14.51
14.60
16.10
17.39
17.01
18.27
18.28
19.03
20.23
19.95
20.82
21.48
22.01
21.12
17.02
15.60
15.06
14.96
15.98
13.69
13.34
12.77
12.54
13.35
14.09
15.44
15.64
16.91
17.82
18.43
19.74
20.10
21.01
22.02
22.39
22.21
22.46
19.67
18.40
16.02
15.35
14.83
13.49
13.18
12.66
11.65
11.86
12.95
12.61
14.16
15.29
16.16
17.10
17.29
17.55
17.79
17.77
18.18
18.72
19.24
18.27
14.45
12.28
13.66
13.73
9.72
10.20
12.15
11.77
9.33
8.12
8.93
9.75
11.21
11.29
11.98
12.99
12.86
13.84
13.50
14.10
13.91
14.24
13.90
13.77
12.10
9.37
8.90
7.93
7.51
7.72
7.44
7.28
8.08
8.21
8.59
8.62
8.53
9.18
9.32
10.01
10.65
10.48
11.19
12.07
11.54
11.78
11.66
11.29
11.14
10.49
10.46
10.65
8.88
9.64
9.41
9.67
10.51
10.32
11.11
11.16
11.94
12.46
13.23
12.88
13.02
14.61
13.97
15.34
15.16
15.92
15.17
16.03
14.40
12.19
11.93
12.34
13.06
12.07
10.54
10.25
10.28
7.60
8.17
8.05
9.24
9.74
9.75
10.43
10.71
11.30
11.51
12.56
12.41
13.24
13.55
14.28
12.98
10.34
10.45
12.42
12.65
11.61
9.94
9.85
9.14
6.99
6.97
7.46
7.90
8.52
9.06
9.33
9.52
9.91
10.18
10.31
11.07
10.12
10.20
10.91
12.12
10.50
9.56
13.16
13.43
11.61
10.96
9.99
9.49
7.43
6.88
7.15
8.21
7.54
7.68
8.15
8.50
8.47
8.79
9.30
8.75
9.06
9.40
9.73
11.32
6.55
13.56
13.42
9.81
8.56
7.95
8.06
8.00
6.78
6.43
7.16
7.62
7.95
8.39
8.95
8.84
8.21
8.87
9.07
9.87
9.49
10.50
12.11
13.60
10.64
9.35
9.17
8.79
8.54
8.02
8.11
7.90
6.90
6.41
6.59
7.67
7.82
7.94
8.24
9.15
8.00
8.71
9.23
8.67
9.16
11.54
12.74
13.47
10.64
9.64
9.87
9.55
9.17
7.11
5.76
5.97
6.41
6.42
6.49
7.78
8.24
8.81
8.87
8.36
8.26
8.55
8.23
8.60
8.99
9.13
9.82
9.43
7.91
7.24
6.39
6.39
6.24
6.38
6.20
6.73
7.12
7.43
8.15
9.29
8.53
8.62
8.92
8.96
8.14
8.39
7.93
7.97
8.27
8.70
10.08
14.05
11.75
10.26
11.49
15.04
12.75
9.98
9.39
9.45
8.98
8.01
7.67
8.23
7.95
8.59
9.05
9.39
9.11
9.26
9.68
9.46
9.85
10.04
10.62
11.52
12.12
10.72
10.99
10.46
11.41
10.25
10.71
10.70
10.29
10.15
11.38
10.85
10.29
10.09
10.50
10.94
11.03
11.80
11.48
11.60
12.84
11.21
12.25
11.84
11.50
11.92
11.60
10.51
11.34
9.39
9.28
8.49
7.22
6.88
7.32
8.40
9.24
9.54
9.96
10.35
10.13
11.49
11.54
11.58
13.01
11.68
12.98
11.64
11.15
9.12
9.74
10.00
9.34
8.58
7.49
8.03
6.53
6.15
5.97
6.45
6.51
6.40
6.72
7.08
7.31
7.79
8.35
8.53
8.06
8.63
8.92
10.60
11.71
9.15
10.31
8.99
9.40
9.14
8.90
8.49
6.62
5.17
5.38
5.71
5.99
6.90
7.59
7.69
8.89
9.11
9.97
9.96
10.76
11.12
9.85
8.79
8.04
7.74
7.57
6.89
6.89
6.74
6.87
5.77
5.61
6.03
6.20
6.93
7.06
7.95
8.14
9.24
9.66
9.74
9.92
10.57
11.25
11.03
9.89
8.50
6.85
5.95
5.61
5.42
5.81
5.01
5.25
5.45
5.61
5.59
6.03
6.08
6.98
7.00
7.23
7.34
8.39
8.08
8.25
8.83
8.85
9.20
8.94
8.58
8.03
7.74
7.29
7.11
7.59
7.41
7.08
7.28
6.18
7.07
7.41
8.23
8.46
9.13
9.68
10.23
10.33
10.52
10.53
10.01
10.63
10.68
12.94
14.20
11.61
11.02
9.98
10.51
9.56
9.19
8.46
8.07
8.47
9.00
9.51
9.89
10.74
10.47
10.70
11.34
11.80
12.42
13.09
13.85
14.85
15.02
14.32
13.64
11.53
11.25
11.62
9.65
9.43
9.09
9.01
9.44
8.69
9.46
9.38
10.33
11.04
10.59
11.37
11.74
12.40
12.27
13.30
13.77
14.36
14.09
14.53
12.96
10.50
9.38
8.73
9.31
8.44
7.68
7.39
7.06
6.69
7.08
7.70
8.76
9.34
10.63
11.67
12.13
12.72
13.62
14.23
14.83
14.89
14.69
15.07
14.55
11.28
9.19
8.78
8.24
7.48
7.45
6.87
6.94
6.82
6.66
7.10
7.74
8.38
9.60
10.82
11.95
12.42
12.67
13.60
13.98
14.71
15.66
15.06
11.60
9.89
7.98
6.94
6.31
5.32
5.37
5.29
5.69
6.02
6.72
6.93
8.31
9.52
9.91
10.63
11.81
11.35
12.06
12.81
13.14
13.22
14.03
12.99
11.07
9.57
7.66
6.64
6.83
5.31
5.34
5.16
5.65
6.06
6.16
6.86
6.55
8.23
8.55
9.65
10.54
10.62
11.47
11.82
11.88
12.59
13.17
12.91
11.97
9.52
9.09
8.11
8.37
8.45
8.81
8.85
8.92
8.15
8.85
6.19
5.39
6.58
6.62
7.67
8.42
8.85
9.51
10.00
10.14
10.32
10.04
11.29
9.70
8.69
8.10
7.98
8.30
8.43
7.22
1.51
6.16
5.45
7.50
7.32
5.96
6.67
6.89
7.72
7.84
8.15
8.38
8.93
8.61
8.65
8.61
8.93
9.11
8.13
7.02
8.41
9.38
10.01
7.23
7.30
6.73
6.46
5.46
5.18
6.07
5.39
5.99
6.25
7.17
7.49
8.32
9.31
9.44
10.46
10.34
11.01
9.64
9.78
8.47
8.18
7.94
8.15
6.86
7.59
6.72
5.47
5.44
5.43
5.47
5.88
6.21
6.49
6.70
6.53
6.72
7.33
7.54
8.06
8.84
9.18
9.73
9.29
12.72
13.25
14.19
12.87
13.17
11.12
7.19
5.36
5.48
5.08
5.06
5.20
6.03
6.22
7.10
7.37
7.27
7.38
7.63
8.19
7.57
7.56
7.17
6.22
6.36
6.26
5.88
5.66
5.61
5.04
4.80
5.05
5.09
5.50
5.04
5.10
5.06
5.07
5.32
5.08
5.56
5.87
6.47
6.56
6.88
7.32
7.30
6.83
6.40
6.37
6.42
6.74
6.54
6.54
6.40
7.04
6.88
7.10
7.75
7.29
7.52
7.98
8.04
8.04
8.60
8.75
8.55
8.60
8.97
9.23
10.59
9.65
9.05
9.26
9.33
9.39
8.41
8.70
8.12
8.23
7.61
8.53
9.39
8.86
8.85
9.97
9.92
10.34
10.79
10.93
11.44
11.87
10.59
11.92
11.67
10.09
9.28
8.44
8.92
8.40
7.20
7.19
6.48
5.90
7.04
6.86
7.55
8.23
8.26
9.36
9.58
10.31
10.95
11.49
11.70
12.15
14.13
14.02
12.89
11.93
11.46
10.77
11.22
11.07
10.25
9.95
10.50
10.98
11.85
12.82
13.41
14.60
12.79
13.29
14.03
14.40
15.51
16.03
16.39
17.30
16.56
16.95
16.14
13.24
12.90
11.99
10.45
9.76
9.89
9.15
9.77
10.19
11.17
11.12
11.59
11.98
13.20
12.95
14.60
14.78
15.06
15.56
16.10
15.88
16.20
16.32
15.30
13.18
10.91
9.88
8.67
7.83
7.88
6.48
6.53
7.23
8.09
9.09
10.10
10.41
10.87
11.28
11.90
12.58
12.73
12.87
12.82
12.50
12.88
12.78
11.38
10.90
8.93
8.82
7.82
7.44
7.93
7.19
8.30
8.73
9.39
10.20
10.78
11.53
12.12
12.58
12.94
14.03
14.14
14.44
15.31
15.60
16.85
15.05
12.55
10.88
9.47
7.89
7.57
6.24
6.01
5.42
5.93
6.94
7.82
8.76
9.52
10.79
11.23
11.04
11.51
11.40
11.28
12.42
12.43
12.84
13.14
13.58
13.94
12.17
9.77
9.27
9.12
9.05
8.27
8.09
8.04
9.64
10.25
11.00
11.48
13.03
13.36
13.90
14.78
14.46
15.91
15.71
16.31
16.13
16.61
15.94
14.03
12.34
10.47
9.93
7.91
7.11
6.65
6.75
5.45
5.72
6.54
7.48
8.40
9.94
9.08
10.48
11.01
11.54
11.38
11.65
11.60
11.78
11.78
12.18
10.84
10.64
8.75
8.25
8.34
7.83
7.25
7.34
6.53
7.12
7.22
6.92
6.76
7.44
6.96
6.84
7.68
8.03
7.96
7.71
7.94
8.51
8.55
9.08
9.24
9.23
8.36
8.06
9.44
8.78
9.00
8.86
8.40
8.73
8.73
7.58
7.47
8.00
7.60
8.00
8.16
8.03
8.37
3.97
4.16
9.16
8.98
9.42
9.61
8.84
7.94
7.84
8.00
8.63
8.13
7.67
6.61
6.00
4.97
6.71
6.66
7.30
7.78
8.48
8.91
8.69
8.91
9.85
9.93
10.31
10.43
10.59
8.85
7.68
6.86
6.59
6.72
6.73
6.42
5.48
5.77
7.16
7.75
8.64
9.51
10.02
10.85
11.16
11.98
12.17
13.29
12.90
13.40
14.24
14.45
13.42
11.18
9.56
8.16
7.62
7.91
7.43
7.01
7.30
7.55
8.36
8.81
8.97
10.28
10.42
10.33
10.54
11.18
10.44
10.72
11.23
12.53
12.37
13.83
13.42
13.49
13.05
13.94
11.81
13.24
14.60
13.22
12.53
11.02
8.82
10.25
11.33
12.34
13.44
13.06
14.10
14.81
14.88
15.80
15.71
17.04
17.94
17.60
18.30
15.55
12.97
11.25
10.28
10.02
9.51
9.06
9.43
10.70
10.87
12.64
13.28
13.17
13.43
13.98
14.48
14.87
15.98
16.35
16.82
18.34
18.90
19.39
18.40
17.50
11.26
14.64
10.81
12.90
11.73
11.43
11.15
8.95
9.47
9.23
9.88
11.10
10.76
10.68
11.64
11.00
11.60
10.64
11.48
12.13
12.47
12.68
14.32
15.75
16.32
14.68
11.51
11.14
16.44
15.82
15.99
12.95
12.52
15.43
17.27
17.27
17.82
18.47
18.02
17.94
19.06
19.06
18.91
17.97
19.99
17.84
17.80
20.47
20.76
20.04
16.40
13.31
16.73
13.18
14.51
14.56
15.63
16.81
17.01
17.46
17.25
17.42
19.39
18.29
19.94
19.07
20.51
20.87
20.42
22.15
19.72
15.77
13.08
11.20
10.81
9.42
8.97
8.59
8.50
9.27
10.14
11.50
12.35
13.13
13.97
15.13
16.02
16.33
16.55
17.55
17.56
17.71
18.73
18.86
17.22
13.61
11.39
9.53
8.74
7.37
6.33
6.00
7.02
7.38
8.37
8.41
9.36
10.58
11.52
11.88
12.27
13.05
13.74
14.97
15.02
15.78
16.94
16.41
16.25
16.59
15.52
14.87
14.13
13.29
9.48
8.80
8.74
8.33
9.60
8.92
6.87
6.91
8.73
9.01
10.23
10.82
12.04
12.33
13.06
14.16
13.82
13.87
13.70
13.56
11.99
10.25
10.99
10.64
10.88
10.26
9.36
8.25
8.54
8.36
8.24
7.03
7.54
7.20
7.26
7.30
7.88
8.84
8.99
9.17
9.22
10.47
13.14
11.43
9.85
10.42
9.37
10.16
9.29
9.38
6.89
5.58
6.19
5.86
6.07
6.27
5.52
5.14
6.24
7.14
7.71
7.91
8.97
9.35
9.19
10.42
10.14
9.25
8.57
7.48
8.45
8.41
10.83
9.14
10.05
6.24
5.93
5.03
4.18
4.58
4.49
4.77
5.21
5.98
6.17
6.56
7.66
7.38
7.85
7.77
9.09
8.55
8.53
7.99
7.68
10.40
10.25
11.07
10.79
9.55
6.22
4.63
5.02
4.71
4.28
4.49
4.49
4.71
4.51
5.27
6.04
5.71
6.10
6.53
5.64
5.62
6.85
5.82
4.86
5.77
6.00
6.86
4.77
5.33
4.17
4.24
4.46
4.42
4.60
5.00
5.39
5.97
5.73
6.00
6.32
7.76
7.78
8.20
7.29
7.05
6.07
5.66
5.15
6.53
5.54
6.94
5.75
4.11
4.14
4.82
4.44
4.44
4.68
5.20
5.54
5.53
5.93
6.72
7.07
7.36
8.00
8.75
8.66
8.77
8.31
8.27
8.35
10.42
9.27
9.37
10.33
9.02
7.53
5.66
4.69
4.84
5.40
5.16
5.80
6.68
7.43
7.90
8.22
9.02
9.32
8.94
8.76
8.49
6.38
6.88
7.16
8.18
9.49
8.29
9.83
8.88
8.67
7.97
7.95
5.88
5.29
5.30
4.72
4.89
5.75
5.37
5.56
5.79
5.76
5.88
5.57
7.36
8.20
8.95
11.34
11.00
11.25
11.75
11.36
10.46
6.67
5.41
5.04
5.67
5.51
4.84
4.96
5.02
4.76
4.75
4.63
5.45
5.91
6.99
7.97
8.14
8.68
8.34
9.29
9.76
10.21
7.89
7.26
7.16
6.86
4.44
4.44
4.31
4.38
4.74
4.45
4.40
4.52
4.45
4.45
4.42
4.57
5.15
5.34
7.11
7.47
6.63
6.76
7.02
7.34
6.61
6.86
5.33
4.10
3.98
4.48
5.51
5.88
6.75
6.84
7.86
7.99
8.46
9.74
9.59
9.54
9.65
8.69
8.36
7.05
6.24
5.77
5.33
4.51
4.12
4.09
4.47
4.57
4.80
5.24
5.64
6.00
6.62
7.23
7.75
8.50
8.79
9.62
9.82
9.76
9.38
8.83
8.27
6.63
5.88
5.47
4.99
4.80
3.70
3.65
3.53
4.39
3.98
4.78
5.44
5.44
5.93
5.76
6.03
5.68
6.18
6.71
7.17
7.29
8.31
7.32
8.82
7.89
8.23
8.43
8.59
8.81
8.81
8.29
8.02
6.97
6.05
5.64
6.43
7.06
7.14
7.46
7.28
6.89
7.77
7.59
7.83
8.22
7.82
8.86
10.62
11.70
13.27
14.02
10.85
8.56
8.34
7.84
8.33
8.42
8.32
8.68
9.64
10.02
9.68
10.62
10.51
10.99
11.04
11.07
11.09
11.43
11.26
11.14
9.77
10.81
8.92
8.56
6.78
6.56
7.30
6.23
5.69
6.10
6.18
7.63
8.15
9.61
9.84
10.57
12.75
12.66
13.36
13.25
13.76
15.09
13.98
13.37
12.34
10.50
8.99
7.95
7.53
6.52
6.66
5.91
5.65
6.14
6.72
7.50
8.30
9.59
9.72
9.86
10.28
11.60
11.98
12.22
12.73
12.48
12.49
11.86
9.67
7.44
8.22
8.78
7.67
9.32
8.22
5.74
5.47
5.66
5.46
5.35
4.59
4.00
4.22
5.07
5.49
5.89
6.33
5.78
7.45
6.77
6.65
5.28
5.08
6.93
11.31
11.79
11.65
12.29
11.95
9.87
4.81
5.10
4.58
4.03
4.00
3.98
4.07
4.06
4.27
5.00
5.71
6.35
6.44
6.65
6.53
5.94
5.38
8.18
11.14
12.72
11.24
11.87
11.68
10.22
8.68
4.22
4.07
4.02
4.01
4.42
4.11
4.04
5.07
5.65
6.06
6.99
7.56
7.67
7.78
9.01
13.29
15.22
14.65
18.06
16.48
14.10
14.09
14.18
13.20
8.63
5.38
4.54
4.61
4.48
4.81
4.70
4.53
4.66
5.94
5.98
6.87
7.12
6.90
6.90
8.71
11.08
10.26
11.59
12.47
12.74
12.51
11.29
10.23
6.84
4.66
4.87
4.51
4.39
4.23
4.43
4.29
4.39
4.70
5.07
5.39
5.29
5.39
5.62
8.64
8.68
10.26
10.75
11.04
12.53
11.67
10.67
8.24
4.38
5.11
5.20
4.80
4.40
3.96
4.07
4.04
4.25
4.43
5.34
5.64
6.50
6.08
7.10
7.47
9.84
10.26
9.86
8.72
7.22
7.12
6.51
6.13
6.54
6.15
5.45
4.62
5.20
5.71
6.79
6.73
7.57
8.46
9.08
9.49
10.26
9.74
9.93
8.68
9.07
11.50
11.02
10.39
8.89
8.30
6.67
6.01
5.31
5.37
4.53
3.99
3.83
4.55
4.97
5.76
6.53
7.43
8.02
8.46
8.67
8.29
6.93
6.04
7.19
8.46
6.87
6.08
6.05
5.50
6.04
4.52
3.88
4.04
3.83
3.97
3.90
3.94
3.96
5.40
5.32
6.11
7.07
7.69
8.23
8.29
6.91
6.29
8.01
7.26
6.24
6.75
6.22
7.01
7.35
5.11
3.90
4.11
3.89
3.83
3.91
3.92
4.52
5.48
6.19
6.74
8.49
8.16
8.42
9.01
7.93
9.22
10.95
9.79
12.35
11.96
13.73
14.47
14.41
13.66
11.51
9.66
5.37
5.10
5.03
5.12
4.94
5.22
4.99
4.97
5.79
6.49
6.84
6.13
6.30
6.97
7.61
10.11
11.92
13.50
14.53
14.55
14.21
11.78
9.78
7.54
6.97
5.28
5.51
5.44
5.77
5.50
5.27
5.13
4.94
4.95
4.74
4.40
5.68
7.34
8.40
9.28
11.64
11.44
11.92
11.33
9.87
8.89
6.10
5.28
5.04
4.98
6.03
4.95
4.89
4.81
4.85
5.50
6.18
6.83
7.50
6.87
7.16
7.56
8.87
12.20
12.71
14.24
14.83
14.76
13.45
12.94
8.72
5.99
5.49
5.68
5.83
4.12
2.65
5.38
4.97
5.00
5.60
6.50
7.10
6.57
6.92
7.71
9.00
10.94
11.84
11.51
13.91
12.81
11.86
8.52
6.31
5.04
4.92
4.75
4.58
4.48
4.40
4.88
4.50
5.84
6.58
6.61
7.35
6.63
5.60
5.41
5.92
6.13
7.51
8.36
8.59
7.73
8.93
6.58
5.17
4.71
5.20
5.08
5.18
4.94
4.50
4.46
4.48
5.28
6.52
6.92
7.70
6.82
6.01
5.39
5.64
6.59
6.80
7.78
7.96
8.16
7.64
6.59
5.37
4.78
4.93
4.84
4.73
4.43
4.45
4.62
4.43
5.36
5.88
6.55
6.92
6.83
5.84
7.06
8.49
9.18
12.89
12.52
13.72
13.31
12.05
11.74
9.55
7.52
7.40
6.61
6.88
5.54
5.12
5.03
4.97
5.07
5.05
5.48
5.92
5.41
6.35
6.95
7.95
11.93
13.16
13.70
15.11
15.02
14.61
12.26
10.09
8.31
7.90
6.62
6.47
5.47
5.07
5.36
5.28
5.10
5.05
5.37
5.04
4.56
5.41
6.98
9.09
11.39
11.80
11.30
12.73
13.47
10.01
9.19
6.36
6.59
6.24
6.02
6.21
5.14
5.05
4.95
5.01
4.95
5.43
5.07
5.42
5.66
5.59
6.29
7.16
8.54
11.61
11.66
12.38
13.28
13.48
11.36
6.52
5.46
5.28
5.65
5.26
4.92
5.01
5.00
5.02
5.10
6.22
6.59
7.14
5.80
6.63
7.53
10.11
11.93
13.70
12.95
13.63
13.79
13.41
10.41
5.90
6.36
5.47
5.11
5.37
5.10
5.06
5.04
5.07
5.02
5.06
5.07
5.51
4.80
4.82
6.02
8.59
8.21
8.45
10.16
8.88
10.44
9.29
8.00
7.19
5.50
7.00
5.37
5.30
5.16
5.00
5.05
5.07
5.04
5.05
5.10
5.26
4.74
4.48
5.59
9.13
9.28
9.34
11.08
12.45
12.18
12.23
10.49
10.28
7.21
7.30
5.60
5.73
5.43
5.76
5.17
5.07
5.07
5.02
5.01
4.99
5.01
6.15
9.99
13.44
16.59
18.07
18.91
20.71
21.19
21.55
18.41
14.54
11.17
9.53
6.90
6.54
6.91
6.75
5.93
5.62
5.36
5.34
5.25
5.13
5.00
7.09
10.62
13.66
16.11
17.45
18.70
19.87
19.19
19.53
16.89
13.00
10.49
9.37
7.43
6.08
5.90
5.56
5.37
5.05
4.84
4.83
4.86
4.78
4.37
5.25
7.60
9.76
10.75
10.11
10.54
11.06
9.91
9.30
9.39
7.67
8.76
7.28
6.86
6.61
6.86
5.15
5.05
5.11
5.20
6.44
6.57
7.14
6.31
7.07
6.97
9.24
8.90
6.12
10.64
11.94
9.74
8.82
8.91
6.24
6.12
5.98
5.99
6.78
7.41
7.43
7.40
7.20
5.66
5.17
5.19
5.16
5.11
6.54
7.75
9.08
11.57
10.51
11.26
11.79
8.56
9.80
7.43
7.15
5.46
5.13
4.93
4.96
4.90
4.96
5.01
5.36
5.74
6.30
6.59
7.41
6.41
6.52
6.11
6.76
7.58
8.44
8.67
8.72
9.25
9.87
8.18
6.64
7.69
6.54
6.90
6.09
6.03
6.05
6.11
6.13
6.31
6.36
6.56
7.19
6.51
5.88
6.11
8.27
9.24
10.52
11.34
11.22
11.72
12.67
11.49
9.62
7.48
7.53
6.62
6.57
6.48
6.17
6.74
6.06
5.32
5.04
5.02
4.81
4.41
6.44
9.15
13.10
15.42
16.56
15.97
16.43
17.67
16.98
16.52
11.76
6.44
6.14
5.63
5.37
5.23
5.36
4.81
4.73
4.76
4.72
4.73
4.57
4.19
6.11
10.90
9.97
12.29
12.43
13.55
13.41
11.58
7.85
8.94
6.32
6.25
5.84
5.17
5.69
5.22
5.21
5.22
5.25
5.82
5.84
6.51
6.73
6.46
6.41
6.78
8.02
9.55
9.65
11.60
12.51
13.43
12.39
11.85
7.56
6.60
6.03
6.31
6.01
5.11
4.92
5.26
4.83
4.92
5.14
5.51
5.65
4.93
5.94
8.40
13.21
12.93
14.36
16.15
17.32
17.81
16.73
15.10
12.06
9.30
8.16
7.06
6.50
6.10
6.07
4.80
4.78
4.86
4.82
4.74
4.64
4.34
7.63
12.02
16.44
18.25
19.52
20.64
22.05
21.83
21.73
18.94
15.30
11.49
10.17
10.01
7.38
6.18
5.74
5.60
5.27
5.30
5.12
5.13
5.04
6.08
7.31
10.05
15.26
17.03
16.60
15.60
15.07
15.42
15.18
14.35
12.71
11.30
9.16
7.62
7.10
6.25
5.78
5.74
5.67
5.47
5.06
5.04
5.00
5.68
6.72
9.50
10.99
11.21
10.76
12.89
13.24
13.11
12.11
12.04
10.09
6.78
6.88
5.88
5.98
5.82
5.72
5.94
5.22
4.81
4.83
4.79
4.74
4.59
6.56
9.37
11.84
14.81
15.32
16.79
16.65
17.55
16.51
17.10
16.44
13.66
6.23
5.90
5.70
5.65
5.50
5.70
5.71
5.40
5.06
5.21
4.79
4.88
7.33
11.29
13.65
15.28
17.19
15.56
15.21
13.09
13.06
11.47
9.45
8.39
7.91
6.93
6.98
6.05
6.12
5.05
5.08
4.91
4.80
4.78
4.64
4.84
6.49
10.76
12.33
14.77
15.59
18.22
19.45
20.81
20.21
18.35
15.60
10.33
9.63
8.11
6.59
6.58
6.62
5.49
5.39
5.62
5.11
4.94
4.83
5.82
8.81
13.33
16.47
18.36
20.14
22.20
23.24
23.31
23.24
22.13
17.42
13.71
13.47
11.52
8.54
7.84
7.62
6.62
6.77
6.32
5.86
6.02
5.80
7.33
11.65
15.98
18.61
20.35
22.41
24.27
25.49
25.39
23.85
21.18
17.95
13.69
13.38
11.23
7.91
7.45
6.70
6.31
5.10
5.27
4.73
5.38
4.51
6.07
8.28
11.62
12.50
15.73
14.55
16.06
18.25
16.61
17.57
16.34
14.23
11.29
9.47
9.21
7.07
6.68
6.53
5.72
5.18
4.83
5.15
4.66
4.43
5.75
7.68
10.63
10.93
13.31
16.40
17.60
18.92
19.76
18.15
16.42
14.16
11.09
11.35
10.43
9.28
8.23
8.84
8.04
7.69
9.17
7.09
6.55
5.17
7.75
9.65
11.64
12.92
13.67
12.94
12.76
14.89
15.95
15.40
13.20
9.55
6.93
6.82
5.44
5.03
4.63
4.55
4.53
4.46
4.55
4.51
4.51
4.50
4.58
5.50
9.50
10.08
12.26
13.42
14.12
14.37
15.02
14.43
13.10
10.09
9.30
8.09
6.99
6.40
5.31
4.93
4.94
5.09
4.80
4.63
4.65
4.56
4.55
6.77
10.42
13.33
13.33
15.30
15.71
15.40
15.93
15.54
12.93
11.13
7.15
7.57
5.75
5.55
5.14
6.44
5.48
4.98
4.71
4.59
4.50
4.52
4.22
5.20
8.07
11.74
15.63
16.09
15.86
15.82
16.72
15.05
12.82
8.30
7.48
7.03
5.58
5.71
5.37
5.20
5.23
5.09
4.95
4.74
4.75
4.58
4.36
6.45
11.75
15.29
17.60
18.27
19.10
19.11
20.02
18.41
16.65
13.54
8.96
7.83
7.62
6.22
6.03
5.24
5.24
5.01
5.04
4.80
4.67
4.43
4.92
5.78
8.95
10.52
13.60
13.98
15.44
16.63
17.05
16.79
14.79
13.15
10.15
8.92
8.00
6.93
6.95
5.56
5.54
5.06
5.06
5.14
4.94
4.79
5.58
6.61
9.83
12.05
12.52
14.18
16.66
17.32
15.32
15.32
14.81
12.26
10.40
7.86
8.12
6.37
5.89
5.75
6.03
5.34
5.67
5.09
4.82
4.63
4.79
5.90
10.66
10.79
13.83
13.40
13.29
14.65
15.81
15.51
11.70
9.06
7.63
5.97
6.86
5.87
5.46
5.29
4.93
4.89
4.99
4.81
4.71
4.62
4.65
4.85
6.67
7.57
9.16
11.04
13.39
12.05
12.84
12.70
11.35
7.57
6.97
6.81
6.69
5.89
5.13
4.84
4.82
4.63
4.72
4.81
4.62
5.02
4.51
5.03
7.54
11.50
12.30
14.15
14.44
16.19
15.91
16.78
12.87
9.78
8.32
7.69
7.96
7.56
5.33
4.98
4.80
4.89
4.68
4.69
4.62
4.62
4.48
5.54
9.41
11.64
13.61
14.79
14.98
16.54
16.88
15.17
13.90
11.88
8.65
7.55
6.84
5.58
5.45
5.40
5.15
4.90
5.32
4.91
4.86
4.81
5.73
6.78
5.87
11.98
13.10
13.63
14.26
14.20
14.52
12.47
12.91
9.75
7.42
6.22
6.07
5.12
4.84
4.75
4.62
4.49
4.53
4.49
4.52
4.38
4.22
5.08
6.78
8.16
9.29
9.75
10.42
10.30
11.18
11.31
11.12
9.98
8.26
7.34
6.12
5.84
5.92
5.20
4.90
5.40
4.64
4.53
4.59
4.74
4.33
5.24
7.86
9.19
9.46
9.39
11.70
10.37
7.60
9.61
9.28
7.85
7.17
5.75
5.94
5.08
4.96
4.76
4.55
4.56
4.41
4.57
4.48
4.35
5.49
9.00
10.83
12.74
15.78
16.19
18.22
19.21
19.90
18.78
17.86
13.47
12.05
12.93
11.10
8.31
8.06
7.62
7.68
7.89
7.16
5.56
5.94
7.30
8.64
10.97
13.97
16.17
17.54
18.77
19.76
20.97
21.71
23.25
21.12
15.86
13.77
11.87
10.53
8.53
9.08
7.65
5.89
6.24
6.76
6.07
4.93
5.94
7.81
10.51
14.64
17.56
21.94
22.13
23.39
24.10
24.75
22.59
21.85
18.35
14.79
12.92
11.33
10.53
7.08
6.85
6.23
5.83
5.99
5.56
6.16
5.53
7.28
11.18
12.59
14.23
6.79
9.47
19.17
20.15
20.33
18.28
17.18
14.41
11.80
11.45
7.67
6.73
5.68
6.24
4.75
4.93
4.79
4.71
4.63
4.50
4.20
5.13
7.94
9.88
9.11
11.13
12.50
12.07
12.58
11.57
9.76
6.89
6.00
5.50
6.49
5.59
5.60
5.55
5.24
4.99
4.79
5.22
4.80
4.81
4.82
5.01
7.38
8.13
9.12
10.87
11.17
11.55
11.51
11.35
11.98
10.56
8.50
6.39
6.87
6.11
6.21
5.51
5.87
5.60
5.55
5.48
5.51
5.38
5.34
6.00
7.42
6.81
8.33
8.88
8.85
8.25
9.12
8.94
8.61
7.31
5.86
5.54
6.25
5.24
5.57
4.95
5.09
4.99
4.83
4.74
4.61
4.52
4.25
5.76
7.13
8.20
10.07
9.80
9.86
11.26
11.32
9.79
8.86
6.95
6.42
6.00
6.29
6.15
5.98
6.26
5.87
5.96
6.05
6.08
6.13
6.01
5.80
5.62
7.15
9.95
10.16
11.78
11.06
11.76
12.60
11.94
10.16
7.96
6.71
5.87
5.16
5.29
4.89
4.76
4.80
4.82
4.78
4.80
4.74
4.66
4.55
5.36
6.54
6.85
8.32
9.04
9.07
10.36
8.38
11.03
7.93
8.33
6.37
6.38
6.44
6.44
5.86
5.79
4.80
4.81
5.40
5.21
5.40
5.81
5.37
5.52
6.62
6.78
9.47
9.90
11.27
10.33
10.98
9.71
7.88
6.91
5.78
5.08
5.02
4.82
4.47
4.41
4.52
4.42
4.61
5.00
5.37
5.42
4.84
5.06
7.20
10.94
10.96
11.40
13.58
13.92
14.54
14.38
12.45
9.71
6.74
6.46
5.02
4.79
4.72
4.92
4.68
4.59
4.31
4.46
4.93
4.35
4.03
4.76
6.19
9.17
10.11
11.05
12.38
14.71
14.32
14.21
13.89
13.03
9.94
7.11
7.65
5.77
5.15
4.81
4.87
4.77
4.77
4.69
4.44
4.25
4.57
5.48
8.33
8.75
9.11
9.33
9.91
10.51
10.73
10.77
10.23
8.55
7.54
5.81
6.68
5.07
5.24
5.31
4.86
4.44
4.35
4.39
4.33
4.33
4.08
4.79
6.05
5.77
6.77
6.66
7.08
8.85
8.48
7.39
7.70
7.04
5.31
4.92
4.63
4.53
4.78
4.53
4.38
4.40
4.40
4.91
4.29
4.37
4.03
5.77
10.29
9.96
12.71
13.73
14.11
15.35
14.51
15.72
13.39
11.95
7.24
6.74
5.99
5.93
5.67
5.49
5.46
5.33
5.26
5.17
5.60
5.07
4.88
7.77
10.59
12.99
15.53
15.42
17.45
18.54
19.19
19.86
18.51
14.06
10.02
9.18
9.74
6.37
5.39
5.24
5.16
5.04
4.97
5.01
4.63
5.32
6.72
8.87
12.61
15.37
18.29
19.71
21.01
20.73
20.59
20.88
19.67
16.93
13.73
12.99
10.59
8.93
8.06
7.83
7.27
6.04
5.71
5.26
5.97
5.64
8.93
10.49
14.25
15.76
17.47
20.24
19.84
22.12
20.61
21.40
21.18
17.09
13.26
11.76
10.19
9.04
7.70
6.73
5.68
5.65
5.13
5.38
5.84
6.32
8.08
8.69
11.71
11.91
13.08
15.74
16.48
16.52
16.76
18.43
17.83
16.66
12.46
11.01
9.90
8.50
7.84
7.44
7.26
6.90
6.20
5.39
6.64
7.70
7.82
9.17
12.02
12.20
13.40
15.14
14.85
15.53
17.66
15.97
15.19
14.60
11.70
10.49
10.82
8.39
7.64
7.08
7.12
6.74
8.15
5.63
5.58
7.17
8.77
11.37
13.32
18.40
19.63
19.67
21.03
21.72
22.08
21.58
20.30
16.18
13.32
12.59
11.57
8.86
8.20
8.16
7.00
6.24
6.80
6.78
5.50
6.83
9.25
11.11
14.11
17.16
17.46
20.96
20.92
22.21
22.62
24.18
19.27
15.68
13.09
11.90
11.57
10.04
8.61
8.18
8.13
7.27
8.61
6.30
6.75
8.55
8.55
10.67
14.78
17.54
18.90
21.19
21.74
22.28
24.47
23.87
23.20
17.92
16.27
14.52
12.50
11.62
9.03
8.30
7.92
7.30
8.49
7.58
7.80
6.94
9.59
12.19
16.23
18.29
19.47
21.42
24.33
27.66
27.49
25.88
21.07
18.75
15.70
14.62
12.93
10.69
9.09
8.69
7.42
7.30
8.36
7.15
7.39
7.40
8.57
10.66
15.15
16.38
19.90
20.91
21.29
21.54
23.19
22.87
21.22
18.45
15.57
13.30
11.49
9.33
8.12
7.88
6.87
6.92
5.79
5.50
6.24
6.14
8.50
10.15
11.98
12.84
15.53
15.43
16.81
18.76
18.43
19.50
18.50
18.30
14.73
12.56
11.28
8.29
8.75
8.05
7.56
7.19
7.42
5.77
6.87
6.96
8.85
12.07
12.57
14.46
16.69
16.88
20.83
20.94
23.42
23.35
21.51
22.81
18.60
16.69
15.28
10.60
10.08
9.30
8.16
8.01
9.51
8.32
7.43
8.10
10.26
13.47
19.75
23.61
26.19
25.63
25.86
28.24
29.73
30.33
27.45
24.47
20.66
18.03
15.24
13.50
12.23
14.16
12.67
12.70
11.18
10.80
9.97
9.63
13.81
18.05
22.17
22.57
24.10
26.33
27.86
28.26
29.99
28.01
26.42
22.72
20.05
18.51
14.51
13.06
10.60
9.27
9.38
8.41
9.23
7.95
7.91
8.09
10.62
12.21
17.38
19.77
24.63
26.15
28.65
29.80
30.88
31.58
29.70
25.67
21.94
18.31
15.35
12.13
13.08
12.66
9.42
7.86
9.88
8.63
9.68
9.67
9.31
12.89
17.16
20.23
21.02
23.35
23.50
27.13
28.42
27.34
24.35
21.95
19.18
16.64
14.94
12.48
10.38
8.49
8.73
7.47
7.41
5.93
7.33
8.22
10.74
13.46
18.04
20.26
21.64
22.58
24.71
25.80
24.88
25.27
24.30
21.24
16.80
14.41
13.20
10.20
9.07
8.30
7.65
7.45
7.14
6.27
7.52
7.80
9.13
10.97
13.29
15.85
17.21
18.97
21.44
21.86
21.85
22.62
22.16
20.43
16.59
14.86
13.01
10.85
9.68
9.15
8.10
8.12
7.81
7.22
9.01
8.00
9.03
11.92
13.50
16.60
18.09
18.43
21.16
22.92
22.63
23.65
22.86
20.93
17.13
14.34
14.37
10.72
9.70
9.51
7.93
7.89
9.67
8.69
8.08
7.44
10.03
12.34
16.88
21.32
24.46
23.37
25.57
26.77
27.53
26.85
24.62
22.18
20.55
15.14
14.46
11.71
11.00
10.71
9.69
9.25
9.49
8.13
6.08
8.19
10.15
12.63
18.61
20.76
20.07
24.64
24.21
28.35
28.30
28.32
26.70
24.34
20.77
16.08
15.27
10.71
9.75
8.51
8.22
6.86
6.75
6.76
7.24
7.01
10.24
13.19
17.87
18.95
20.29
24.39
25.04
26.76
28.43
27.87
26.00
23.99
19.94
15.16
14.51
12.58
11.98
11.04
8.52
8.21
8.01
6.19
7.17
9.14
9.83
12.97
17.26
19.76
20.76
23.60
24.15
26.59
27.36
27.65
26.73
24.66
21.09
19.47
15.05
11.62
10.03
9.15
7.77
7.72
8.91
6.93
7.78
9.13
10.63
15.34
17.95
19.52
21.05
22.26
24.41
26.29
26.67
25.99
25.15
22.26
19.33
16.12
14.75
11.22
11.00
9.76
8.74
8.38
7.86
7.09
8.53
8.81
9.83
12.74
17.06
16.22
19.25
18.98
20.12
21.54
22.16
21.80
20.41
19.38
16.34
14.59
14.28
11.62
10.53
10.41
9.54
9.70
9.52
8.40
9.46
8.44
10.22
12.13
14.34
15.94
17.68
19.07
20.04
21.25
21.95
21.44
21.73
19.53
17.03
13.74
12.32
8.96
7.82
7.11
6.63
5.92
5.75
5.75
5.52
5.89
8.43
11.25
16.55
19.33
23.03
23.55
25.37
26.05
27.21
27.14
24.37
21.85
19.38
15.01
13.42
10.37
9.39
9.26
8.30
7.66
8.18
6.19
5.89
7.25
10.91
13.64
16.87
20.72
22.55
24.99
26.73
28.87
27.01
26.90
25.34
21.79
18.29
16.12
14.74
11.09
10.14
9.85
8.33
7.19
6.99
6.21
7.83
8.89
10.54
14.02
17.69
20.41
22.23
24.97
25.62
26.12
28.43
28.11
26.17
22.88
21.16
19.68
16.57
13.53
10.01
9.19
8.32
7.59
8.30
7.53
7.78
8.35
9.79
14.63
18.50
22.09
23.00
24.89
25.84
25.88
26.41
28.10
25.84
24.72
20.69
17.02
14.87
9.25
10.70
11.20
8.87
8.52
9.54
8.36
8.15
9.37
12.23
12.02
20.38
24.55
25.79
30.50
31.66
33.50
35.80
35.46
31.06
25.67
21.53
20.53
17.36
14.55
13.42
12.11
10.30
10.59
10.13
10.55
12.71
10.99
12.19
16.20
20.36
22.07
26.80
28.83
30.60
32.53
31.58
31.74
31.35
28.17
23.27
21.98
21.56
16.16
15.32
13.69
13.33
11.98
12.68
11.73
13.51
12.90
15.13
18.74
19.17
23.59
24.77
27.37
28.48
31.17
31.84
31.66
31.27
27.66
24.34
21.87
19.93
15.02
15.04
13.55
13.37
13.50
13.07
11.50
10.11
10.60
16.32
19.95
25.65
28.00
29.97
32.70
34.21
37.69
37.70
37.43
34.24
30.50
25.58
23.54
21.78
15.63
14.81
13.99
11.83
12.42
12.69
11.93
9.71
10.14
13.97
18.90
23.20
26.83
28.85
29.33
32.21
34.31
34.90
32.12
30.41
26.02
23.60
20.41
18.21
14.19
12.31
11.27
10.96
11.01
10.74
9.49
10.13
10.11
12.70
18.63
20.74
24.19
25.31
27.76
28.13
29.15
29.99
29.50
29.28
25.81
23.16
19.73
18.83
13.84
11.95
11.24
9.69
8.88
9.33
7.71
8.06
9.25
10.36
13.73
17.31
19.33
20.28
21.46
24.27
26.70
26.25
26.95
28.30
22.58
21.83
20.21
16.61
13.33
12.01
11.04
10.10
8.90
9.71
9.00
9.01
9.06
11.29
16.15
21.67
21.45
24.15
23.34
25.84
28.15
29.99
30.49
25.08
23.87
21.03
17.20
15.32
13.08
12.76
10.91
11.00
10.39
9.41
8.84
10.52
10.02
11.57
15.86
18.38
20.64
21.13
22.93
24.81
25.95
27.07
28.00
27.71
24.80
21.95
18.77
17.41
14.27
12.90
12.50
11.04
11.22
10.85
9.52
11.77
10.59
12.15
17.62
18.48
21.78
23.45
25.94
25.90
28.52
28.13
28.86
26.58
23.00
19.81
16.49
15.06
12.33
10.94
9.48
8.16
7.39
7.59
6.49
6.20
7.46
10.78
13.95
18.75
20.85
22.53
25.99
27.93
29.89
29.58
28.01
26.47
23.12
20.00
19.00
16.30
12.44
9.45
8.97
7.92
7.35
6.98
6.33
6.30
6.90
10.64
15.13
18.68
20.81
25.95
26.35
27.12
29.34
31.34
29.92
27.55
24.52
20.88
18.97
15.71
12.43
11.83
10.97
10.22
10.45
11.91
9.95
10.62
11.32
12.50
16.86
22.81
25.58
29.31
31.90
34.55
36.41
38.69
38.68
36.16
31.21
26.11
23.04
22.23
16.28
16.50
14.71
14.15
15.49
14.40
13.70
14.71
13.43
13.25
14.41
22.96
27.12
30.31
32.43
36.97
38.65
38.22
36.81
32.80
26.73
23.87
22.26
21.05
16.51
14.84
14.66
13.35
15.09
15.62
14.63
15.88
14.10
14.63
17.38
24.54
29.88
30.35
32.34
35.76
36.39
35.98
33.68
31.32
26.98
23.43
22.45
20.68
17.58
16.23
15.11
14.15
16.81
15.57
14.12
16.15
16.08
17.96
20.88
22.07
25.54
26.47
27.24
29.75
31.40
32.14
32.08
30.47
28.04
23.02
22.34
20.48
16.61
17.66
16.15
15.58
16.21
16.37
15.17
17.54
18.79
21.05
22.89
24.56
26.82
26.29
27.91
28.69
31.22
32.15
32.92
32.30
30.09
24.27
21.28
19.56
16.85
14.29
14.29
13.73
16.73
16.63
15.27
14.59
14.45
19.48
24.08
27.69
32.40
34.83
35.01
36.90
39.49
40.18
40.06
36.77
32.65
28.89
26.82
24.75
19.41
20.26
18.17
17.42
16.83
15.49
14.10
13.22
12.76
16.31
22.15
27.24
30.41
33.60
35.90
37.72
40.14
39.62
40.88
38.53
33.45
29.16
25.25
23.48
17.82
18.69
16.05
16.45
17.62
16.01
14.04
16.73
15.98
16.48
21.58
26.11
27.03
30.17
31.23
36.59
35.94
36.01
34.12
31.72
26.55
25.29
23.35
23.18
17.64
16.54
16.02
17.29
15.86
14.23
11.75
13.28
12.07
14.41
10.10
24.31
24.55
27.77
28.72
31.72
33.16
34.50
31.32
30.57
26.01
24.21
21.64
20.46
16.32
15.11
14.76
13.39
14.96
15.42
14.46
14.07
13.55
15.64
18.31
21.39
23.84
27.09
28.98
32.98
35.26
34.39
33.99
30.69
26.55
24.12
22.52
20.27
16.37
15.81
13.92
14.39
12.59
12.18
10.31
12.32
12.82
14.83
18.48
22.66
24.40
26.15
28.36
29.69
30.38
31.33
31.93
31.92
29.19
26.64
23.89
22.30
18.07
16.15
15.09
14.56
14.22
15.87
14.53
17.61
17.08
18.69
20.49
23.83
26.52
26.81
30.37
31.89
33.44
34.46
33.55
34.21
30.48
28.28
25.27
24.82
20.21
20.64
18.96
18.75
21.35
20.75
19.79
19.00
17.97
20.24
24.68
26.09
27.61
29.51
30.56
30.58
31.36
28.86
29.72
30.97
28.55
25.79
25.68
21.88
15.71
14.95
14.63
13.93
14.00
13.89
13.84
13.71
14.03
17.39
21.77
23.34
26.27
29.21
31.76
35.17
37.00
37.80
38.39
34.66
30.49
29.19
27.68
27.15
22.43
21.53
21.75
21.45
20.62
19.24
18.23
20.04
18.38
18.40
22.47
24.57
28.59
29.23
31.01
33.04
36.06
35.03
34.56
32.65
27.73
24.84
23.52
22.85
19.33
17.58
17.62
17.67
16.88
16.15
16.17
19.30
19.70
21.43
24.36
29.35
31.70
33.62
34.98
37.83
39.04
39.60
40.70
37.62
30.67
29.09
27.42
26.89
23.01
23.27
21.14
20.67
19.85
18.77
18.78
21.15
21.15
22.63
26.31
29.82
34.91
39.28
38.12
40.48
37.53
35.66
36.28
34.29
30.10
27.47
26.00
23.77
23.37
19.99
19.65
19.60
18.80
17.64
17.11
16.09
16.33
18.76
21.36
26.14
27.86
33.10
34.37
34.61
35.17
35.21
34.65
33.35
30.87
29.67
25.70
24.27
22.38
22.13
19.54
18.28
17.62
17.30
17.55
16.64
16.07
16.71
19.83
21.30
24.48
27.34
30.12
31.44
32.98
33.56
34.18
33.09
30.06
27.75
25.10
24.04
22.86
20.70
20.54
18.84
17.12
17.28
16.21
15.10
15.61
16.68
21.24
25.60
30.10
33.49
35.42
35.61
38.24
38.30
38.93
38.95
36.73
32.12
29.09
26.61
23.80
21.64
21.13
19.98
21.16
19.04
19.34
17.89
18.38
18.75
24.63
30.26
33.90
34.02
35.57
36.69
36.47
36.09
36.28
33.89
23.91
20.99
19.77
17.97
15.24
14.03
12.43
13.22
13.43
12.53
13.47
13.07
13.21
13.62
15.21
18.75
22.69
24.19
25.63
26.58
27.67
29.28
26.33
24.90
22.91
21.76
19.64
17.85
19.76
18.92
17.93
17.38
15.83
15.35
14.82
14.58
15.48
17.51
22.64
27.55
29.43
30.94
32.62
34.18
35.30
36.33
37.19
35.33
29.76
27.26
25.26
23.14
21.76
20.94
19.89
18.86
18.24
18.65
17.42
17.08
17.07
19.27
23.44
26.50
30.90
32.99
34.51
34.78
35.75
36.34
35.80
35.33
34.91
32.55
27.27
25.47
22.47
21.79
20.45
18.58
19.20
17.97
18.65
17.03
17.87
21.45
28.17
33.12
37.29
39.18
44.03
45.11
43.82
44.31
41.33
35.23
33.85
30.34
29.95
25.46
18.66
18.65
20.74
18.56
18.47
17.89
16.40
16.47
17.11
17.81
20.91
25.75
28.62
29.88
32.03
33.60
34.58
35.55
36.51
35.69
32.84
29.84
27.95
25.42
25.02
23.29
22.71
21.68
21.07
20.49
20.78
19.70
18.82
21.12
24.88
29.68
35.22
37.09
40.82
42.70
43.27
43.57
43.68
36.78
30.62
28.05
25.46
22.84
20.64
20.06
19.53
19.82
18.28
18.55
17.77
18.06
18.68
19.40
22.80
22.47
23.77
25.57
25.17
25.28
25.20
27.32
31.51
29.62
26.87
23.36
22.85
21.58
20.70
21.03
20.75
19.92
19.56
18.77
18.21
17.88
17.17
19.54
22.22
27.29
31.41
33.92
35.18
36.36
38.83
39.51
37.12
29.48
25.04
22.47
21.15
20.26
20.63
20.37
19.41
18.89
18.07
16.78
16.75
17.09
16.17
18.72
22.06
28.52
32.85
34.53
36.14
37.51
38.67
36.89
35.23
33.03
32.48
30.08
27.35
26.67
24.51
22.93
21.75
20.32
20.62
19.79
18.30
18.62
18.79
20.75
22.05
25.35
28.36
29.90
29.95
29.11
29.93
28.22
30.49
28.12
27.68
25.17
24.21
21.43
19.74
19.05
18.45
18.39
17.11
16.98
15.80
16.33
15.53
16.68
19.91
24.58
26.90
29.60
31.42
32.51
32.21
32.55
31.35
27.33
24.42
22.38
20.72
20.00
18.99
18.46
18.30
17.46
16.66
16.63
16.10
15.32
15.84
16.73
19.66
23.12
24.41
27.21
26.93
28.28
30.15
29.53
29.82
27.78
27.42
25.41
23.85
23.27
22.26
20.18
19.51
17.49
16.78
16.69
15.07
13.87
13.96
16.18
19.90
25.09
28.78
31.41
33.10
34.63
34.62
36.22
35.72
33.01
31.26
25.69
23.66
20.78
18.95
18.78
18.29
17.69
15.60
15.77
15.12
14.41
13.50
15.81
20.84
25.60
29.95
31.88
35.57
36.79
38.17
39.08
38.00
36.32
33.71
29.26
26.81
25.19
23.85
20.60
19.90
18.01
17.35
15.32
14.30
13.50
12.70
17.15
20.48
26.30
32.48
35.92
38.59
40.64
40.99
41.41
38.81
38.10
34.77
29.43
26.51
23.81
24.05
21.98
19.91
18.90
16.22
16.45
15.00
14.87
13.04
15.64
20.37
28.25
32.51
34.93
36.23
37.94
39.70
40.72
39.83
37.59
33.59
29.92
26.49
24.85
23.92
22.98
20.19
19.33
17.68
16.58
15.16
14.47
13.62
16.08
19.70
26.68
30.60
33.94
34.46
34.81
37.98
39.57
39.60
36.91
32.91
28.55
26.78
25.70
24.96
23.36
22.57
21.30
18.69
17.99
17.35
16.35
15.41
17.62
21.36
24.85
27.12
29.16
29.73
30.95
32.34
32.46
33.22
31.52
29.45
27.21
24.34
23.50
20.79
20.79
18.76
18.02
16.11
15.44
13.71
13.54
12.98
14.56
17.05
21.28
22.85
24.38
25.48
27.54
29.98
27.80
27.63
28.12
26.86
23.88
21.12
19.33
18.03
18.14
16.61
15.54
14.74
13.43
12.84
13.54
12.10
14.54
18.69
24.64
30.36
31.53
32.74
34.85
36.78
37.88
37.51
36.12
32.12
25.58
24.00
21.42
19.49
18.17
17.74
16.29
15.06
14.22
13.66
11.61
11.87
15.77
19.45
25.82
31.60
32.24
33.72
36.96
39.84
39.98
39.43
37.41
33.87
28.62
25.58
23.53
21.33
20.46
19.98
18.48
16.22
15.33
13.94
14.02
13.11
17.79
21.79
27.05
30.68
33.38
35.72
39.68
40.66
41.98
42.15
37.74
34.79
29.20
26.32
27.38
22.37
21.45
19.35
16.96
15.72
15.45
13.68
11.21
12.41
15.11
22.34
27.16
31.21
32.90
35.27
35.89
39.92
39.97
39.57
35.79
33.62
29.73
27.15
25.54
22.49
21.60
21.04
19.71
19.31
18.59
17.21
16.28
16.46
16.76
23.06
27.00
29.37
29.98
31.83
32.67
33.46
34.39
34.00
29.75
26.95
25.10
24.58
22.63
22.90
21.49
20.38
19.96
19.31
18.87
18.21
17.57
17.48
18.58
24.03
25.84
27.77
27.81
28.88
29.96
29.05
30.12
30.38
27.67
27.30
24.95
24.80
23.05
22.65
23.07
20.82
19.82
18.86
17.88
17.39
17.00
15.86
18.39
21.30
23.93
24.89
25.97
26.87
28.04
30.67
30.27
30.54
29.38
27.68
25.56
25.19
22.87
23.41
21.51
21.49
21.69
21.42
20.98
20.31
19.43
18.62
20.74
24.19
28.92
32.56
34.91
36.27
39.47
40.65
40.14
40.68
40.12
38.96
35.85
28.50
26.26
25.19
24.94
22.95
23.08
22.54
22.26
22.09
20.92
19.94
21.35
26.64
30.69
35.10
35.93
39.97
40.41
40.57
42.39
42.76
40.12
35.37
32.03
29.54
28.14
26.34
25.11
25.34
24.31
23.87
21.94
21.21
20.52
19.63
22.25
26.86
30.51
35.38
36.93
38.12
38.62
39.70
40.73
40.20
39.28
34.02
31.48
31.65
24.35
18.88
16.21
16.47
16.18
16.09
14.89
15.16
16.30
15.95
17.45
22.08
26.65
30.12
32.31
33.53
38.54
38.41
38.66
37.79
36.87
31.15
28.17
27.40
25.51
23.64
21.47
21.03
21.00
19.14
18.00
18.11
17.62
17.80
18.93
24.20
29.73
35.09
36.24
38.50
40.43
42.25
42.80
43.06
41.41
34.17
30.15
27.97
26.33
23.90
23.07
22.54
21.54
21.51
19.36
17.75
17.42
17.95
19.42
22.17
26.27
31.16
32.84
33.96
35.87
35.56
36.22
34.57
32.64
29.12
26.76
24.38
22.70
22.19
20.99
20.33
19.74
19.43
19.31
18.94
18.89
17.85
18.12
21.29
24.67
27.35
28.83
30.55
32.14
33.75
34.28
34.35
30.86
22.87
22.36
20.77
19.16
18.05
17.88
17.46
17.56
17.36
17.02
16.46
15.91
16.26
16.83
19.61
26.29
29.93
31.85
34.81
34.70
37.26
36.58
35.65
31.37
27.48
27.21
25.28
24.78
22.80
22.12
21.14
20.76
19.86
19.08
17.84
18.26
17.68
18.61
23.97
30.96
34.05
35.87
38.21
39.33
40.02
42.07
41.25
38.12
34.77
30.86
29.16
26.74
23.64
22.58
21.58
20.65
19.60
18.69
18.43
18.77
18.46
20.58
24.73
31.06
33.94
36.43
37.58
39.56
40.95
40.58
39.71
38.78
32.92
30.10
27.02
25.66
23.97
24.40
23.08
21.21
20.35
20.30
19.18
19.59
19.31
19.97
24.54
31.04
35.66
38.64
39.91
40.10
40.46
40.63
40.57
35.23
32.32
28.88
27.45
26.72
24.03
23.59
24.71
23.85
23.49
21.96
20.28
20.08
20.09
19.69
23.11
26.07
32.10
33.15
35.42
38.78
40.33
39.38
38.99
35.07
30.62
28.28
27.61
25.40
23.10
22.46
22.36
21.07
20.94
20.01
19.96
19.92
19.87
19.01
21.15
26.66
28.87
31.95
34.27
33.54
34.81
33.85
32.75
31.67
28.16
26.66
25.37
23.55
21.21
21.27
20.35
20.08
19.03
18.23
17.43
18.17
17.71
17.80
20.92
24.58
26.37
27.36
29.45
29.38
29.36
30.36
29.61
27.33
25.64
23.39
21.65
21.61
20.56
19.43
18.32
18.73
15.72
15.82
15.11
15.33
15.26
16.65
21.07
26.49
29.06
30.27
29.85
30.51
30.51
30.85
29.28
30.32
26.18
23.16
20.57
19.34
18.86
18.41
17.55
17.01
15.88
16.20
15.29
16.49
15.60
17.12
21.09
26.20
27.10
30.30
30.26
32.11
31.24
31.83
30.11
27.41
22.83
21.69
19.66
18.17
17.70
18.00
17.25
14.21
13.49
12.91
12.33
12.84
12.55
14.06
16.72
21.77
25.08
26.34
27.33
28.31
28.19
28.77
28.82
25.48
21.84
19.38
18.34
16.96
15.34
14.63
16.11
14.87
13.69
13.53
12.35
13.61
11.59
13.32
16.47
20.62
24.12
27.43
27.00
29.37
31.35
31.15
30.21
28.10
24.89
21.98
20.06
17.91
16.77
15.32
13.96
12.84
11.74
11.30
10.56
10.72
11.37
13.55
17.75
22.84
27.11
28.87
31.96
33.02
34.66
35.08
33.56
30.06
25.24
22.97
21.58
18.88
17.02
15.78
15.28
15.49
14.58
14.81
14.54
15.01
15.95
17.25
15.86
18.09
25.14
26.89
27.49
27.49
29.74
30.57
31.59
24.22
22.67
19.04
17.42
17.00
17.51
16.56
16.49
15.38
14.71
14.12
13.70
13.96
13.88
13.75
16.30
19.39
20.45
22.76
23.68
25.25
26.13
26.99
25.98
25.18
22.99
21.13
19.74
18.50
18.41
17.45
17.75
16.19
16.85
15.76
14.45
14.76
14.90
17.17
20.77
23.62
25.95
27.82
30.20
32.57
30.87
30.21
29.31
28.13
25.40
18.47
16.67
14.73
12.53
14.25
14.33
13.18
13.59
11.62
11.11
11.65
11.46
14.88
16.69
20.03
23.69
25.95
27.63
29.64
30.92
29.73
30.01
26.57
20.81
18.99
18.35
17.50
15.33
14.81
14.35
13.55
12.29
11.98
11.08
11.94
11.13
12.89
17.07
21.76
23.80
26.01
27.15
23.18
29.62
30.18
28.48
26.55
23.46
20.64
18.23
17.53
15.88
14.43
13.55
12.25
10.26
9.99
10.09
11.38
10.50
11.41
14.71
20.55
24.39
25.07
26.96
28.93
30.10
28.48
26.70
25.41
23.25
19.39
17.04
16.56
15.64
14.05
12.33
10.52
9.45
8.36
8.28
8.81
8.70
10.87
14.40
19.29
22.19
22.93
25.01
25.46
25.26
24.25
23.50
21.55
18.79
16.02
13.37
12.50
11.37
10.64
10.64
8.72
7.60
7.34
7.72
7.21
7.20
9.05
12.21
13.87
16.06
17.52
18.65
20.19
20.92
20.52
19.72
18.54
15.80
14.59
12.22
9.91
9.69
8.89
8.68
8.61
8.26
7.85
8.13
7.42
7.43
9.18
12.77
15.06
17.37
19.43
19.81
22.10
22.92
22.74
23.12
20.44
19.10
17.23
15.79
14.94
15.22
14.40
14.88
15.94
16.25
14.74
13.94
13.92
14.50
15.40
15.28
20.06
22.26
25.23
28.08
24.62
21.15
22.86
21.65
20.49
17.87
14.61
9.94
10.42
10.78
10.42
9.52
9.14
9.06
9.21
9.15
9.32
9.48
9.89
11.29
12.33
15.24
17.50
19.11
21.04
20.91
21.39
21.44
18.34
15.98
14.97
14.37
13.25
13.22
11.47
11.41
10.73
10.82
9.94
10.39
10.40
10.39
11.23
13.10
16.43
18.55
18.45
18.92
20.04
20.96
21.43
20.38
19.41
17.02
15.53
14.01
14.74
12.29
11.62
11.68
11.13
10.47
10.82
10.42
10.77
11.21
11.01
14.18
17.07
18.26
18.29
19.78
21.87
22.24
20.12
18.84
14.93
12.28
11.16
11.26
11.13
10.81
9.92
10.19
9.66
9.95
9.31
9.18
9.28
8.94
10.19
13.68
17.08
19.50
20.86
22.50
22.48
20.08
20.09
20.62
17.68
15.55
13.37
12.92
11.36
10.78
9.23
9.17
8.77
8.43
9.58
8.18
8.49
7.76
8.39
10.35
12.54
15.08
16.87
17.34
18.39
18.66
20.85
19.70
16.97
15.53
13.76
12.95
12.33
11.66
10.92
10.37
9.52
9.52
9.12
9.20
8.50
8.24
8.79
10.84
13.56
15.46
17.05
15.75
17.31
17.50
17.02
16.33
15.24
13.01
12.24
10.61
9.92
10.36
10.18
8.33
7.77
7.24
7.00
6.94
6.93
7.47
8.16
11.20
15.27
17.72
18.76
21.52
20.79
21.35
21.61
19.84
18.06
14.87
11.72
10.20
10.28
8.27
8.04
8.51
6.85
6.67
6.58
6.63
6.58
6.66
6.59
10.43
18.13
18.66
21.64
21.33
24.31
23.59
21.20
19.11
17.86
12.59
10.06
9.64
8.84
8.89
8.87
9.15
8.11
7.27
7.46
6.73
7.07
6.73
7.98
11.95
15.46
18.50
19.67
20.97
20.63
21.43
21.71
19.93
17.85
16.47
12.44
11.25
10.67
10.12
9.55
8.62
7.97
7.14
7.06
6.73
6.77
6.82
9.37
12.56
14.81
17.07
19.25
20.66
21.80
23.33
23.84
23.03
20.63
16.92
15.71
13.23
12.85
11.63
10.30
9.52
9.74
9.57
9.11
8.79
9.02
9.26
10.30
12.43
16.53
18.95
20.44
20.91
22.08
21.53
21.46
20.59
17.16
14.31
13.64
13.05
10.98
9.32
8.32
7.69
7.16
7.80
6.89
6.82
6.59
6.87
9.04
10.65
11.83
13.83
14.84
16.78
17.72
18.04
18.61
17.88
15.89
13.17
12.56
10.16
9.68
8.75
7.66
7.89
7.29
7.06
6.61
6.44
6.40
6.35
7.63
9.31
10.42
13.28
14.32
16.54
16.81
18.07
18.00
16.22
15.54
13.96
11.31
9.65
8.62
8.29
7.66
7.91
7.26
6.79
6.61
6.38
6.39
6.45
7.60
12.87
15.89
19.08
20.22
23.40
24.86
25.91
26.37
24.98
21.14
17.08
14.28
12.64
10.65
9.63
8.86
8.95
8.35
8.08
8.12
7.73
7.49
7.20
9.43
14.91
18.24
20.40
23.70
23.00
25.85
27.42
24.85
24.41
22.34
17.52
15.70
13.36
12.93
10.72
9.68
8.68
7.67
7.39
7.67
7.69
7.14
7.26
7.60
13.81
15.25
18.16
21.07
23.36
24.36
23.10
23.94
22.65
21.25
16.13
14.68
12.10
11.73
11.50
10.12
8.98
9.14
8.62
8.12
7.04
6.97
7.44
7.61
14.04
16.35
17.79
19.42
20.63
20.71
21.41
20.56
20.17
17.12
12.35
10.23
8.66
8.92
8.36
7.92
7.90
7.84
8.34
7.97
7.89
7.85
7.68
7.76
11.58
13.77
19.64
18.59
19.62
20.13
21.63
20.62
20.79
15.87
10.44
9.24
8.66
8.50
7.87
7.03
6.88
7.27
7.21
6.86
6.83
6.78
6.77
6.62
8.98
12.06
15.56
17.06
18.22
19.15
19.93
18.22
17.42
15.88
12.59
11.49
9.27
8.95
7.89
8.17
7.33
7.40
7.42
7.30
7.36
7.34
7.34
8.12
9.70
12.45
13.67
14.91
15.78
17.09
18.32
18.47
18.17
15.71
12.27
10.41
8.46
8.27
8.14
8.17
8.10
7.65
6.65
6.52
6.51
6.53
6.51
7.33
12.12
13.30
18.41
18.53
21.03
21.88
19.47
18.94
17.95
17.70
15.01
13.30
10.91
10.56
9.41
9.12
8.04
7.99
7.05
7.26
7.22
7.10
7.13
8.20
11.77
15.41
17.75
19.01
19.46
20.65
22.27
22.23
21.12
17.59
14.15
12.54
10.85
9.85
8.27
7.99
7.69
8.12
7.77
7.58
6.91
6.98
7.02
7.77
12.66
15.68
17.38
20.68
22.54
23.80
24.40
23.14
21.50
20.92
17.84
15.55
13.68
13.41
12.19
9.46
8.60
8.46
7.74
8.34
8.07
8.45
8.34
9.55
13.16
15.34
17.91
20.13
20.94
22.48
23.25
23.12
21.78
19.02
16.60
16.10
15.01
14.32
13.05
12.52
11.55
10.56
10.06
9.76
8.09
8.52
7.65
8.20
11.90
14.79
14.97
16.39
17.73
18.64
18.32
18.08
17.87
15.76
12.93
11.84
9.05
8.10
7.46
7.53
6.94
6.91
7.38
6.93
7.01
7.01
7.10
6.84
6.89
8.62
11.65
12.34
13.29
13.38
14.39
14.35
13.84
10.81
8.85
7.80
8.03
7.11
6.99
6.91
6.89
6.96
6.94
7.52
7.08
7.15
7.20
6.89
6.90
7.68
9.61
11.81
12.52
13.65
14.17
15.13
13.89
12.61
8.97
8.84
8.12
7.81
7.82
7.09
7.43
7.40
7.44
7.93
7.54
7.62
7.69
7.94
8.87
9.88
14.68
18.36
18.66
19.81
19.65
19.05
18.31
16.66
12.53
10.62
9.29
7.49
8.10
7.62
8.27
7.14
7.29
7.22
7.29
7.36
7.31
7.15
9.20
12.67
16.43
17.91
19.81
19.70
20.54
21.15
19.59
16.56
14.99
12.33
9.57
10.34
8.32
8.36
7.73
7.40
7.38
7.40
7.36
7.43
7.99
7.26
8.74
12.43
17.12
17.36
18.91
21.45
22.82
20.97
19.10
17.00
15.10
12.11
8.82
8.32
7.67
7.93
9.05
7.98
7.59
7.55
7.54
7.62
7.67
7.91
8.16
12.63
16.43
17.73
18.56
18.48
19.13
18.48
17.10
13.53
11.54
11.37
10.08
8.38
8.10
7.62
7.78
7.52
7.04
7.18
7.08
7.01
7.05
7.33
10.27
12.96
15.74
16.18
16.88
17.94
17.79
18.66
17.50
13.18
9.29
8.71
7.77
8.36
7.33
7.11
6.87
6.80
6.90
6.97
6.98
7.07
7.08
6.80
6.82
7.94
12.05
15.17
16.37
16.78
17.82
16.02
13.81
10.62
8.59
8.08
8.21
7.41
7.23
7.19
7.16
7.24
7.60
7.21
7.35
7.34
7.48
7.08
7.36
8.41
11.08
13.39
14.41
15.28
15.73
16.11
14.98
12.76
11.45
9.78
8.78
9.16
8.10
7.51
9.05
9.52
8.59
7.67
7.72
7.61
7.71
7.52
8.77
10.74
13.20
13.50
14.74
15.46
14.31
12.60
12.47
11.70
10.72
8.12
7.19
7.15
7.22
7.44
7.60
8.16
8.20
8.19
8.17
8.08
8.05
7.79
9.15
8.99
10.50
11.07
12.52
12.60
13.14
12.82
11.11
10.74
8.38
8.99
7.04
6.92
7.04
8.09
5.12
0.00
0.00
0.00
0.00
7.79
7.85
7.71
9.25
10.17
10.68
10.94
11.36
11.78
12.19
10.98
9.53
10.02
8.73
7.53
7.32
8.25
7.33
7.86
7.95
7.92
7.97
8.02
7.95
7.88
7.88
7.69
7.61
9.34
9.80
10.92
15.22
13.62
14.79
12.74
12.92
10.17
9.78
8.22
7.84
8.41
9.35
9.21
9.87
9.40
9.63
10.17
9.94
10.10
10.24
10.03
13.23
11.25
11.93
12.04
14.13
14.76
14.53
13.75
12.97
10.04
7.13
7.73
7.31
7.36
7.62
8.13
8.35
8.69
8.86
9.13
9.03
9.56
9.34
9.07
8.04
8.21
9.03
10.25
12.60
13.98
14.02
14.46
13.74
9.80
8.28
8.48
7.88
7.27
7.70
7.27
7.27
7.32
7.59
7.90
8.00
8.09
8.43
8.25
7.57
9.12
11.08
11.84
12.77
13.55
13.85
14.02
13.59
9.35
8.70
7.94
7.59
7.08
7.72
7.41
7.58
7.91
8.26
8.72
8.53
8.76
9.08
9.35
9.70
10.90
12.78
16.26
17.25
19.01
19.54
18.97
18.52
15.55
12.76
9.77
9.61
9.07
9.46
9.29
8.52
8.12
7.91
7.98
7.81
8.37
8.12
8.68
9.55
10.62
13.93
16.39
18.51
19.15
21.26
19.71
19.32
16.52
11.99
11.05
8.72
8.51
7.99
7.89
7.80
7.73
7.12
8.13
8.17
7.94
8.07
8.06
9.35
11.28
15.00
16.17
17.89
19.30
18.39
18.02
17.22
14.72
11.53
9.57
10.52
9.61
8.21
7.06
7.14
8.02
7.54
7.90
7.58
7.42
7.53
7.58
7.64
11.36
14.28
16.38
18.02
18.44
19.34
20.08
17.65
15.29
13.83
11.11
8.33
7.86
7.98
7.70
7.20
7.62
7.66
7.21
7.17
7.14
7.13
7.28
9.54
12.66
15.59
17.11
18.98
20.57
19.39
20.20
18.57
15.13
11.14
8.42
7.69
7.87
7.70
7.53
6.88
6.91
6.86
6.98
7.37
6.95
6.93
6.81
6.91
7.91
11.29
12.54
14.02
15.82
14.59
13.90
13.79
12.20
8.64
7.79
7.64
7.56
7.09
7.44
6.91
6.96
7.47
6.96
6.92
6.94
7.39
6.80
7.70
10.57
12.83
14.27
15.73
16.17
16.27
15.61
15.26
12.98
11.48
9.30
7.70
7.92
7.78
7.59
6.81
6.89
6.91
7.43
6.90
6.82
6.89
7.29
7.36
10.12
11.94
13.30
14.32
15.06
15.68
15.64
14.82
11.79
8.34
8.21
8.56
7.07
7.67
6.90
6.94
6.91
6.89
6.93
6.89
6.86
6.81
6.76
8.61
11.20
11.71
14.92
17.07
17.50
16.92
18.17
16.81
13.50
12.48
10.44
8.64
8.58
8.41
8.39
8.43
8.43
8.48
8.48
8.52
8.64
8.56
8.57
8.23
9.00
9.79
8.91
13.67
15.19
16.33
18.06
14.18
11.61
10.26
7.92
7.94
7.58
7.29
7.39
8.23
7.83
7.95
7.96
8.13
7.96
7.99
7.72
7.73
9.21
10.67
12.18
13.91
14.17
15.37
14.82
17.77
11.98
9.29
7.42
6.89
7.20
8.33
8.78
7.76
7.22
7.32
7.40
7.48
7.39
7.39
8.46
8.54
9.53
11.78
14.68
16.93
17.64
18.85
17.46
16.47
12.18
8.44
7.68
7.57
6.96
6.96
7.02
7.36
7.00
7.01
7.13
7.21
7.13
7.20
6.98
6.81
7.02
7.40
9.62
12.02
11.09
10.79
8.78
8.33
7.73
6.94
7.47
6.97
6.93
6.97
7.03
7.09
7.15
7.24
7.90
7.43
7.45
7.43
7.18
6.96
7.24
8.00
11.25
13.19
13.82
14.63
15.58
13.66
8.77
8.06
7.78
7.05
7.07
7.07
7.08
7.32
7.45
7.61
7.59
7.66
7.68
8.25
8.22
8.89
9.61
12.31
14.38
16.39
18.45
18.77
18.57
17.02
13.26
10.81
8.92
9.24
7.52
7.44
7.48
7.48
7.45
7.50
7.64
7.63
7.61
7.54
7.73
7.27
8.43
10.71
11.44
13.90
12.43
11.44
10.43
10.41
11.13
10.03
8.66
8.45
9.06
8.72
8.80
8.16
9.94
8.94
8.49
10.34
8.62
9.10
8.34
9.22
10.27
13.81
13.60
12.95
12.79
12.67
12.49
11.10
9.85
10.28
10.08
9.88
10.33
10.38
9.45
9.46
9.71
9.34
9.54
9.56
9.59
9.55
10.10
10.47
10.54
10.49
11.69
12.37
11.59
11.51
10.08
11.17
9.92
9.30
8.00
8.09
7.99
8.97
10.62
9.91
9.81
9.81
9.89
9.70
10.07
9.76
9.66
10.34
10.48
10.91
11.43
11.37
11.18
10.55
8.67
10.32
9.98
7.67
7.72
8.07
8.15
8.32
8.76
8.90
9.28
9.42
9.80
9.90
9.62
9.88
9.45
9.33
7.98
7.84
7.58
7.64
7.73
8.06
7.95
7.93
6.84
7.08
7.34
7.67
7.37
8.04
8.33
8.16
8.55
8.70
9.05
9.51
9.74
9.42
9.49
9.31
8.37
8.13
7.38
7.47
7.68
7.96
8.00
7.90
6.83
7.58
7.35
7.77
7.93
8.14
9.32
9.68
8.95
9.56
9.43
9.77
9.78
10.21
10.03
9.91
12.02
13.09
12.04
12.45
13.52
11.39
11.68
12.34
10.68
10.14
9.43
9.63
9.55
9.31
9.81
9.81
10.30
10.89
11.16
11.56
12.44
12.51
12.55
12.46
10.55
10.82
10.95
11.47
11.35
10.60
9.89
10.42
10.26
10.44
10.23
13.74
9.96
11.19
11.64
11.65
12.00
12.34
12.54
12.60
12.85
14.26
13.33
13.23
13.02
13.48
11.69
11.89
10.55
10.13
10.14
9.59
8.47
7.72
7.91
7.84
9.59
8.70
8.99
8.64
9.08
9.08
8.77
8.98
9.41
9.18
9.01
9.18
8.73
8.24
7.76
7.93
8.06
7.25
8.33
7.67
8.00
7.77
7.85
7.81
8.12
7.90
8.53
8.19
8.67
8.45
9.06
10.21
10.41
11.07
11.03
12.03
11.59
11.21
10.22
9.14
8.78
8.68
8.26
8.91
10.16
10.09
10.69
11.05
10.77
10.94
11.32
11.29
11.68
11.08
11.81
12.08
12.89
14.46
13.80
11.99
10.66
9.16
8.90
9.21
8.55
8.06
7.68
8.36
8.81
10.06
9.89
10.43
10.97
10.76
10.79
11.38
12.08
12.05
12.15
13.75
15.59
14.34
15.22
13.38
10.27
8.94
8.60
8.02
7.90
7.84
7.62
7.56
7.64
8.72
8.67
9.07
9.62
10.02
10.63
11.03
11.18
11.23
11.58
12.01
11.99
12.80
14.54
12.88
11.15
11.27
11.31
10.66
11.63
10.08
11.50
10.67
10.34
10.91
9.96
8.60
9.07
9.34
9.87
11.05
11.27
11.62
11.66
12.42
11.78
13.00
12.89
12.01
10.66
11.34
10.96
11.24
11.20
11.92
10.61
11.94
11.00
9.70
8.86
8.77
9.21
9.05
8.91
8.57
9.49
8.82
9.09
9.17
9.17
9.21
9.26
8.97
10.68
10.78
11.64
12.06
12.22
11.32
12.33
11.12
12.01
9.64
8.25
7.29
7.31
9.13
10.08
8.67
8.37
8.90
8.60
8.80
9.11
8.82
9.01
8.92
9.64
11.84
11.38
12.83
12.44
12.23
12.58
9.56
10.98
7.94
7.31
7.40
7.72
8.12
8.27
8.42
8.74
8.86
9.17
9.22
9.45
9.66
12.10
11.06
11.03
11.18
10.99
11.02
10.27
11.84
10.76
11.28
9.22
7.25
7.51
7.25
7.64
7.39
7.83
7.80
8.20
8.55
9.02
9.35
9.26
9.99
10.12
9.34
7.79
7.40
7.06
7.67
7.36
7.23
7.24
6.76
6.97
7.66
7.32
7.35
7.55
7.57
8.11
7.87
7.93
8.25
7.99
8.19
8.25
7.69
8.22
8.66
7.70
8.19
7.60
7.86
7.56
7.77
7.61
7.72
7.66
8.02
7.68
8.34
8.61
8.55
9.16
8.95
9.06
9.39
8.89
9.46
9.35
9.60
10.44
10.71
11.07
11.74
11.93
11.92
11.56
11.83
12.24
10.19
10.03
10.39
8.93
8.64
9.30
10.06
10.92
11.77
11.45
12.04
12.07
12.61
12.32
13.31
14.13
13.69
10.77
11.63
12.01
12.21
12.51
11.27
11.60
11.12
10.44
8.22
7.75
8.37
9.01
10.16
10.34
10.56
10.90
10.82
11.43
11.20
11.52
12.04
13.20
12.88
11.11
11.15
10.65
10.95
12.24
11.65
11.05
9.73
8.43
6.86
6.77
6.90
7.96
8.34
8.34
8.46
8.88
9.03
8.80
9.04
9.04
10.05
9.92
9.06
9.55
10.83
11.91
11.68
12.49
11.30
11.37
10.23
9.08
7.42
7.34
7.54
7.67
7.89
8.20
9.09
8.78
9.61
9.10
9.13
9.20
10.83
11.21
10.65
10.30
12.00
12.52
12.29
11.94
12.30
11.22
10.47
8.84
6.88
6.84
6.85
7.26
7.26
7.94
7.91
7.85
8.19
8.21
8.14
8.28
8.97
9.08
8.29
7.70
7.87
8.97
8.86
9.10
7.56
7.42
7.25
6.82
6.80
6.81
6.80
6.81
7.07
7.25
7.99
7.72
7.83
7.71
8.07
8.11
8.89
8.86
8.62
7.38
7.86
8.56
7.85
7.75
7.40
6.88
6.81
7.14
7.64
7.86
8.16
7.98
8.35
9.34
8.86
9.98
9.39
9.58
9.74
9.65
11.07
11.46
10.09
11.19
10.99
11.12
12.24
10.97
10.59
10.40
10.48
11.13
9.58
9.21
9.87
9.62
9.77
10.05
9.95
11.08
11.07
11.58
11.70
11.67
13.29
14.21
11.93
11.55
11.68
11.46
11.75
10.99
11.91
11.08
11.50
10.85
11.13
11.21
11.44
10.04
9.86
11.02
10.34
11.07
10.57
10.77
11.05
10.89
11.76
11.69
13.12
11.65
11.69
11.08
11.52
11.67
11.64
10.74
11.23
10.20
9.28
9.11
10.01
10.13
10.16
10.85
10.60
10.53
11.10
11.74
11.64
11.74
12.70
12.95
13.59
13.08
11.68
10.90
12.89
10.93
10.74
11.69
10.90
10.42
9.93
9.89
9.43
9.12
11.24
11.39
12.53
11.23
11.05
11.37
11.51
11.57
12.56
12.93
13.16
11.20
11.11
10.51
11.28
11.10
10.32
10.53
9.71
9.53
9.53
10.41
10.30
10.72
9.71
9.84
10.47
10.26
10.65
10.34
10.64
10.94
12.04
11.09
10.68
9.31
8.01
8.79
8.35
8.63
8.34
8.22
7.70
7.58
8.06
8.79
8.44
8.69
8.95
9.08
9.13
9.31
9.17
9.61
9.99
9.76
10.01
9.92
10.51
8.98
8.10
7.71
8.05
7.40
7.54
7.13
7.38
7.45
7.87
7.65
7.82
8.67
8.20
8.33
8.41
8.81
8.81
9.01
8.77
9.03
9.17
9.86
10.24
10.29
10.56
9.84
9.22
9.17
9.28
9.21
9.11
7.81
7.63
7.70
7.64
8.28
7.95
8.38
8.15
8.77
8.93
8.72
8.81
9.06
9.10
9.75
9.11
9.13
9.60
8.40
8.79
8.44
8.09
8.15
8.21
8.26
8.84
8.59
8.56
8.86
8.98
9.05
9.14
8.98
9.07
9.64
9.29
9.37
9.75
9.91
9.96
9.40
9.50
9.29
9.43
8.11
8.40
8.46
8.50
8.85
9.31
9.59
9.70
10.24
10.12
9.79
10.27
10.91
10.46
10.92
10.69
11.02
12.06
12.90
11.50
10.86
11.33
10.34
9.67
9.67
9.66
9.58
9.69
8.34
9.42
9.99
10.06
9.94
10.22
9.85
10.63
10.42
10.95
10.39
10.44
10.55
11.56
11.27
12.56
11.07
11.32
11.60
11.28
11.02
11.13
10.50
10.66
10.44
11.36
10.76
10.67
10.65
10.03
9.67
9.85
9.69
9.99
10.07
10.64
10.96
12.18
11.76
10.97
9.69
9.70
9.04
9.84
9.88
10.08
9.44
9.66
10.34
11.21
11.53
11.85
12.70
12.61
12.46
13.64
13.18
13.76
14.03
14.52
14.25
17.73
16.45
15.93
13.00
11.10
10.18
9.77
9.41
8.67
9.00
9.01
10.16
11.28
11.39
11.67
12.43
11.87
12.07
13.36
13.40
13.87
14.24
14.19
14.83
15.97
14.96
14.61
14.03
13.02
13.02
11.49
11.26
11.07
11.22
10.61
10.00
10.52
10.72
10.53
11.25
10.48
10.28
10.30
10.51
9.90
10.20
10.07
10.40
11.17
11.36
11.42
11.21
11.13
9.81
9.21
9.65
9.62
9.50
9.50
8.94
9.00
9.67
10.52
11.30
11.71
11.40
