6.29
6.62
6.03
6.54
6.18
6.13
6.54
5.95
5.99
5.43
4.76
5.22
4.92
5.14
4.59
4.86
4.93
5.28
5.75
5.78
6.39
5.90
6.05
6.60
6.14
6.63
6.48
6.70
6.48
6.37
7.18
6.55
6.46
5.20
5.23
5.36
4.80
7.51
12.84
8.89
8.63
10.72
11.87
12.73
11.98
8.73
5.97
6.25
7.81
8.71
10.24
10.51
12.79
13.44
13.97
12.45
9.23
8.99
9.11
8.36
6.53
6.19
6.49
6.95
6.32
8.46
8.44
9.38
9.71
7.75
6.01
6.29
7.10
7.67
9.94
10.00
11.86
13.10
13.89
12.48
9.36
9.06
7.63
6.48
7.04
5.94
5.87
6.68
5.40
7.10
7.16
7.55
8.98
7.18
6.18
6.16
6.52
6.58
7.77
7.59
11.14
14.80
10.81
11.84
9.99
8.71
7.73
7.17
6.24
6.03
5.57
5.44
6.08
7.62
6.78
6.74
7.61
6.67
5.90
6.05
6.20
6.00
5.97
5.98
8.44
13.94
8.48
8.66
9.31
7.93
7.17
6.47
7.26
5.72
7.03
5.98
6.66
7.66
7.88
7.64
8.88
7.38
5.96
6.04
6.29
6.16
9.61
6.96
9.81
11.83
10.47
11.33
9.09
8.73
8.27
7.20
7.44
8.68
8.89
7.36
6.85
7.49
7.51
7.69
7.69
8.81
5.92
6.02
5.94
6.06
9.13
6.95
8.56
11.64
10.17
11.45
8.52
7.16
8.84
7.15
7.09
7.20
8.24
8.22
8.33
7.34
8.45
7.96
8.01
7.55
6.37
5.88
5.87
5.81
8.25
6.63
7.33
11.69
7.00
10.62
6.72
6.91
6.74
5.37
6.51
5.89
6.29
6.04
5.57
5.99
5.86
7.06
7.08
6.92
5.83
5.89
5.90
5.90
7.09
6.50
6.66
9.01
7.09
9.00
6.10
6.51
3.38
5.51
5.12
6.62
5.42
5.31
6.74
6.39
7.26
7.00
6.97
7.35
6.26
5.85
5.81
5.92
8.34
7.01
6.97
11.67
7.11
11.64
8.02
8.01
7.53
6.69
5.93
6.80
6.98
7.74
6.46
6.67
7.13
7.88
6.92
6.91
6.05
6.09
6.44
6.05
6.11
6.01
7.68
14.33
9.14
9.99
8.51
8.51
6.11
6.07
5.88
5.86
6.33
6.42
6.36
6.18
6.80
7.28
6.75
6.01
6.02
5.98
6.05
6.03
6.13
6.11
7.47
13.98
8.04
8.99
8.99
7.29
7.67
6.45
5.65
6.07
5.50
7.14
5.50
6.34
6.99
6.97
7.13
6.99
6.01
5.77
5.77
5.75
7.99
6.62
6.56
9.92
6.36
13.00
9.98
9.31
9.61
8.61
8.60
9.11
10.12
9.31
8.00
7.51
8.87
8.27
7.32
7.01
6.28
5.90
5.93
5.94
6.72
6.27
6.26
7.85
8.32
12.32
11.01
11.25
10.97
11.87
9.97
10.42
10.45
9.03
8.45
8.10
8.18
7.93
7.90
8.30
6.05
5.82
5.76
5.74
7.31
6.49
6.44
9.28
7.28
10.26
6.54
6.39
5.81
7.15
8.67
7.65
8.05
8.04
7.12
7.26
6.63
8.43
7.49
7.58
6.00
5.78
5.86
5.80
7.55
6.50
6.59
10.28
9.90
13.16
10.84
10.92
10.31
10.69
11.20
11.62
10.39
9.99
8.41
7.65
8.40
7.91
6.83
7.58
6.93
6.45
6.66
6.33
7.01
6.03
5.98
7.24
6.99
10.04
6.83
6.35
6.62
8.21
5.98
7.15
7.40
7.75
7.53
6.63
8.15
7.09
7.41
6.70
6.12
6.37
6.19
6.09
6.13
6.08
6.92
12.23
9.56
9.82
8.53
6.33
7.11
6.26
6.46
6.61
6.57
7.42
7.42
6.04
6.05
6.40
6.83
7.13
6.15
6.45
6.21
6.23
6.16
6.13
7.57
12.98
10.29
10.26
8.78
6.47
7.33
5.46
6.17
6.13
6.23
6.38
6.96
5.73
6.46
6.46
6.69
6.30
6.24
6.26
6.18
6.13
6.70
6.68
6.71
8.59
6.84
9.14
8.15
6.40
6.50
6.07
6.10
5.70
6.23
6.15
6.15
6.20
6.99
7.68
7.32
6.89
5.80
5.81
6.13
5.84
8.92
6.68
7.25
10.98
8.70
13.18
11.11
11.11
10.62
10.44
11.20
11.18
10.81
9.87
7.62
8.46
8.25
8.47
7.65
7.80
6.69
5.94
6.03
5.90
8.90
7.09
7.82
10.36
10.71
12.82
10.77
9.36
9.27
8.88
10.70
9.42
9.71
9.16
8.75
7.60
7.99
7.95
8.94
8.69
6.95
6.42
6.42
6.67
9.85
7.77
9.16
11.99
11.44
14.88
12.01
11.82
11.09
11.03
10.32
10.54
9.80
9.72
8.36
8.70
8.93
7.67
8.04
8.37
6.73
6.69
6.69
6.62
9.89
7.56
7.97
11.52
10.02
14.74
11.40
11.51
11.15
9.90
9.89
9.01
9.33
9.47
8.92
6.71
6.80
7.38
6.89
7.43
6.26
6.28
6.33
6.25
6.23
6.17
8.68
14.62
11.83
11.72
9.70
7.35
7.02
5.84
5.95
6.26
6.60
7.03
7.52
6.89
6.97
7.39
6.90
6.54
6.26
6.27
6.23
6.36
6.63
6.34
8.49
14.03
9.29
10.52
9.62
6.89
7.43
5.91
5.82
5.33
6.16
7.31
6.75
6.41
6.80
6.74
6.86
8.22
6.14
6.29
6.46
6.34
8.02
7.02
6.97
11.30
8.81
12.47
10.66
9.36
9.35
9.16
9.18
9.16
9.16
9.85
9.05
8.52
7.98
7.29
7.01
8.09
6.39
6.49
6.08
6.09
7.17
6.71
6.73
9.24
8.35
12.29
10.64
10.09
11.38
11.18
10.62
12.07
10.58
9.45
6.09
6.59
7.32
7.25
7.52
6.47
6.17
6.19
6.09
6.10
7.24
6.13
6.70
6.64
8.50
11.11
8.91
8.47
8.36
8.14
9.42
11.58
10.40
10.69
7.65
7.94
7.53
7.21
6.61
6.80
6.02
6.08
6.05
6.10
6.08
6.13
6.71
6.66
9.66
12.05
9.60
10.31
11.15
9.34
11.03
13.22
12.11
8.92
10.29
7.62
6.57
7.15
6.18
6.42
5.99
5.99
5.99
5.94
6.00
5.93
5.95
5.90
7.77
11.10
8.64
8.35
8.60
8.75
9.71
9.67
9.58
9.95
7.89
6.35
7.42
6.77
6.05
6.05
6.05
6.05
6.10
6.08
6.12
5.97
6.14
8.15
7.28
7.04
6.43
5.42
5.57
5.02
5.05
5.76
5.61
6.77
5.99
5.58
6.01
5.97
6.56
5.98
6.00
6.03
6.06
6.07
6.10
6.02
6.05
6.80
6.05
6.56
6.54
6.18
4.78
5.40
4.86
5.33
5.28
4.93
4.72
5.99
6.50
6.11
6.88
6.12
5.55
5.51
5.66
5.55
6.17
5.57
6.38
7.84
7.41
11.00
7.91
8.40
8.07
7.97
7.94
8.48
9.20
8.76
7.37
6.33
8.49
6.81
6.75
7.21
5.82
5.85
5.86
5.83
6.44
6.63
6.31
9.22
7.32
13.80
8.89
10.25
9.23
8.79
9.79
10.28
8.44
7.86
6.67
6.03
6.57
6.40
6.29
6.88
6.04
5.88
6.07
6.22
6.35
6.41
6.37
8.62
7.50
11.36
8.34
7.36
7.54
7.31
7.56
6.56
7.53
6.96
6.71
6.50
7.51
7.44
8.47
8.64
6.22
6.10
5.97
6.27
9.47
8.74
10.37
11.67
12.70
15.64
11.60
11.48
10.12
9.53
11.54
10.36
8.98
7.81
6.49
6.44
7.18
8.15
7.16
6.79
6.69
6.08
6.00
6.49
9.92
8.64
8.62
12.40
11.80
11.30
9.54
8.57
8.09
6.56
6.96
5.98
6.43
5.98
6.29
5.20
6.28
6.60
6.85
6.32
5.84
5.92
5.96
5.95
6.21
5.89
9.14
13.39
9.36
9.70
9.01
7.86
5.59
6.86
6.48
5.82
5.62
6.24
5.63
6.04
8.50
6.93
8.54
6.48
5.91
5.93
5.88
6.55
6.76
6.77
10.20
14.23
12.80
11.63
10.17
9.22
7.83
6.42
5.74
5.14
5.24
5.81
5.33
4.88
6.45
7.02
6.73
7.15
6.15
6.11
5.92
5.94
8.57
6.62
7.70
10.70
9.22
13.58
9.76
14.57
11.45
8.89
9.16
8.20
8.30
8.06
7.47
7.31
8.04
7.78
9.77
7.84
8.44
6.48
9.44
8.37
13.57
10.24
12.50
12.93
13.71
18.80
15.75
10.35
10.88
9.34
10.23
11.31
11.33
8.92
7.80
5.63
6.27
7.01
6.98
7.05
6.69
6.03
6.14
6.39
7.69
6.74
6.82
9.56
7.57
10.77
6.83
6.71
5.93
6.10
6.31
7.45
6.42
6.41
5.96
5.90
7.05
7.08
7.01
6.55
6.48
6.11
6.03
5.96
6.49
6.04
6.45
7.87
7.86
11.82
9.12
9.33
9.74
8.72
10.10
9.67
8.59
8.49
7.46
6.98
7.42
7.30
7.40
7.50
6.07
5.92
5.89
6.02
6.91
6.00
3.12
5.08
6.32
9.06
6.07
6.14
6.14
5.53
6.03
5.64
5.90
5.73
5.58
5.55
5.98
6.42
6.57
6.49
6.00
6.07
6.05
6.12
6.14
6.10
6.99
11.31
7.49
8.67
6.82
6.88
5.83
6.11
5.36
5.24
5.42
5.65
5.68
5.32
6.44
7.00
7.12
6.09
6.05
6.12
6.07
6.12
6.45
6.03
8.90
13.19
11.52
11.47
9.90
7.24
6.96
5.63
6.49
5.60
5.56
5.55
5.55
5.87
6.70
7.29
6.84
7.87
6.02
6.05
6.04
6.59
8.62
6.81
6.80
10.92
8.29
11.46
7.26
7.19
6.18
7.75
6.42
6.73
6.69
6.42
6.52
6.35
7.13
8.14
7.86
8.74
6.06
5.72
5.85
6.10
9.67
8.87
9.20
12.10
14.75
13.89
11.72
10.82
10.66
9.51
9.81
9.38
8.46
6.23
6.97
6.17
7.26
8.02
7.91
8.95
5.96
5.95
5.99
6.69
9.98
8.59
10.39
12.70
14.32
14.32
11.18
9.96
6.04
9.48
8.75
9.30
9.09
8.98
8.27
7.43
8.30
8.05
7.85
7.85
6.13
6.20
6.19
6.19
8.59
6.82
7.40
11.14
8.38
14.10
12.14
16.21
12.93
9.42
10.09
9.34
10.10
7.69
9.27
10.77
9.78
10.12
11.49
8.74
6.96
7.67
6.20
7.56
9.48
9.10
9.07
12.70
11.37
13.93
11.33
11.01
10.35
9.78
8.63
8.62
8.09
8.09
7.81
11.21
8.66
9.09
9.98
8.25
5.87
6.39
6.27
7.11
7.32
7.48
11.42
13.27
13.45
13.62
13.19
10.20
8.55
7.38
7.23
5.45
5.99
6.57
6.27
5.90
6.96
7.35
7.37
7.84
5.79
5.79
6.15
6.80
6.97
7.03
10.47
13.65
14.71
13.98
11.21
8.68
7.20
6.65
6.34
5.67
5.40
5.39
5.86
5.93
5.87
6.49
7.07
6.51
5.85
5.88
5.88
6.59
9.56
7.08
8.68
11.08
10.82
9.76
9.04
8.73
6.78
6.41
6.71
6.22
6.51
6.35
5.99
5.42
6.00
6.55
6.52
5.97
6.34
5.89
6.05
6.32
8.64
6.71
7.80
10.92
9.22
9.60
7.85
7.12
6.86
6.33
6.61
6.20
6.12
6.74
6.08
6.04
6.43
6.35
6.97
7.54
6.09
5.95
6.00
5.91
6.48
6.51
5.88
7.68
6.80
8.91
5.93
5.83
5.50
4.98
5.26
5.95
5.62
7.71
7.41
5.72
5.48
6.56
5.74
6.21
5.80
5.74
5.69
5.76
6.62
6.31
6.63
8.13
6.44
10.37
6.33
7.27
6.52
6.12
6.37
7.16
6.59
7.91
7.66
6.20
6.62
7.35
6.35
6.78
5.74
5.74
5.74
5.73
5.84
6.23
5.95
6.58
6.49
8.32
6.03
5.49
4.95
4.66
5.04
5.74
6.30
6.66
7.15
5.54
6.61
6.55
5.82
6.47
5.65
5.77
5.74
5.66
5.79
5.73
5.86
7.42
6.66
6.54
5.57
4.97
4.92
5.61
4.86
5.62
6.24
6.25
6.15
5.93
5.60
5.49
5.68
6.20
5.66
5.69
5.80
5.84
5.85
5.84
6.10
8.03
6.56
6.60
5.42
4.55
5.16
5.74
5.32
5.76
6.03
6.89
6.81
5.69
6.31
5.81
6.21
5.98
5.68
5.67
5.77
6.06
5.87
5.85
5.83
6.36
6.48
7.99
5.13
5.79
4.77
4.71
4.94
5.67
5.84
6.46
6.05
5.47
6.33
6.47
5.58
5.65
6.12
5.64
5.84
5.97
6.10
6.12
6.55
6.43
7.41
8.10
5.19
5.44
4.95
5.12
5.48
6.18
6.67
7.81
6.86
7.31
5.53
7.38
5.59
6.92
5.62
5.70
5.71
5.69
5.78
5.72
5.73
5.89
5.94
7.13
5.87
7.75
6.18
5.61
7.19
10.00
7.48
8.55
8.18
8.06
7.37
7.42
6.85
7.09
5.66
6.01
5.86
5.63
5.72
5.73
5.89
6.05
6.01
7.36
4.84
4.70
4.58
4.86
4.91
5.19
5.66
5.77
7.70
5.85
6.83
7.08
5.90
6.53
5.66
5.64
5.67
5.77
5.71
5.67
5.91
5.92
6.23
6.93
5.57
5.20
4.61
4.56
4.87
4.85
6.38
7.06
6.65
5.39
6.37
6.18
5.65
6.32
5.77
5.69
5.73
5.77
5.79
5.73
6.70
11.17
6.97
8.34
5.40
7.15
4.45
5.23
5.16
5.24
5.89
5.66
5.02
4.67
5.75
5.90
6.06
6.20
5.74
5.88
5.76
5.79
5.84
5.83
7.17
11.65
7.14
8.22
6.48
5.89
4.35
4.92
5.08
5.13
5.40
5.92
5.78
5.08
5.28
5.61
6.14
5.74
5.63
5.72
5.75
5.84
5.79
5.68
6.11
6.18
7.33
9.80
7.80
8.53
7.59
8.71
6.23
7.52
6.78
7.03
6.76
7.23
6.54
7.11
6.91
6.93
6.12
5.88
5.83
5.88
6.90
5.86
6.33
7.94
6.40
11.70
10.47
9.85
10.19
9.38
10.09
9.77
8.33
8.68
7.02
6.15
6.85
8.13
7.53
7.70
6.59
6.31
6.73
6.74
8.06
7.05
7.14
8.92
7.43
9.92
6.63
6.94
6.39
6.92
6.24
5.66
6.47
6.38
5.72
5.87
6.55
6.58
7.08
6.48
5.77
5.72
5.74
5.72
8.00
6.48
7.06
11.01
7.69
12.29
10.64
10.30
10.02
9.87
10.25
10.87
9.43
9.26
6.32
5.95
6.29
6.58
6.81
6.87
5.98
5.92
5.78
5.70
7.76
6.40
6.41
9.75
6.83
10.17
5.56
5.42
5.59
5.22
5.14
5.80
5.69
5.63
4.87
4.79
7.12
6.92
6.02
6.48
6.03
6.03
6.02
6.12
6.03
6.01
6.50
8.51
7.00
6.26
5.37
5.59
5.17
6.21
6.67
7.54
7.07
8.17
8.54
6.74
6.81
7.55
6.21
6.83
6.07
6.00
5.98
6.05
6.06
6.03
6.06
7.88
6.68
5.92
4.96
5.18
5.35
6.59
6.45
6.69
7.38
8.40
7.63
7.72
7.52
7.96
5.87
6.84
5.90
6.16
5.92
6.04
5.80
5.74
6.03
6.16
5.84
7.29
4.71
4.93
5.01
6.22
5.75
8.08
9.40
8.04
8.86
9.52
10.02
8.19
7.21
6.87
6.53
5.84
5.76
5.72
5.76
5.98
6.06
5.93
7.38
10.39
9.20
9.72
12.35
13.77
12.79
13.29
11.35
12.78
9.70
8.19
7.35
7.71
8.01
6.70
6.22
5.53
5.49
5.68
5.58
5.82
5.86
5.73
6.39
6.87
5.10
6.24
5.68
5.98
6.65
7.05
8.70
7.76
7.46
6.40
6.75
6.16
5.84
6.59
5.77
5.59
5.60
5.73
5.76
5.80
6.02
5.66
6.96
10.07
10.47
11.54
11.73
12.04
11.30
12.80
11.90
8.63
6.91
5.92
7.16
7.13
6.41
6.87
6.72
6.13
6.05
6.02
6.06
6.18
6.20
6.63
6.78
8.43
5.20
5.84
5.83
5.75
5.80
5.81
6.10
7.12
7.46
5.91
7.44
7.36
5.97
6.52
5.95
5.98
6.01
6.06
6.27
6.21
6.20
8.78
6.88
6.13
5.40
5.47
5.03
6.30
7.06
7.09
6.76
7.96
6.88
7.26
7.02
7.48
6.42
6.96
6.12
6.04
6.06
6.14
6.22
6.08
6.09
8.13
6.94
5.98
4.96
5.37
5.46
6.53
7.01
6.55
7.99
8.26
7.64
8.17
8.33
6.43
7.54
6.98
6.22
6.03
6.07
6.13
6.04
6.02
6.31
6.17
6.42
8.04
5.13
5.60
6.39
7.99
7.43
9.27
9.02
10.31
9.45
8.70
9.51
8.62
7.77
7.20
6.24
5.89
6.10
5.91
5.92
5.95
5.92
6.18
6.41
10.83
9.03
10.51
11.42
10.93
13.42
13.94
11.06
9.70
9.48
8.57
8.04
7.72
7.38
6.77
6.17
6.05
5.74
5.90
5.70
5.88
6.03
6.52
7.23
8.49
7.94
8.13
8.19
8.73
11.24
12.37
10.79
11.12
8.13
7.90
8.38
8.00
7.70
7.51
5.88
5.84
5.90
5.92
5.86
5.85
6.17
6.03
7.32
10.78
8.60
10.99
11.52
11.73
12.73
13.73
12.44
11.93
11.57
10.10
9.14
8.22
7.70
6.96
6.77
4.29
2.66
5.57
5.71
5.79
5.78
5.75
6.81
8.44
8.40
7.99
8.84
8.77
7.52
8.25
9.45
9.35
9.32
8.08
8.23
7.65
7.40
6.20
6.14
5.71
5.64
5.60
5.71
5.60
5.88
7.02
6.18
4.68
4.65
4.86
6.02
5.77
6.35
7.15
8.47
8.17
8.90
8.32
7.79
7.37
6.54
6.32
6.21
5.67
5.61
5.69
5.78
5.62
5.68
6.71
6.25
4.50
4.34
4.42
5.55
5.82
5.62
7.09
7.43
8.65
8.28
8.06
6.66
7.17
6.75
6.72
5.25
5.46
5.65
5.60
5.87
5.70
5.98
5.69
6.80
9.21
7.66
7.81
9.26
9.43
8.35
9.33
9.03
10.94
10.52
9.54
9.32
8.09
6.90
6.80
6.86
5.51
5.76
5.54
5.56
5.75
5.77
5.77
6.42
9.32
7.28
9.39
11.49
10.99
13.10
12.83
13.71
12.38
10.95
8.75
11.24
9.72
7.47
8.20
7.50
5.89
5.65
5.36
5.59
5.83
6.03
6.50
7.38
8.52
9.22
10.29
9.90
11.13
11.20
11.47
12.78
11.55
10.87
9.42
10.77
8.31
7.65
7.44
6.96
5.84
5.82
5.81
5.77
5.99
6.05
6.87
7.93
8.72
7.94
9.99
11.33
11.57
11.67
13.91
12.89
11.82
11.25
10.65
8.95
8.63
7.98
7.43
5.65
6.03
5.68
5.63
5.62
5.60
6.01
6.31
7.28
8.47
9.33
9.11
10.71
9.50
8.46
8.98
11.12
10.81
10.04
9.37
9.03
8.40
7.79
6.99
6.11
5.28
5.61
5.53
5.57
5.54
6.08
7.31
6.83
5.12
5.69
6.33
6.96
7.21
8.44
7.86
9.15
9.79
10.68
7.93
6.77
7.61
7.44
6.47
6.10
5.52
5.50
5.58
5.65
5.53
5.30
7.00
6.03
4.33
4.50
6.35
6.38
7.23
8.47
8.35
10.94
10.46
11.39
10.54
9.55
8.41
7.63
7.32
6.09
5.43
5.54
5.45
5.89
5.75
5.94
6.91
7.93
8.31
10.21
12.02
12.07
11.78
11.53
12.72
13.67
15.51
14.72
14.52
12.95
11.59
10.73
10.22
7.85
6.21
6.29
6.59
6.12
5.94
6.26
7.00
7.05
8.85
10.91
12.53
14.39
13.12
14.75
16.69
17.56
17.03
16.34
13.86
12.63
12.73
10.28
10.33
7.79
6.64
6.33
6.08
6.18
6.26
5.99
6.98
6.52
5.03
5.34
6.35
6.70
8.52
9.46
9.12
9.48
9.99
10.18
9.00
7.83
7.76
7.55
6.31
6.57
6.21
6.15
6.07
6.27
6.10
5.88
5.89
6.56
7.58
7.89
9.38
10.57
9.16
6.11
12.98
10.60
9.95
10.14
9.32
9.39
8.52
8.52
7.21
6.96
6.22
6.06
5.96
5.84
5.91
5.82
6.98
6.92
5.76
5.38
5.50
6.31
6.71
6.71
7.32
7.93
7.20
9.60
7.87
8.00
7.48
7.27
6.25
6.07
6.13
5.97
5.80
5.86
5.78
5.73
7.08
5.62
5.10
5.18
5.07
5.84
6.31
6.69
7.52
8.26
8.74
10.11
10.33
8.05
7.75
7.84
6.19
6.38
6.10
5.98
6.06
6.05
5.83
5.76
6.49
5.71
4.95
5.06
5.37
6.44
7.27
7.39
9.30
10.03
11.28
11.80
10.01
9.27
8.65
8.71
7.16
5.88
6.39
6.03
6.17
6.12
5.88
5.89
6.81
6.19
5.01
5.51
6.37
7.07
7.18
10.78
10.57
13.57
11.18
11.32
10.59
10.49
8.83
8.29
7.60
6.08
7.31
5.77
5.41
5.56
5.15
5.22
6.37
7.25
8.30
9.19
11.87
12.54
12.56
12.96
13.82
10.92
10.96
8.56
7.86
7.65
6.92
6.47
5.59
6.36
5.64
5.46
5.39
5.30
5.56
5.23
5.56
5.83
4.68
4.25
4.39
4.34
4.81
6.50
7.08
8.70
9.48
11.54
10.72
7.87
6.89
6.91
6.67
6.54
6.03
6.07
6.02
5.96
6.03
5.98
6.69
6.43
7.58
7.89
10.55
11.00
11.53
12.76
14.55
15.15
16.69
15.03
14.35
12.65
12.18
9.86
8.80
8.21
6.83
7.30
6.67
5.79
5.75
5.63
7.39
6.50
5.71
8.27
10.63
11.29
12.65
14.95
15.91
17.73
16.85
18.99
17.19
13.58
11.59
10.91
9.66
8.10
6.52
6.46
6.22
6.22
5.94
6.34
10.03
6.05
6.72
7.74
9.65
7.81
10.20
10.82
11.60
13.60
14.09
13.59
14.24
11.32
9.71
10.34
9.27
8.17
6.56
6.83
6.33
6.80
6.18
6.27
7.84
5.74
5.57
7.64
7.15
7.42
8.72
8.06
9.60
10.71
11.11
12.64
12.61
11.24
10.00
8.90
8.73
7.38
6.32
6.21
5.77
6.31
5.92
5.72
6.58
5.95
5.27
7.10
10.34
10.68
11.68
10.91
14.81
14.77
14.44
14.56
15.64
13.41
12.13
8.84
7.84
6.89
6.44
5.45
5.70
5.66
5.49
5.42
7.39
5.78
6.72
10.40
11.13
11.21
11.75
13.59
14.31
11.10
10.01
9.97
10.58
9.70
8.49
8.98
6.70
6.46
5.26
5.56
5.31
5.43
5.07
5.27
6.65
5.46
5.32
6.41
7.79
7.07
8.02
8.02
11.40
11.59
14.00
16.03
15.31
12.43
12.33
9.15
10.50
7.12
6.24
6.56
5.88
6.20
6.02
6.34
8.37
6.51
8.33
10.73
12.08
13.58
12.88
15.79
16.99
19.58
18.25
19.99
18.07
16.80
13.84
11.77
10.18
7.30
6.37
6.23
6.14
5.74
6.17
7.60
10.39
6.14
6.19
9.89
11.15
10.23
13.56
12.97
15.80
18.13
17.92
20.06
18.82
14.75
13.06
12.71
10.52
7.52
6.82
6.19
5.49
6.29
6.08
6.82
9.63
6.14
5.95
9.38
10.90
8.61
12.79
10.88
13.42
16.07
16.53
17.98
16.44
12.90
11.22
10.84
9.97
7.14
6.01
6.41
6.29
6.23
5.78
6.47
7.95
4.81
5.76
7.82
8.56
8.12
9.22
11.06
11.02
14.19
15.17
16.55
16.15
13.97
14.26
10.80
9.39
7.83
6.56
6.54
7.06
6.65
5.97
9.45
9.69
7.88
7.89
7.38
8.14
8.09
9.05
8.38
7.77
9.64
12.03
9.61
12.02
9.85
9.85
7.95
7.79
6.89
5.96
5.99
6.15
6.05
6.13
6.04
6.98
6.07
5.32
6.86
8.33
11.98
11.36
10.37
10.58
10.87
12.16
12.40
13.63
11.50
10.39
9.52
7.45
6.21
5.54
6.00
5.38
5.52
5.34
5.27
7.01
5.88
4.84
8.51
8.83
9.22
8.89
9.35
10.58
12.01
13.12
13.43
14.41
10.68
10.01
9.25
7.36
6.16
5.98
5.49
5.53
5.50
5.38
5.33
6.52
5.65
4.81
6.44
7.83
7.20
7.66
8.59
10.10
10.09
12.89
11.64
10.98
10.86
9.56
9.38
7.56
5.49
5.57
5.57
5.37
5.56
5.26
5.36
6.96
6.19
5.08
6.05
9.29
9.06
8.14
11.18
11.03
13.90
14.27
15.35
14.68
12.07
11.08
8.41
7.30
6.42
5.98
5.60
5.38
5.53
5.24
5.76
7.73
5.38
4.47
6.76
8.87
7.93
10.50
11.48
12.60
13.83
15.44
16.66
14.17
13.08
11.19
9.58
8.81
6.18
5.98
6.02
5.76
5.72
5.37
5.73
7.51
4.56
4.95
7.07
9.28
7.76
8.58
10.26
12.22
12.63
13.45
13.35
13.35
11.87
12.68
9.95
8.02
7.16
5.95
5.72
5.72
5.85
5.67
5.42
8.72
5.39
5.56
6.83
8.59
8.28
7.37
9.70
8.84
10.50
12.44
11.62
12.39
9.63
9.89
9.43
8.07
6.34
6.27
6.20
5.59
6.14
5.96
5.98
8.06
6.86
6.28
5.67
5.27
6.09
6.33
8.08
9.14
8.60
10.17
11.67
12.63
10.09
9.70
8.80
7.17
6.91
6.16
6.01
5.94
5.96
6.11
5.96
7.34
6.50
5.92
5.55
7.20
7.70
6.99
8.86
8.28
11.20
11.08
12.68
11.99
9.34
9.59
7.34
7.68
6.61
5.65
5.44
5.55
5.50
5.21
5.27
6.61
5.40
5.34
6.36
7.61
7.60
8.54
8.45
11.03
12.17
12.15
9.74
13.09
10.72
10.58
8.32
7.24
5.33
5.94
5.50
5.84
5.63
5.46
5.55
8.05
6.79
5.74
7.38
4.55
8.53
9.36
9.85
11.04
9.67
12.17
11.36
10.88
10.17
8.54
6.65
6.82
6.06
5.60
5.78
6.08
5.49
5.65
5.70
6.87
6.42
4.87
6.14
8.04
7.39
7.34
8.96
9.87
9.98
12.52
11.82
12.73
10.14
8.80
7.79
8.20
6.46
5.69
5.51
5.67
5.67
5.24
5.30
7.34
5.52
4.75
5.48
7.14
6.77
6.50
8.67
8.67
9.12
7.59
9.65
8.55
9.74
8.67
8.30
5.63
6.35
5.66
5.53
5.43
5.13
5.67
5.32
6.95
5.74
5.21
7.82
9.11
9.42
9.70
10.75
11.06
12.02
14.84
14.84
16.52
13.59
11.69
11.26
9.58
8.01
5.94
6.33
5.83
6.18
5.37
6.12
9.09
6.38
6.77
10.38
12.76
10.32
12.71
13.79
15.21
16.08
18.10
19.99
20.10
18.50
13.03
13.31
10.76
8.76
7.59
8.08
7.73
7.21
6.19
9.46
9.91
7.27
7.94
11.08
11.80
11.33
15.24
15.29
17.68
17.81
18.96
17.72
19.55
17.48
14.85
12.94
11.61
7.89
7.33
7.05
6.81
6.14
6.29
8.21
9.03
7.88
6.81
8.28
9.71
10.43
5.95
12.93
13.38
14.39
14.92
14.96
14.77
13.72
11.42
10.37
7.46
6.65
6.11
5.59
5.31
5.25
5.24
5.52
7.42
6.04
5.07
6.46
7.69
7.72
6.98
8.20
8.73
9.36
9.96
11.16
10.18
8.09
7.29
7.46
6.21
5.76
5.42
5.28
5.58
5.42
5.35
5.30
6.28
5.72
4.08
5.47
7.83
6.36
8.57
9.00
9.59
9.59
12.53
12.27
11.09
9.64
8.70
8.88
6.65
5.94
5.52
5.64
5.71
5.76
5.57
5.74
7.33
5.60
5.43
4.72
5.62
6.23
6.68
6.58
8.31
7.21
7.94
7.78
8.40
8.21
7.73
7.36
6.74
6.79
6.01
5.69
5.97
6.00
5.31
5.24
6.64
5.95
5.29
5.16
6.30
5.76
6.75
7.17
7.89
8.46
9.00
9.11
8.85
7.56
7.89
7.26
6.72
6.12
5.92
6.05
5.87
5.74
5.91
5.83
6.03
5.68
4.71
5.99
6.53
7.10
8.86
9.01
8.70
9.45
10.83
11.21
11.34
10.11
9.17
7.81
7.19
6.38
5.91
6.11
5.98
5.90
5.90
5.92
6.48
6.67
7.92
9.92
10.26
9.67
11.46
12.21
12.52
12.90
14.62
13.73
8.64
8.75
8.28
7.84
7.00
6.52
6.04
5.97
5.95
6.00
5.96
5.82
6.07
5.80
5.42
7.09
7.24
6.70
6.93
7.64
8.85
9.44
11.83
13.08
10.67
8.79
7.86
7.33
6.20
6.37
5.38
5.27
5.49
5.24
5.42
5.40
5.62
6.32
7.95
10.81
11.74
12.99
12.67
12.37
15.46
15.45
16.78
15.38
13.67
12.57
10.55
9.70
7.84
6.61
6.24
6.25
5.92
6.30
5.97
6.00
7.25
6.52
5.09
7.27
8.15
9.39
8.73
10.85
10.72
13.28
12.85
14.81
15.14
12.92
10.52
9.59
9.70
6.77
5.89
6.12
6.08
5.97
6.16
5.83
6.73
5.77
5.89
6.67
8.16
7.88
7.74
7.75
9.01
9.34
12.03
13.53
11.86
9.87
9.90
8.93
8.27
6.82
5.77
6.25
6.14
5.89
5.68
6.09
8.02
6.01
5.99
6.22
6.75
7.25
6.94
7.46
8.00
9.31
10.79
13.06
11.15
8.57
8.78
8.03
7.60
6.67
5.83
5.97
5.79
5.84
5.87
5.72
6.17
5.61
5.69
6.42
7.06
8.89
9.75
9.66
10.32
10.51
14.36
14.20
13.25
9.86
9.32
8.52
6.90
6.06
5.65
5.23
5.45
5.45
5.43
5.20
6.78
6.11
5.61
7.29
8.85
10.35
10.29
10.64
11.24
11.47
16.18
18.68
14.37
11.03
11.51
10.62
8.59
7.17
6.10
6.07
6.16
6.18
5.90
6.34
8.19
6.87
6.58
9.42
9.87
10.54
10.42
12.02
13.33
14.05
19.11
20.33
17.93
14.39
12.56
11.44
9.85
8.78
6.11
5.61
5.99
5.94
5.51
7.15
9.73
6.78
8.31
10.38
10.27
11.09
12.60
13.42
14.43
15.87
18.45
18.66
19.58
15.30
12.55
12.57
9.73
7.69
6.58
5.89
6.01
5.52
5.53
6.13
9.61
6.75
7.46
9.68
10.74
10.69
11.20
12.33
14.93
14.54
16.02
18.34
16.40
15.97
12.11
12.07
9.54
7.84
6.65
6.44
5.63
6.05
5.69
6.39
9.28
7.63
7.57
8.96
9.37
9.99
10.14
11.84
12.91
12.83
17.31
18.11
17.16
12.73
14.47
10.66
9.43
7.74
6.30
6.64
5.65
6.26
6.14
7.93
8.90
6.63
12.31
16.72
18.01
14.14
17.06
18.31
19.75
17.56
21.65
22.47
19.37
16.38
13.69
12.76
11.52
8.69
7.57
7.04
7.58
7.01
6.27
8.32
10.30
6.63
8.31
10.69
10.99
11.95
14.54
14.60
14.94
15.99
20.72
20.09
19.12
14.79
12.66
14.41
10.94
8.43
7.59
6.81
8.03
6.47
7.57
8.71
9.81
6.73
8.64
11.22
11.28
13.89
14.44
15.24
16.55
18.94
21.98
22.91
23.06
17.56
15.29
15.38
13.44
8.60
8.86
7.29
7.95
7.77
7.87
9.54
11.54
6.66
10.00
12.06
13.41
13.30
14.69
15.14
17.44
18.88
22.82
24.38
23.85
17.42
16.93
15.69
14.25
9.34
7.64
8.44
8.53
7.27
7.21
10.82
13.68
9.85
15.06
17.36
18.53
18.33
16.19
18.06
21.65
20.73
25.45
20.44
20.90
16.19
14.08
12.68
10.68
7.39
7.98
7.73
6.20
6.72
5.80
8.24
8.70
7.06
7.68
9.60
11.09
11.69
14.77
14.75
14.28
17.52
18.16
18.81
18.95
17.59
13.21
12.95
10.37
8.70
6.57
6.79
6.32
6.56
6.13
8.22
8.86
6.93
8.08
10.84
10.76
10.46
12.88
13.77
15.08
17.02
20.13
20.76
20.17
21.82
17.47
17.14
10.96
7.71
7.77
7.93
7.32
8.34
7.17
9.84
11.19
9.27
12.95
17.46
16.46
19.03
20.01
24.18
26.72
28.49
28.01
25.70
26.18
24.10
21.04
18.24
13.54
9.20
11.18
9.92
9.09
10.28
8.77
10.99
13.08
8.62
11.25
15.95
18.91
17.92
17.87
19.73
20.57
22.63
24.81
25.27
23.11
22.62
20.34
18.72
11.76
8.36
9.10
8.89
9.53
8.12
7.90
10.48
10.95
7.82
9.87
11.91
14.39
14.96
17.08
18.87
21.18
24.57
25.67
26.94
26.58
25.21
19.67
17.94
12.57
8.02
9.63
9.64
9.35
8.24
9.49
9.70
12.83
9.97
10.10
12.53
14.54
16.27
15.87
19.09
18.18
21.21
23.06
22.68
20.99
20.04
18.78
17.23
11.62
7.39
8.54
8.11
7.72
7.25
6.41
9.68
12.98
10.47
15.29
16.26
18.96
19.10
19.40
20.49
20.83
24.19
24.16
26.62
25.80
21.74
16.96
17.14
13.10
10.10
9.77
9.70
9.02
8.31
8.53
9.60
9.95
7.90
10.57
12.26
13.79
14.69
14.88
15.94
18.57
18.49
21.21
22.35
23.20
20.02
16.71
15.88
13.84
8.31
7.83
8.68
9.10
7.89
6.94
9.76
11.55
8.75
9.09
12.38
12.33
12.58
14.84
16.41
16.83
19.29
22.12
21.09
25.44
22.65
16.78
15.27
11.36
8.69
8.31
10.02
9.75
7.85
8.37
10.93
11.74
10.11
14.53
18.92
20.10
20.70
20.26
21.48
28.55
25.60
24.76
25.37
25.53
25.20
20.19
17.63
12.78
9.24
10.13
12.04
8.57
8.38
8.29
10.88
11.35
8.34
10.55
13.30
15.54
14.34
18.38
16.59
16.38
21.69
22.57
23.33
23.86
20.73
16.30
16.06
13.60
10.72
8.55
8.82
8.85
8.03
7.51
9.16
9.85
5.94
9.00
12.81
15.64
15.38
17.60
19.31
19.31
19.91
20.34
23.41
25.06
21.27
17.13
13.56
11.02
8.57
8.70
7.96
7.84
7.93
7.20
9.00
10.16
7.30
9.34
11.32
14.11
14.57
14.47
17.28
17.05
18.85
21.73
21.35
24.52
24.18
19.50
13.77
11.63
9.45
8.11
8.39
7.94
8.01
6.56
12.88
11.51
8.92
10.35
15.10
14.63
15.51
16.73
15.63
18.80
19.60
22.73
21.84
22.73
19.95
17.37
15.77
12.16
9.74
8.88
8.09
8.44
7.48
8.04
10.96
9.90
7.87
9.37
12.59
11.80
14.47
13.57
14.27
16.26
17.72
17.45
19.45
20.00
17.98
13.11
14.16
12.01
8.07
8.50
8.22
8.18
7.61
6.97
8.79
8.69
6.61
8.30
10.85
10.88
11.71
11.62
13.54
13.33
16.20
19.33
20.19
19.18
19.00
15.95
12.87
9.25
7.98
7.92
7.25
6.99
6.96
5.57
7.48
8.47
9.29
12.39
18.63
17.23
18.20
18.67
22.81
22.52
22.61
23.46
22.99
25.66
21.77
15.45
13.74
10.68
8.03
8.58
8.82
7.41
7.89
6.53
10.33
9.82
7.96
9.30
12.44
13.07
14.17
19.09
18.46
22.80
23.07
23.39
23.44
22.98
22.53
17.06
14.11
11.12
8.51
8.39
10.09
7.61
7.25
7.25
9.23
10.72
7.19
9.69
11.31
13.66
14.63
13.64
18.78
16.60
20.23
22.59
23.90
24.65
24.99
17.30
15.10
10.17
9.81
8.38
9.19
7.74
7.34
7.51
8.87
10.37
6.44
8.39
13.85
13.61
14.33
14.94
17.72
21.52
22.89
21.59
24.77
24.91
21.24
18.99
16.05
11.01
8.44
8.90
10.71
8.09
7.40
7.82
11.60
11.91
9.72
11.93
12.59
18.27
20.18
20.41
22.62
22.81
24.53
27.34
27.41
25.99
24.02
16.21
19.15
15.30
8.82
11.72
10.29
10.03
7.21
10.45
13.43
12.72
9.83
9.99
12.88
15.04
17.40
17.84
20.96
23.09
25.29
25.89
23.06
27.57
22.54
20.19
19.31
14.79
10.77
11.45
10.32
12.11
10.01
11.30
11.22
13.39
9.74
11.48
14.78
16.18
17.20
18.75
19.19
21.86
23.17
24.50
25.60
27.23
24.71
21.48
17.99
14.20
9.21
12.16
12.08
11.08
11.42
10.30
12.80
13.57
9.40
13.40
17.48
17.38
18.82
19.68
22.13
22.72
25.57
27.79
27.43
26.56
27.89
21.09
18.32
12.78
10.01
13.96
10.33
10.09
10.96
10.16
12.22
14.31
9.41
11.06
15.55
15.61
17.49
18.33
19.67
21.27
24.51
26.39
26.42
27.42
24.14
20.72
16.32
13.38
9.10
10.82
9.56
10.23
7.65
8.62
10.56
11.92
8.56
15.44
27.13
25.02
24.00
24.48
25.03
24.70
27.39
28.86
28.09
28.96
24.39
20.04
14.80
11.60
9.28
10.11
10.24
8.52
8.43
7.91
10.51
10.05
7.87
10.30
12.46
15.41
12.47
16.97
15.88
18.55
21.70
21.69
25.69
25.60
22.25
20.19
14.27
12.89
8.77
10.38
10.22
10.00
8.22
7.44
14.67
12.47
10.45
15.17
19.75
20.72
21.40
22.05
23.60
23.04
27.47
27.86
28.24
24.45
19.84
19.20
13.81
14.23
8.93
9.56
9.21
8.35
8.43
8.23
12.41
11.82
9.52
9.22
12.29
15.77
15.33
15.31
17.27
18.77
20.37
22.05
23.67
24.50
19.52
19.68
15.66
13.48
9.69
9.57
8.84
9.61
9.58
7.90
11.55
10.20
8.60
9.63
13.01
15.49
13.82
18.02
16.51
20.24
19.70
24.58
22.36
24.02
20.80
17.16
15.54
10.97
7.15
8.33
9.59
7.37
7.53
6.47
9.65
9.73
8.36
11.50
16.14
16.77
15.48
20.02
17.36
19.34
20.68
23.09
23.01
26.27
21.10
16.10
14.64
10.43
8.42
9.08
7.95
8.43
6.81
7.68
9.34
10.27
7.05
9.15
13.97
14.40
14.85
17.44
17.41
17.78
22.12
23.07
23.56
24.80
23.49
18.48
15.06
13.35
10.14
8.92
10.25
9.19
9.53
8.45
9.75
12.50
10.74
15.30
17.80
19.70
21.44
23.51
22.05
25.79
28.21
29.13
30.28
29.44
28.44
22.62
20.33
18.93
13.19
14.23
11.73
13.32
11.04
12.45
13.78
15.03
11.46
12.27
13.79
17.73
17.83
18.85
20.59
24.78
27.73
27.11
25.77
28.22
24.19
22.66
15.01
17.01
11.63
12.17
13.34
13.15
11.98
11.93
17.55
17.37
14.86
14.95
14.65
18.20
22.51
22.30
23.98
27.11
27.08
29.15
26.55
24.12
21.49
22.08
20.53
16.49
9.81
14.04
13.87
12.34
12.50
12.55
16.47
19.43
12.67
14.31
18.84
19.96
19.79
20.58
22.25
23.84
27.18
25.59
28.21
28.39
25.12
22.58
19.35
16.18
11.66
13.37
12.50
12.51
12.98
12.12
14.80
16.07
11.94
15.36
17.95
19.83
19.66
20.86
20.90
22.17
23.72
28.10
28.52
28.12
27.00
21.97
19.88
14.89
11.11
12.27
13.84
10.96
12.95
11.95
13.49
15.13
11.93
15.48
17.65
19.76
18.80
22.58
24.15
24.42
27.17
28.95
27.89
30.20
28.87
24.18
21.26
18.57
11.28
13.52
14.15
12.97
12.84
10.48
14.14
14.58
11.11
11.52
16.52
17.18
20.83
20.74
22.48
26.28
26.31
28.88
29.69
30.25
26.91
24.86
19.61
15.66
12.07
13.41
13.12
12.35
13.77
11.64
12.16
15.83
10.91
13.71
17.59
15.86
18.04
21.79
19.81
21.29
23.52
25.35
23.95
25.95
21.70
20.59
15.56
14.07
11.27
12.12
10.53
11.83
9.92
10.44
11.24
13.17
8.75
11.00
8.22
15.29
17.58
18.19
20.02
22.33
22.85
23.03
22.71
25.98
23.07
21.52
16.36
15.31
10.19
9.43
12.07
11.10
10.00
11.18
16.30
16.98
10.72
12.86
12.60
14.98
17.22
17.28
18.71
22.31
23.69
26.49
23.21
24.23
21.64
17.34
17.39
12.71
10.07
11.23
9.29
9.26
10.53
7.49
14.69
13.13
8.87
11.11
14.52
16.11
17.48
17.11
19.40
20.94
22.45
24.54
25.32
25.70
23.76
19.93
18.52
15.64
10.59
10.25
10.79
11.02
10.37
9.79
12.01
13.41
10.17
10.27
16.44
14.63
17.76
17.13
19.93
20.04
23.06
25.08
24.67
27.42
26.09
22.71
18.41
17.08
9.26
12.85
12.83
12.57
12.29
12.19
15.33
16.25
13.59
12.59
15.81
15.58
18.01
16.52
21.61
18.52
21.38
21.35
20.96
24.98
25.08
18.27
17.45
12.94
7.62
9.17
9.10
9.53
7.84
9.01
12.68
12.10
10.04
10.25
12.63
14.17
15.31
15.63
18.21
21.62
22.70
24.87
25.82
26.92
25.57
22.55
18.22
13.43
11.95
12.28
12.87
11.84
12.42
11.52
14.03
13.28
12.67
15.21
19.80
21.02
20.87
19.34
18.75
18.63
19.45
23.21
22.82
23.07
23.56
18.95
14.65
12.52
9.54
11.10
9.95
10.54
10.47
9.74
13.25
14.75
11.47
12.65
16.82
17.79
18.51
18.58
22.04
23.54
21.65
26.05
25.97
26.17
24.25
21.45
19.47
16.41
10.85
13.12
13.24
13.40
13.02
11.74
17.17
18.39
15.53
19.01
23.48
24.54
24.95
26.05
25.73
24.76
27.95
29.29
27.36
27.84
26.33
21.08
21.03
17.43
10.23
12.73
13.63
13.28
10.76
12.57
15.58
18.10
12.13
15.31
17.41
20.62
20.08
21.32
23.14
26.37
25.95
29.55
29.61
29.22
25.56
23.74
22.92
15.35
13.06
14.09
13.39
11.88
12.79
12.10
13.68
15.29
11.53
12.99
14.59
17.04
15.84
19.14
19.91
23.06
22.36
27.67
26.92
26.74
27.45
24.54
17.67
18.07
12.40
12.74
12.82
13.54
12.12
10.61
14.49
17.14
11.25
11.58
15.37
15.89
18.99
19.20
21.07
24.74
23.97
25.02
27.83
28.09
26.65
24.62
20.94
14.58
11.97
12.79
11.40
12.67
11.89
11.31
13.71
15.86
13.04
13.23
13.72
17.19
19.83
18.15
20.17
21.33
23.12
25.47
24.09
26.53
17.58
14.93
13.42
12.51
7.46
7.32
7.37
7.11
8.11
7.62
9.15
12.61
8.39
10.27
9.10
11.83
11.36
14.22
15.68
15.94
17.76
18.91
19.22
15.43
18.61
14.96
14.13
12.22
9.28
9.17
9.57
10.03
10.31
8.92
12.68
12.54
10.31
12.59
14.90
17.55
15.12
17.47
20.37
20.08
23.73
24.46
23.01
26.01
25.22
20.53
17.78
15.62
9.01
11.26
12.21
10.37
11.91
11.19
14.18
18.69
15.04
17.30
20.92
21.38
22.00
24.76
22.96
27.45
25.79
28.69
27.32
27.71
25.16
19.49
19.73
18.34
11.54
13.01
11.71
12.55
12.21
10.00
17.02
16.23
13.98
11.72
14.36
17.25
17.53
20.63
22.59
24.43
28.62
27.73
27.13
26.68
23.67
20.91
21.90
16.14
9.62
9.93
10.34
11.59
10.16
8.87
12.06
12.46
11.26
11.21
13.53
15.43
16.51
17.87
21.43
19.08
25.94
25.45
27.58
28.02
25.27
22.31
18.02
17.16
11.12
12.40
13.17
10.97
12.11
11.42
14.24
16.42
14.47
18.53
24.64
24.15
22.69
24.57
22.19
27.75
29.11
30.66
31.75
27.76
26.64
21.54
19.17
14.35
10.91
11.15
11.71
11.91
10.71
11.60
12.45
16.10
12.09
14.34
12.95
12.59
14.14
13.60
14.93
14.58
14.31
16.14
17.97
22.42
19.20
16.89
13.18
14.08
9.92
8.71
10.80
11.18
11.45
9.00
12.36
15.43
10.48
12.55
14.96
15.25
17.20
16.56
18.60
22.00
25.94
24.42
23.62
21.40
19.30
17.58
13.45
12.49
9.32
9.72
11.02
10.35
9.23
9.26
11.52
13.46
9.17
11.18
15.74
16.53
16.29
16.76
19.79
21.47
21.75
25.40
23.68
24.34
24.83
20.51
17.74
15.30
10.13
10.24
11.42
13.33
12.51
12.57
15.45
20.14
14.83
13.49
15.33
14.93
15.27
18.12
16.92
17.90
19.51
21.81
21.69
20.86
17.48
17.57
15.34
12.16
8.48
7.86
9.42
10.23
8.57
9.43
13.36
16.15
11.28
10.93
12.13
15.53
15.35
18.15
17.35
18.15
21.80
20.19
21.78
19.57
16.41
15.53
13.60
11.85
8.57
8.20
8.38
9.17
10.12
8.70
11.04
12.54
9.51
10.75
12.83
14.52
14.02
16.73
15.55
18.24
19.52
21.36
21.92
20.86
20.90
20.07
16.22
12.16
8.66
10.89
10.10
10.51
10.52
12.20
12.69
14.12
9.46
11.62
14.08
16.60
16.89
17.23
18.53
19.51
22.22
24.18
24.12
25.58
23.17
18.82
15.51
13.99
8.79
8.34
10.44
8.56
8.39
8.30
12.19
12.97
8.90
10.42
13.44
15.39
17.79
16.79
20.10
21.35
23.66
26.06
23.84
26.23
25.06
21.31
18.62
16.22
9.01
10.85
11.06
9.89
9.44
8.57
10.56
12.82
9.09
9.69
13.59
14.70
16.22
17.44
20.73
25.95
25.85
27.68
27.28
28.15
26.21
22.88
18.58
15.53
10.14
10.77
10.69
10.15
9.08
9.53
10.53
12.84
8.83
9.59
14.83
16.08
18.19
19.45
21.51
23.40
26.84
26.92
27.08
27.89
26.45
22.85
20.07
15.37
9.45
11.25
10.96
10.96
10.10
9.48
15.33
15.37
11.77
11.59
16.15
18.63
16.85
20.58
21.44
24.96
24.68
26.67
27.60
27.10
24.53
19.71
19.26
16.63
9.28
11.97
11.64
10.47
11.39
9.12
13.70
16.23
11.40
11.71
15.26
16.55
17.71
18.94
18.18
21.18
24.55
24.36
25.29
24.93
21.99
18.34
18.13
15.41
9.61
11.27
9.53
10.63
9.10
8.42
10.58
13.68
9.78
9.21
12.42
13.37
13.86
14.54
18.09
18.50
20.89
20.27
19.86
21.32
21.04
18.93
14.09
12.59
8.71
9.37
9.90
9.47
9.79
7.07
10.20
11.83
8.47
9.43
13.96
12.97
15.13
15.86
20.73
24.21
25.69
24.90
26.64
26.62
23.67
22.30
15.00
14.60
8.34
8.77
9.14
8.81
7.79
7.95
10.62
11.98
7.87
10.29
13.43
15.64
19.64
20.75
22.49
24.59
27.32
29.04
29.54
29.26
26.75
24.55
19.47
16.36
10.21
11.08
11.89
9.17
8.73
8.69
11.25
12.24
9.97
9.87
15.25
15.17
19.50
21.07
22.12
24.93
25.92
29.79
29.08
29.22
26.28
24.00
18.65
14.96
9.49
11.69
10.60
9.67
8.93
8.24
11.36
12.68
9.53
12.27
16.02
17.08
20.51
23.57
23.14
25.25
21.86
26.35
27.52
26.71
25.29
23.07
19.10
15.19
11.15
11.09
11.90
11.87
11.00
11.01
14.44
17.61
12.34
12.97
18.50
18.15
18.09
19.67
22.20
21.18
24.64
24.88
26.48
23.79
22.87
17.58
18.08
13.75
8.22
10.50
9.82
10.25
9.20
10.29
13.72
16.38
11.65
10.79
14.73
14.49
17.27
14.89
17.60
18.22
19.75
21.98
23.00
20.18
20.38
17.82
16.18
14.00
9.08
9.87
10.34
9.17
10.64
10.17
10.54
13.97
9.82
10.24
13.34
14.49
13.32
15.61
16.56
17.96
18.92
21.29
22.46
23.55
20.41
19.06
14.63
14.34
9.38
10.05
9.58
11.04
11.91
12.11
13.73
14.39
13.38
18.39
20.34
22.52
23.02
26.21
28.91
28.54
30.96
33.05
30.73
31.40
27.39
24.55
20.93
16.31
12.70
13.91
14.55
13.48
13.34
13.22
17.54
17.84
13.81
20.99
27.67
29.28
26.71
28.20
30.46
35.81
31.63
37.33
33.83
32.03
28.39
25.59
24.55
17.14
13.52
13.53
13.72
14.11
13.41
12.61
16.69
19.14
15.83
19.20
24.67
27.93
27.72
29.40
30.52
30.95
31.13
34.21
33.92
31.40
28.47
22.87
25.48
19.30
11.28
10.38
11.32
11.92
12.00
11.36
17.85
15.78
17.11
19.95
22.87
24.56
27.76
26.38
27.46
31.84
32.14
34.62
32.80
33.76
25.92
24.33
22.93
16.83
14.23
15.84
17.07
15.18
15.62
14.61
19.77
19.02
16.02
21.09
27.54
25.78
29.63
31.73
30.44
33.15
32.95
33.78
32.45
31.60
27.74
23.60
23.69
18.44
12.88
13.69
14.40
13.58
13.84
13.20
20.02
19.12
14.47
15.36
17.27
19.96
20.37
22.31
21.59
23.80
27.20
29.16
27.73
29.12
23.82
22.97
20.79
15.99
12.02
12.83
12.92
12.20
13.10
13.46
17.21
16.77
17.01
14.74
17.41
19.75
19.23
21.49
24.25
24.62
25.03
30.24
29.67
26.01
18.22
19.05
19.14
13.69
10.82
10.26
11.10
11.31
11.27
11.46
17.32
14.62
15.62
13.29
17.16
18.55
18.13
21.13
21.84
23.13
27.42
27.60
26.75
27.18
24.51
21.31
21.13
16.22
11.14
13.25
12.54
13.05
12.64
12.55
17.81
17.66
14.93
21.36
24.93
23.64
27.02
26.43
29.01
31.47
33.52
34.14
32.78
30.95
27.75
24.24
22.97
18.13
13.56
17.13
14.23
12.18
10.69
11.47
16.84
17.15
13.98
18.42
21.39
23.22
24.77
24.38
28.95
29.82
31.01
33.00
33.39
31.47
27.79
23.89
23.22
16.47
13.17
15.83
14.30
12.61
11.76
11.96
17.47
17.47
16.43
18.30
22.29
27.84
28.26
28.49
30.87
33.91
34.35
33.70
34.32
29.50
24.19
20.09
21.24
18.11
13.21
15.65
14.74
12.61
11.28
12.68
17.68
17.88
14.04
21.13
22.38
20.78
24.57
24.78
28.39
26.95
31.03
33.99
34.19
30.48
25.95
24.83
20.35
19.56
14.83
16.48
16.47
13.86
13.93
13.47
18.08
16.79
15.63
18.57
18.12
19.60
20.28
22.30
24.16
25.52
28.34
27.57
29.13
28.81
23.28
21.71
21.61
15.13
14.73
13.34
15.33
12.04
12.67
10.96
16.07
15.73
12.88
15.56
14.65
20.02
20.16
19.21
22.66
21.70
23.84
24.48
26.43
23.06
19.18
19.43
17.95
14.70
13.23
13.85
13.14
11.54
10.34
9.77
15.62
12.92
12.71
16.70
21.21
22.16
20.85
24.34
25.11
26.74
27.95
30.38
27.07
24.77
21.46
19.36
18.40
15.04
12.21
12.45
11.71
10.71
9.40
9.94
16.62
14.03
15.75
18.34
21.65
23.21
25.35
24.26
22.79
28.46
25.37
26.91
23.69
22.94
21.64
16.56
17.88
15.60
12.82
13.20
11.92
12.75
10.28
10.99
15.59
12.75
12.52
12.71
16.04
17.52
16.41
18.67
19.36
22.30
21.93
22.02
23.91
21.45
18.13
15.46
16.95
14.60
12.80
11.49
12.13
11.71
11.61
11.08
12.08
11.51
12.72
14.99
18.75
21.26
20.49
21.70
23.48
27.90
29.84
28.37
24.64
24.58
22.76
17.54
19.04
16.00
15.21
13.05
13.75
11.81
12.46
11.34
11.88
11.60
13.59
15.14
18.07
20.77
21.23
21.99
26.28
24.03
25.85
31.61
29.78
25.46
19.07
20.33
17.57
15.04
14.34
12.28
12.58
12.51
12.01
11.85
12.94
13.29
13.94
13.10
12.06
15.84
18.56
17.62
19.30
20.32
22.03
24.59
24.70
19.76
18.69
14.38
14.18
13.22
13.48
12.41
12.44
12.07
11.90
10.24
13.19
11.33
11.51
11.49
12.74
13.54
15.16
14.64
17.34
18.02
19.93
20.63
23.51
18.94
17.44
17.45
14.90
15.04
13.02
13.59
13.20
13.10
11.76
11.59
13.17
11.85
12.67
15.02
20.27
18.93
22.10
21.54
22.76
26.06
23.57
23.36
22.03
22.05
16.58
15.87
15.36
10.47
11.08
9.93
10.89
9.38
10.75
9.04
10.06
9.65
12.76
14.33
18.81
17.68
20.19
18.73
22.83
22.06
25.67
26.22
24.86
21.93
18.87
17.22
16.39
13.95
12.15
11.41
12.20
9.95
10.85
9.92
11.92
9.25
11.24
12.40
14.68
16.83
18.26
16.79
17.16
7.89
22.03
24.57
24.62
21.52
20.22
16.02
16.58
14.83
11.79
13.33
11.44
10.03
11.48
9.97
10.68
11.67
12.15
12.74
17.48
17.77
19.80
19.17
22.75
22.35
22.33
25.98
26.65
21.14
20.78
15.16
15.83
14.59
12.10
11.89
11.38
10.00
9.72
9.48
9.46
8.93
11.99
11.88
15.10
16.05
17.04
18.64
19.43
17.39
20.08
21.13
20.74
18.54
17.11
13.56
12.92
11.65
11.94
9.82
11.89
9.00
9.05
8.74
8.64
8.41
7.87
8.40
10.13
12.10
11.46
15.60
14.03
16.01
18.08
19.37
20.24
15.07
16.04
13.44
12.69
11.72
10.21
9.77
10.45
9.02
8.84
8.99
8.75
9.18
7.22
8.11
11.05
12.76
12.86
15.46
16.03
17.84
19.13
21.16
21.82
18.43
16.17
15.48
15.32
13.27
12.49
12.32
14.26
11.77
12.10
11.14
12.62
12.03
12.59
15.55
14.67
16.09
15.75
16.47
22.01
19.78
18.44
18.56
16.25
14.80
12.80
10.54
9.02
9.49
10.11
9.75
8.84
9.85
8.51
7.51
8.84
9.04
9.57
12.30
10.67
13.41
14.50
14.06
16.09
17.40
19.99
20.27
20.72
16.60
15.85
12.74
12.18
12.31
11.55
10.28
11.38
9.87
10.83
10.30
11.73
11.16
10.62
12.15
13.98
15.41
16.08
15.86
16.09
15.52
16.87
17.75
17.91
16.48
15.35
13.18
13.03
11.85
9.92
9.15
8.82
8.87
9.57
10.92
9.24
10.30
10.28
11.91
13.01
15.48
15.08
13.85
17.80
18.52
19.80
16.71
14.42
12.04
11.83
11.05
10.11
11.03
10.27
10.14
9.17
9.06
9.49
9.49
9.26
10.20
10.35
9.67
12.31
12.50
14.05
12.73
14.26
15.50
15.95
18.03
15.12
15.64
12.65
13.12
10.54
11.04
10.10
8.54
9.85
8.36
9.38
8.88
8.85
9.39
8.04
8.55
10.11
11.63
13.42
12.14
13.75
14.64
15.68
18.92
17.71
15.64
14.15
13.42
12.90
10.78
11.10
10.94
8.74
9.87
8.77
10.37
8.83
9.61
9.14
8.13
11.17
12.06
12.36
13.78
14.58
14.24
16.66
15.79
16.36
14.97
13.18
12.24
11.85
11.22
9.96
9.85
9.12
8.29
8.75
8.59
8.42
8.23
8.23
9.05
10.30
14.25
12.65
15.57
14.22
15.19
14.89
16.85
16.98
14.81
12.67
11.06
10.84
11.05
9.16
8.67
9.73
7.78
7.73
7.62
7.57
7.86
8.44
11.47
15.99
17.58
18.25
17.67
17.37
19.72
21.38
19.37
18.57
16.73
14.60
13.46
12.21
10.33
10.28
8.92
9.35
9.66
8.59
8.65
8.63
8.74
8.44
8.85
10.83
13.01
13.28
14.67
16.86
16.23
17.34
19.61
17.10
16.94
14.46
12.67
12.34
10.31
10.12
9.14
8.97
8.46
8.23
9.29
8.14
8.42
8.61
11.79
13.89
16.43
15.80
17.49
19.07
22.36
23.52
23.87
22.96
19.34
16.98
14.56
13.81
12.22
11.50
10.84
11.44
11.20
11.19
10.18
10.01
11.30
12.79
12.60
15.67
17.63
18.01
19.05
21.89
21.52
23.85
26.85
23.28
18.08
16.76
14.50
12.88
11.52
11.67
10.06
9.74
9.99
9.17
9.06
8.50
8.75
8.37
8.66
10.28
12.18
13.43
14.03
18.16
16.21
18.20
19.91
17.98
16.55
14.64
13.56
12.02
11.07
10.86
9.11
9.88
9.06
8.92
9.26
8.48
8.14
8.60
7.79
8.85
11.13
11.36
13.16
15.91
16.09
18.56
17.95
19.06
16.75
13.92
12.58
12.43
10.74
9.72
9.84
9.69
9.75
8.67
9.51
8.64
9.19
8.42
9.16
11.06
12.54
13.76
14.47
17.81
17.18
20.53
21.60
20.74
17.77
16.79
14.29
12.73
11.98
10.70
11.11
10.13
9.65
9.95
10.31
9.53
9.99
10.02
9.40
10.25
13.29
14.08
14.14
17.81
18.93
20.51
20.36
19.44
19.06
15.48
13.39
13.22
11.90
10.05
10.42
9.51
10.32
9.20
9.32
8.10
9.68
8.12
8.69
10.07
12.94
11.29
13.01
14.61
16.72
18.96
19.24
18.12
16.77
15.25
12.14
12.48
10.46
10.96
10.25
9.19
9.70
9.19
9.34
8.49
9.25
8.57
8.42
9.95
12.28
11.65
12.91
14.15
14.54
16.19
16.00
16.18
12.85
13.36
10.74
9.48
10.11
8.78
9.14
8.54
9.14
8.33
8.51
8.42
8.16
8.59
8.86
8.44
11.52
11.01
12.84
14.38
14.95
16.31
17.71
17.09
14.81
13.08
12.40
11.74
9.15
10.29
8.68
9.27
8.75
8.94
8.53
8.35
8.03
8.22
7.51
9.15
10.87
11.88
12.21
14.38
13.63
16.92
17.21
16.43
14.81
13.40
12.30
11.39
10.98
9.92
9.26
8.91
8.86
8.93
9.17
8.55
8.23
8.45
7.54
9.37
9.78
11.28
13.45
13.84
14.82
16.35
17.24
17.29
14.52
14.98
11.88
11.62
9.69
10.09
9.85
10.10
9.16
8.65
10.07
8.21
9.37
8.49
8.59
9.95
9.89
12.26
13.76
15.28
16.07
16.43
16.73
14.85
13.65
14.65
12.41
11.79
10.73
9.94
10.19
8.54
10.31
8.26
9.73
9.09
9.15
9.12
9.94
10.66
12.82
13.13
13.26
16.44
14.40
17.66
18.98
17.69
16.13
13.19
12.67
11.98
10.58
9.99
9.57
9.58
9.17
8.47
9.15
8.37
9.15
9.75
11.87
13.73
14.91
18.02
19.18
22.56
22.08
24.69
23.58
22.57
18.89
18.08
13.29
13.64
11.60
9.51
10.90
9.40
9.70
8.98
10.17
9.39
9.96
9.97
14.38
15.69
17.22
18.72
17.80
20.08
23.69
24.10
24.50
19.91
18.06
15.83
13.99
14.00
11.99
12.67
10.85
10.97
11.17
10.27
9.95
9.91
9.90
10.77
12.98
13.67
14.76
15.83
15.19
17.07
15.98
19.37
17.04
15.78
13.59
12.62
11.40
10.68
8.34
9.32
8.78
8.41
7.72
7.92
7.58
7.53
7.62
7.50
7.10
6.97
8.73
9.68
10.31
11.59
12.06
14.01
14.38
14.46
11.42
10.81
9.81
9.66
8.67
7.92
8.28
7.65
7.66
7.74
8.26
7.72
7.56
7.70
7.18
7.14
8.07
8.35
10.83
11.32
12.52
13.76
14.12
14.43
13.13
10.81
10.12
10.24
10.22
9.03
8.28
8.69
8.52
8.28
8.50
8.14
7.95
8.25
7.73
7.94
8.71
11.41
12.32
11.87
14.40
15.16
16.09
15.76
12.84
13.13
9.95
10.28
9.08
9.17
8.09
7.95
8.37
8.14
8.27
7.91
7.69
8.67
10.20
11.83
14.31
15.99
16.70
18.07
19.68
21.25
21.29
17.21
16.82
13.34
10.95
10.82
10.32
8.67
8.59
8.40
8.02
8.17
8.44
7.91
7.95
7.99
7.88
7.87
10.16
10.91
11.84
14.31
15.90
16.53
18.15
16.74
13.96
12.94
10.80
9.57
10.30
8.50
9.16
8.43
8.51
7.74
8.40
7.90
8.01
8.90
9.25
12.59
13.70
12.60
13.65
15.87
16.92
18.15
19.52
17.68
14.12
11.83
9.69
9.95
9.15
9.31
8.27
7.92
8.50
8.01
7.65
7.65
8.26
8.87
9.29
11.34
13.08
13.24
13.76
14.41
14.41
17.35
17.62
15.88
12.85
11.45
9.91
8.62
8.38
7.85
7.92
7.56
7.56
7.56
7.53
7.51
7.33
7.86
6.74
7.51
9.18
9.77
10.74
11.92
13.97
14.19
14.03
15.51
10.76
11.25
9.92
9.05
9.40
8.44
8.52
8.02
8.14
8.01
8.87
7.91
8.00
7.66
7.29
7.66
8.27
8.96
11.55
11.75
12.97
15.09
15.71
14.66
11.92
11.36
11.40
10.89
9.48
8.71
9.13
9.65
8.95
9.11
9.07
8.35
8.14
9.38
10.30
11.26
12.01
12.34
13.03
13.51
14.88
15.35
15.68
13.72
11.29
10.52
8.82
8.32
7.99
8.35
7.55
7.74
7.49
7.47
7.90
7.49
7.52
8.20
9.05
9.01
8.63
9.15
10.51
10.10
12.19
13.49
12.59
11.94
10.56
10.79
8.48
8.90
8.52
8.43
7.76
5.14
0.00
0.00
0.00
0.00
7.67
7.85
8.80
8.00
7.64
7.33
7.86
9.33
10.20
10.75
12.23
9.36
9.58
8.17
8.58
7.86
8.02
7.71
7.58
7.51
7.45
7.51
7.92
7.57
7.51
10.20
10.66
10.73
10.28
10.46
9.65
10.95
13.25
15.01
16.96
12.44
9.45
8.96
8.19
8.18
8.26
7.45
7.49
7.43
7.46
7.76
7.55
7.57
7.45
7.91
10.22
8.74
9.45
9.04
9.54
13.56
13.69
14.99
14.37
12.53
10.49
8.93
7.53
7.74
7.48
7.50
7.49
7.71
7.38
7.36
7.36
7.33
7.37
7.36
7.41
6.54
6.59
6.71
8.19
10.30
11.08
13.80
13.88
12.04
11.21
9.52
9.50
8.22
8.29
8.00
7.60
7.58
7.58
7.70
8.32
7.72
7.51
7.43
6.94
6.67
7.78
8.02
10.37
10.66
11.72
13.63
13.06
13.10
11.68
10.33
9.27
8.17
7.92
7.68
7.47
7.94
8.37
7.99
8.03
7.43
7.59
8.01
9.86
9.73
10.31
13.10
14.42
15.96
15.33
17.68
18.29
16.34
11.88
11.59
10.30
9.16
9.32
8.59
8.46
8.75
8.44
7.62
8.20
7.71
7.67
8.46
11.87
13.65
15.25
16.66
15.90
19.08
21.06
22.19
22.07
20.56
16.54
15.70
14.83
12.26
10.74
11.82
9.09
9.30
9.82
8.67
10.45
8.76
9.25
10.00
12.72
12.11
13.04
14.56
13.92
14.05
14.47
15.25
14.44
14.62
12.71
12.45
11.20
11.29
9.81
10.39
10.01
9.02
8.57
8.06
8.24
8.35
8.22
8.90
10.89
11.92
15.53
14.20
14.36
17.59
18.93
19.52
20.29
17.13
15.67
12.90
12.75
12.30
10.98
10.28
10.03
9.39
9.11
9.82
8.55
8.56
9.42
9.06
10.87
13.20
16.62
16.74
17.72
19.03
19.53
20.96
19.60
18.34
15.93
14.66
12.50
11.29
11.91
10.73
10.80
10.38
9.99
9.80
8.91
9.20
9.54
9.17
10.18
10.73
11.50
15.34
14.66
14.25
15.65
14.68
14.98
14.77
13.31
12.89
11.93
10.77
10.37
10.41
10.13
10.70
9.48
9.24
10.60
9.77
9.03
9.59
9.12
9.56
11.54
11.93
13.11
15.34
14.08
17.82
16.01
16.09
13.90
13.55
12.85
12.33
10.71
11.14
10.52
9.64
11.00
9.56
10.28
9.76
9.52
9.62
8.98
9.69
11.79
12.33
12.56
14.79
14.92
15.75
17.63
15.97
13.25
13.80
12.09
11.75
10.56
10.83
9.79
9.48
8.97
8.03
8.98
8.19
8.33
9.48
11.68
12.72
14.00
13.80
14.78
14.91
16.66
17.72
16.73
15.27
12.86
12.38
11.49
10.37
9.72
8.06
8.48
8.43
7.91
8.06
8.59
8.12
7.99
8.31
10.13
9.56
10.15
11.77
9.83
15.35
15.52
16.44
17.20
16.38
13.83
11.05
10.41
10.38
10.12
8.41
8.79
8.71
8.66
8.73
9.11
8.73
8.52
9.53
11.53
11.53
13.11
13.26
13.99
14.05
17.58
19.03
17.64
15.54
12.98
10.25
10.10
10.80
9.22
9.22
9.61
8.78
9.21
8.78
8.82
9.08
8.73
9.60
10.71
10.09
10.36
11.84
12.61
14.88
14.98
17.59
16.10
14.36
12.02
11.59
9.40
8.92
8.90
8.28
9.12
8.07
8.39
8.13
8.38
8.00
8.43
7.92
8.53
7.35
7.76
7.49
9.37
10.08
10.88
9.51
10.55
9.58
9.82
8.54
8.86
9.01
8.06
8.46
8.17
8.09
8.24
8.30
8.49
8.30
7.83
8.33
7.75
7.64
8.33
7.77
9.08
11.42
11.74
13.61
14.19
13.09
11.33
10.73
10.27
8.85
8.98
8.59
8.52
9.00
8.78
8.85
9.65
8.72
8.87
9.02
10.39
9.00
11.09
11.06
13.55
13.54
13.99
16.02
15.29
15.08
12.17
10.90
9.89
9.69
8.61
9.07
8.43
8.22
8.37
7.98
8.97
8.13
8.51
8.81
12.21
11.53
12.98
13.88
12.47
13.67
14.68
14.37
13.19
10.84
9.16
9.46
9.11
9.07
8.89
8.07
8.45
7.97
8.38
8.04
8.53
8.43
8.02
8.77
8.28
8.89
7.78
7.66
8.11
7.82
8.41
9.60
11.14
8.41
8.44
9.23
8.27
8.52
9.33
8.83
8.93
8.16
8.40
7.92
8.07
8.22
7.97
8.68
8.93
10.21
9.72
9.80
8.81
9.55
10.39
11.94
10.13
8.60
8.71
8.51
8.73
8.44
8.34
7.99
8.21
7.87
8.22
7.84
8.20
7.84
8.31
8.13
8.45
8.82
8.41
8.19
7.77
8.72
8.90
9.37
9.19
8.54
7.73
8.12
8.34
7.99
8.27
7.80
8.24
7.81
8.23
7.76
8.18
8.24
7.81
8.33
8.18
6.86
7.41
7.32
7.53
8.20
8.44
8.93
9.64
9.24
7.86
8.72
8.04
8.05
8.28
8.09
8.27
7.82
8.08
8.07
7.95
8.16
8.24
7.85
8.31
7.34
7.47
7.25
7.54
7.39
8.32
9.00
9.86
8.68
8.24
8.41
7.93
7.92
8.85
8.70
8.95
8.55
8.71
7.99
8.44
8.02
8.30
8.63
9.26
9.82
10.37
9.81
10.81
9.71
9.42
10.21
12.68
10.30
10.11
8.88
8.99
8.50
8.37
8.32
7.77
8.14
7.71
8.51
8.41
8.23
8.42
8.45
11.60
11.43
11.15
11.16
10.73
11.07
11.89
12.21
13.31
10.15
10.27
9.33
9.05
9.33
8.63
9.10
9.18
9.24
9.24
8.78
9.33
8.49
8.92
9.10
8.97
9.73
8.42
8.83
8.69
9.27
9.07
9.49
8.81
8.59
9.16
8.41
8.26
9.74
9.07
8.82
8.75
8.41
8.77
8.43
8.86
8.73
8.48
8.66
8.74
8.48
8.27
7.80
8.31
7.75
8.36
8.85
8.02
8.65
9.00
8.77
8.85
9.10
8.43
8.51
8.68
8.43
8.94
8.28
8.46
8.73
8.28
8.81
8.45
8.62
8.60
7.77
8.12
7.78
8.24
7.82
8.12
7.99
8.00
8.81
8.20
8.62
8.27
8.29
8.62
8.30
8.77
8.20
8.69
8.27
8.67
8.61
8.38
7.99
7.44
7.94
7.48
7.83
8.06
8.50
8.62
8.28
8.11
8.56
8.23
8.62
8.24
8.41
8.55
8.17
8.90
8.43
8.75
8.47
8.59
8.79
8.26
8.00
7.53
7.94
7.41
8.36
8.61
8.84
8.87
9.07
8.31
8.74
8.30
8.70
8.18
8.38
8.57
8.28
8.68
8.10
8.76
8.32
8.67
8.84
8.83
9.10
8.97
9.19
8.97
9.22
9.86
10.33
10.79
8.56
9.25
8.47
7.87
8.02
8.35
9.78
9.57
9.21
8.81
8.31
8.00
8.35
7.88
9.45
10.10
9.87
10.04
9.67
9.84
9.18
8.30
7.46
8.87
7.97
8.58
8.82
8.26
8.36
9.00
8.14
8.07
7.82
8.00
7.73
7.95
8.01
8.56
8.86
7.94
7.88
7.36
8.09
7.70
8.53
8.37
8.80
9.25
7.90
9.78
8.98
8.16
9.02
8.78
8.18
8.66
8.28
8.13
8.54
8.27
8.52
8.20
8.94
9.82
10.01
9.79
10.06
11.07
9.87
10.23
10.83
9.40
8.52
8.58
8.92
8.26
8.26
8.10
7.50
7.66
8.01
7.55
7.72
7.74
7.53
8.01
7.85
8.29
7.19
7.64
7.13
7.57
7.55
7.63
8.54
7.98
8.06
8.29
7.97
8.05
7.68
7.70
8.10
7.65
7.60
8.11
7.59
7.52
7.97
7.50
8.07
7.54
9.01
6.81
7.36
7.01
7.46
7.05
7.48
7.65
7.40
8.54
7.87
7.78
8.13
7.72
7.72
7.94
7.69
7.80
8.01
7.69
8.11
7.61
7.95
7.82
7.68
7.57
6.88
7.23
6.92
6.91
7.24
7.15
8.11
7.71
8.08
7.57
7.95
7.82
8.46
8.60
7.97
8.15
7.74
8.47
7.76
8.80
8.61
8.53
7.76
7.57
7.14
7.57
7.47
8.17
7.99
7.92
8.65
7.75
8.23
7.57
7.73
8.10
7.83
8.01
7.58
8.01
7.57
7.97
7.77
11.60
8.54
10.03
8.69
9.84
10.91
10.21
9.61
8.83
9.53
9.14
9.76
8.60
8.87
9.16
8.53
8.81
8.40
7.78
8.15
7.74
8.07
8.12
7.82
10.91
8.14
9.97
8.03
7.41
7.58
7.39
7.80
7.83
8.57
8.51
7.72
7.84
7.67
7.95
8.16
8.42
8.18
8.03
8.47
8.07
8.43
8.38
8.22
12.00
8.35
9.90
7.86
7.45
7.88
7.51
8.28
8.41
8.83
8.59
7.70
8.11
8.27
8.32
8.01
8.23
8.66
8.05
8.50
8.03
8.27
8.13
7.97
11.06
7.97
8.77
7.54
7.00
7.49
7.14
7.37
7.83
8.30
8.19
7.93
7.93
8.04
8.14
7.69
7.82
7.90
7.64
8.04
7.71
7.94
7.96
7.81
10.51
7.63
9.77
7.06
7.10
7.48
7.03
7.32
7.79
7.76
8.23
7.28
7.64
8.04
7.77
8.15
7.73
7.62
8.14
7.62
8.08
7.59
8.01
7.62
10.18
7.63
9.48
7.09
8.36
7.18
7.14
7.55
7.65
7.78
8.05
7.40
7.50
7.93
7.68
8.65
7.66
8.04
7.65
8.03
7.72
8.04
7.82
7.95
13.13
9.78
9.45
7.47
7.36
7.36
7.92
9.44
8.95
8.84
8.39
8.61
7.87
8.25
7.99
8.45
10.14
9.08
8.89
8.79
8.60
8.98
8.36
9.33
13.40
13.35
11.20
8.12
8.27
9.78
9.46
9.82
10.12
9.28
8.74
8.17
8.39
8.65
8.39
9.50
9.07
9.26
8.51
8.46
8.41
8.02
8.54
8.26
13.57
10.44
9.59
8.67
8.53
7.83
8.14
7.64
8.41
8.36
8.98
8.26
8.20
9.80
8.07
8.49
8.05
8.42
8.07
8.50
8.06
8.50
8.11
8.47
13.09
10.73
10.23
8.19
7.48
8.61
7.84
7.60
8.23
7.71
8.69
7.95
8.05
8.60
8.13
8.69
7.86
7.87
8.14
8.07
7.98
8.21
7.88
8.30
12.32
11.37
10.42
7.41
7.51
7.58
7.09
7.60
7.42
7.66
7.70
7.99
7.69
8.37
7.77
8.16
7.76
8.02
7.91
8.14
7.70
8.16
7.83
8.12
12.97
9.08
10.38
9.49
7.36
8.61
7.18
7.29
7.41
7.70
7.43
8.40
7.77
7.82
8.19
7.68
8.07
7.64
8.04
7.67
8.23
7.68
8.15
7.65
11.52
8.15
9.09
9.07
8.18
7.44
7.26
7.61
7.26
7.49
7.43
7.42
8.41
7.90
7.76
8.22
7.80
8.13
7.76
8.14
7.51
7.92
7.61
8.12
9.75
8.24
8.00
8.05
7.62
7.37
7.08
7.47
7.24
7.59
6.97
8.19
8.99
8.09
7.98
8.84
8.19
8.05
7.63
8.00
7.82
8.11
7.70
8.09
10.15
8.14
8.16
7.91
7.87
7.45
7.64
7.10
7.48
7.17
7.76
7.20
9.66
7.77
8.05
8.79
8.06
7.66
8.13
7.75
8.06
7.65
8.13
8.03
12.00
8.25
9.36
8.28
7.51
7.44
7.51
7.12
7.56
7.08
7.71
7.13
7.85
8.96
9.09
8.06
9.43
7.68
8.05
7.67
8.24
8.03
7.69
8.76
12.89
10.77
10.21
7.65
7.09
7.55
7.40
6.96
7.53
7.06
7.50
8.08
11.27
8.17
9.19
9.51
7.67
8.32
8.89
9.11
8.97
8.55
8.98
9.29
14.18
9.48
10.15
8.96
8.88
8.64
8.92
7.73
8.00
8.04
7.69
8.63
13.69
8.48
10.45
9.88
9.11
8.30
8.24
8.47
8.06
8.51
8.45
8.66
13.37
10.06
10.57
10.09
8.84
8.48
8.77
8.35
8.01
7.79
7.69
7.14
8.04
8.14
9.81
9.71
10.08
8.14
8.13
8.38
8.47
8.07
8.37
10.34
12.42
12.53
12.79
12.27
10.38
9.41
9.16
8.95
8.12
8.00
7.66
7.22
7.60
8.73
9.39
10.00
9.14
8.28
8.04
8.61
8.99
8.68
8.38
10.59
13.14
13.02
10.29
8.45
7.90
7.31
7.69
7.87
7.91
7.25
7.87
8.68
12.79
9.13
9.75
9.46
9.22
8.15
8.65
8.00
7.76
8.17
7.72
8.96
13.28
9.17
9.26
7.93
7.65
7.36
6.97
7.52
7.41
7.03
7.47
7.15
10.24
7.72
9.55
9.22
8.15
7.79
8.15
