12.44
13.31
13.60
13.25
16.08
18.79
19.88
19.90
18.69
18.23
17.15
17.20
18.95
18.06
18.22
17.89
17.61
16.57
14.45
14.48
15.31
14.91
13.81
13.39
14.12
14.61
15.37
14.96
17.73
19.35
21.60
20.92
20.09
18.60
19.66
19.96
21.39
19.89
18.20
17.79
16.74
15.55
13.82
13.27
15.78
15.17
14.29
13.82
14.52
15.54
14.76
14.27
16.94
20.66
21.83
21.01
21.26
19.64
19.39
19.39
18.79
14.71
14.37
17.55
15.91
16.98
13.28
13.36
15.30
14.78
15.15
14.86
15.90
16.00
14.97
18.35
17.66
24.37
26.01
22.69
24.53
17.83
16.13
13.76
12.47
10.31
9.57
8.49
7.38
7.32
7.54
7.07
7.61
8.18
9.80
10.61
11.59
12.30
12.81
12.31
13.04
14.93
15.02
14.11
12.73
10.06
6.92
6.12
6.21
5.62
5.88
5.53
5.61
6.30
6.35
7.53
6.67
6.87
7.83
7.93
9.09
8.70
8.95
10.01
10.33
11.29
11.49
11.20
10.04
9.85
8.67
8.59
7.92
6.43
7.32
7.44
7.72
9.16
9.36
9.29
10.29
10.91
11.00
11.38
12.52
12.19
12.98
14.06
15.07
22.38
22.77
20.24
19.38
14.80
11.04
9.50
8.52
8.42
8.09
8.04
7.69
7.43
7.70
8.14
8.16
8.24
9.16
10.69
12.02
13.01
13.01
14.23
15.63
19.97
21.70
21.69
20.95
14.40
10.91
11.31
10.31
10.54
10.47
7.56
7.16
7.27
6.94
6.86
7.39
6.87
7.16
7.68
8.18
8.71
9.25
9.05
10.55
13.67
14.99
13.67
16.20
15.77
10.43
9.81
8.75
8.66
9.23
8.59
7.05
6.30
6.60
6.86
7.51
6.93
7.61
8.41
9.00
8.80
8.90
8.90
10.67
12.58
13.94
13.06
11.47
11.59
5.30
9.44
9.11
11.27
10.49
7.95
8.04
6.85
6.95
7.24
8.44
7.97
9.61
10.60
10.87
11.45
11.91
12.05
14.25
17.56
20.50
17.59
16.93
12.03
11.17
10.10
8.96
8.73
8.65
7.94
7.85
7.86
7.02
7.37
7.08
7.66
8.65
10.00
10.44
10.78
10.67
11.21
12.29
12.35
12.41
13.90
11.22
7.19
6.36
6.62
5.74
5.99
5.80
5.98
7.33
6.79
6.97
6.73
7.27
9.16
9.29
9.85
9.92
9.60
10.53
10.76
10.78
11.96
12.39
12.37
11.75
7.35
6.86
6.49
6.57
5.95
6.00
6.03
6.33
7.50
8.45
8.83
10.52
9.74
11.09
11.70
11.15
10.49
11.23
10.58
11.40
14.60
17.30
14.84
14.69
14.31
11.73
10.32
8.54
7.90
9.45
8.49
8.28
6.65
6.83
7.03
7.09
7.06
6.65
7.48
8.14
8.64
8.66
8.48
9.23
9.69
12.27
12.23
10.43
10.95
10.47
10.20
10.06
10.02
8.97
9.91
8.30
8.01
8.53
8.68
10.13
8.90
11.28
12.02
11.48
11.66
12.38
10.67
10.87
14.02
15.40
13.64
12.73
10.38
8.51
9.06
8.41
8.89
8.47
8.30
6.77
6.20
6.87
8.53
8.56
8.98
9.29
9.88
10.83
10.63
11.62
12.68
13.96
15.66
20.23
18.75
16.26
11.01
11.03
10.29
11.00
9.38
8.98
8.63
5.88
6.26
6.30
6.80
6.85
6.33
7.04
6.80
7.26
7.77
8.57
8.84
10.11
11.28
13.26
12.98
12.17
10.75
8.50
8.19
7.64
6.86
8.45
7.23
6.55
7.74
6.64
6.23
6.50
7.24
8.15
8.08
7.93
9.45
9.26
10.31
10.50
11.28
11.96
13.07
11.21
6.92
5.67
5.45
5.64
5.76
5.71
5.84
6.05
5.62
6.05
5.91
6.12
7.05
7.76
8.99
9.23
9.48
10.12
10.25
10.61
11.41
12.56
13.07
10.41
7.06
5.94
5.67
5.47
6.01
5.76
5.71
5.83
5.78
6.08
5.89
6.03
6.41
7.03
7.77
7.70
7.96
8.62
8.40
9.39
11.27
14.42
13.11
12.47
11.79
8.07
7.00
6.65
5.97
6.05
6.05
6.20
6.74
7.48
8.63
8.32
8.45
9.43
9.22
9.70
9.83
9.99
9.93
11.67
15.70
18.19
17.26
14.56
13.34
9.65
9.73
9.24
8.46
8.74
8.09
7.58
5.42
5.45
6.57
8.34
7.90
9.37
10.26
10.09
10.98
11.18
12.62
15.13
19.89
23.17
21.82
18.32
11.58
10.12
8.91
7.19
6.99
7.60
7.39
7.07
5.70
5.50
6.69
8.85
8.16
9.29
9.35
10.16
11.84
11.72
12.28
16.38
21.15
23.84
22.46
18.02
11.17
10.00
8.87
9.10
8.92
8.83
7.95
6.91
5.68
6.18
6.18
6.12
6.04
7.94
8.75
10.12
10.56
11.40
12.96
15.90
19.49
21.64
20.95
17.76
10.60
9.80
8.47
7.85
7.31
7.89
7.65
6.99
6.35
6.00
5.90
5.74
6.07
7.29
8.40
9.63
10.65
11.84
12.75
12.76
14.51
15.34
15.21
11.94
6.49
5.84
5.24
5.59
5.68
5.46
5.43
5.62
5.44
5.99
5.87
5.87
6.02
6.96
8.62
8.65
9.69
10.21
10.87
11.38
12.43
12.66
13.03
11.50
7.01
5.82
5.57
5.54
5.46
5.49
5.48
5.48
5.56
6.14
5.70
6.51
6.54
7.26
8.21
8.98
9.62
10.01
10.78
12.43
16.62
16.96
18.36
14.32
10.17
8.87
9.49
7.91
10.78
8.09
7.82
6.69
6.29
5.39
5.85
6.13
5.82
5.78
5.97
6.39
6.77
7.71
7.56
9.47
9.60
11.76
11.37
11.43
9.93
8.57
8.50
8.73
8.21
8.32
7.94
5.73
6.42
5.72
5.92
5.74
5.50
5.45
5.99
6.42
6.83
6.74
7.16
8.14
8.38
10.26
9.30
9.66
7.81
7.43
7.71
6.51
6.15
7.35
7.00
6.50
6.26
5.49
5.69
6.20
6.25
6.02
6.24
6.04
6.08
6.77
6.98
9.47
9.66
12.05
12.09
10.91
8.50
7.31
8.05
8.38
8.19
7.88
8.01
6.46
6.34
5.41
5.97
5.58
5.86
5.76
5.56
5.40
5.27
5.32
5.86
6.82
6.94
7.80
8.90
9.04
7.27
7.62
8.02
6.60
7.13
8.05
7.46
6.97
6.23
6.30
6.55
6.54
6.33
6.24
6.31
6.30
7.30
7.46
7.19
7.55
7.72
7.73
7.71
7.54
7.06
6.05
6.00
5.82
5.88
5.96
6.11
6.17
6.20
6.17
6.20
6.35
6.39
6.29
6.26
6.23
6.39
6.26
6.46
6.57
7.53
7.61
7.52
7.75
7.35
6.85
6.50
6.40
7.13
6.75
6.15
6.70
6.90
7.56
8.61
8.14
7.69
8.37
7.79
8.32
8.79
8.23
8.58
9.57
9.50
11.06
11.61
10.72
9.49
8.68
9.01
8.30
8.17
8.91
7.78
7.03
6.30
5.26
7.70
8.08
8.62
9.15
9.46
9.34
9.66
10.04
10.69
12.19
13.02
14.96
14.93
12.34
10.43
9.44
8.20
9.30
8.83
6.68
6.77
7.35
6.22
5.47
6.35
7.12
7.59
8.12
8.52
8.95
9.70
10.50
10.75
12.30
13.70
17.67
16.45
15.40
8.89
9.65
9.69
8.70
10.09
9.08
8.34
6.85
7.52
8.84
10.89
11.49
13.01
13.73
13.78
14.31
15.00
15.16
15.44
17.80
23.10
25.45
22.71
19.85
17.85
11.34
9.83
9.36
8.77
6.99
7.80
6.59
6.60
7.41
9.85
11.23
12.25
12.85
13.28
13.66
15.13
15.33
15.77
16.72
21.97
22.17
21.32
19.53
17.81
10.89
8.83
7.77
8.46
7.15
7.39
6.48
6.33
5.59
5.80
6.99
8.44
9.30
9.93
10.77
11.08
11.75
12.53
12.98
13.55
13.63
14.34
13.41
9.96
8.23
6.88
7.03
6.46
6.39
6.60
6.87
8.04
9.16
9.20
10.36
10.41
11.46
12.78
13.44
15.13
15.15
16.27
16.76
16.66
16.29
16.89
15.83
15.80
8.39
5.63
5.51
5.16
5.47
5.15
5.13
5.29
6.24
8.31
8.53
9.93
10.36
10.57
10.88
10.65
10.62
11.31
13.45
18.55
20.23
19.48
15.86
10.17
9.34
8.85
8.64
8.15
8.95
8.16
7.62
6.24
5.65
8.63
9.73
23.14
11.46
11.51
11.80
12.37
13.09
14.26
16.32
21.87
23.96
22.38
17.90
13.28
10.20
9.12
8.55
7.79
7.80
7.62
7.57
6.09
6.08
6.09
6.58
7.27
8.27
8.11
8.93
9.61
10.17
10.33
11.08
14.86
15.70
13.93
12.53
11.02
8.26
7.87
7.59
7.52
7.43
6.51
6.27
5.89
5.91
6.02
7.23
7.06
7.31
7.48
7.37
7.61
7.64
8.24
8.53
9.27
11.24
11.32
10.87
10.22
9.72
9.62
9.71
8.43
9.23
9.38
8.96
8.38
7.68
8.02
8.04
7.69
7.85
8.17
7.74
7.80
7.89
8.03
4.52
5.98
11.85
11.71
8.80
7.45
6.75
6.08
6.68
7.36
6.65
7.94
6.32
6.91
6.02
6.30
6.46
7.77
7.23
7.85
8.39
8.38
8.64
9.25
9.74
9.86
10.46
10.67
7.27
6.06
5.51
5.53
5.30
5.31
5.34
5.49
5.29
5.60
5.73
7.80
8.45
8.92
9.54
10.42
11.21
11.44
12.86
13.67
14.64
16.20
15.48
15.24
12.49
8.18
5.80
5.50
5.44
5.37
5.65
5.59
6.60
7.22
9.12
9.83
9.45
10.12
10.53
10.40
10.45
10.25
10.19
11.39
12.98
18.98
21.24
17.45
16.78
13.73
9.71
9.63
10.86
12.42
10.04
8.44
7.65
7.81
10.02
11.37
11.67
12.72
13.09
13.63
13.35
14.62
12.66
13.66
15.64
20.61
28.30
26.18
20.79
17.15
12.28
14.77
11.99
10.47
10.59
10.07
8.37
8.88
12.57
12.42
13.83
13.93
14.99
15.22
15.64
15.92
16.62
17.89
20.59
27.37
31.55
28.66
28.21
19.23
7.12
11.19
9.73
8.74
8.21
8.82
7.77
7.52
7.41
9.46
9.15
9.95
10.51
9.70
10.36
10.05
10.27
9.94
11.79
16.79
18.41
18.14
16.55
15.15
13.90
13.57
12.60
13.06
14.42
14.13
13.66
13.10
12.30
13.64
14.51
14.11
12.98
11.97
13.22
13.24
13.32
13.88
16.10
21.63
23.62
19.94
19.81
18.28
18.16
16.15
13.06
12.54
12.20
14.37
13.25
13.69
12.66
12.40
13.87
14.60
14.35
14.23
14.95
15.56
16.26
16.75
16.73
19.37
18.89
19.85
15.41
9.28
7.00
6.16
6.20
6.15
6.14
5.97
6.04
6.61
9.34
10.25
10.96
11.44
12.33
13.81
13.86
14.71
15.00
15.27
16.94
18.15
18.65
19.00
13.41
8.85
6.39
6.44
6.21
6.77
5.78
5.96
5.92
6.16
5.90
7.27
8.10
9.68
9.41
9.81
10.71
11.04
11.75
12.35
14.04
19.56
22.50
19.83
15.65
12.02
11.03
9.80
8.45
8.30
8.54
8.17
6.54
6.54
5.88
6.94
6.90
6.45
7.90
8.75
8.93
9.64
9.97
10.48
12.39
16.83
20.63
17.92
13.77
11.11
10.16
10.14
10.17
10.08
9.03
8.52
8.22
7.19
6.19
6.91
6.62
6.38
6.27
6.41
6.30
6.51
6.59
7.11
8.25
9.57
12.72
11.36
10.65
11.24
9.67
8.92
7.81
9.09
8.69
8.20
7.33
7.45
6.17
6.55
7.07
7.23
7.02
6.98
7.02
7.02
7.80
8.90
9.69
10.77
14.07
13.89
10.29
10.40
12.58
12.17
8.48
8.20
7.37
7.28
6.96
6.48
6.13
6.46
6.20
6.34
6.10
6.22
6.07
6.18
6.23
6.30
7.00
6.78
9.29
9.07
9.49
8.29
7.19
6.96
7.19
6.58
6.61
6.45
5.64
5.86
5.74
5.77
6.06
6.01
5.73
5.83
5.75
5.99
5.66
5.77
5.73
5.91
5.85
5.61
5.48
5.38
5.23
5.61
5.51
5.51
5.32
5.49
5.49
5.70
5.74
5.75
5.68
5.63
5.92
5.65
5.70
5.84
5.68
5.93
5.71
5.98
5.85
6.26
5.81
5.30
5.32
5.43
5.30
5.66
5.74
5.74
5.70
5.64
5.69
6.20
6.45
6.23
6.25
6.14
6.57
6.26
6.32
7.03
6.59
6.84
7.41
7.94
7.52
6.78
7.01
6.68
6.84
6.42
6.52
6.91
6.33
6.26
6.10
6.60
6.85
6.74
6.55
6.62
6.61
6.64
7.21
6.55
7.25
7.88
10.52
10.47
7.76
6.81
6.98
6.88
7.05
6.56
8.47
7.24
6.91
6.76
6.40
6.50
6.21
6.21
6.15
6.68
6.20
6.22
6.24
6.52
5.78
5.76
5.80
5.95
8.48
9.05
8.98
7.82
9.46
8.69
8.04
7.78
7.36
7.02
6.63
6.53
6.20
5.96
5.91
5.65
5.96
5.72
5.83
6.22
5.73
5.96
5.71
6.43
7.06
6.67
6.36
6.33
6.38
7.13
7.51
7.78
6.38
6.36
6.55
6.56
6.37
6.19
6.27
6.55
6.14
6.26
6.23
6.74
6.29
6.28
6.22
6.12
6.44
6.61
6.30
6.60
6.20
6.95
7.06
7.46
7.35
6.74
6.07
6.34
6.29
6.18
6.14
5.78
6.17
6.73
8.43
8.32
8.74
10.18
10.83
10.14
6.66
5.44
5.43
5.30
5.41
5.53
5.28
5.46
5.39
5.43
5.53
5.58
5.64
5.84
5.86
5.63
6.54
7.39
8.82
8.92
9.10
10.43
10.41
10.84
6.07
5.70
5.34
5.37
5.80
5.38
5.48
5.39
5.62
5.45
5.74
6.08
6.02
6.00
6.28
5.97
6.07
5.96
6.34
6.17
6.49
7.25
8.86
8.31
7.16
7.33
7.64
8.86
9.03
8.65
8.41
7.95
6.68
6.26
5.64
6.24
6.18
6.20
5.99
6.13
6.33
6.78
7.18
7.76
8.12
9.30
10.03
10.06
9.94
10.14
9.65
9.30
15.20
10.98
9.27
8.50
8.43
6.37
6.05
7.49
8.87
8.32
8.60
8.59
8.84
8.97
9.17
8.87
10.99
11.87
14.70
12.89
11.29
8.17
7.30
7.13
6.58
6.75
7.27
6.77
6.70
6.12
5.44
6.08
6.27
7.46
8.04
8.27
9.16
9.62
10.25
11.14
13.37
16.05
21.79
17.73
12.99
10.97
9.86
8.47
8.40
7.63
7.13
7.10
6.14
6.19
5.50
6.39
6.47
6.79
8.02
8.65
9.27
9.64
10.02
11.05
12.05
13.91
17.86
13.96
9.88
8.31
7.09
7.04
6.99
6.69
7.11
6.97
6.19
6.02
5.91
5.83
6.02
6.02
5.95
5.86
5.80
5.89
5.73
5.78
6.01
6.91
7.15
5.81
5.44
5.41
5.52
5.65
5.53
5.80
5.49
5.58
5.62
5.72
5.73
5.89
5.77
6.07
5.64
5.96
5.82
5.83
5.75
5.73
6.28
5.72
6.32
5.48
5.51
5.67
5.43
5.58
5.89
5.49
5.56
5.52
5.80
5.53
5.65
6.00
6.28
6.12
6.20
6.00
6.02
6.03
6.42
6.44
5.89
5.66
8.01
7.78
7.87
6.96
7.44
8.08
9.10
9.35
14.66
12.16
10.63
10.37
8.91
7.38
7.63
6.91
7.11
6.91
7.33
7.13
7.19
7.23
7.02
7.35
7.37
7.91
10.25
12.58
14.32
17.90
20.00
20.44
19.46
18.54
15.79
14.97
12.37
11.55
9.75
6.02
5.87
5.77
6.33
6.08
6.13
5.98
5.86
5.98
5.63
6.50
6.35
8.52
8.93
11.49
11.58
12.38
11.89
11.00
10.41
8.16
6.90
6.44
6.24
6.37
6.39
6.13
6.28
6.19
6.20
6.40
5.73
5.62
5.94
6.81
9.22
11.85
13.53
13.64
12.19
12.06
9.84
8.51
7.45
6.02
5.31
5.86
6.24
5.88
5.94
5.80
5.83
5.71
5.84
6.89
6.28
7.00
9.10
7.78
7.12
6.79
8.74
8.56
7.91
9.99
10.47
9.62
9.15
8.21
7.32
6.63
6.49
6.52
6.70
6.60
6.51
6.41
6.60
6.69
7.29
7.38
7.52
6.66
6.11
6.64
7.87
7.71
8.17
7.77
7.58
7.82
8.12
8.02
7.12
6.96
6.56
6.45
6.78
6.61
6.58
6.70
6.86
6.77
6.70
6.89
6.81
6.53
6.43
7.48
8.39
8.48
8.36
8.31
8.51
8.47
8.94
9.68
7.77
7.21
6.77
6.70
6.48
6.62
6.80
6.52
6.86
6.05
5.96
6.66
6.95
6.55
6.46
8.98
11.16
11.73
10.86
11.51
12.05
11.70
12.17
11.60
8.71
6.64
6.78
6.83
7.06
7.49
7.04
6.34
6.38
6.19
6.21
5.95
6.21
7.41
7.65
11.43
12.83
13.99
15.74
15.46
15.72
15.16
11.85
11.14
8.22
7.21
7.12
6.90
6.68
6.55
6.49
6.77
6.57
6.40
6.59
6.32
6.27
5.75
6.50
8.39
10.35
12.42
12.00
11.74
12.26
11.64
10.20
10.11
7.65
7.05
7.28
6.87
7.16
6.98
6.92
7.20
6.89
6.86
6.30
6.36
6.27
7.24
9.33
13.09
15.11
16.54
17.48
16.80
16.13
14.09
11.78
11.67
8.86
7.63
6.45
6.52
6.44
5.01
3.27
6.36
6.43
6.52
6.33
6.34
5.81
5.79
6.47
8.58
10.39
10.21
10.11
9.92
9.51
9.08
8.35
8.19
7.13
6.70
6.45
6.48
6.42
6.36
6.34
6.36
6.42
6.29
5.87
5.73
5.69
5.47
5.98
6.47
7.15
6.91
7.28
7.09
7.36
7.11
7.56
8.61
6.86
6.65
6.34
6.56
6.29
6.43
6.21
6.63
6.48
6.24
6.05
5.73
5.93
5.71
6.48
6.27
7.27
7.17
7.24
7.07
7.15
6.99
7.80
8.66
7.13
6.49
7.04
6.72
6.65
6.79
6.66
6.60
6.76
7.04
6.15
6.40
6.06
6.09
7.57
8.84
10.95
12.14
12.58
14.74
13.93
12.71
12.69
12.56
9.99
8.52
8.68
7.82
7.63
9.15
9.21
7.84
8.01
9.54
9.69
9.66
7.78
9.05
12.60
13.35
16.07
15.68
17.81
17.72
16.80
15.40
12.38
11.00
9.21
7.39
8.09
7.84
7.36
7.32
7.43
7.36
7.92
7.68
7.35
7.46
7.55
7.20
9.55
11.25
12.96
13.38
12.79
12.33
12.23
12.40
11.81
10.84
8.23
7.52
7.77
7.63
7.33
7.36
7.41
7.34
7.58
7.40
7.14
7.11
7.31
8.68
10.09
11.49
13.45
13.43
15.87
15.09
15.96
13.90
11.66
12.33
9.39
7.59
7.70
7.17
7.02
7.08
6.81
6.70
6.78
7.32
6.82
6.67
6.18
6.90
6.89
9.61
11.56
12.49
13.03
12.64
14.88
12.76
11.89
11.32
8.83
7.59
6.84
7.12
6.51
6.49
6.51
6.48
6.56
6.68
6.84
6.36
6.35
6.07
7.45
9.61
9.88
9.87
9.93
9.78
10.13
10.20
10.30
10.56
8.74
8.25
7.29
7.44
6.82
6.74
6.81
6.68
6.86
7.19
6.76
6.64
6.55
6.42
7.84
10.38
10.67
11.21
11.32
11.17
12.06
11.67
12.88
13.26
11.22
9.48
8.70
7.92
7.56
7.20
6.69
6.97
6.60
6.91
6.82
7.15
7.17
7.47
11.48
15.14
17.74
20.75
23.60
23.85
22.98
20.86
20.63
17.32
15.86
11.71
10.46
9.06
7.87
7.38
7.46
6.63
6.64
6.95
6.36
6.70
6.82
8.93
13.61
17.57
19.25
22.36
24.26
23.95
24.33
23.63
22.70
19.29
14.52
11.29
10.76
9.86
8.78
7.94
7.95
7.17
7.06
6.81
6.74
6.92
6.69
6.76
9.39
12.46
12.23
12.96
13.63
14.10
14.10
12.30
10.39
10.17
7.30
6.70
7.42
7.46
7.08
7.25
10.10
19.24
30.86
27.94
15.89
7.95
7.18
8.06
9.67
10.83
12.56
12.97
7.11
14.70
12.38
12.05
11.22
10.34
6.82
7.05
6.85
6.52
6.61
6.51
6.53
6.52
6.84
6.90
6.81
6.55
7.20
7.55
7.44
9.15
11.30
13.53
11.79
11.58
12.17
10.85
10.23
9.68
8.15
6.65
6.76
6.52
6.50
6.50
6.59
6.44
6.36
6.73
6.43
6.57
6.25
6.04
6.46
6.92
7.90
8.35
8.77
8.58
8.92
9.30
9.85
10.97
8.58
7.51
6.82
6.77
6.72
6.78
6.70
6.40
6.54
6.45
6.71
6.34
6.24
6.33
6.63
7.83
9.09
9.50
10.68
11.80
11.41
11.85
12.92
12.48
10.84
8.82
8.43
8.39
7.45
7.21
6.90
6.82
7.02
6.92
6.67
6.72
6.76
7.74
12.09
14.67
15.13
17.06
20.09
20.21
22.16
19.99
17.48
15.63
10.71
8.37
9.83
7.80
7.70
7.10
6.93
6.94
7.01
7.18
6.84
7.07
6.97
7.90
13.28
14.83
16.53
16.53
18.80
17.19
14.44
12.68
10.65
9.36
6.31
6.58
7.17
6.35
6.36
6.51
6.29
6.51
6.33
6.68
6.77
6.57
6.13
7.01
8.17
10.69
12.47
15.12
14.21
14.71
14.62
14.09
12.67
13.43
9.78
7.43
7.40
6.55
7.31
6.96
6.80
6.73
6.67
6.69
6.45
6.64
6.15
7.80
10.46
13.02
14.46
16.43
18.34
19.23
19.55
19.16
17.62
18.97
14.59
10.28
8.30
8.63
7.65
7.23
6.99
7.14
6.93
7.10
6.39
6.55
6.47
8.24
11.92
16.57
21.36
21.51
22.49
23.62
21.81
22.30
21.01
22.32
17.06
12.42
10.40
9.86
8.85
7.89
7.35
6.92
7.28
6.58
6.49
6.37
6.23
7.71
9.80
12.40
14.01
15.13
16.19
16.29
15.66
16.11
16.59
16.62
13.43
11.09
10.29
9.53
8.89
7.80
7.71
7.77
7.26
6.95
6.54
6.37
6.16
7.51
9.21
11.40
12.30
13.55
13.48
13.11
13.71
13.75
14.37
15.00
12.28
9.73
9.28
8.46
7.98
7.32
6.72
6.69
6.62
6.77
6.46
6.56
6.65
7.63
11.45
15.19
17.65
18.95
17.90
18.64
18.86
16.78
16.27
17.16
13.49
10.15
8.63
7.66
7.28
6.77
6.61
6.42
6.31
6.79
6.38
6.70
6.77
7.53
11.23
13.20
15.18
18.29
17.81
17.62
15.99
14.71
14.60
12.13
9.47
8.30
8.06
7.76
7.24
6.61
6.67
6.40
6.44
6.33
6.33
6.66
6.64
7.68
11.63
14.12
17.91
18.33
18.52
18.50
19.76
19.85
20.63
20.19
16.52
12.51
11.80
9.71
9.28
8.46
8.19
8.54
7.61
7.49
7.36
7.28
8.37
9.59
13.72
17.77
19.03
23.69
24.27
24.32
24.65
23.86
22.63
24.19
18.43
13.45
12.82
10.39
9.78
8.88
8.23
8.63
7.52
7.47
7.36
7.80
9.22
11.26
13.33
16.58
21.79
22.89
23.64
23.97
23.90
24.47
23.92
23.88
19.96
14.76
11.95
11.01
10.41
9.29
8.69
7.77
7.46
7.31
6.77
6.46
6.71
8.67
11.27
13.30
15.58
16.82
18.15
18.64
19.09
18.83
19.84
19.87
16.74
13.52
11.28
10.39
9.20
9.16
8.05
7.85
7.45
7.34
6.48
6.78
7.00
8.07
9.87
12.59
15.02
15.83
16.56
17.90
18.46
19.09
19.82
20.23
16.07
14.00
12.59
11.96
12.22
10.67
10.50
10.34
9.75
9.32
9.37
11.57
11.94
11.38
12.73
15.01
13.39
14.66
13.05
13.33
16.56
17.25
15.16
13.47
11.26
8.19
8.11
7.50
7.02
6.49
6.78
6.52
6.52
6.68
6.49
6.77
6.91
7.99
9.18
11.65
12.83
13.73
14.10
15.12
14.35
13.86
13.75
13.98
11.67
8.80
8.36
7.09
6.81
6.70
6.66
6.46
6.46
6.63
6.14
6.63
6.96
8.32
10.81
13.54
14.24
16.09
15.74
15.38
16.54
17.41
16.66
16.61
12.26
8.88
8.79
8.34
8.07
7.61
7.19
6.98
6.95
6.96
6.69
6.96
7.25
7.94
10.05
12.58
13.80
16.48
16.03
15.73
15.45
16.55
14.32
12.69
10.65
8.94
7.95
7.88
7.69
6.93
6.71
6.24
6.18
6.23
6.33
6.55
7.20
7.56
10.06
13.45
15.80
16.53
17.73
18.88
18.99
19.20
19.76
19.11
15.45
11.18
9.63
8.44
8.46
7.88
7.69
7.14
6.39
6.54
6.56
6.16
5.86
7.26
8.43
11.13
13.44
14.70
15.86
16.62
16.89
17.78
18.43
18.13
15.70
11.99
10.70
9.38
8.60
7.75
7.49
7.48
6.64
6.53
6.37
6.27
6.31
8.26
9.37
12.17
13.75
15.00
15.77
17.03
19.04
17.32
17.38
17.48
13.78
11.62
11.78
10.43
9.65
8.95
8.53
8.41
7.52
7.06
7.30
8.09
7.64
7.22
8.84
11.26
11.67
13.44
13.15
14.59
15.13
15.41
15.09
14.02
13.78
9.48
8.28
8.00
7.07
7.11
6.81
6.85
6.68
6.42
6.53
6.95
7.37
6.68
6.96
7.10
8.50
10.32
12.12
12.41
12.39
13.36
12.25
13.26
10.38
7.75
7.28
6.63
6.37
6.22
6.42
6.08
6.13
6.37
6.01
6.32
6.34
6.03
7.81
13.09
15.63
16.34
16.80
15.29
14.98
15.49
14.60
12.94
8.67
7.78
8.38
7.15
6.81
7.27
6.89
6.81
6.71
6.58
6.26
6.75
7.17
7.48
9.82
11.88
13.92
14.88
16.19
15.97
16.92
17.09
16.23
14.02
11.24
9.43
8.72
7.85
7.27
7.16
7.01
7.04
7.16
7.25
7.08
7.55
8.25
9.22
10.95
7.34
14.63
14.84
15.22
15.76
16.30
15.05
13.31
15.00
12.32
8.83
8.03
7.63
7.24
7.29
7.27
7.01
7.25
6.85
7.00
6.79
6.56
7.83
8.33
9.78
10.50
11.79
12.14
12.63
13.51
13.07
13.48
15.75
11.18
10.47
8.97
8.94
8.41
8.22
7.73
6.97
7.19
7.21
6.99
6.82
6.89
6.75
7.77
10.51
11.40
12.13
13.30
13.71
12.39
11.08
11.71
11.74
10.44
9.60
8.10
8.20
8.01
7.54
6.98
6.91
6.91
7.06
7.03
8.33
8.88
9.35
11.80
13.88
15.29
17.52
17.25
16.97
18.12
19.08
19.07
19.17
15.21
12.57
10.34
8.80
8.73
8.55
7.72
7.15
6.57
7.87
6.85
7.58
10.24
11.01
13.42
17.70
17.82
20.60
20.64
22.73
24.57
24.55
23.60
23.49
18.94
14.47
14.24
11.37
10.53
9.91
8.69
8.60
8.62
7.89
8.08
8.36
9.85
12.41
14.56
17.29
18.95
22.06
23.39
25.56
25.24
25.19
23.66
23.68
20.38
15.08
14.87
12.95
11.80
10.86
9.95
9.53
9.56
9.44
8.54
9.66
10.05
10.92
13.48
14.17
16.44
11.69
19.90
19.92
20.92
20.99
20.89
19.30
15.30
12.65
10.76
10.77
9.83
8.88
8.02
7.71
7.47
7.58
7.66
7.68
7.79
8.72
10.12
11.56
12.60
12.75
13.48
14.28
13.33
13.35
13.67
11.69
9.20
7.35
7.42
6.77
6.52
6.44
6.90
6.31
6.40
6.45
6.37
6.46
6.38
6.70
7.17
8.84
10.44
11.03
11.46
11.62
12.16
12.55
12.92
13.07
11.21
8.82
8.84
8.91
8.00
8.22
7.50
6.95
6.94
6.50
6.47
6.64
6.22
6.02
6.85
7.36
7.82
9.27
9.44
10.19
9.64
10.41
9.72
9.96
8.25
8.15
8.15
7.55
7.15
7.25
6.83
6.74
6.88
6.69
6.37
6.74
6.93
6.61
7.56
8.22
9.25
10.56
11.04
11.72
10.75
11.49
10.98
10.13
8.19
6.35
7.21
6.61
6.65
6.59
6.65
6.59
6.81
6.65
6.37
6.41
6.65
6.33
7.32
11.03
13.10
14.10
14.36
13.86
16.03
17.87
13.74
13.18
9.42
7.02
8.00
7.29
6.77
7.05
6.77
6.70
7.12
6.41
6.61
6.23
6.49
6.34
6.95
9.04
8.58
10.78
11.56
10.51
11.20
10.71
11.17
9.96
7.06
6.48
7.32
7.33
7.33
7.14
7.10
7.15
7.11
7.44
6.85
6.78
7.02
7.63
8.99
10.97
10.35
13.00
11.97
13.50
14.73
16.25
13.04
12.02
9.25
7.08
6.67
6.39
6.41
6.69
6.51
6.33
6.35
6.32
6.64
6.33
6.52
7.31
8.01
10.04
12.53
13.47
10.74
13.87
15.26
14.71
14.74
14.74
11.95
8.21
8.54
7.90
7.14
6.89
6.76
6.58
6.37
6.35
6.34
6.43
6.50
7.01
7.64
9.57
11.13
11.79
13.29
13.41
14.41
14.82
15.32
17.21
13.89
10.90
9.84
8.53
8.22
8.66
7.61
6.87
6.44
6.35
6.75
6.34
6.92
7.85
8.39
9.99
11.66
11.91
11.50
11.24
11.23
12.15
12.53
13.82
11.94
9.01
8.11
8.51
8.40
8.13
7.41
6.79
6.57
6.51
6.86
7.91
7.77
8.11
7.70
9.77
10.28
10.79
10.70
10.71
11.61
11.19
12.38
12.08
10.38
7.12
7.65
6.97
6.71
6.84
6.73
6.58
6.58
6.50
6.25
6.55
6.72
7.80
7.77
12.18
14.37
16.54
17.07
19.01
17.89
19.19
15.34
14.86
13.00
8.80
9.22
8.69
7.73
7.49
6.83
6.93
7.14
6.63
6.48
6.85
7.38
9.38
10.16
13.82
15.62
16.55
17.89
18.00
18.19
18.35
18.71
18.04
15.67
11.32
10.33
9.69
8.17
7.46
7.50
7.29
6.93
6.79
6.93
7.29
9.40
11.85
13.79
17.02
20.06
20.94
21.36
23.38
26.20
27.02
24.53
21.96
19.91
13.71
11.45
11.17
9.91
9.39
8.90
8.45
7.99
7.34
7.45
7.73
9.50
12.84
13.07
18.27
20.00
22.73
22.12
23.22
23.40
24.47
23.63
24.46
19.50
14.24
12.12
10.35
9.70
8.82
7.87
7.77
7.43
7.23
7.13
6.68
8.31
11.18
11.44
14.36
15.05
17.19
17.88
18.36
18.48
20.36
21.25
21.78
18.77
14.10
12.26
11.31
10.06
9.45
8.61
9.03
7.61
7.34
7.29
6.74
8.56
10.11
12.57
14.04
17.24
17.29
18.59
17.49
19.37
18.97
19.07
20.10
18.89
13.75
13.06
12.42
10.93
10.56
9.63
9.62
9.19
8.11
7.61
9.54
11.50
14.07
16.25
19.76
25.14
25.19
24.88
25.65
26.84
28.53
26.65
25.22
20.88
14.68
13.34
11.34
11.10
9.78
9.20
8.74
8.03
9.08
8.12
8.74
10.88
13.58
15.20
20.10
23.60
24.77
25.21
24.70
24.35
25.96
24.39
23.20
18.39
15.06
13.82
12.11
11.47
10.84
10.11
9.83
8.89
8.72
7.85
9.45
11.75
13.03
15.74
17.95
22.26
24.32
24.76
25.94
25.53
27.15
25.53
26.45
22.36
16.92
15.44
13.88
12.25
11.74
11.12
10.02
9.12
8.94
8.51
9.62
12.31
14.72
18.64
21.57
24.94
25.50
28.40
27.94
29.03
30.52
27.85
27.50
22.15
16.96
15.52
13.41
13.39
11.49
10.27
9.83
8.79
8.64
9.39
10.55
12.01
14.18
17.39
21.94
24.93
26.83
26.39
27.79
28.82
30.56
26.52
25.82
20.38
14.78
12.76
11.03
10.01
9.00
8.26
7.65
7.18
6.81
6.85
5.99
8.28
10.93
12.28
14.30
16.02
17.61
17.87
18.80
19.62
21.32
21.96
21.92
19.61
15.46
12.76
11.64
10.39
9.65
9.50
7.94
7.95
7.32
7.20
6.75
9.17
11.63
13.44
15.41
18.15
19.15
20.16
21.09
23.60
24.01
25.81
26.21
23.63
20.18
18.32
15.30
14.29
12.87
11.24
10.93
10.45
9.57
8.86
11.70
12.88
15.23
18.37
25.49
29.26
30.85
31.34
32.60
34.56
36.21
33.54
32.84
27.20
20.93
19.38
16.85
18.09
16.85
15.77
13.92
12.08
12.96
12.42
15.11
15.91
20.01
23.21
27.21
29.39
30.93
34.44
34.94
33.45
33.81
32.65
29.59
26.76
20.92
18.77
16.67
16.67
13.75
13.79
11.77
12.51
10.39
10.48
11.98
14.40
16.79
16.19
22.79
25.59
28.49
30.16
32.95
34.85
34.46
34.53
34.41
30.05
22.56
20.61
17.06
17.06
15.10
14.11
13.60
13.30
11.39
10.38
13.15
14.64
15.99
21.81
25.40
28.58
28.29
28.90
30.65
34.49
33.75
32.15
30.27
25.19
21.02
19.56
17.78
16.18
14.71
12.16
11.96
10.61
9.50
9.60
11.54
13.87
16.27
20.68
24.51
26.44
27.38
28.45
29.76
30.54
30.46
32.21
28.50
24.27
17.94
15.06
14.68
13.12
12.03
11.60
10.19
9.05
8.97
8.53
7.97
9.56
12.92
14.75
17.82
19.84
21.55
22.31
23.95
24.52
24.97
26.12
26.93
24.52
20.07
17.11
14.56
14.51
13.00
12.47
10.60
10.42
10.20
9.16
9.27
9.77
12.96
16.30
19.61
21.06
22.74
23.98
24.54
24.65
26.56
27.72
28.86
25.90
20.16
18.31
17.19
15.36
13.95
13.60
12.63
11.41
11.47
11.18
13.87
13.84
17.55
21.19
26.89
27.40
28.06
32.62
32.78
33.84
32.34
30.28
28.84
25.40
19.85
18.98
15.83
15.03
13.06
12.37
11.89
10.33
9.52
8.91
11.17
14.00
16.39
18.14
23.46
26.40
28.26
30.84
31.65
32.62
31.75
32.54
29.78
24.21
18.05
16.26
13.82
13.44
11.72
11.32
9.61
9.61
8.43
8.96
9.63
11.71
14.55
18.25
21.08
23.92
27.14
30.31
29.26
31.03
30.55
29.43
29.53
25.20
18.77
16.66
14.45
14.09
12.88
11.96
10.62
10.54
9.35
9.09
11.15
13.35
15.63
16.11
21.76
25.15
26.09
27.71
29.66
30.58
30.55
30.53
30.89
26.35
19.60
17.40
14.96
13.29
12.50
11.27
10.35
9.98
8.49
9.24
11.16
13.23
15.06
18.58
22.47
25.58
26.36
26.17
27.70
29.71
29.34
28.67
28.01
23.41
16.82
15.17
13.68
12.55
12.06
11.20
10.04
9.64
9.25
8.58
8.39
9.56
11.05
14.26
16.35
18.36
18.06
19.74
20.43
21.48
22.34
22.85
22.63
19.93
15.62
14.35
12.86
11.49
10.95
11.27
10.42
9.45
9.19
8.71
7.51
8.28
11.08
12.81
14.96
17.25
18.08
19.44
20.60
21.99
23.14
23.44
24.34
20.74
17.93
15.62
13.70
12.26
11.68
9.94
9.81
8.64
7.63
8.49
9.95
10.85
15.09
17.18
22.14
24.98
27.85
29.70
30.29
33.20
34.16
30.71
29.95
27.80
19.23
16.59
14.14
12.70
11.88
11.09
10.97
9.92
8.11
8.84
10.59
11.98
15.36
20.78
24.15
28.25
29.00
30.51
32.56
34.74
29.40
30.00
29.20
22.36
16.19
15.83
12.56
11.41
11.45
9.97
9.70
8.65
7.86
8.14
10.08
12.13
12.80
17.30
20.11
23.35
25.00
24.89
26.00
26.89
28.25
27.69
28.32
23.90
17.90
17.33
15.20
12.77
12.40
11.00
10.50
9.76
8.53
8.21
11.44
13.35
15.70
21.30
25.61
27.64
27.91
29.17
30.57
31.55
28.08
29.79
27.91
24.36
17.79
17.11
15.66
13.83
13.78
13.19
12.36
11.24
10.48
10.81
11.53
13.84
15.66
15.39
24.73
26.11
28.69
31.03
31.17
33.76
34.30
33.96
30.88
27.92
20.77
18.36
18.36
17.17
16.23
14.01
13.64
12.57
12.49
12.13
10.78
10.86
13.97
17.84
19.84
23.60
25.60
27.27
29.67
31.21
30.37
29.77
33.17
27.77
24.13
22.98
21.61
21.14
18.78
18.21
16.42
15.42
14.88
13.61
12.21
13.55
16.05
20.56
20.95
24.16
25.91
28.21
27.58
29.63
32.12
31.31
33.04
29.70
25.32
24.44
21.26
20.53
19.30
19.12
16.72
16.17
13.69
13.91
16.77
17.41
20.44
23.71
27.66
30.41
32.33
33.28
36.87
36.41
37.66
34.89
33.60
28.95
22.07
21.34
19.44
17.61
16.75
15.07
14.00
14.09
12.77
12.43
15.67
15.20
19.46
26.78
29.83
32.33
32.48
32.25
33.13
33.05
32.83
31.75
30.76
27.26
19.75
19.67
17.43
15.64
14.39
13.67
13.38
12.81
11.18
11.23
13.05
14.59
17.29
19.05
23.30
26.07
29.34
28.52
28.84
29.24
29.53
30.38
30.28
27.66
20.97
19.33
16.89
14.02
13.71
12.19
11.27
9.90
9.44
8.64
11.00
13.23
15.20
17.14
20.29
22.06
23.55
23.63
25.09
27.67
28.44
28.60
30.43
26.05
19.36
17.24
16.73
14.43
12.56
12.44
11.25
10.35
9.62
10.01
11.58
13.24
15.38
18.54
23.58
26.66
26.05
26.29
29.57
29.75
29.53
29.52
29.43
24.99
19.94
17.19
15.47
15.05
13.81
12.90
12.29
11.94
10.72
10.26
9.14
10.77
13.30
15.81
18.66
22.43
21.41
22.90
22.89
25.30
25.60
27.13
28.14
25.15
21.39
19.44
17.70
15.12
15.57
14.70
13.95
12.57
12.11
11.73
10.14
10.13
12.18
18.87
19.12
22.45
24.22
24.56
25.88
26.48
27.60
27.16
27.56
23.61
19.64
18.74
16.09
14.00
13.40
11.98
10.54
9.57
8.26
8.82
11.58
13.15
16.73
19.82
23.61
26.47
27.43
27.22
28.17
28.09
29.63
29.69
28.96
24.33
17.44
16.01
15.01
13.63
11.92
11.19
9.62
9.11
8.75
8.60
10.52
12.20
16.36
18.78
22.75
24.45
26.21
26.87
28.00
29.98
30.64
29.59
30.06
25.47
19.46
17.34
16.73
15.92
14.19
13.91
13.32
12.50
11.95
11.29
13.80
15.30
16.84
21.87
25.36
26.57
32.04
32.13
32.26
35.08
37.57
34.39
37.00
31.11
22.99
22.99
21.07
19.48
18.25
15.77
15.26
14.19
14.43
14.43
17.52
16.43
18.26
22.38
29.19
31.07
33.03
34.63
38.62
38.80
37.98
37.12
32.09
26.70
21.32
20.70
19.95
19.07
18.48
18.28
17.25
16.30
15.68
16.40
19.67
18.63
19.31
24.40
29.18
34.03
34.46
33.47
36.42
37.35
36.63
32.90
29.30
25.01
22.24
20.60
19.86
19.92
19.48
18.08
17.53
17.09
16.67
15.76
14.18
14.22
18.74
21.16
23.20
25.80
26.50
27.49
28.28
29.94
31.20
30.39
30.90
28.45
24.31
22.65
21.93
21.53
20.67
20.03
18.29
17.26
17.33
15.61
15.22
16.14
19.94
23.09
25.59
26.38
27.03
27.75
27.46
29.22
31.05
31.18
31.44
29.12
24.40
22.22
20.91
20.41
18.74
18.10
16.58
15.70
16.28
15.83
19.83
20.12
23.47
27.78
30.83
34.27
36.94
36.97
39.85
39.91
38.18
40.16
38.03
34.51
25.88
25.15
22.47
22.16
20.91
19.85
17.62
15.94
15.51
14.50
18.00
17.78
20.68
27.01
32.13
35.20
37.01
39.10
40.81
39.59
38.80
38.49
36.60
30.32
24.79
24.03
22.49
22.02
20.89
19.33
18.96
18.93
16.37
15.58
20.99
19.98
22.75
25.05
28.44
28.55
30.81
31.32
32.25
32.58
32.04
32.37
31.39
25.15
20.28
19.83
19.01
18.33
16.80
16.03
16.80
13.83
12.94
12.19
15.47
16.02
19.15
12.49
26.66
30.07
31.07
31.94
33.12
33.50
30.88
30.38
29.35
26.13
20.65
20.14
19.27
18.17
17.47
16.62
15.90
15.80
15.65
15.47
18.59
19.24
20.55
19.75
22.47
25.37
27.09
27.83
31.25
32.87
32.25
31.14
29.88
24.76
21.69
20.14
18.04
17.83
16.71
15.03
14.21
13.64
12.23
11.48
11.27
11.75
14.84
18.60
22.14
24.08
25.99
26.68
26.77
27.65
28.96
29.11
30.70
28.62
24.16
23.22
22.27
21.57
19.39
18.25
17.22
17.00
16.33
15.51
14.83
15.25
18.40
21.64
24.13
25.40
25.74
27.74
27.66
29.67
29.21
29.94
31.07
28.14
25.62
23.92
22.46
22.80
21.74
21.53
20.21
19.92
19.60
20.10
24.19
22.52
21.28
22.96
25.76
27.54
28.29
28.38
29.95
29.92
27.13
30.25
32.21
27.50
21.25
20.81
17.86
16.17
15.32
14.28
14.30
14.64
13.72
14.72
19.12
18.51
20.73
26.22
26.77
29.31
33.50
34.75
35.98
36.85
37.00
33.60
31.90
26.63
20.67
20.24
20.40
20.97
20.62
19.63
20.39
18.88
18.32
17.42
19.68
18.63
17.94
21.30
23.29
25.67
26.80
28.10
29.16
30.36
30.70
29.74
28.76
24.03
20.62
19.64
19.37
18.32
18.05
18.53
16.38
16.35
15.78
17.31
21.62
22.28
27.29
29.24
33.76
34.04
35.86
36.52
36.88
38.89
38.06
34.63
31.13
25.23
20.73
19.30
19.20
19.30
19.24
18.75
17.67
15.92
14.84
14.47
19.83
18.44
20.05
23.99
28.61
28.33
30.05
30.49
30.93
36.53
35.74
34.84
32.56
26.26
21.28
19.45
19.62
19.85
19.10
18.49
17.36
16.80
16.32
15.62
14.70
15.47
19.05
21.33
24.49
25.98
27.04
28.53
29.03
30.35
31.32
30.69
31.75
29.80
26.45
23.20
22.28
20.80
20.69
19.41
17.53
17.07
16.70
17.31
16.22
16.13
16.91
20.91
22.00
23.57
24.73
26.77
27.27
28.39
29.73
28.39
30.74
28.56
26.27
23.63
23.25
22.21
21.43
19.86
19.25
18.50
16.48
17.20
22.43
20.51
19.93
22.58
26.55
32.24
37.28
36.64
38.57
40.36
37.53
35.43
36.08
32.28
23.90
20.60
19.27
19.75
17.84
16.67
16.27
17.31
15.92
16.07
20.07
18.96
20.75
25.79
30.49
34.28
34.27
36.20
36.68
36.95
34.72
33.79
28.86
18.87
14.75
15.41
13.73
12.16
10.14
10.19
9.69
9.79
9.68
10.78
15.15
14.29
14.60
17.46
22.25
22.41
24.47
24.94
26.00
26.41
27.43
22.24
21.82
17.16
12.94
13.67
12.92
13.39
15.08
13.16
12.79
12.13
11.45
12.16
16.98
17.35
23.42
27.07
32.74
38.08
37.23
36.82
36.50
34.27
34.80
33.35
32.87
26.85
21.13
21.60
21.32
21.16
18.12
17.09
16.99
17.07
16.58
16.15
21.34
20.20
22.62
29.71
33.50
30.87
33.31
36.29
36.28
38.02
36.77
31.93
32.08
26.49
22.94
21.64
20.48
19.05
18.15
16.24
16.17
16.24
14.62
15.08
15.76
14.81
15.86
18.33
21.78
26.24
28.01
31.03
31.51
32.26
33.11
32.36
29.70
27.89
25.54
24.40
21.45
16.79
13.88
15.58
15.08
14.00
13.89
13.04
13.72
12.42
14.53
20.00
24.57
26.22
27.59
29.00
29.41
30.55
30.22
31.43
31.52
28.55
25.83
23.78
22.07
20.93
21.06
19.66
18.96
17.75
17.73
16.45
21.41
20.81
24.50
27.11
30.99
34.84
35.07
38.34
40.26
40.50
40.37
39.72
35.77
29.32
22.70
19.45
19.55
18.40
17.29
15.99
16.12
15.12
14.99
15.31
20.26
18.84
19.17
19.83
21.48
22.25
23.67
21.89
22.89
22.22
22.27
24.53
24.21
21.72
18.32
16.17
16.63
17.44
17.90
19.10
17.31
16.32
15.64
14.59
18.55
18.34
21.02
23.79
27.42
28.94
30.43
33.07
32.48
32.67
33.95
28.67
23.13
19.64
16.25
15.43
17.04
17.37
15.82
14.78
15.53
13.46
13.00
13.19
17.15
15.10
18.91
21.67
27.07
29.24
29.42
30.58
32.19
31.97
29.96
27.15
29.29
27.65
20.44
19.23
19.89
18.58
16.77
16.70
16.00
15.85
13.95
13.50
18.81
16.88
19.21
20.31
21.29
23.23
24.25
25.15
24.49
25.49
25.08
25.02
23.31
20.30
17.11
15.69
15.20
14.54
13.42
13.79
12.86
12.97
12.12
12.42
11.90
11.48
13.61
17.11
18.35
21.31
23.21
25.07
23.73
25.02
24.97
25.39
22.52
19.99
17.94
16.34
14.72
14.28
14.07
13.60
12.84
12.58
12.18
12.18
11.86
12.18
15.03
18.62
20.80
21.90
23.17
23.60
24.98
24.70
24.55
24.71
23.76
22.77
21.81
21.03
20.93
19.67
16.76
15.28
14.28
14.42
13.89
13.96
16.69
16.63
18.72
21.64
25.32
29.38
30.45
30.44
31.16
31.95
31.33
30.45
30.33
27.10
21.37
19.52
16.78
16.08
14.66
14.22
12.88
12.61
11.90
11.27
13.29
14.96
16.27
20.99
25.05
26.30
28.11
29.98
31.91
31.99
32.12
29.62
31.31
26.45
20.82
20.66
18.33
17.45
16.96
16.15
13.22
14.76
13.05
11.53
13.15
14.12
15.64
19.29
24.05
27.34
30.24
30.87
33.05
34.60
33.02
31.74
32.01
28.01
20.74
19.03
18.47
16.30
16.33
15.04
13.21
12.47
12.25
11.93
14.50
14.28
16.00
21.03
26.81
32.00
33.48
34.13
34.55
34.62
34.66
32.75
32.69
28.44
21.49
21.04
21.16
20.25
18.39
17.72
16.16
15.63
15.09
12.56
14.97
15.00
17.07
21.25
26.38
28.34
29.70
30.35
31.88
32.52
33.99
31.79
32.41
26.77
20.22
18.27
18.53
16.94
16.84
14.94
14.76
12.94
12.01
11.48
10.53
11.27
14.02
18.35
20.33
22.86
23.89
23.68
24.86
25.15
25.47
26.09
25.21
23.42
20.48
18.39
18.74
16.42
14.92
13.16
12.48
12.03
10.48
10.39
9.91
9.24
11.69
15.32
19.29
19.48
21.30
21.47
23.91
24.43
23.24
23.05
23.72
23.52
19.98
19.80
17.98
15.44
15.31
14.40
17.11
17.94
15.28
15.34
13.73
11.55
16.94
25.07
29.17
32.46
32.04
32.10
31.96
32.91
32.07
30.59
28.82
25.85
18.53
18.17
16.34
14.83
14.35
13.00
11.50
11.99
10.37
10.61
13.66
13.54
15.61
20.06
25.41
27.90
31.11
31.07
33.60
33.67
33.20
31.53
33.19
28.84
22.28
20.32
19.17
17.18
16.35
16.22
13.67
13.02
12.07
11.72
14.04
13.96
17.78
23.81
27.10
30.66
33.39
35.81
34.82
36.85
36.68
35.74
35.54
29.06
21.85
21.54
22.36
20.05
19.69
17.85
17.09
14.46
11.61
12.45
13.55
14.85
17.55
22.95
27.76
30.70
35.89
36.53
38.72
37.32
36.53
35.42
35.76
27.51
23.37
21.80
21.36
19.85
18.86
18.68
17.64
15.32
12.79
12.25
14.70
15.24
19.96
26.20
27.19
29.54
30.94
31.95
32.48
31.88
31.85
29.66
26.93
20.61
16.59
15.59
15.01
14.72
14.65
14.28
14.18
12.61
12.44
11.52
11.21
12.05
14.97
18.13
23.00
23.64
22.73
23.85
24.32
25.23
23.41
23.84
23.30
20.36
17.78
17.92
16.77
16.10
15.26
14.63
13.64
12.81
12.62
11.76
11.86
11.54
14.65
17.99
20.51
21.17
22.21
22.61
22.77
23.52
23.98
23.38
23.98
20.13
18.89
23.68
23.78
20.98
18.23
15.72
17.16
19.56
19.31
13.68
16.62
18.27
22.97
28.63
31.77
33.05
34.86
35.54
35.60
37.39
36.21
33.78
32.39
24.21
18.19
21.54
22.86
23.18
18.43
17.36
20.43
23.89
16.22
14.72
16.77
18.61
22.43
25.97
29.86
32.41
35.80
38.36
39.23
36.64
36.23
35.01
30.67
25.84
19.44
22.31
21.61
24.44
22.44
23.45
17.06
15.45
14.15
15.27
16.90
17.19
22.76
29.30
33.27
32.51
32.95
35.40
36.24
37.88
37.53
35.03
29.64
25.21
19.90
18.90
18.36
14.83
14.29
13.98
12.24
11.55
11.64
11.74
13.40
14.33
17.19
21.54
24.77
27.64
29.29
31.36
34.00
32.49
31.90
29.75
27.38
22.82
18.76
21.49
19.79
19.16
17.16
16.97
16.22
16.47
12.79
12.34
14.22
14.93
19.75
25.70
28.42
28.73
32.14
32.62
34.19
35.74
34.08
33.42
29.67
25.27
19.32
18.21
18.36
15.87
15.76
15.94
14.45
14.53
12.80
12.20
11.59
11.36
14.85
19.74
21.71
23.12
24.01
23.98
25.28
25.57
25.67
26.07
25.76
22.50
21.42
18.88
17.70
16.65
15.52
15.22
13.58
14.43
13.83
13.58
12.43
12.42
13.05
18.54
22.02
24.29
24.75
25.52
25.90
26.49
27.30
26.87
24.70
17.83
19.54
14.91
14.41
13.60
13.04
12.33
12.74
12.09
12.59
12.30
14.56
14.64
16.38
20.27
22.21
25.20
25.66
26.25
26.50
27.96
27.72
26.32
25.22
21.69
17.89
17.02
16.76
15.83
15.44
14.44
14.66
13.39
13.27
12.33
17.12
15.31
19.90
23.94
28.83
31.96
35.12
37.28
36.21
37.06
35.98
33.34
28.96
24.05
19.09
19.81
19.06
17.14
16.61
15.51
15.08
14.06
13.69
13.91
17.38
16.89
20.32
25.36
30.75
33.04
35.70
34.87
36.02
35.17
34.59
34.01
31.97
26.46
21.12
20.00
19.32
17.98
17.67
16.80
15.71
15.23
14.82
14.82
17.79
17.55
20.22
26.72
31.78
33.53
36.57
38.20
38.18
35.70
35.76
33.08
26.64
22.82
19.65
19.69
19.57
17.57
17.34
16.33
17.28
16.17
16.83
15.31
17.78
17.96
17.07
18.66
22.72
30.56
31.56
32.54
33.61
36.88
36.97
35.52
33.50
28.11
23.31
21.01
19.36
18.07
17.48
17.43
15.73
16.27
14.96
15.47
14.73
15.05
16.61
20.96
24.91
26.58
28.09
31.60
32.08
31.42
30.24
29.13
27.56
22.97
21.97
19.07
18.28
17.46
15.43
15.57
15.10
14.91
14.25
13.10
13.31
13.18
15.82
20.21
23.19
24.25
24.99
24.93
25.64
25.00
26.21
24.59
23.86
21.32
18.13
16.99
16.21
15.84
14.70
14.04
14.41
13.13
10.95
12.65
14.10
15.22
17.00
23.35
26.67
29.73
30.76
26.11
31.93
32.32
30.01
28.74
27.91
23.39
22.01
20.59
19.30
18.71
18.87
18.31
16.78
17.15
16.19
15.90
16.39
16.09
18.84
25.16
28.62
28.95
31.65
31.62
31.59
31.94
30.22
28.97
27.06
23.80
22.42
22.03
19.15
18.87
17.79
17.27
15.64
14.27
14.22
14.34
13.60
13.13
14.25
19.62
24.38
26.10
27.16
27.27
27.42
28.28
28.02
25.26
24.69
19.30
18.95
19.06
17.16
15.44
15.85
14.01
14.42
13.73
13.67
12.83
13.33
12.40
17.21
24.01
28.27
31.01
31.72
30.79
31.66
30.91
31.13
29.95
28.31
25.47
23.16
21.77
20.76
17.93
16.22
15.94
14.53
12.91
12.13
12.30
11.93
11.51
16.33
21.97
26.36
30.52
33.92
33.83
36.76
36.71
39.27
36.17
34.58
31.47
28.76
24.41
22.38
19.99
18.98
17.47
17.85
16.36
16.69
17.80
16.84
17.52
19.83
20.95
22.82
30.54
31.09
30.96
30.93
33.42
33.63
33.72
27.00
22.83
19.13
16.86
17.13
16.03
16.62
15.42
15.29
15.04
13.97
13.69
14.44
13.60
13.54
17.73
21.20
21.76
24.85
25.43
25.92
26.33
26.11
25.91
26.02
23.05
20.82
20.75
19.37
18.73
17.06
16.83
16.26
15.94
15.74
13.87
13.52
13.42
15.80
20.43
24.50
24.34
25.73
28.40
29.62
27.81
25.06
24.60
23.13
21.47
17.47
15.85
14.33
12.83
13.40
12.57
11.94
11.42
11.30
11.21
10.65
11.60
16.45
20.52
23.23
25.91
28.67
29.90
31.04
28.59
27.77
27.36
24.93
19.92
19.33
18.61
16.91
15.54
14.92
14.50
13.70
12.92
12.44
12.64
11.66
12.10
12.93
18.87
25.03
27.51
27.07
28.32
12.64
31.70
29.33
27.63
26.94
22.42
20.06
19.19
17.00
16.25
14.86
14.81
12.99
12.98
13.16
11.45
11.99
10.81
14.86
22.10
26.68
29.51
30.86
31.12
31.11
28.63
27.13
25.75
23.97
21.94
19.47
18.64
16.80
15.89
15.26
17.00
15.47
13.94
12.62
12.04
10.97
11.11
13.23
17.02
21.08
22.72
23.70
25.42
24.52
25.22
24.00
24.54
21.72
18.45
18.87
15.78
14.76
13.78
13.03
12.80
11.74
10.57
10.31
10.08
10.02
9.09
9.56
12.16
16.47
19.31
19.85
21.34
21.44
20.65
20.68
21.20
20.21
16.92
15.49
14.60
13.44
12.18
11.43
11.06
10.62
10.29
9.85
9.94
9.48
9.15
10.56
12.96
17.76
20.06
21.97
22.73
23.38
24.62
24.33
24.18
22.69
20.19
19.21
17.53
16.33
16.41
15.73
15.76
17.05
16.74
13.71
13.60
13.31
12.74
15.39
18.38
25.33
25.35
28.35
27.23
24.71
20.83
21.28
18.44
15.64
13.94
12.17
11.25
10.41
10.30
10.55
10.00
9.40
9.42
9.25
8.75
8.89
9.32
10.69
12.49
13.21
16.84
18.68
21.56
22.09
22.26
21.19
20.17
17.41
15.54
14.56
14.43
12.94
13.14
11.83
11.35
11.10
10.50
10.22
9.91
10.32
10.10
10.86
12.20
17.31
18.01
16.87
17.09
19.08
20.54
19.44
19.65
18.90
16.09
15.25
15.10
13.35
11.86
11.98
11.66
11.43
11.53
10.66
11.62
11.10
10.75
13.38
16.56
20.16
21.48
22.38
23.04
24.42
25.26
21.06
17.92
13.91
12.31
11.68
12.67
11.63
11.75
10.73
10.73
10.15
10.38
10.12
10.03
9.48
9.51
10.57
15.73
18.87
20.46
21.56
22.36
22.86
22.81
24.29
22.12
19.83
18.19
17.94
15.51
14.27
13.24
12.42
11.96
11.32
11.56
10.73
11.29
10.46
10.97
11.75
15.82
19.47
22.64
22.37
23.18
22.39
22.56
22.91
23.57
20.76
18.31
16.40
15.38
14.42
14.05
13.31
12.47
12.43
12.01
11.17
11.74
10.44
10.72
11.28
15.28
18.28
21.45
20.95
19.78
20.59
19.48
19.24
18.64
18.06
15.84
14.04
13.86
12.31
11.76
10.66
10.77
9.58
9.10
8.55
8.40
8.50
8.01
8.54
10.20
17.13
20.17
21.38
23.65
23.76
23.03
22.95
20.39
18.67
16.07
14.76
14.93
11.73
10.47
10.86
10.03
9.87
8.75
9.66
9.85
8.72
9.18
10.35
13.33
17.62
19.41
22.27
23.17
23.82
22.17
20.63
20.02
18.21
15.68
13.20
14.01
14.69
12.98
12.27
10.87
10.86
11.05
10.08
9.00
8.78
8.62
8.91
12.19
16.63
19.67
21.69
22.83
22.44
21.42
22.15
20.98
17.88
15.36
13.97
12.99
12.95
12.17
11.63
10.25
11.46
10.99
8.93
8.52
8.15
8.30
8.58
14.20
19.01
22.78
25.60
27.53
27.99
27.22
24.45
23.96
22.00
17.51
16.57
15.84
13.61
12.98
12.38
11.87
11.78
11.21
10.79
10.39
9.49
9.46
9.86
15.72
22.02
24.83
26.03
25.39
24.84
26.50
25.78
25.02
24.84
21.76
19.33
16.07
14.10
12.95
11.92
11.77
10.95
10.66
10.57
9.80
9.61
9.57
11.30
15.62
19.04
21.18
23.30
23.33
24.96
25.67
23.35
22.19
20.17
16.97
14.88
12.80
12.18
11.23
10.33
10.56
9.99
8.86
9.42
8.40
8.05
9.01
8.08
10.26
13.83
17.09
18.42
19.66
20.16
21.33
20.47
20.05
18.89
15.57
14.34
13.53
11.24
11.56
10.99
10.83
10.59
9.34
9.08
9.06
8.74
8.53
9.37
13.03
20.02
23.75
26.37
25.22
28.24
29.18
27.91
26.19
22.67
19.02
16.58
14.97
13.19
12.01
11.40
10.99
10.66
10.29
10.10
9.28
9.34
8.71
9.43
14.54
21.71
25.25
27.07
27.88
27.09
25.26
25.11
21.78
20.70
16.13
15.20
13.37
12.34
11.48
11.06
10.29
10.55
10.04
8.85
8.56
8.43
7.99
8.04
11.98
16.21
20.09
21.93
23.76
23.92
25.40
22.39
21.29
19.76
15.78
15.53
14.49
12.65
11.43
11.40
10.50
9.96
9.80
9.20
8.46
8.26
8.08
9.47
13.82
20.34
21.46
23.30
23.73
23.11
21.14
20.88
19.08
15.47
11.95
11.31
10.78
9.68
9.13
8.59
8.01
8.10
7.93
8.34
7.79
7.88
7.74
8.98
11.05
14.47
17.43
17.93
18.04
18.72
18.49
18.29
17.73
16.21
14.75
12.31
12.73
11.23
10.95
9.69
9.23
8.95
9.03
8.48
8.65
8.56
8.35
8.28
9.37
12.31
15.66
15.97
18.01
18.89
18.61
18.57
18.19
16.37
14.61
13.57
11.82
10.98
11.32
10.22
9.77
9.88
8.80
8.71
8.62
8.59
8.45
8.39
9.55
12.64
15.78
15.90
17.67
18.62
18.81
19.00
18.32
16.87
15.03
14.32
11.22
11.29
10.92
10.60
10.22
10.08
9.24
8.10
8.24
7.98
8.19
7.93
9.97
10.77
17.29
19.38
20.22
21.43
19.30
18.39
17.21
16.31
13.92
13.42
14.07
13.02
13.17
10.28
9.32
9.34
9.23
8.95
8.15
8.34
7.96
7.89
10.95
15.07
18.32
20.78
20.92
20.37
21.96
21.12
20.74
17.00
14.70
14.46
13.30
11.38
11.09
12.25
12.64
11.12
10.28
9.73
8.11
7.96
7.86
7.78
9.95
15.26
19.71
22.41
24.75
26.15
27.06
24.82
23.57
20.54
16.52
14.61
14.45
12.92
12.21
11.46
10.92
11.10
10.48
9.98
9.47
9.73
9.83
11.65
17.84
21.50
25.53
27.63
26.93
25.85
25.28
23.53
22.87
19.42
15.57
14.75
15.57
16.10
14.46
13.62
12.94
12.49
12.35
11.94
10.38
9.90
10.34
10.17
12.10
15.35
17.59
18.96
20.05
18.32
18.27
19.15
18.80
16.82
14.87
14.44
12.04
12.61
12.16
10.99
10.42
10.12
9.34
9.67
9.30
9.10
8.69
8.59
10.54
13.35
15.57
17.48
18.61
19.37
18.35
16.56
14.71
13.24
11.59
10.80
10.87
9.78
9.01
8.85
8.77
8.60
8.78
8.77
8.60
8.62
8.46
8.39
8.43
10.06
12.17
13.71
15.10
15.24
14.93
16.22
15.00
13.80
11.98
12.20
11.41
10.61
9.69
9.59
8.68
8.74
8.50
8.52
8.27
8.22
8.38
8.06
8.29
11.06
14.04
14.58
15.66
15.80
17.23
18.20
16.43
13.79
11.51
11.19
10.75
10.38
9.74
8.80
8.35
8.32
8.04
8.14
8.10
7.69
7.88
8.43
10.19
14.20
16.85
20.88
21.04
21.46
21.78
21.86
20.69
16.22
13.10
12.15
12.02
10.99
10.70
9.85
9.62
9.07
9.53
8.63
8.83
8.26
8.25
8.31
9.82
12.23
16.00
17.22
19.47
20.33
21.45
21.10
18.30
16.16
12.33
11.90
11.71
12.41
12.96
11.15
11.28
10.06
9.77
9.88
8.77
8.71
8.83
10.48
11.53
15.15
16.73
18.94
18.26
19.02
18.96
18.53
16.42
12.53
10.71
10.78
10.52
10.60
9.74
9.71
9.09
9.07
8.78
9.17
8.49
8.73
8.51
9.13
11.06
13.81
15.50
16.81
17.35
17.61
16.41
18.32
17.59
14.25
12.70
11.67
9.96
10.25
10.62
9.50
9.13
9.14
8.81
8.48
8.42
8.71
8.09
8.34
8.46
10.30
11.62
13.58
14.75
15.06
14.59
15.85
14.27
11.95
10.19
10.52
9.56
9.02
8.17
7.97
7.99
7.96
8.06
7.86
8.08
7.85
7.98
7.80
7.62
8.48
11.24
12.52
14.56
15.71
15.19
15.93
14.47
13.50
12.28
11.51
12.67
12.10
11.08
9.92
10.50
9.68
9.21
8.68
8.31
8.63
8.20
8.07
9.23
10.79
11.84
12.82
13.73
12.25
13.31
13.34
12.11
11.01
8.56
9.20
8.68
9.69
9.83
9.16
8.56
8.06
8.57
8.49
8.07
7.86
7.79
9.52
9.83
10.33
10.25
11.21
11.62
11.23
11.57
10.13
8.21
5.97
5.87
6.09
6.59
6.79
6.56
6.41
4.29
0.00
0.00
0.00
0.00
5.63
5.73
5.69
6.39
6.41
7.06
7.30
7.38
8.37
7.33
7.14
7.28
6.07
6.03
6.45
6.27
6.19
6.02
6.12
6.11
6.37
6.24
6.43
6.10
5.79
5.85
7.03
8.93
8.69
8.69
9.70
8.91
7.88
9.30
8.36
6.39
5.73
5.71
6.58
6.62
6.33
6.47
6.20
6.60
6.41
7.35
6.42
6.27
6.03
6.26
6.50
6.80
7.00
8.12
9.69
9.27
8.16
9.62
10.06
8.87
6.70
6.27
6.42
5.99
6.52
6.27
5.93
5.90
6.00
5.96
6.28
6.10
5.95
6.08
5.72
5.72
5.35
6.29
7.01
7.83
7.86
8.64
10.17
10.25
8.16
7.31
7.47
6.45
7.00
6.20
5.85
5.95
5.75
6.14
5.77
5.91
5.87
6.35
5.63
5.42
6.26
7.65
7.86
8.99
10.28
10.79
11.50
11.13
8.87
8.18
8.23
7.16
6.56
6.25
6.23
6.56
6.38
6.29
6.24
6.26
5.65
5.90
6.08
6.71
7.29
8.92
9.78
12.27
14.74
14.82
13.58
12.68
10.15
7.82
8.32
8.99
8.12
8.26
7.32
7.29
6.31
6.89
6.30
6.36
6.09
6.26
8.27
10.02
11.57
14.31
16.72
19.10
18.74
18.57
19.68
16.57
12.41
10.57
9.18
9.55
9.60
9.35
8.65
8.79
8.22
7.05
7.17
6.71
6.75
6.75
7.43
6.51
9.75
13.93
13.87
16.32
17.06
16.95
15.02
12.75
11.07
8.75
8.07
8.28
8.00
7.78
7.48
6.73
6.48
6.73
6.66
5.91
6.23
5.88
7.74
9.14
10.83
13.98
16.88
18.30
19.48
19.64
18.06
13.48
10.17
8.78
8.03
7.44
6.98
7.04
6.47
6.28
6.91
5.92
6.03
6.04
5.67
5.42
6.06
6.53
9.71
15.03
16.43
18.36
18.14
16.23
14.40
13.11
11.35
8.92
8.15
7.14
7.28
7.13
7.15
5.92
6.26
5.71
5.89
5.56
5.80
5.37
5.99
6.29
7.76
9.38
10.45
12.58
13.91
11.79
12.13
12.08
9.10
8.04
7.18
6.68
6.64
6.20
6.40
6.12
5.97
5.48
5.89
5.47
5.87
5.40
5.46
5.70
7.57
9.41
11.06
12.33
12.15
12.53
11.80
11.13
9.71
8.60
7.83
7.26
6.76
6.25
6.74
5.88
6.18
5.85
5.99
5.54
5.72
5.54
5.22
5.48
7.42
9.52
10.48
12.24
11.77
12.23
10.92
10.96
9.27
8.13
8.27
7.82
7.12
6.94
6.80
6.32
6.10
5.56
5.44
6.09
5.46
5.62
6.62
9.16
10.77
14.14
16.37
16.29
14.39
11.86
12.40
10.57
9.88
7.43
7.98
7.37
6.76
6.09
6.25
6.29
5.95
5.93
5.62
5.93
5.62
5.80
5.40
6.99
6.74
9.84
8.02
10.95
9.67
9.81
10.64
8.78
7.68
6.79
7.23
6.28
6.71
6.31
5.76
5.79
5.72
5.84
6.41
6.25
5.68
6.02
7.06
7.91
8.37
10.82
12.96
10.93
10.37
9.26
10.37
9.19
7.54
7.29
7.28
7.35
5.99
6.15
5.76
5.94
5.99
6.26
5.88
5.96
5.51
6.62
7.14
8.38
9.44
9.17
10.15
11.78
12.28
12.98
11.52
10.26
8.48
8.13
7.64
8.26
7.44
7.03
6.69
6.82
6.32
6.76
6.26
6.89
6.40
6.59
6.28
5.92
6.21
6.40
7.05
7.41
7.74
7.11
7.90
7.25
6.28
6.66
5.78
6.06
6.18
5.83
5.61
6.00
5.80
5.85
5.62
5.81
6.24
5.66
5.92
5.61
5.66
6.37
7.36
8.09
9.05
8.49
8.71
8.60
7.72
7.45
6.96
7.69
6.16
6.20
5.70
6.06
5.62
5.79
5.75
5.41
5.61
5.48
5.62
5.84
6.30
7.92
8.66
9.38
10.36
9.96
11.28
9.66
7.66
6.91
6.46
7.61
6.17
5.92
5.79
5.78
5.81
5.63
6.02
5.40
5.96
5.51
5.73
5.76
6.19
6.18
6.94
7.54
7.60
8.40
7.73
7.11
5.72
5.92
5.56
6.20
5.62
5.77
5.92
5.77
5.99
6.04
5.91
5.49
5.58
5.48
6.71
7.52
11.43
9.95
9.73
8.69
9.60
8.23
8.54
7.04
4.50
6.04
5.61
6.96
6.44
6.43
6.36
6.49
6.38
6.18
6.53
6.89
7.12
10.12
9.48
9.20
7.87
9.52
10.05
9.13
8.67
7.69
8.50
7.25
7.15
6.19
5.91
7.32
7.04
6.87
7.74
7.56
8.01
7.90
7.86
9.19
9.57
12.21
12.16
12.06
9.43
8.60
8.82
8.94
8.51
6.80
7.42
6.35
5.17
5.23
5.37
5.53
5.31
5.72
6.08
6.32
7.39
7.38
7.75
9.42
9.11
9.41
9.47
6.56
5.32
4.96
5.08
5.15
5.18
4.88
5.28
5.05
5.07
5.20
5.43
5.15
5.47
5.22
5.64
5.86
6.84
6.37
7.14
8.58
8.82
8.37
8.93
7.64
5.60
5.83
5.17
5.10
5.18
5.06
5.07
4.92
5.06
5.38
5.51
6.34
6.56
5.98
6.61
7.12
7.51
7.03
8.16
9.25
9.37
9.25
9.04
8.64
10.26
10.90
12.38
10.04
8.55
7.26
6.98
6.78
6.59
5.68
5.41
6.66
5.75
5.94
6.26
6.72
6.65
7.18
8.10
9.13
9.76
12.51
13.27
12.25
10.29
10.76
9.43
7.11
7.01
6.77
6.52
5.69
5.76
5.37
5.39
6.67
7.58
7.55
7.76
8.87
8.39
9.03
9.40
9.84
10.11
10.16
10.21
9.07
14.80
11.00
7.70
7.17
7.17
7.55
7.13
5.80
5.41
5.38
5.40
6.56
5.92
6.47
6.09
5.98
6.05
6.82
6.65
7.74
7.42
7.48
7.54
7.01
6.44
6.16
5.69
5.31
5.52
5.13
5.27
5.19
5.32
5.52
5.20
5.33
5.33
5.53
5.37
5.85
5.95
5.93
6.65
7.49
8.61
9.50
9.72
9.85
10.35
9.25
6.99
7.04
6.50
6.28
6.17
6.90
6.64
7.58
8.71
8.82
9.40
9.29
9.47
10.42
9.70
9.46
10.43
11.17
11.37
12.24
11.53
9.55
6.95
6.14
5.66
5.58
5.04
5.24
5.18
5.70
5.41
5.90
6.86
7.92
8.34
9.08
9.18
10.36
10.25
10.63
11.02
12.01
12.32
12.43
13.02
9.58
7.18
6.11
5.48
5.48
5.06
5.11
5.19
5.17
5.08
5.51
5.40
5.95
6.88
7.84
8.24
8.67
9.29
9.47
9.91
11.50
11.90
11.85
11.81
10.95
11.63
9.94
9.00
8.79
8.44
8.37
7.12
6.77
6.31
5.65
5.66
6.37
6.67
7.06
8.00
8.41
9.29
9.36
9.38
10.70
10.81
10.96
10.57
10.40
10.48
8.80
8.44
7.70
7.37
7.44
7.60
6.74
5.63
5.61
5.78
6.61
5.75
6.04
6.67
6.21
6.60
6.68
7.37
7.17
7.82
7.63
7.43
8.58
7.96
8.31
6.91
8.49
8.01
8.05
6.47
5.73
5.76
5.39
6.08
5.57
5.45
6.07
6.03
5.97
6.42
6.62
6.60
7.08
7.22
7.38
7.03
7.72
7.28
7.82
7.18
7.33
7.69
7.33
7.23
6.01
5.84
5.25
5.48
5.54
5.55
5.98
5.80
6.48
6.55
6.54
6.43
7.72
8.44
8.47
8.62
9.23
9.15
8.58
7.68
7.60
7.88
8.24
6.99
6.23
6.29
5.23
5.24
5.17
5.66
5.62
5.84
5.69
5.79
6.59
7.09
7.93
8.42
8.76
8.74
7.63
5.79
5.25
5.46
4.67
5.05
4.87
4.88
4.82
5.12
5.25
5.55
5.34
5.35
5.64
5.75
6.11
5.75
6.28
6.59
6.59
6.73
6.72
6.80
6.33
5.68
6.41
5.25
5.55
5.39
5.16
5.11
5.73
6.60
6.13
6.77
7.26
6.95
7.25
7.17
7.49
6.99
7.35
7.13
8.13
8.22
7.64
8.41
7.94
8.78
7.35
7.05
6.53
6.24
5.75
5.56
5.73
6.48
5.32
5.86
6.32
6.10
6.23
7.95
8.07
8.98
8.88
9.27
10.49
10.47
10.76
11.36
10.67
9.30
7.36
7.22
6.18
6.40
6.00
6.51
4.97
4.81
4.91
5.21
6.57
6.00
6.70
7.91
8.02
8.53
9.04
9.80
10.13
10.41
10.48
10.11
10.47
9.80
8.18
6.91
6.03
5.89
5.79
5.87
4.95
5.67
6.10
5.13
5.71
5.82
6.10
7.51
7.63
8.75
8.65
9.45
10.15
10.50
10.59
10.33
10.71
8.55
7.76
6.70
6.67
6.17
6.13
6.20
5.20
4.73
5.13
5.05
5.73
6.23
6.34
6.53
7.57
8.21
9.57
11.23
10.76
10.95
10.68
11.30
9.18
8.84
7.81
7.46
6.41
6.32
6.46
6.15
6.18
6.01
5.55
4.85
4.85
5.03
5.21
5.61
6.70
6.61
7.14
7.43
7.93
9.13
10.29
9.20
7.18
5.24
5.00
4.51
4.80
4.77
4.48
4.42
4.69
4.65
4.78
4.75
4.80
5.42
4.92
5.26
5.22
6.23
6.15
7.06
7.95
8.37
9.86
8.61
7.80
5.38
5.07
4.61
4.82
4.78
4.47
4.65
4.50
4.95
5.13
5.85
6.65
7.20
7.53
8.35
9.15
9.45
9.58
9.55
11.07
11.52
12.46
11.79
11.52
9.76
8.90
7.91
7.16
7.89
7.50
7.20
6.42
5.65
5.67
6.17
9.00
8.84
9.88
10.99
11.98
11.18
12.22
12.42
14.34
13.97
15.76
14.79
13.86
9.87
8.20
7.24
7.55
7.10
8.59
9.49
7.89
7.50
8.14
11.28
10.29
12.16
11.12
12.34
12.80
11.16
11.68
11.27
12.97
12.01
13.68
11.95
11.40
8.91
7.34
7.19
6.57
6.35
7.20
7.23
6.63
5.73
5.23
5.96
6.41
6.14
6.49
7.25
7.51
8.51
8.65
9.77
11.24
11.27
12.38
12.27
11.15
9.65
8.00
7.04
7.05
6.20
5.77
5.64
5.06
4.93
5.54
6.79
7.21
8.16
8.34
9.06
9.63
10.34
11.20
10.89
13.15
12.99
13.48
14.51
12.51
8.85
7.61
6.96
6.35
6.42
5.74
5.99
5.35
5.43
5.27
5.81
6.37
7.00
7.97
9.00
9.66
9.85
9.67
10.07
11.00
12.88
12.32
12.11
9.93
7.07
6.22
5.63
5.05
5.00
5.01
5.16
5.21
4.95
5.40
5.38
6.18
6.23
6.64
7.29
7.28
7.70
8.12
8.66
8.83
9.55
10.05
10.34
9.06
7.46
5.91
5.50
5.07
4.92
5.25
4.91
5.28
5.14
5.55
5.73
5.99
6.33
6.89
7.04
6.92
6.96
7.29
7.53
8.37
8.42
8.63
8.05
8.20
8.33
8.19
7.45
7.30
7.62
6.56
6.33
6.51
5.94
5.86
7.27
6.20
6.58
6.53
7.18
6.90
6.95
7.26
7.17
8.18
7.83
9.57
10.18
9.17
9.34
8.71
9.43
8.65
8.47
7.94
7.30
7.63
7.20
7.40
6.21
6.53
6.86
7.30
7.20
7.66
8.22
8.42
8.54
9.70
10.00
12.21
11.97
11.60
11.62
10.46
10.23
9.30
8.26
7.64
7.39
7.30
8.00
7.81
7.29
8.49
9.14
9.51
10.46
9.86
10.58
10.23
11.41
12.16
13.72
15.46
15.35
14.22
12.55
10.73
9.21
9.20
6.96
6.85
7.06
6.29
6.13
6.36
7.91
9.44
10.12
9.59
10.04
9.68
10.22
10.97
10.85
11.70
11.45
12.48
11.58
11.53
11.11
11.83
10.82
11.00
10.60
10.32
9.59
8.81
9.70
9.76
10.17
10.33
9.09
9.66
9.44
10.38
9.74
10.07
10.08
11.99
13.92
13.72
13.00
12.68
8.64
7.90
7.64
6.15
7.03
6.87
7.66
6.80
8.22
9.90
11.45
11.42
12.27
11.51
11.77
12.39
12.60
13.21
12.89
16.50
18.57
18.85
17.74
15.78
11.12
8.58
8.51
6.88
6.92
6.75
6.72
7.08
8.79
9.75
10.59
12.34
11.35
10.94
10.98
12.43
11.84
12.90
13.20
15.53
16.11
15.14
15.11
13.95
12.95
12.69
9.82
9.94
10.50
8.44
9.25
8.23
7.97
8.87
7.80
10.70
9.74
10.17
9.16
9.59
9.80
9.71
10.19
10.70
11.37
11.14
11.72
10.78
10.83
9.34
8.68
7.77
7.39
7.71
7.51
6.65
6.68
7.47
8.10
9.52
8.80
10.01
9.59
