105.76
112.27
114.74
122.39
211.90
273.48
268.65
271.02
266.62
266.65
226.62
213.68
203.69
186.28
192.22
182.98
190.88
187.75
167.55
158.43
106.18
100.54
117.89
119.11
126.11
132.94
127.99
134.09
198.87
275.58
272.78
277.29
282.65
283.46
274.04
220.99
207.40
188.52
227.15
213.51
207.44
187.63
173.31
174.39
128.33
112.47
124.30
120.81
126.88
130.80
131.66
131.72
211.16
278.85
280.72
286.36
287.69
280.25
253.74
231.12
215.54
186.40
187.68
188.23
183.99
166.46
164.54
151.86
115.06
101.62
96.96
120.05
119.35
122.05
124.45
130.25
181.43
272.14
275.81
271.26
274.93
187.92
97.40
101.73
106.01
217.54
197.94
185.68
178.62
169.79
137.38
131.27
110.36
101.67
94.58
92.74
92.75
91.89
92.72
90.98
93.64
115.33
96.17
205.02
179.55
140.33
132.78
113.43
116.63
114.82
113.91
110.15
111.12
98.66
95.19
97.71
96.27
96.30
93.24
91.29
93.25
90.53
91.11
90.37
116.02
92.65
94.12
93.32
92.94
95.51
93.49
94.76
95.63
95.84
96.79
97.17
96.41
96.20
99.24
95.91
100.22
97.04
95.32
93.68
113.78
95.02
114.56
118.26
179.17
254.46
281.72
267.96
230.09
218.97
213.88
188.78
196.14
195.52
191.65
187.35
186.55
174.68
144.47
126.21
111.42
102.97
93.93
93.59
91.82
91.30
91.78
90.96
145.25
230.69
244.35
206.18
216.43
206.16
184.24
190.41
197.44
196.84
198.54
197.30
190.04
172.35
140.57
124.13
111.65
101.94
94.53
91.55
90.44
91.93
89.14
89.82
105.91
198.27
157.69
152.61
106.37
111.11
109.83
109.76
114.64
119.37
195.11
209.24
192.26
174.23
139.30
125.05
115.96
101.27
95.17
90.33
92.11
91.53
90.79
91.43
104.35
154.29
157.73
169.46
180.97
182.34
149.75
208.65
210.38
208.32
196.86
194.46
188.29
174.28
145.08
131.14
114.91
105.01
96.84
89.92
91.58
89.43
89.30
89.21
105.65
157.72
176.33
168.07
198.66
178.57
189.88
198.43
197.65
194.63
194.45
195.86
188.07
179.00
137.85
124.09
111.76
105.01
93.19
91.17
91.28
89.19
89.93
89.02
90.52
91.50
93.05
148.03
124.00
133.32
111.63
111.94
115.93
113.12
110.70
111.24
109.87
103.19
99.13
100.01
97.86
95.81
93.55
91.52
94.20
91.88
91.53
92.07
91.94
94.53
94.85
94.53
96.41
95.76
96.94
96.89
99.19
97.60
98.42
98.44
96.22
98.25
98.04
97.40
101.58
95.52
94.68
90.86
92.03
91.25
90.49
90.99
110.29
161.77
222.84
167.18
175.59
180.02
197.28
213.28
213.85
213.48
212.86
196.97
123.89
97.61
96.03
89.50
89.80
80.71
72.77
68.18
68.77
68.97
67.31
68.88
68.18
70.54
80.51
110.37
110.38
154.21
228.27
210.19
211.21
203.15
195.09
188.61
183.49
170.87
139.93
126.40
111.89
104.57
96.44
90.45
90.60
90.33
88.96
90.36
104.18
150.75
157.44
174.93
178.17
183.51
203.22
212.16
223.92
224.36
214.22
201.49
193.46
173.27
138.40
130.14
118.42
106.53
95.86
93.79
90.74
92.86
90.05
89.70
107.34
150.48
166.13
187.95
189.69
193.51
204.48
213.27
220.82
209.08
194.73
195.20
187.53
173.50
142.44
132.84
120.08
109.03
99.21
95.55
92.66
93.96
91.03
92.49
106.08
149.79
175.81
181.31
183.63
197.16
214.92
210.04
218.81
216.00
205.95
198.54
187.30
177.17
137.94
125.95
115.24
106.00
94.20
92.60
91.88
90.86
90.72
88.40
91.34
90.57
93.11
135.53
133.92
129.01
110.51
110.83
116.64
116.07
117.17
117.80
116.84
105.04
102.33
102.12
95.54
97.45
94.01
91.72
94.41
90.43
90.69
90.28
90.56
92.97
91.94
93.06
93.53
94.19
94.74
94.87
102.81
101.72
102.30
101.32
100.97
101.90
101.41
100.93
96.60
96.78
94.99
91.90
93.42
91.02
89.86
91.06
107.32
139.98
186.57
164.15
160.58
160.49
164.24
170.23
180.99
176.70
176.52
172.57
173.78
158.12
135.50
125.19
115.99
103.01
94.23
92.45
90.24
91.46
89.64
89.41
108.79
231.33
201.99
210.17
220.28
217.94
202.10
218.21
222.40
208.45
201.06
200.87
198.58
176.29
145.99
128.17
116.41
105.89
95.19
91.68
90.71
90.31
89.62
89.87
107.24
240.56
209.34
238.47
235.64
229.88
217.13
207.29
219.87
217.14
206.14
203.95
198.87
176.38
137.11
127.73
115.43
105.67
93.92
91.75
89.91
91.49
88.64
89.91
150.44
222.22
242.69
226.23
247.44
229.35
203.06
203.15
209.64
207.02
203.77
203.76
201.64
177.85
145.31
131.31
114.04
103.71
94.26
89.81
91.51
90.10
90.13
89.17
107.91
219.59
183.68
208.65
223.29
229.06
212.16
221.71
224.16
219.18
207.25
192.71
186.84
178.92
141.53
124.54
112.42
101.47
93.52
90.69
88.33
90.89
87.58
87.54
89.81
90.46
92.22
169.25
150.59
113.50
110.62
113.31
115.17
117.27
118.01
117.42
117.82
104.43
101.28
97.66
95.46
96.52
91.45
91.30
92.13
90.10
90.02
88.14
90.34
92.80
92.77
92.40
92.31
94.75
92.30
95.01
98.84
101.36
104.11
101.92
105.21
103.31
101.52
100.92
101.21
102.03
96.67
95.64
92.63
94.78
93.16
92.81
110.78
152.79
216.40
167.39
192.02
182.48
201.10
220.89
222.97
230.37
208.21
201.55
195.95
177.28
143.82
129.57
116.42
105.68
96.84
93.66
91.43
92.88
89.87
92.05
106.68
151.33
160.97
192.39
205.45
209.49
215.40
209.27
218.52
218.32
200.65
202.62
122.53
173.55
139.54
127.23
115.31
101.57
94.23
88.50
90.73
89.22
87.99
88.83
102.74
144.04
157.99
181.63
190.97
201.60
206.38
215.19
220.51
223.41
208.36
197.04
191.10
172.17
135.54
124.24
116.38
101.52
92.34
88.32
89.16
88.18
87.94
87.71
102.64
142.73
151.09
176.46
191.91
195.28
205.37
198.94
207.37
210.65
201.14
197.27
197.74
178.38
142.83
127.79
114.40
102.45
93.58
92.73
90.01
93.01
89.51
91.95
109.08
151.08
164.18
179.26
188.64
202.71
213.08
223.14
227.96
221.21
204.01
203.41
196.94
184.39
139.47
124.55
114.96
107.68
94.31
92.55
91.39
90.77
90.01
89.25
91.86
91.22
92.94
103.04
102.78
104.53
105.66
109.76
113.90
114.79
113.03
111.22
113.54
104.36
101.19
101.94
100.10
100.95
97.74
96.80
98.42
95.52
93.95
92.41
93.33
93.31
92.50
93.71
93.05
95.01
94.36
92.81
96.27
95.15
95.47
96.19
96.10
97.09
97.28
97.09
99.37
99.42
96.23
93.39
93.94
93.99
90.95
92.06
111.28
150.66
167.91
166.98
180.80
186.81
194.45
200.21
204.81
200.96
198.10
194.51
190.33
174.01
138.04
117.91
107.93
99.53
93.23
89.07
89.82
90.60
87.29
88.78
105.22
147.86
157.15
182.64
203.05
205.05
209.05
219.36
214.04
203.09
202.60
203.13
202.09
173.82
140.53
120.34
109.20
103.55
93.39
91.09
89.47
90.10
88.25
86.65
106.78
145.44
156.50
164.02
190.84
183.78
192.00
201.87
212.85
204.94
198.84
197.12
191.93
168.98
133.89
122.31
110.29
97.48
87.67
86.05
108.47
85.09
109.41
97.18
163.44
249.11
254.29
217.18
217.92
202.12
202.61
188.70
198.39
202.52
197.15
196.03
192.55
168.21
129.55
120.24
108.21
97.82
90.85
86.62
84.58
107.40
84.07
108.98
172.49
226.41
255.08
235.87
207.90
198.16
180.69
186.71
190.54
195.92
189.52
189.46
184.58
173.31
130.01
115.48
103.49
95.95
86.96
84.48
84.59
83.24
82.55
82.20
82.39
105.38
84.91
171.73
153.85
152.56
142.37
156.89
161.29
141.08
125.23
126.53
149.73
117.68
98.45
96.60
93.77
92.58
91.32
88.26
89.64
111.43
85.79
112.14
113.34
117.98
121.00
127.70
120.84
94.23
114.60
91.99
96.09
95.26
95.24
97.26
95.82
96.70
96.95
95.03
93.33
98.96
92.61
91.94
90.72
90.85
90.24
119.72
188.55
245.24
262.35
244.37
205.58
205.31
181.25
187.35
192.67
195.13
198.80
193.60
190.33
172.46
134.80
119.82
106.74
96.41
88.67
84.79
85.50
102.84
89.24
109.18
164.97
221.11
263.25
265.43
233.28
222.02
201.33
199.14
207.29
205.85
202.94
202.82
196.05
168.94
136.27
117.37
104.76
98.35
90.30
85.96
86.20
85.07
84.28
86.38
100.38
186.26
154.33
180.07
195.93
199.66
206.83
212.38
219.66
207.32
195.00
185.89
180.52
162.50
132.58
117.87
106.88
99.35
90.24
88.62
86.76
87.33
86.87
85.16
102.14
142.75
151.01
184.39
194.39
196.29
200.86
202.75
204.61
200.25
188.10
188.36
185.72
164.60
138.50
117.67
111.20
100.22
91.66
87.99
85.30
88.06
84.91
88.32
47.90
74.38
158.60
176.94
188.92
195.64
203.29
208.13
210.16
205.14
192.86
193.59
185.48
175.10
134.41
116.36
107.78
99.58
90.64
87.83
86.20
88.05
85.29
85.58
86.62
85.33
88.36
111.57
119.69
104.23
103.38
104.67
107.07
106.01
105.71
102.90
105.58
97.15
93.36
92.28
91.27
91.24
86.41
86.35
87.38
85.13
84.81
82.16
95.51
95.04
94.47
100.36
108.73
87.89
87.90
88.06
92.58
91.28
91.04
90.61
89.21
91.22
92.36
90.31
94.36
92.43
88.20
88.09
86.41
86.65
86.62
85.59
155.73
221.59
255.68
211.57
187.77
222.02
234.17
228.26
204.93
198.14
197.87
195.53
189.28
177.60
149.50
148.73
114.71
108.55
95.60
97.83
116.38
123.14
127.86
128.86
209.33
259.29
261.15
285.50
290.73
248.82
243.15
214.32
213.54
208.38
219.51
215.14
207.18
182.46
149.49
134.49
116.57
108.48
100.33
118.24
99.07
119.06
126.02
128.11
185.17
268.40
270.74
285.60
298.68
246.69
136.81
236.19
211.53
205.40
202.41
204.20
192.97
166.62
133.79
123.94
108.02
96.08
88.28
85.04
83.77
85.44
84.85
83.94
131.45
211.06
212.83
218.38
226.47
239.52
228.01
228.06
201.79
216.18
176.09
173.92
172.46
180.20
164.62
169.84
133.43
121.68
116.60
117.04
122.33
119.86
120.79
126.86
204.03
253.49
253.00
279.28
279.52
259.79
250.09
247.87
239.78
258.55
193.77
194.79
185.07
175.73
160.57
145.55
124.96
95.99
105.47
111.71
119.39
120.58
121.09
124.65
130.97
135.30
145.62
204.88
206.43
167.16
167.28
127.76
130.92
109.15
128.11
104.65
106.48
114.24
89.95
90.54
89.40
113.00
114.38
99.38
120.68
119.81
125.99
130.73
135.85
138.55
145.58
144.69
137.75
123.44
104.59
118.41
101.29
102.49
99.52
98.09
99.50
100.25
100.51
102.55
105.12
99.42
91.31
89.43
113.15
113.47
108.84
97.17
205.58
249.24
281.44
277.69
279.02
238.32
228.38
222.49
193.24
188.18
191.82
196.43
195.32
172.76
137.65
118.51
108.81
102.32
91.09
88.01
87.71
87.03
86.68
86.73
133.77
215.28
214.76
212.71
230.33
209.64
217.92
225.68
228.74
218.23
220.96
220.55
210.97
176.58
137.26
125.42
112.64
99.93
91.76
88.56
87.43
87.53
86.71
86.15
102.45
145.48
156.35
174.46
192.94
204.76
217.17
229.96
230.04
230.53
225.31
210.01
202.17
178.35
136.35
125.93
118.95
106.38
91.96
87.09
88.19
87.60
85.60
85.88
102.70
138.84
155.09
175.66
189.55
199.76
213.29
222.23
212.00
211.56
215.79
208.47
204.56
180.38
139.48
124.44
115.52
106.71
94.74
90.59
89.11
88.09
88.32
87.22
104.13
142.35
156.32
178.87
191.68
202.47
203.93
223.74
228.13
227.74
215.43
210.63
202.35
188.18
138.80
122.31
112.09
103.60
95.44
90.72
93.16
92.23
90.18
90.44
87.48
90.76
90.25
98.92
103.18
101.55
108.08
109.31
112.20
110.14
110.71
109.92
110.55
103.79
97.75
98.84
96.07
95.91
94.34
89.52
93.60
90.69
87.58
88.33
87.69
88.90
89.62
86.66
90.53
92.84
95.23
101.50
104.34
102.72
104.89
107.30
106.97
105.78
100.26
101.46
104.60
102.07
95.90
94.53
93.42
92.64
91.35
89.83
110.79
150.80
161.45
167.65
179.53
187.03
197.96
216.84
224.09
220.23
224.49
208.62
207.16
177.55
138.78
119.78
112.81
102.41
93.14
91.54
88.86
89.57
88.47
86.61
105.67
144.77
154.66
164.65
173.31
195.88
208.02
208.35
216.65
215.04
210.26
204.52
205.34
179.43
136.99
125.35
114.99
107.22
96.80
91.63
89.92
89.28
87.61
88.82
105.73
147.57
155.37
165.60
177.16
183.59
198.25
199.21
202.13
208.36
207.80
207.96
205.47
181.04
138.13
129.30
118.07
106.75
96.56
94.16
94.21
93.52
87.96
90.72
109.88
149.41
160.64
165.00
177.66
180.19
186.03
191.18
194.56
197.49
196.52
195.73
192.96
181.41
157.94
134.38
117.07
110.98
102.86
101.74
97.39
98.76
98.38
95.58
119.04
152.90
161.82
166.19
172.18
196.62
200.44
210.45
209.30
209.20
205.42
192.68
190.63
179.38
136.37
119.89
110.11
101.10
92.68
89.51
91.48
89.88
86.61
87.15
87.07
86.79
87.24
98.48
98.95
100.77
102.12
105.09
112.05
112.19
109.96
109.39
108.02
97.99
95.32
95.15
95.36
92.33
91.25
90.21
90.30
89.16
86.35
85.15
88.30
85.55
86.54
86.26
85.87
88.39
90.04
91.70
99.76
99.25
99.87
101.43
100.55
99.61
99.36
93.69
101.38
96.15
94.81
90.65
92.95
93.45
89.01
89.52
108.49
134.59
152.56
159.16
183.65
202.39
222.48
219.74
215.33
203.16
198.40
194.85
190.34
173.40
139.52
122.71
110.79
101.08
92.89
90.34
90.51
90.41
88.74
87.43
105.54
136.52
145.28
165.84
180.71
193.72
203.83
208.76
207.94
204.30
201.26
203.97
198.01
173.05
135.89
119.88
109.58
101.78
94.34
92.24
91.37
90.19
91.44
87.16
105.42
139.43
146.61
166.58
187.29
191.66
208.56
223.26
217.82
212.38
199.07
194.52
190.81
168.00
133.66
119.75
111.91
97.46
91.53
87.06
86.79
86.02
83.52
84.23
125.67
198.30
197.42
195.39
193.59
195.30
205.98
213.97
209.60
214.08
212.37
207.81
202.45
176.19
137.77
119.90
115.45
101.80
93.21
89.64
87.83
88.59
87.26
87.29
104.59
170.19
153.21
187.68
175.27
192.31
204.06
214.33
220.71
204.95
193.88
201.14
189.30
177.55
131.83
119.91
108.28
98.78
90.78
89.67
87.38
86.88
87.66
84.74
85.94
85.93
86.89
94.91
98.17
101.23
104.20
110.36
114.29
114.14
112.38
117.38
114.99
104.85
100.95
97.76
97.57
96.26
93.04
94.76
94.90
91.30
88.14
86.14
86.81
88.53
86.71
86.61
89.30
92.62
95.77
99.95
104.11
103.15
103.84
110.73
110.03
105.60
103.72
101.73
107.04
101.73
96.47
97.59
95.95
95.88
94.48
90.41
118.21
154.41
164.27
168.81
187.05
200.93
209.54
223.03
226.40
218.44
222.50
217.56
220.39
189.62
142.58
124.11
111.68
105.14
100.04
96.21
97.83
98.18
96.68
92.32
112.40
155.04
160.12
174.25
188.66
201.09
211.70
226.60
231.49
229.94
227.20
232.61
222.55
193.15
145.97
128.45
115.32
106.24
98.72
93.26
95.04
96.41
92.96
92.36
114.82
154.81
160.71
173.82
186.98
197.99
207.26
225.23
225.12
229.81
220.40
214.06
207.34
185.14
142.63
130.01
118.72
105.93
98.16
94.80
93.03
92.46
91.18
88.74
110.16
149.98
158.42
168.79
186.16
210.10
216.47
218.72
216.08
212.82
203.48
199.47
191.36
172.79
141.98
127.97
115.27
103.70
94.66
90.65
88.54
88.20
89.21
85.42
102.83
141.46
147.38
160.52
171.23
186.72
192.90
199.88
200.76
198.09
200.50
201.21
195.48
183.31
138.04
124.09
113.77
102.69
94.09
91.69
88.91
90.24
86.20
85.32
87.34
86.00
85.83
99.00
102.74
103.89
108.99
109.99
113.84
115.42
111.56
115.92
113.90
103.62
100.29
97.46
97.55
94.73
94.76
93.99
95.05
90.50
89.66
86.40
87.88
87.78
87.49
86.66
88.77
92.73
97.03
99.84
101.15
102.95
102.74
105.79
106.20
103.72
102.89
99.39
107.26
104.73
97.88
97.64
94.38
93.31
94.34
90.53
115.49
150.71
164.77
168.17
183.10
208.19
225.18
234.14
245.30
241.92
242.86
236.58
235.25
204.16
157.63
141.36
126.78
120.01
110.05
106.26
106.26
104.84
102.78
101.28
117.75
153.65
170.87
187.43
211.60
240.70
243.13
243.08
250.97
249.70
250.55
248.55
231.79
201.96
159.19
144.88
131.55
121.86
115.43
112.34
112.35
109.73
110.65
108.72
130.06
166.37
173.12
196.93
207.10
221.89
246.18
248.35
244.99
246.18
229.36
214.49
201.23
181.93
142.19
131.21
120.16
111.03
101.54
99.23
97.16
96.60
97.44
93.12
112.42
155.68
164.56
189.11
213.88
224.69
244.66
240.18
238.80
237.34
231.67
230.84
222.75
191.73
148.03
134.98
121.59
110.26
101.67
73.76
47.93
98.64
94.79
93.15
114.51
155.76
159.96
192.67
215.02
216.41
221.05
230.88
235.17
235.74
221.34
215.71
210.72
198.40
148.17
136.84
120.50
111.45
105.14
99.39
101.43
98.30
93.73
95.84
92.47
95.38
91.98
111.65
113.29
113.10
122.08
123.67
126.91
125.27
126.26
130.90
126.70
113.68
107.67
106.24
106.86
104.74
105.94
100.65
103.34
101.21
98.50
95.65
97.08
93.66
96.96
94.75
97.99
105.22
104.55
110.84
108.38
108.67
111.55
114.78
112.79
108.89
106.03
103.56
105.58
104.47
102.63
101.91
98.51
98.88
97.83
96.42
125.08
163.79
174.18
175.07
192.99
213.40
232.60
248.63
244.66
237.87
229.70
230.25
223.37
198.34
151.87
130.30
117.34
111.81
100.60
98.59
97.63
97.60
96.12
95.00
115.63
159.32
178.34
189.21
215.42
218.47
234.54
242.87
249.33
242.92
237.77
239.49
231.28
198.84
147.57
133.25
121.29
110.50
101.91
98.55
99.19
96.80
99.23
94.77
120.29
165.63
177.17
195.27
215.42
222.89
230.86
245.58
242.36
240.33
233.70
223.54
216.15
191.97
151.21
136.64
122.26
110.03
102.35
100.44
98.45
103.11
97.36
93.34
117.34
156.68
167.34
188.35
209.46
218.68
224.20
238.32
242.46
231.89
222.06
224.47
214.67
189.20
146.24
131.97
119.31
107.92
100.63
96.83
95.88
95.76
90.16
91.93
112.18
153.76
160.72
186.04
201.71
215.96
225.87
235.78
235.10
233.43
222.41
218.07
210.99
194.63
140.49
130.21
114.03
106.88
99.76
96.25
97.08
96.87
94.01
95.78
92.83
96.72
94.07
110.92
112.32
111.69
118.13
120.30
125.58
125.58
124.22
126.96
120.52
108.92
101.49
102.35
102.46
99.41
100.74
96.70
101.14
97.79
94.00
96.89
94.15
96.27
95.49
94.47
99.62
100.46
106.43
110.04
112.31
114.06
113.91
118.96
120.13
113.03
111.44
108.80
108.13
109.57
104.88
102.49
102.70
101.67
100.21
99.91
135.49
179.82
184.60
190.33
203.12
215.23
235.38
247.30
257.17
256.26
263.47
246.33
237.82
204.12
157.46
134.88
124.38
115.51
107.01
104.73
105.34
102.43
99.26
98.26
129.18
179.85
178.25
201.01
228.03
231.84
247.51
249.63
261.13
249.41
245.07
250.02
239.73
206.57
154.29
134.11
121.51
113.45
101.85
101.98
100.59
99.14
97.66
94.24
123.56
172.12
170.55
199.11
220.70
226.44
234.47
240.73
244.55
237.18
235.74
221.76
209.72
187.55
147.80
133.44
121.29
113.32
99.31
96.74
97.31
95.97
96.38
92.29
106.14
152.52
157.91
185.08
208.67
210.73
222.34
233.67
128.24
240.42
233.20
221.02
204.34
184.54
145.79
134.83
122.44
113.08
103.56
100.42
98.90
101.06
98.00
98.48
114.05
158.72
165.12
192.75
209.37
213.80
223.28
230.74
236.91
233.41
228.09
215.75
204.58
191.61
146.41
131.25
118.99
105.81
101.06
93.18
93.65
93.86
91.11
88.92
90.77
87.49
90.96
105.35
110.34
111.50
113.07
117.03
120.54
118.75
115.04
120.73
120.79
107.70
102.46
100.32
100.83
98.84
99.71
98.68
97.56
95.39
93.55
91.39
92.02
89.50
91.92
93.07
95.09
100.37
103.52
104.81
110.33
107.43
110.77
115.46
114.85
110.22
105.34
106.40
110.31
106.95
103.38
103.71
99.54
101.95
98.73
96.93
130.37
168.20
182.26
183.10
201.56
232.83
234.41
246.09
255.71
252.13
237.84
231.06
224.08
198.12
151.78
132.32
120.10
109.97
101.44
98.77
99.12
96.49
99.28
95.00
117.33
166.11
172.25
203.46
223.97
237.93
241.19
241.52
238.22
224.92
222.48
211.14
206.55
183.12
144.79
130.64
120.29
109.88
104.13
100.34
100.05
101.24
97.86
92.44
110.60
154.21
161.82
191.14
207.72
214.68
228.07
233.41
234.76
237.16
220.64
217.56
208.91
183.20
144.39
130.72
126.46
107.92
102.40
96.37
99.54
98.29
95.68
95.19
112.24
153.81
169.14
195.22
218.22
220.15
236.92
232.64
233.66
232.89
228.33
230.07
228.58
197.61
152.48
132.50
119.39
109.89
106.04
99.54
99.82
99.00
99.36
96.38
118.30
167.78
170.56
201.89
229.74
231.42
241.91
254.15
257.98
254.66
237.94
234.42
230.19
212.01
156.36
135.12
120.41
108.10
102.11
98.63
98.54
97.52
96.05
97.26
94.50
97.76
98.02
116.62
119.26
119.12
126.85
130.50
133.19
135.38
134.77
142.45
140.61
127.04
111.56
108.38
109.01
105.42
105.29
102.60
105.32
102.17
98.00
100.59
98.32
99.26
100.40
98.55
106.89
109.46
113.77
117.97
116.45
117.86
121.52
125.80
126.57
122.16
118.91
110.58
108.15
114.11
113.96
106.89
106.29
103.62
101.58
101.93
135.06
187.03
191.96
199.30
210.71
235.81
249.48
257.94
262.64
251.65
239.99
233.64
227.04
203.57
153.80
133.99
118.76
109.84
106.22
99.09
101.97
100.01
98.44
99.79
118.61
172.40
180.25
206.00
230.78
233.34
241.22
246.19
253.48
243.80
230.77
218.77
212.30
193.62
152.59
135.55
121.38
111.52
105.86
100.48
101.45
100.24
100.52
98.32
120.76
172.54
176.92
205.52
219.03
227.39
241.89
253.12
253.90
246.28
237.44
237.10
233.03
197.92
152.02
155.30
127.51
111.97
104.84
98.80
99.32
97.70
98.60
97.20
122.97
175.74
175.95
210.65
235.10
244.00
249.66
265.66
266.90
261.55
270.07
257.91
242.12
210.78
159.27
143.66
129.24
114.47
109.00
101.09
101.58
103.30
100.19
99.31
131.22
186.57
182.89
214.96
233.10
244.27
251.27
266.35
265.39
269.19
253.59
248.83
241.71
233.45
162.18
146.14
125.58
111.54
109.18
102.35
102.78
103.53
102.37
100.83
101.88
102.14
100.34
130.38
130.92
129.92
140.31
142.00
142.71
148.38
147.86
153.81
155.13
134.33
120.50
116.76
113.41
113.10
111.58
108.44
110.26
105.33
105.14
103.78
103.84
106.03
103.85
107.25
111.08
115.32
122.07
120.63
126.26
134.92
136.53
141.09
145.47
137.35
125.68
123.60
128.00
121.04
119.26
112.06
110.82
113.17
108.47
109.70
156.90
217.98
212.64
205.90
219.03
236.50
247.79
247.33
236.29
231.12
233.99
233.36
227.70
206.23
156.16
135.53
115.03
105.60
109.01
99.51
98.23
97.88
95.64
99.51
119.36
175.44
178.72
187.74
207.57
213.69
214.16
219.26
222.60
224.08
220.39
221.09
227.36
197.60
147.60
137.23
116.12
112.83
104.39
95.97
98.08
97.39
95.91
98.05
120.79
173.31
174.09
186.14
201.94
210.33
214.78
216.56
216.36
226.30
224.50
226.26
223.11
195.13
152.22
136.05
121.23
108.87
104.84
102.24
97.14
101.28
97.68
96.58
120.78
168.82
175.16
187.13
205.38
210.24
213.74
219.18
220.44
221.87
229.83
227.94
220.96
193.22
152.94
134.80
120.60
113.22
100.70
98.77
97.10
96.66
98.35
98.83
118.82
172.12
175.64
183.76
198.76
207.40
215.91
213.58
221.33
223.03
230.33
227.60
222.83
211.78
152.88
134.22
121.33
108.81
99.74
98.74
96.36
97.84
98.05
96.84
99.91
97.90
101.04
121.47
123.14
122.12
125.63
127.99
128.79
131.99
134.29
142.72
143.19
126.72
114.68
113.08
109.58
107.71
103.19
104.28
103.39
100.03
102.39
97.84
101.56
101.66
100.80
101.58
105.31
114.52
111.37
115.93
115.20
124.89
132.79
133.07
131.66
126.84
120.94
115.79
116.86
117.63
112.85
110.99
110.74
107.08
109.05
106.78
147.24
206.43
202.72
205.25
213.20
217.15
225.26
231.42
227.49
231.96
231.26
231.69
223.70
197.80
153.64
132.36
117.92
107.78
109.37
97.21
100.19
98.87
99.65
97.77
125.62
194.23
179.72
188.53
199.79
209.02
212.85
224.43
219.21
222.33
218.81
222.67
216.35
191.58
147.55
130.92
115.00
108.66
101.01
100.45
99.55
97.84
101.09
98.16
120.20
167.26
173.44
180.88
193.43
200.88
210.45
211.25
221.48
216.86
218.11
219.66
213.54
193.52
146.29
133.34
115.49
105.45
99.13
98.23
94.63
101.26
96.63
97.51
118.12
167.88
168.66
183.69
193.53
209.44
227.84
231.07
222.20
226.57
225.30
224.24
213.06
191.27
146.86
138.81
120.04
108.61
101.53
95.74
96.06
96.52
94.14
96.94
121.60
171.24
172.49
179.91
192.78
109.85
210.45
209.40
213.69
219.48
230.67
228.59
207.37
206.45
150.92
132.96
119.09
106.37
102.24
96.29
97.73
97.52
97.72
96.69
98.89
97.55
99.54
117.23
120.16
119.28
123.75
121.53
124.51
123.13
124.50
127.02
132.32
116.42
110.85
104.17
104.94
103.39
104.48
100.80
104.85
99.36
101.09
98.69
100.81
99.93
100.17
100.59
103.04
108.63
112.59
115.00
110.48
112.77
111.79
113.38
106.99
111.38
111.17
108.11
106.02
105.39
102.95
104.57
100.32
101.11
101.59
100.35
139.94
194.66
192.26
201.18
215.45
224.24
224.73
230.32
232.64
236.71
236.24
235.39
227.98
205.20
151.22
133.25
114.25
107.72
102.82
97.63
96.95
96.85
94.67
97.65
126.66
186.52
184.71
193.96
209.68
218.69
225.63
229.13
233.70
235.18
240.09
237.70
237.14
205.00
157.36
136.91
118.19
112.87
103.04
96.46
100.04
96.82
98.31
96.83
134.24
193.80
184.79
193.94
208.59
224.19
242.80
240.09
240.98
245.79
237.19
240.03
236.02
205.49
155.88
137.99
118.20
104.60
101.01
100.01
95.24
96.95
100.12
95.77
132.29
189.86
184.79
188.44
201.68
215.21
220.90
222.55
229.91
227.76
229.84
226.92
226.78
196.81
153.03
140.47
119.21
109.24
105.30
100.91
99.64
99.24
97.45
98.47
124.29
178.88
175.71
184.49
200.02
205.42
212.71
209.87
209.24
222.64
223.24
213.34
205.91
196.10
146.83
127.48
115.78
103.81
97.43
94.15
95.33
93.78
92.11
96.85
93.69
93.09
95.14
117.06
115.89
115.56
118.24
120.37
116.45
121.80
120.13
121.75
128.23
109.38
104.83
101.26
101.60
100.12
97.56
99.01
98.61
95.26
98.64
95.29
95.36
99.76
95.19
97.67
98.79
101.59
100.93
99.39
104.49
102.10
102.23
105.06
102.28
102.93
100.23
102.24
101.85
102.56
101.54
97.48
97.90
98.78
95.00
97.07
132.26
173.82
186.00
183.05
199.35
208.53
213.57
215.50
213.22
215.51
215.28
211.16
205.03
181.92
140.28
123.53
111.23
102.47
98.06
93.01
94.17
92.13
89.29
91.81
108.40
153.05
164.11
174.04
188.06
205.19
222.98
220.45
228.90
221.67
212.46
208.70
205.82
182.53
142.50
125.14
114.55
105.11
98.70
99.95
93.42
94.85
95.82
91.62
112.28
155.51
164.19
173.62
183.31
205.60
206.14
216.19
217.04
215.69
214.11
218.30
202.97
183.17
139.82
129.46
116.49
104.21
100.66
97.66
93.79
94.24
94.09
90.77
110.63
156.10
162.76
178.51
197.76
210.13
210.28
218.48
215.58
224.24
222.56
210.37
207.55
181.54
140.00
126.90
117.53
104.82
98.96
96.98
95.10
92.73
96.34
91.15
111.64
156.17
161.03
191.07
205.09
208.28
214.77
212.87
205.09
207.91
210.82
218.70
210.61
202.03
145.85
126.39
116.42
105.36
97.49
94.66
94.83
92.90
94.44
94.25
91.68
94.45
94.54
112.19
114.24
115.00
118.63
116.33
119.93
119.47
120.91
127.71
130.36
118.57
113.16
105.16
102.87
102.41
100.54
98.78
101.51
96.98
96.93
97.28
98.52
96.44
97.87
99.34
101.90
106.77
110.00
106.16
107.39
107.25
110.08
114.06
119.09
120.99
112.67
110.41
105.02
103.42
104.48
99.16
99.37
99.98
96.93
99.94
134.35
187.13
191.26
184.52
193.13
191.00
190.01
193.95
188.97
190.58
193.22
194.13
193.23
178.45
141.28
123.69
114.51
102.22
96.73
96.90
94.44
92.15
96.37
91.60
112.93
162.36
164.99
179.34
192.85
202.52
207.34
205.61
209.23
208.53
213.26
213.64
210.82
189.12
149.50
129.14
113.93
108.45
98.59
96.50
93.99
94.36
93.60
94.08
114.13
163.23
169.72
180.85
194.37
204.15
207.32
211.55
212.19
219.70
222.44
223.86
221.55
195.59
150.65
136.07
118.24
109.20
100.88
94.47
97.56
95.20
94.69
97.06
122.00
177.56
178.14
185.06
201.16
215.09
213.95
224.25
227.57
232.69
234.51
238.10
232.36
201.25
153.65
139.16
119.46
107.81
101.09
95.96
97.84
96.02
96.64
100.22
128.47
187.16
185.89
191.25
206.01
216.27
219.73
222.92
221.35
224.29
227.39
230.85
225.49
220.80
161.19
137.02
121.39
111.71
102.45
98.08
100.65
99.33
96.72
99.65
100.20
97.93
102.87
126.27
128.50
132.70
129.91
132.56
134.18
135.01
139.29
149.66
152.97
133.81
124.97
117.27
112.89
110.88
107.51
108.72
105.71
103.61
106.38
102.91
104.28
107.53
102.95
106.69
116.74
118.79
123.98
127.23
128.96
132.91
136.49
141.97
139.44
142.54
134.92
123.33
119.89
113.83
113.08
110.11
109.36
109.55
107.67
108.94
152.43
219.52
216.08
213.12
228.68
236.76
244.94
247.97
251.94
252.04
256.36
249.09
245.35
215.45
158.51
137.95
115.44
104.53
103.04
100.50
98.99
99.36
100.29
99.71
135.67
201.42
188.52
196.54
213.14
223.91
226.40
236.39
234.89
239.07
244.39
244.46
237.36
206.48
157.82
134.34
118.36
108.43
104.74
102.20
98.96
100.41
102.97
99.90
138.01
203.35
190.56
198.79
217.22
222.41
228.97
233.86
247.83
248.93
241.88
248.91
239.74
222.42
159.64
146.28
125.56
114.81
107.09
104.21
102.90
104.61
104.59
104.31
143.14
209.84
198.72
201.97
216.64
231.97
237.72
241.52
248.36
250.41
252.96
258.12
252.37
224.41
170.23
152.03
131.05
115.85
109.48
105.74
106.52
106.54
104.48
103.43
146.73
212.58
198.22
202.39
221.65
222.74
235.61
241.09
243.66
250.90
254.54
256.86
250.77
247.65
169.65
144.09
128.29
112.09
107.67
103.66
103.46
101.96
103.43
102.49
102.18
103.59
104.67
130.44
134.96
136.88
137.05
139.22
139.39
139.56
145.73
158.82
162.81
139.46
130.69
122.14
116.13
116.25
110.04
108.28
109.74
107.38
105.34
105.16
108.28
106.23
106.95
111.78
121.13
123.61
126.97
130.85
133.02
139.86
148.98
152.85
158.58
157.23
150.14
139.22
133.31
127.27
124.28
121.06
117.45
115.60
113.61
113.73
159.18
223.77
224.18
214.16
223.46
237.95
242.71
248.91
257.92
267.81
280.39
274.83
267.20
238.89
182.00
156.23
121.75
122.08
126.53
116.39
114.53
114.12
113.03
113.57
161.38
243.76
222.96
230.19
242.86
250.57
258.97
259.31
268.40
267.41
268.38
264.73
258.43
228.14
174.60
146.53
120.71
114.50
112.47
106.41
106.12
108.50
105.59
106.69
150.31
216.68
203.42
211.21
220.50
257.19
264.96
268.58
284.39
285.89
284.41
268.43
265.03
233.06
173.19
155.43
128.01
116.56
114.60
109.40
109.37
112.11
108.51
108.97
153.10
224.13
207.95
211.05
226.10
243.84
248.84
251.78
251.93
260.80
263.66
267.89
256.82
231.12
174.18
152.49
132.47
115.28
110.17
108.77
107.21
107.20
108.60
107.84
147.34
210.33
198.67
206.81
228.59
234.56
238.21
242.03
246.22
246.59
250.98
250.49
253.11
246.76
175.26
148.10
128.43
115.73
110.04
108.05
107.50
106.23
106.09
107.09
106.59
108.51
111.57
134.91
142.17
142.71
143.17
148.54
150.59
158.19
163.18
173.05
173.81
149.80
141.65
132.99
124.50
126.11
119.36
115.75
116.10
113.59
112.24
113.71
111.81
111.83
116.48
119.57
127.31
135.70
141.59
144.16
149.01
159.21
159.15
166.39
170.93
165.26
158.19
145.79
134.40
131.77
130.18
120.94
120.80
121.16
116.16
115.28
164.69
229.30
224.41
221.72
239.38
251.45
254.20
248.30
247.61
257.11
256.79
260.27
261.88
228.46
171.92
148.80
120.24
114.08
111.91
108.11
106.08
109.76
108.19
106.55
150.29
215.96
200.51
210.34
226.80
234.82
243.34
250.98
255.64
266.91
255.28
252.31
251.82
221.34
164.63
146.22
121.62
113.72
109.34
105.39
105.84
106.76
105.91
105.59
145.80
205.57
195.73
205.34
220.54
225.24
231.05
234.92
238.50
245.16
249.31
251.96
246.28
223.02
165.20
146.94
126.93
111.98
107.40
107.49
105.98
107.36
106.49
106.59
144.82
210.82
195.51
205.41
224.86
229.75
235.43
240.79
242.77
245.80
250.50
254.95
254.80
227.65
168.62
149.32
128.33
111.42
105.78
107.24
105.25
104.35
105.01
106.62
141.90
206.82
200.12
206.08
220.63
230.23
233.54
239.14
244.06
247.45
249.78
253.23
249.32
239.07
173.21
145.92
124.82
114.43
107.67
106.04
106.40
104.35
105.51
106.40
105.71
106.87
109.91
134.69
141.61
145.48
143.38
145.79
149.63
156.55
161.63
164.31
167.34
141.33
130.42
125.78
119.63
113.52
114.37
111.50
111.94
111.35
110.04
109.78
110.86
108.24
109.27
117.98
123.84
130.37
136.85
135.46
140.88
144.28
142.33
147.96
152.52
148.48
142.01
136.08
132.51
129.00
125.41
120.65
117.42
116.30
115.29
111.06
154.32
217.91
216.39
220.29
250.68
267.66
289.62
290.26
289.15
295.49
280.51
273.43
262.44
230.22
169.24
141.66
123.53
112.85
106.47
109.95
106.16
103.70
106.13
105.13
143.65
207.73
197.92
206.70
232.84
254.40
268.15
270.89
284.85
280.40
260.86
259.94
255.44
227.45
173.13
141.91
119.62
116.71
109.05
106.93
109.07
106.03
105.70
109.10
145.49
209.92
200.06
227.45
248.61
258.66
288.27
290.86
291.09
292.30
275.04
272.57
264.82
232.58
172.62
149.82
128.80
111.52
110.92
107.96
105.80
105.47
106.82
105.69
145.30
211.38
198.52
206.27
245.10
258.88
272.05
280.09
284.29
275.73
258.20
262.20
262.52
227.65
171.09
148.99
127.07
116.54
91.45
106.89
105.13
105.36
107.81
105.60
147.61
213.82
200.22
217.12
178.22
241.98
247.64
278.78
290.36
294.05
286.05
273.68
266.69
258.71
178.13
149.58
126.54
116.56
114.15
108.36
110.95
110.20
108.34
108.40
112.24
111.54
111.63
141.86
146.83
149.14
155.64
164.70
169.87
179.99
180.90
181.99
180.29
166.39
151.08
152.39
146.54
143.65
143.29
137.14
130.09
128.71
128.07
124.93
121.78
122.56
121.47
130.32
142.32
149.35
156.21
163.49
166.57
170.13
178.32
178.33
182.53
182.89
173.47
166.33
161.60
154.33
151.09
146.62
142.99
138.65
134.36
130.93
175.91
245.63
253.65
245.14
259.73
269.64
270.40
275.15
280.91
275.92
291.23
288.13
270.46
247.95
181.73
155.35
128.46
118.96
116.75
118.08
113.81
116.02
115.85
113.90
163.05
240.99
215.42
221.86
241.72
254.28
256.73
260.67
262.35
264.12
274.23
267.24
261.95
233.71
177.42
148.39
124.16
116.49
114.79
113.78
110.38
113.18
111.92
110.84
155.00
227.22
210.65
214.16
234.59
245.55
249.28
251.65
258.09
259.85
261.37
257.29
251.80
230.25
170.22
147.95
129.09
112.22
108.33
110.15
106.44
109.60
109.52
107.01
149.78
215.30
199.85
203.99
213.90
216.59
219.84
222.17
225.79
228.20
235.18
239.29
238.24
219.46
168.53
151.15
127.04
116.45
110.39
107.67
107.27
107.43
106.01
107.73
149.27
213.60
202.95
210.53
218.17
225.25
232.00
232.22
232.06
235.87
239.08
242.48
244.68
242.27
171.98
149.71
126.54
114.98
113.07
106.20
106.81
109.35
106.55
107.62
109.99
110.98
109.92
138.01
146.84
149.25
149.84
158.18
153.59
161.29
173.57
175.23
176.31
157.83
141.23
138.91
131.10
126.75
123.39
120.87
122.86
117.95
117.39
118.56
114.85
115.03
118.89
119.59
136.43
141.88
147.10
155.32
155.63
162.08
163.03
168.70
171.53
166.28
152.39
145.89
135.13
131.48
126.83
121.16
119.18
116.72
117.34
114.22
160.47
223.73
219.63
215.69
225.91
236.11
235.95
238.63
237.35
246.83
253.95
256.02
250.81
226.99
171.24
143.84
124.02
113.59
108.02
108.57
103.89
107.34
106.71
106.16
143.21
207.07
198.05
204.88
218.32
229.02
234.71
235.68
240.43
240.80
245.04
245.89
244.49
223.02
164.35
140.68
119.20
111.93
107.81
105.22
109.00
106.80
109.36
106.80
150.02
222.03
203.41
207.34
226.82
243.21
247.18
246.12
254.67
257.66
258.71
265.92
263.54
236.53
179.36
160.90
134.36
121.72
119.12
114.61
111.94
114.95
112.35
113.56
162.17
243.83
216.20
213.35
233.62
243.32
254.94
258.06
275.19
289.52
268.93
276.50
267.25
239.05
176.65
158.49
139.46
124.53
119.65
118.91
118.91
117.50
117.93
119.33
168.21
250.60
223.58
228.61
234.68
248.15
262.49
272.68
270.74
273.39
271.52
273.02
261.09
245.82
180.36
158.81
138.11
131.03
126.04
129.46
124.81
124.54
126.96
122.81
121.72
122.21
121.76
154.49
167.74
169.06
172.05
177.52
178.55
186.36
189.35
196.74
198.11
174.09
162.14
159.57
149.72
149.54
149.89
147.93
144.07
147.19
141.99
141.63
142.20
141.65
140.83
155.01
165.36
169.66
176.02
179.22
178.77
184.48
186.40
190.55
194.94
193.30
184.07
174.60
164.74
157.07
158.13
153.49
145.36
148.70
147.33
143.41
188.81
260.02
266.03
249.56
265.28
276.21
278.47
279.07
285.52
284.63
287.64
290.99
280.58
250.68
185.62
161.00
143.04
138.58
133.69
132.62
134.72
132.65
127.55
124.51
174.42
261.56
234.50
231.62
247.86
257.09
259.28
261.89
265.42
269.60
271.35
273.53
271.83
244.20
184.01
157.02
138.19
137.30
137.16
133.32
132.42
135.26
134.96
132.95
184.12
265.89
237.26
238.91
252.83
262.21
265.00
290.47
294.54
298.69
285.72
282.30
276.92
250.21
183.99
161.32
143.00
131.57
126.40
126.70
125.77
123.69
120.07
117.92
166.21
246.96
220.94
223.04
239.18
252.67
260.93
255.55
258.79
262.97
261.91
262.32
257.64
231.27
179.06
153.82
130.16
123.88
119.61
117.38
116.56
124.39
122.67
117.76
169.70
245.26
220.93
226.71
238.00
237.34
246.42
247.72
253.04
258.73
260.03
261.09
259.78
246.52
176.44
151.32
127.30
117.95
112.34
114.47
110.85
110.12
112.64
109.12
110.03
113.84
111.99
141.41
149.48
154.69
160.98
162.86
171.03
172.25
175.48
180.78
184.14
161.18
151.92
150.87
142.81
138.50
140.18
136.35
132.26
137.47
137.40
135.50
135.00
134.90
137.75
141.31
155.58
161.03
166.06
170.80
174.68
177.01
179.18
190.39
185.16
184.70
175.74
170.36
161.75
159.59
162.04
153.79
151.63
150.16
150.83
149.84
194.53
270.60
272.27
252.39
258.86
270.69
280.13
277.49
280.57
276.91
277.19
267.40
263.78
240.72
183.00
158.70
138.75
129.61
127.00
124.05
124.67
123.49
122.80
125.78
170.92
255.66
226.00
225.56
243.68
247.80
251.31
256.54
258.24
259.91
266.29
266.58
264.52
235.80
180.30
154.90
133.66
131.83
128.10
126.33
127.16
127.78
125.29
129.94
181.85
265.21
233.43
230.96
245.41
251.83
257.01
264.59
262.05
264.55
271.15
272.76
266.16
240.76
177.32
163.39
145.40
132.96
125.18
123.90
125.39
125.37
123.13
123.70
178.48
260.37
233.98
239.66
250.06
263.10
268.96
269.43
272.19
272.40
274.77
275.99
273.13
242.09
175.88
163.89
145.55
136.75
131.57
130.76
130.99
130.17
127.92
129.91
180.53
264.12
241.92
241.20
263.18
269.03
275.11
275.44
277.86
272.95
276.10
276.40
276.49
263.20
188.60
164.29
145.31
137.10
133.47
131.82
129.33
132.09
129.67
129.92
132.81
129.83
133.03
163.61
175.30
179.39
183.75
192.03
193.32
193.54
202.32
202.29
201.19
179.03
164.47
161.64
156.60
151.68
149.17
147.11
141.25
142.35
139.92
140.51
143.61
142.12
140.95
146.81
154.47
162.77
174.07
179.54
182.76
192.46
196.08
197.29
192.74
189.20
174.33
167.99
167.64
159.33
160.36
158.81
155.21
153.40
149.33
148.61
197.38
260.34
269.17
251.64
263.87
279.62
284.82
286.73
296.28
303.02
298.98
289.70
284.28
254.03
186.07
162.97
149.43
140.89
141.88
132.11
130.63
135.51
132.15
133.69
185.24
268.14
242.25
238.04
257.45
275.38
289.60
305.47
305.36
314.11
309.13
313.76
303.32
262.60
182.16
155.20
138.66
135.82
130.70
125.94
126.69
126.15
126.93
127.12
170.12
246.42
226.94
227.78
236.26
251.59
259.53
263.11
260.48
263.79
261.54
264.66
254.39
224.47
171.56
156.02
141.26
127.52
120.60
119.31
120.93
120.38
116.72
123.49
167.84
247.68
230.51
231.75
248.57
260.19
267.40
264.07
268.63
271.22
269.65
271.76
266.33
242.90
176.86
161.86
142.60
129.27
123.49
122.97
121.46
123.69
122.60
126.81
175.63
259.75
235.10
232.52
252.65
263.21
267.44
268.69
270.03
277.95
272.85
274.02
269.30
254.56
180.04
157.93
143.18
132.42
128.85
128.49
124.73
126.33
126.30
126.40
127.84
129.49
132.43
156.72
158.01
163.03
174.77
181.86
187.42
191.44
196.48
201.03
200.25
173.10
154.58
154.72
151.16
148.71
146.43
138.34
135.76
137.01
132.02
135.52
133.12
131.78
135.82
140.68
150.46
160.39
165.27
169.30
172.18
175.44
183.02
186.16
187.56
181.53
171.59
165.86
159.81
158.74
154.12
151.34
147.64
149.63
145.71
144.11
193.69
262.09
265.76
251.42
265.96
271.36
278.70
283.26
286.51
290.13
294.92
294.07
286.10
252.22
182.57
158.75
140.02
141.31
137.51
130.57
131.30
134.77
130.12
129.79
184.31
266.27
237.17
230.84
250.74
250.15
254.08
254.13
254.83
254.74
252.09
252.74
256.34
233.46
178.09
149.94
132.43
127.77
127.56
124.85
122.77
129.57
123.75
126.94
174.50
261.93
228.71
228.39
247.72
255.33
263.93
263.76
269.95
268.25
273.60
273.46
267.77
230.60
174.57
162.10
143.66
131.04
124.07
124.16
122.35
122.29
121.77
124.50
168.33
245.05
220.42
227.07
243.84
255.06
266.12
264.71
269.53
266.13
273.20
269.88
260.29
235.07
178.46
162.19
141.79
132.50
126.67
124.12
123.70
126.43
121.21
119.59
171.48
259.62
234.67
234.20
245.51
250.40
253.70
269.06
279.21
269.53
269.90
259.61
257.06
242.58
174.66
157.43
134.68
127.27
121.22
121.20
119.63
119.97
118.89
123.12
119.09
119.79
120.00
145.31
150.96
151.63
157.86
166.25
169.36
173.87
180.42
181.22
183.60
153.73
143.26
137.46
135.44
137.88
132.59
132.31
130.44
129.76
124.72
124.96
126.76
129.91
128.35
134.99
146.39
152.42
156.03
158.39
160.80
168.28
171.06
173.89
174.72
167.79
161.62
156.37
148.29
148.14
142.60
137.38
126.38
124.48
122.41
119.57
172.09
237.36
232.78
226.89
239.37
253.78
266.10
268.93
269.86
274.25
275.62
279.25
270.56
235.27
173.82
146.48
124.78
117.59
113.68
112.82
110.34
110.83
113.87
109.77
159.22
223.70
206.37
215.35
237.35
254.83
263.07
275.39
288.21
292.42
293.99
289.38
278.56
240.84
176.81
155.05
132.26
123.19
118.97
118.79
115.78
116.87
113.81
116.27
161.86
231.37
219.11
221.77
238.63
250.57
275.70
301.02
309.13
302.62
306.34
304.16
292.54
241.20
179.75
161.90
134.92
122.84
119.23
116.67
116.15
117.56
115.60
115.41
166.07
235.48
211.81
220.65
246.37
257.44
276.67
281.66
285.16
286.05
282.90
280.90
272.72
240.09
177.20
157.48
134.81
125.96
121.82
116.23
247.27
223.77
191.75
187.70
183.42
183.04
189.86
204.11
224.36
240.04
250.37
260.50
265.77
274.47
277.77
281.74
276.24
264.94
250.84
238.66
230.52
218.05
210.02
204.96
200.98
199.17
197.13
190.84
190.51
188.29
192.26
197.11
203.73
212.51
216.71
221.86
221.57
225.16
232.30
230.40
231.99
226.19
218.14
210.04
204.19
201.66
190.03
186.75
182.76
181.95
177.77
176.90
176.24
178.52
174.26
180.19
188.08
200.11
202.97
207.21
212.03
216.95
219.01
213.35
209.71
210.91
205.86
200.12
194.11
190.12
187.72
183.37
180.57
181.47
174.30
173.76
174.09
173.87
184.55
198.20
223.94
239.46
273.59
285.20
294.02
297.28
287.91
281.37
268.72
253.29
235.60
223.65
218.08
204.31
190.08
182.55
122.10
102.72
101.53
103.80
139.36
197.45
192.44
202.36
225.01
246.07
267.62
269.46
269.34
277.39
278.59
284.49
275.86
242.46
179.72
157.13
125.67
120.53
115.09
111.40
110.41
108.82
109.02
112.58
154.66
227.56
212.19
211.36
232.77
249.66
258.22
280.95
293.88
297.86
284.38
279.26
273.84
240.86
184.28
160.08
136.33
123.79
119.78
117.85
117.18
115.70
116.29
114.08
166.13
229.08
211.93
228.86
251.02
281.74
304.00
304.03
319.98
314.55
305.06
308.07
296.32
251.11
186.86
162.25
145.14
138.54
127.29
124.95
128.61
131.44
129.54
128.96
177.22
255.99
228.55
228.91
249.49
263.06
269.45
270.18
285.31
285.54
286.11
281.67
270.13
254.89
182.11
156.56
138.06
130.99
126.10
127.64
130.63
129.93
128.84
128.22
130.41
132.04
130.29
161.68
168.86
168.11
179.40
181.80
187.47
186.10
191.45
191.99
192.57
164.61
149.22
151.91
143.12
142.93
141.92
140.50
137.72
136.01
138.44
137.48
136.00
112.16
112.90
145.63
154.33
162.35
171.11
171.05
174.13
176.84
181.93
184.93
180.62
172.64
160.38
154.66
153.87
151.97
150.33
146.55
143.19
144.97
144.52
142.95
194.43
265.97
268.91
257.31
266.66
283.39
314.31
317.95
316.35
320.77
325.58
298.58
283.30
257.20
188.97
158.78
137.69
135.58
132.23
128.83
128.34
131.60
130.74
130.29
185.16
268.78
236.86
243.72
268.06
278.61
308.57
309.63
314.12
294.28
299.22
295.24
288.55
250.42
187.36
162.41
142.41
139.21
136.61
133.17
130.35
130.91
133.56
131.82
182.37
263.56
246.38
246.08
266.55
284.95
296.40
293.83
294.92
291.45
296.98
293.77
285.22
251.59
194.77
172.15
151.44
139.37
136.24
131.25
129.28
133.60
130.59
129.50
174.74
256.91
233.45
236.79
256.70
275.95
280.35
281.40
277.24
283.30
281.41
281.86
275.03
246.23
186.11
169.13
146.10
130.59
128.14
125.45
127.47
123.83
125.96
126.03
173.75
251.40
224.33
228.07
246.92
265.25
294.73
298.91
297.22
300.27
300.72
286.35
281.67
258.95
180.58
159.38
141.55
130.92
128.38
125.18
125.81
120.60
119.75
121.35
123.09
123.64
128.45
155.86
164.99
166.89
174.83
181.47
183.75
190.05
190.31
195.74
191.57
161.75
146.55
148.47
143.32
138.26
139.64
137.46
131.95
131.90
133.01
136.62
132.23
134.20
135.21
139.25
150.78
159.47
165.85
172.23
171.00
178.33
181.59
188.94
183.83
177.72
155.39
151.81
150.24
145.37
141.22
136.34
133.86
134.78
133.58
132.05
182.02
249.48
253.95
235.56
240.90
245.36
251.77
250.87
254.94
256.76
256.92
258.05
251.45
225.85
175.69
151.12
128.19
127.37
129.61
124.28
123.45
128.64
124.41
126.05
174.33
256.87
250.79
256.45
269.51
296.14
309.71
311.35
314.55
320.79
314.06
304.79
287.43
248.97
180.95
159.84
142.33
143.25
134.95
128.38
129.09
127.46
126.79
125.06
173.65
256.40
249.14
264.24
274.16
305.14
306.00
308.43
312.83
314.48
305.78
291.07
281.25
247.78
185.37
164.32
144.56
135.93
134.00
128.29
127.27
128.92
129.30
127.59
176.62
263.59
231.94
236.97
257.21
281.75
289.04
289.72
297.64
306.21
287.27
284.28
274.37
242.74
184.10
166.03
143.76
130.93
127.41
125.48
127.26
126.86
128.90
129.40
177.75
259.41
229.22
228.50
245.58
253.55
293.50
293.32
299.38
302.94
295.10
282.33
262.36
255.00
182.63
161.02
140.91
134.44
129.40
126.06
127.17
127.56
128.92
128.48
129.76
133.65
133.20
159.45
161.38
169.49
175.25
182.16
190.44
197.19
196.82
198.53
192.44
163.73
145.40
144.14
141.88
142.18
136.93
135.25
134.32
135.39
134.52
131.01
133.29
134.51
136.59
139.10
148.70
160.08
164.51
165.80
171.05
179.69
177.29
181.41
175.11
165.11
157.44
148.80
150.06
150.11
144.96
140.58
136.22
138.09
133.28
130.49
182.19
253.35
250.74
240.79
258.63
281.35
282.50
300.27
296.05
306.56
307.24
298.20
296.25
261.70
195.11
158.93
133.11
127.99
125.52
125.62
123.87
125.88
124.59
122.88
173.50
252.59
245.19
256.57
284.27
286.13
303.72
316.67
312.11
311.74
305.66
287.78
274.58
239.75
176.71
154.85
136.16
129.64
127.01
121.99
116.59
112.95
108.45
109.91
150.88
222.21
217.75
220.85
250.12
274.34
292.98
301.96
300.39
301.44
291.86
272.43
263.39
224.90
170.16
157.61
131.84
116.41
111.61
106.11
108.32
107.56
109.76
105.65
142.36
218.78
197.58
209.88
235.97
247.70
261.97
267.96
272.42
271.94
268.71
268.59
254.56
224.22
165.72
149.90
126.77
115.07
106.61
105.70
103.22
102.49
104.78
103.04
142.17
204.92
194.89
201.68
218.07
250.46
265.05
276.89
279.84
297.65
287.66
285.47
260.27
236.47
172.58
146.06
125.16
116.72
109.34
109.01
104.69
107.39
104.48
106.89
111.28
109.54
114.74
141.37
148.54
147.09
157.85
165.68
167.05
171.49
177.03
180.07
175.62
146.78
132.90
127.51
124.56
122.09
121.07
115.14
114.79
114.37
111.46
111.45
110.03
115.45
112.88
115.58
124.03
138.12
141.38
145.60
157.38
159.17
163.10
164.39
162.03
154.56
141.80
138.11
139.22
135.33
134.89
128.88
125.17
121.10
118.44
120.38
168.78
241.88
239.93
232.26
246.54
266.34
277.78
295.89
303.76
317.27
311.22
284.68
276.11
248.31
187.82
160.25
137.36
126.94
119.64
118.17
118.89
117.32
117.59
115.50
158.75
225.61
227.83
228.46
260.96
272.54
281.08
299.05
306.01
303.26
302.04
304.01
291.26
247.81
182.66
164.46
146.73
136.73
124.17
122.42
116.13
118.69
118.74
116.14
158.11
228.02
224.90
215.76
250.17
270.86
288.61
304.65
302.96
292.11
298.22
286.89
271.38
227.36
175.31
146.23
128.74
116.12
105.90
107.22
103.29
105.01
103.76
103.71
141.95
208.26
194.92
201.52
225.57
245.08
285.97
284.66
290.28
296.55
281.09
266.42
254.94
223.32
173.44
144.81
123.13
112.68
105.32
102.96
99.75
102.86
100.39
101.14
135.87
193.92
186.33
189.85
219.02
244.51
257.54
256.41
257.66
263.58
249.11
247.85
239.45
219.38
154.94
138.63
122.01
114.19
104.20
100.85
99.87
100.38
99.30
99.09
104.19
100.14
102.20
127.67
125.42
129.13
136.04
139.27
145.20
143.69
146.69
146.70
148.78
120.28
111.20
110.56
110.55
110.00
107.54
107.79
103.71
100.56
101.77
102.42
103.41
100.39
105.51
105.97
110.11
117.93
120.80
126.94
127.27
131.69
139.23
147.25
140.98
135.78
126.14
124.07
120.46
118.54
119.19
119.34
122.60
124.81
128.48
128.15
173.39
235.00
239.86
226.69
257.58
282.96
289.07
297.05
304.50
292.76
265.69
255.75
241.31
216.56
155.00
133.09
119.50
110.77
102.37
103.98
98.14
95.65
99.36
96.74
125.32
186.56
179.02
207.04
224.76
231.33
244.05
254.60
268.67
270.06
249.16
248.96
244.27
222.08
148.83
129.17
122.05
110.18
102.47
97.07
98.61
96.49
93.98
95.60
128.58
185.76
194.76
207.67
229.39
241.68
251.69
265.60
264.10
259.07
253.96
239.11
234.41
208.46
153.57
141.22
120.73
110.64
106.57
101.59
99.63
98.41
98.03
101.20
129.91
191.51
186.79
197.25
227.67
245.47
252.23
256.63
263.79
269.71
268.43
256.97
243.31
213.57
160.80
140.22
119.08
115.27
105.70
99.17
98.29
98.26
97.70
95.33
125.46
188.72
175.64
185.26
200.89
241.52
247.78
257.57
263.05
261.59
258.18
254.77
243.43
205.20
146.79
135.69
117.22
108.35
103.40
99.74
99.14
95.79
97.10
99.63
97.08
96.98
103.03
127.14
121.89
123.98
140.66
141.35
148.69
150.51
154.36
153.86
150.84
133.15
119.59
114.79
108.42
107.53
108.74
104.85
106.15
99.74
104.05
99.94
102.18
100.31
106.03
107.10
109.89
120.94
126.58
133.43
135.47
137.15
141.35
136.78
132.74
119.96
114.73
110.63
107.67
110.16
107.08
105.88
101.97
100.90
103.50
101.74
143.29
188.84
193.02
189.84
169.28
228.98
235.94
236.09
240.91
246.03
247.18
240.71
229.33
200.52
155.25
130.59
111.00
105.59
100.20
96.85
94.86
97.36
96.19
94.92
121.45
171.68
175.51
204.01
231.42
235.80
249.35
250.83
260.62
262.75
248.37
242.33
237.05
207.46
149.44
132.96
112.53
106.44
102.64
98.28
95.07
96.59
95.00
98.55
120.59
170.53
173.58
198.49
226.45
238.90
255.64
268.95
267.38
269.07
255.70
241.40
232.28
201.93
150.42
133.64
117.86
110.08
101.47
96.84
93.79
97.75
94.38
95.62
120.91
173.23
174.03
181.29
204.85
225.54
235.56
251.83
266.04
261.69
250.00
244.70
247.20
207.04
155.00
135.27
119.23
109.44
105.23
98.28
98.06
98.83
96.12
99.13
130.40
193.56
183.44
188.08
204.78
240.88
262.23
275.62
273.57
279.87
260.03
253.01
242.83
218.62
158.08
134.26
118.90
108.22
104.05
98.10
95.39
96.20
99.17
96.05
97.30
96.01
105.81
123.88
122.51
126.49
136.84
139.88
142.05
149.31
148.76
148.23
146.96
123.48
110.94
104.17
106.14
104.91
105.82
101.36
102.28
99.20
100.60
98.54
100.07
98.56
104.51
102.48
104.25
113.68
118.56
123.40
124.51
130.80
132.15
134.36
129.39
120.14
114.18
107.11
108.92
107.86
113.25
105.04
101.85
103.91
103.75
103.54
144.17
190.72
203.50
195.77
214.38
225.76
236.72
239.94
248.07
246.33
257.51
248.71
242.05
213.60
158.55
132.61
119.98
115.18
103.05
100.26
99.41
101.45
96.37
100.68
129.91
193.13
186.43
218.36
241.06
254.76
267.33
278.67
286.89
275.60
266.68
268.55
249.43
210.39
150.61
134.23
115.18
107.68
107.31
97.51
100.14
98.85
96.41
97.97
126.91
186.26
192.52
197.52
227.43
244.28
262.58
268.90
266.60
262.90
266.13
239.66
232.73
200.71
152.32
135.67
116.45
116.67
106.13
100.05
102.02
96.53
98.93
99.43
128.71
185.36
176.71
191.19
200.51
218.62
249.04
241.30
246.51
234.36
235.11
235.47
218.11
194.22
148.65
132.83
122.38
108.68
99.09
96.14
97.49
92.96
94.72
96.44
116.96
169.24
166.91
176.38
189.68
215.34
223.37
239.62
229.32
241.30
221.18
228.01
212.27
196.06
144.22
131.99
114.20
106.07
101.19
95.70
95.96
92.94
97.20
95.59
94.16
98.05
101.60
116.16
115.80
114.74
127.04
127.29
130.13
136.11
132.68
135.77
133.03
115.02
104.58
103.87
103.54
103.23
102.33
97.88
102.19
97.19
96.02
96.39
98.11
101.64
99.76
98.58
101.54
104.64
112.01
112.79
120.43
121.64
123.48
126.19
124.12
114.15
109.03
110.02
109.65
109.92
110.59
106.35
100.43
100.99
101.89
102.11
139.09
186.66
192.47
188.43
196.96
171.29
220.17
226.99
235.94
239.08
238.00
225.81
218.69
191.88
149.91
130.62
112.74
109.31
100.34
99.20
95.91
99.93
97.63
95.59
125.35
183.88
176.52
194.39
218.02
235.83
236.02
237.66
235.58
236.55
240.11
233.07
223.09
190.45
147.95
131.20
114.74
106.99
100.20
97.78
97.89
95.53
97.60
95.71
124.61
175.41
176.14
180.71
213.43
228.78
248.04
259.26
263.90
264.71
248.15
238.58
223.40
195.32
148.86
136.51
117.37
109.36
102.97
99.31
97.05
99.66
100.62
98.39
127.91
183.86
179.73
184.08
202.56
214.60
225.36
229.83
239.78
242.02
244.24
237.34
229.19
196.60
149.78
137.52
120.42
112.14
106.44
100.40
97.73
97.53
101.44
96.78
131.34
188.76
179.56
180.78
192.68
212.84
224.16
239.59
242.08
240.25
225.46
223.53
212.99
194.45
145.23
128.31
114.72
103.43
97.92
96.36
95.26
92.59
93.88
96.28
94.58
96.46
101.36
116.67
115.45
115.34
125.65
128.69
129.61
134.60
130.67
133.18
127.73
110.54
101.30
99.28
101.38
97.82
98.66
95.00
98.38
91.64
93.67
93.39
91.59
95.92
97.54
95.19
94.08
100.20
104.25
109.10
112.91
112.67
119.53
115.47
114.53
106.36
104.39
103.08
99.21
103.21
99.96
94.77
98.03
97.83
95.23
94.00
121.97
167.71
176.03
177.45
188.23
205.54
233.66
237.85
241.31
247.70
224.91
227.45
214.89
190.48
151.94
127.70
111.07
105.57
98.71
95.13
95.12
98.81
92.46
93.03
115.14
163.49
170.45
175.50
192.64
211.94
239.85
241.45
248.68
241.71
234.15
236.28
226.96
200.28
147.97
133.23
114.76
108.86
102.73
99.34
96.29
96.85
94.40
94.47
119.90
166.44
173.60
193.56
201.15
231.45
240.04
247.33
247.37
260.65
260.92
235.63
225.57
199.24
144.12
134.35
117.17
107.88
102.65
99.16
97.98
94.51
93.87
97.70
115.64
167.81
171.87
176.85
184.73
199.67
216.76
219.10
233.57
223.96
231.66
221.32
212.04
189.99
148.48
133.47
117.94
105.94
101.31
97.69
94.42
93.40
93.95
94.74
113.74
162.12
168.32
171.53
184.12
197.72
206.41
215.00
219.87
217.99
220.33
217.15
206.96
186.34
140.37
122.13
109.75
105.14
97.18
95.40
94.52
92.03
92.50
92.76
93.12
92.89
94.66
110.51
108.61
111.08
118.73
121.75
123.05
131.48
128.35
126.71
127.71
105.03
103.16
100.27
102.03
100.60
99.55
99.18
97.07
92.12
95.99
91.04
93.50
94.49
96.53
91.83
91.69
101.23
101.57
106.40
116.39
114.79
118.70
114.49
115.56
105.58
103.33
105.71
101.18
104.79
104.23
98.75
98.41
97.67
100.38
96.86
129.76
170.74
177.61
179.07
188.23
200.44
211.20
214.58
215.29
226.14
217.61
213.08
206.44
175.75
140.29
123.78
109.71
100.43
95.63
93.57
92.39
89.25
92.22
88.01
106.12
152.12
170.64
175.10
197.50
211.21
221.06
238.81
230.93
233.01
216.83
220.49
210.51
184.57
138.56
124.57
114.04
101.56
94.28
91.87
64.53
80.42
89.41
89.56
103.72
142.26
154.53
175.28
186.74
195.05
217.03
234.02
225.59
242.57
227.44
211.20
199.24
178.15
134.56
118.37
107.04
100.92
95.19
88.40
90.48
86.95
85.34
86.29
105.48
137.84
146.75
155.43
160.63
179.40
196.69
205.87
197.71
209.04
199.38
204.41
194.15
170.73
137.53
126.40
110.77
96.66
98.17
89.60
88.88
83.90
88.23
86.49
102.39
138.86
149.06
152.57
157.96
194.66
199.49
211.72
215.03
223.35
220.50
203.68
193.73
177.66
136.86
119.14
112.24
99.66
94.68
87.77
87.03
86.82
87.34
87.16
86.27
89.72
89.56
95.40
98.42
101.06
112.79
112.57
116.35
119.98
123.86
120.64
117.36
104.59
100.92
99.28
96.27
97.68
97.12
92.45
95.09
88.83
95.08
88.65
90.32
93.00
91.86
90.57
89.49
96.75
101.00
104.94
106.40
109.49
113.10
114.81
110.24
103.64
100.96
102.92
101.43
104.05
107.70
97.33
97.27
96.30
96.47
96.82
121.70
162.33
168.95
173.74
182.86
196.50
207.88
213.98
229.48
227.47
234.90
221.98
217.43
191.76
144.83
125.83
109.42
104.47
98.28
96.58
93.09
91.96
96.86
91.42
114.89
158.60
172.27
189.27
208.30
219.51
234.85
249.59
246.67
245.98
228.19
235.19
236.50
202.26
147.38
128.10
109.44
107.74
100.17
96.06
93.79
92.18
96.25
95.70
116.08
164.65
171.62
190.12
202.77
218.80
239.97
247.74
241.67
247.23
239.99
222.43
214.59
191.26
155.03
137.31
122.12
107.71
104.31
101.09
99.56
99.06
96.59
99.85
119.03
164.07
168.43
177.87
187.39
201.16
212.84
229.83
223.99
246.29
239.40
224.22
208.87
189.01
145.49
131.07
114.58
103.56
100.81
94.14
96.05
96.63
92.26
96.13
115.95
162.41
166.56
171.61
178.91
196.01
225.73
242.79
229.59
246.84
242.12
224.27
215.39
194.06
146.45
125.34
114.39
105.36
96.44
96.18
91.46
94.15
93.04
91.35
96.00
95.36
95.78
109.83
108.46
113.53
113.08
117.32
119.49
124.03
126.03
118.31
116.74
104.43
99.51
98.99
100.44
99.48
97.41
95.52
95.89
94.94
94.50
92.93
98.19
97.40
98.02
95.67
95.43
101.36
101.81
108.37
112.93
114.79
119.18
117.44
112.66
105.85
103.94
101.84
102.41
100.83
98.55
99.51
94.00
97.35
95.70
95.49
131.11
170.51
178.23
176.13
173.95
180.47
192.06
192.95
198.71
202.41
203.06
204.34
193.40
174.38
139.46
124.95
110.25
104.07
98.02
92.18
94.43
91.33
94.21
92.81
112.54
163.87
174.94
192.06
209.43
221.59
238.61
252.17
253.21
247.62
223.98
233.61
214.39
181.90
146.63
131.23
124.31
106.86
100.57
94.44
92.86
95.39
92.06
92.69
110.79
155.54
166.21
179.97
200.07
213.58
231.18
190.72
242.11
244.36
226.71
221.87
205.32
180.46
139.58
129.48
119.97
106.37
97.43
90.99
92.19
88.70
88.33
90.74
106.23
154.09
158.62
170.95
180.03
196.10
212.38
230.34
225.39
231.10
226.04
221.51
211.49
188.72
151.43
134.66
119.02
112.18
100.41
95.24
95.31
93.20
91.45
90.05
109.75
152.43
157.11
163.61
170.55
191.41
213.38
228.81
233.67
234.74
220.17
205.87
195.92
184.68
135.98
121.64
108.76
102.14
96.30
93.51
90.60
92.99
89.16
89.95
90.46
91.84
92.06
102.06
103.95
110.42
109.97
115.18
115.40
113.20
113.33
109.29
111.85
98.14
98.22
97.90
94.50
98.22
91.96
90.82
92.62
87.74
90.19
86.06
88.10
92.90
86.69
90.42
88.86
92.86
98.59
101.49
105.14
107.64
109.62
112.80
103.62
101.94
100.14
97.79
104.10
98.68
97.44
94.93
93.38
91.19
93.25
91.11
114.27
155.60
163.50
171.81
177.95
192.52
209.03
213.93
226.85
230.15
224.75
224.59
210.06
182.06
138.95
126.87
107.45
105.03
100.41
92.59
90.73
88.30
89.26
88.99
108.86
151.89
162.03
186.58
200.15
222.03
219.74
239.38
233.57
234.58
211.31
209.91
199.80
176.93
134.57
120.59
105.06
100.39
93.02
90.62
87.74
85.47
92.00
85.38
109.13
152.61
158.69
185.49
196.88
201.33
210.82
232.19
223.49
218.59
195.01
195.59
182.50
165.99
129.68
119.63
108.63
97.84
89.82
82.06
82.55
82.24
80.97
85.22
98.97
139.68
147.54
157.89
168.39
178.94
202.03
212.94
208.16
214.19
209.68
205.04
188.60
167.87
129.36
116.39
106.19
91.54
90.91
81.41
81.41
83.27
81.03
85.18
98.84
137.59
145.71
150.92
156.81
169.57
192.63
202.47
207.06
200.96
197.39
183.73
177.69
164.95
127.76
118.70
97.99
95.45
84.93
82.77
83.51
79.23
82.00
81.36
82.08
83.56
84.50
113.75
105.95
95.43
98.73
105.87
103.45
104.84
102.73
105.68
104.43
88.90
89.54
88.60
86.58
87.19
87.03
83.49
82.60
84.51
81.77
84.24
82.93
85.14
85.99
82.11
83.73
85.13
85.11
85.44
86.80
88.11
92.82
96.84
92.38
92.60
88.73
88.59
92.31
93.09
88.06
84.29
83.49
83.00
82.27
84.20
101.65
142.32
170.25
154.10
161.12
166.32
179.76
179.83
182.52
187.15
188.79
194.53
179.79
164.51
129.87
111.33
104.70
94.22
92.19
82.90
85.27
80.19
83.14
82.68
99.49
178.42
150.57
203.44
179.06
204.44
202.82
204.04
196.47
203.14
195.34
197.20
184.60
161.27
123.92
113.92
101.73
96.60
85.62
81.43
79.89
80.49
80.65
100.53
135.93
206.15
180.12
212.49
206.53
183.10
183.11
192.02
185.47
186.06
182.08
181.21
172.03
155.39
124.73
116.56
102.77
96.52
86.08
82.83
82.58
81.46
81.74
82.59
99.85
139.81
145.86
149.09
151.90
151.79
155.16
157.37
154.26
161.99
157.53
157.07
157.51
147.46
124.82
111.75
101.41
93.79
86.42
85.18
80.51
81.12
84.10
81.40
99.26
136.36
144.66
151.68
148.25
150.26
149.04
149.27
151.66
152.26
152.54
159.70
154.65
148.22
120.12
106.58
97.67
89.46
82.94
82.90
78.06
78.60
80.73
77.96
101.52
83.57
88.54
156.66
126.62
117.11
122.75
98.87
99.48
101.94
99.19
104.17
97.26
87.49
86.52
82.93
85.54
81.89
81.43
81.47
98.64
78.93
101.34
79.36
105.34
101.70
88.01
114.45
110.54
83.90
87.81
85.64
89.70
89.82
88.27
90.61
85.08
85.73
87.71
83.63
86.75
82.79
82.70
82.15
78.33
80.47
101.79
80.91
174.95
235.85
258.46
218.61
198.59
189.96
182.07
186.45
183.46
189.88
185.40
179.47
174.86
157.32
126.89
110.20
98.83
92.29
84.46
82.74
78.45
81.07
79.99
80.90
107.95
208.50
172.91
166.26
161.50
170.34
180.79
189.47
193.28
184.09
187.11
190.82
185.86
170.93
126.66
113.99
95.75
91.58
88.33
80.39
81.68
79.51
82.58
80.38
100.06
142.69
147.00
152.35
162.15
175.30
195.46
194.40
198.13
194.16
190.34
192.99
183.47
167.78
128.31
121.88
106.59
98.22
87.21
84.22
80.74
83.46
82.47
81.71
102.02
137.42
148.60
159.51
170.55
175.63
195.02
201.05
202.73
201.68
197.77
197.92
185.98
171.06
131.96
119.20
105.76
96.52
88.18
86.08
83.54
85.94
84.58
83.03
102.77
141.44
149.09
154.64
159.83
176.75
184.13
195.44
197.01
200.24
188.71
189.12
182.62
171.41
127.18
116.82
103.79
95.48
88.59
84.17
84.36
82.46
85.27
82.22
83.52
86.86
83.83
97.00
95.22
98.31
97.79
100.50
101.48
104.84
105.07
103.19
102.58
93.33
91.00
85.94
86.64
87.02
84.86
84.75
82.44
84.09
82.76
81.97
85.28
86.60
86.33
84.30
86.00
86.71
85.91
87.42
86.39
88.41
86.49
87.31
85.36
86.26
87.69
87.28
87.38
86.39
86.84
84.28
81.48
84.93
81.85
83.42
96.72
131.17
148.30
155.19
162.86
171.65
186.89
188.05
190.13
192.68
197.94
195.21
184.04
163.26
129.60
117.19
101.43
98.40
88.55
88.09
84.96
84.94
86.99
83.87
102.57
156.29
158.49
157.73
165.80
184.39
187.78
205.38
204.16
196.51
199.58
190.45
186.01
159.04
134.23
118.42
105.13
98.59
91.79
87.67
87.86
84.50
89.10
84.42
103.23
150.39
161.20
160.14
165.59
173.89
185.40
185.99
185.71
185.01
189.17
197.46
186.11
158.43
128.66
117.55
104.38
101.07
92.04
87.74
87.67
84.48
88.45
84.53
102.33
142.14
146.94
158.01
161.40
168.97
172.79
186.59
184.53
184.23
187.22
185.20
180.82
159.34
131.53
119.14
105.63
98.64
90.08
89.76
86.27
86.94
87.25
86.71
102.09
140.43
148.94
153.67
160.11
165.73
170.60
175.98
177.31
175.88
182.57
185.50
173.94
164.85
128.44
115.72
102.86
98.26
88.38
88.92
83.96
86.84
85.04
84.30
87.12
86.62
89.42
112.93
112.14
99.35
102.79
100.76
103.10
104.79
102.16
104.86
102.68
95.76
92.07
91.69
90.14
89.23
88.88
86.57
87.06
85.66
85.72
83.71
86.83
87.57
87.21
87.62
86.72
89.14
88.95
92.42
89.93
91.07
90.04
91.81
89.37
90.07
91.32
87.99
91.40
89.84
99.63
87.12
89.23
84.27
89.13
84.02
125.12
206.99
216.68
185.34
180.08
164.46
162.84
172.48
170.72
170.52
174.93
177.16
171.47
150.82
128.15
111.72
105.72
94.65
93.00
84.65
86.17
104.03
86.63
106.80
133.18
249.73
215.71
197.39
191.50
194.93
176.49
224.62
176.40
172.88
172.23
177.85
170.13
152.28
121.45
109.64
100.50
94.26
88.26
83.54
84.41
83.69
83.98
104.69
116.94
218.52
189.58
172.03
181.99
163.50
164.02
170.92
181.33
174.81
173.49
175.54
170.59
148.85
124.38
112.15
102.03
95.56
86.97
85.82
81.44
84.24
81.44
85.39
123.08
214.69
190.81
172.38
176.61
166.54
177.10
180.71
179.47
176.53
183.59
178.11
172.20
155.02
133.20
121.76
107.69
100.21
90.21
88.73
86.69
88.91
84.74
108.96
108.96
213.60
185.57
177.51
164.84
183.63
161.45
168.97
165.09
167.56
172.13
176.79
167.18
164.00
124.87
115.54
104.50
95.70
88.54
85.70
82.49
86.01
82.92
86.57
84.53
108.48
87.81
141.72
127.36
100.28
100.23
101.77
101.60
102.86
101.22
104.16
99.54
94.80
88.06
91.62
86.36
89.45
87.25
85.78
86.13
84.31
84.96
85.03
85.30
87.93
88.23
87.52
86.67
88.48
88.54
88.74
89.95
87.83
90.04
87.88
90.83
88.00
90.71
88.79
88.40
90.95
87.20
85.77
82.41
85.89
84.23
84.61
102.09
133.01
165.84
153.72
154.66
159.60
162.15
165.53
160.23
158.82
155.89
162.97
158.06
148.88
120.09
110.87
98.98
92.34
89.74
85.86
86.56
83.48
86.86
82.86
101.06
139.68
146.09
152.57
149.36
153.30
149.84
151.21
148.63
151.56
150.67
151.78
153.13
142.06
122.42
108.54
100.82
96.14
87.43
86.14
81.83
84.41
82.87
82.71
100.36
135.45
168.70
147.11
172.46
148.04
148.08
169.95
147.95
151.92
150.04
154.17
149.50
142.82
123.17
112.94
104.42
92.56
88.49
82.38
81.64
98.79
87.93
108.02
112.46
221.26
189.77
171.84
167.82
178.90
158.02
157.38
158.27
158.68
157.02
158.97
153.12
147.33
119.38
113.50
100.08
113.12
88.47
104.44
85.76
94.82
96.36
99.97
110.69
239.80
177.39
152.67
172.31
164.33
170.64
182.79
159.44
182.64
160.64
158.86
157.15
150.95
145.77
113.86
103.55
113.52
92.05
103.39
83.87
105.24
91.46
101.32
111.24
115.06
87.65
199.79
150.01
133.65
126.56
100.58
124.47
116.27
113.23
125.23
124.47
92.99
112.20
90.92
112.29
119.89
122.02
121.57
121.99
127.45
128.98
132.69
144.88
149.74
162.09
179.10
155.74
144.13
124.39
104.68
117.76
118.24
92.27
112.84
91.80
117.40
118.54
118.03
126.98
126.83
124.98
126.26
122.13
129.77
129.07
141.53
207.68
266.56
276.90
268.62
267.99
248.16
217.40
200.34
194.36
181.18
171.47
165.30
177.09
169.88
123.17
137.17
100.84
94.72
90.49
109.35
84.74
84.16
105.74
85.49
134.75
251.47
249.94
187.11
174.84
168.97
189.31
157.57
159.53
157.59
162.02
155.96
156.66
142.67
121.36
113.77
98.05
96.96
87.43
104.93
