94.63
99.21
111.33
117.52
133.67
275.79
397.10
393.28
359.85
338.64
310.47
277.52
240.68
206.96
197.64
177.64
180.51
228.99
152.32
106.92
98.64
71.09
74.42
82.63
97.59
118.06
127.44
140.77
156.05
302.54
410.85
430.41
414.19
376.59
326.83
270.14
249.20
239.75
231.40
213.53
197.84
210.47
138.95
107.32
99.47
68.81
73.29
83.26
89.76
117.24
128.35
133.97
144.72
294.84
403.53
414.38
400.78
356.87
295.12
237.87
213.22
220.79
217.74
197.79
191.76
197.92
138.66
104.79
95.48
67.29
67.62
68.42
78.15
86.77
102.70
111.03
128.51
270.33
389.59
384.93
355.80
327.36
251.20
189.49
184.03
206.24
194.84
179.64
174.54
172.08
126.89
120.04
110.68
79.14
82.89
75.51
74.13
71.14
75.10
77.67
81.58
74.94
80.33
80.29
80.21
77.92
73.37
70.20
73.85
74.68
75.00
73.59
73.31
76.02
79.92
79.92
75.71
78.30
85.25
82.14
76.49
73.34
72.81
74.82
76.14
85.53
82.03
79.81
84.04
80.31
72.79
77.41
75.37
77.40
75.49
76.59
82.37
79.33
83.68
89.46
89.21
100.31
98.30
103.38
99.38
108.20
117.25
126.04
138.73
293.02
414.10
419.81
397.89
357.48
294.83
252.45
238.07
232.01
214.31
192.35
185.77
182.24
139.70
121.62
108.13
80.29
84.95
84.85
83.04
84.72
80.56
93.79
96.73
243.58
371.14
354.33
323.60
290.39
243.19
205.37
192.07
191.10
181.52
167.52
158.01
153.60
121.60
103.12
94.27
83.02
77.54
72.67
76.79
81.16
81.04
80.33
85.08
190.39
299.38
277.43
251.96
236.73
208.95
187.23
176.46
171.71
161.27
158.66
151.24
143.15
116.35
98.96
97.55
86.17
84.17
80.25
82.68
85.34
84.73
83.70
88.32
169.85
240.16
233.95
223.70
213.38
152.59
180.91
161.85
159.22
156.62
157.69
152.82
141.67
111.01
100.76
97.12
84.85
80.35
83.99
78.21
79.28
80.13
78.58
84.78
191.16
297.49
280.56
252.68
230.55
186.41
169.83
173.33
170.28
159.98
151.35
151.34
144.74
115.27
96.57
100.79
81.29
78.41
79.48
75.68
74.16
73.57
71.29
76.55
76.17
77.70
74.18
70.06
77.71
73.34
74.03
76.49
76.15
74.57
79.47
76.63
75.24
80.61
81.42
81.93
76.73
78.56
82.95
77.18
75.42
71.83
77.78
81.09
76.50
79.17
75.74
78.59
78.12
81.85
74.58
77.98
76.76
75.12
74.27
75.31
73.30
80.05
81.47
78.00
82.29
80.67
82.35
87.89
91.19
95.09
88.72
100.43
255.76
377.04
362.91
329.40
297.90
272.02
236.23
203.79
198.70
179.11
167.91
164.95
162.91
124.97
109.41
99.68
78.24
81.38
78.44
80.56
85.00
78.24
77.29
82.07
191.62
269.94
259.96
241.76
217.30
198.62
181.49
176.42
179.74
174.90
174.07
167.85
154.45
123.01
111.11
103.56
80.36
84.33
77.62
84.34
85.09
84.51
79.35
85.93
208.11
308.12
286.07
239.18
217.96
191.51
173.70
172.14
163.13
169.64
161.40
153.14
151.83
119.89
104.13
101.51
87.20
86.75
80.97
86.80
85.68
83.77
76.35
87.78
199.19
296.76
281.59
249.77
231.73
197.53
179.00
172.60
162.16
160.54
156.47
161.29
148.31
112.83
98.05
94.69
85.99
82.75
80.92
79.04
80.48
77.15
71.09
74.79
158.61
234.42
238.79
228.06
209.13
172.29
163.03
158.34
155.51
155.63
154.67
147.50
142.81
109.31
96.44
91.15
81.84
81.66
79.53
72.84
76.15
71.68
71.94
71.60
74.90
71.76
80.60
72.50
70.99
73.02
72.92
76.39
76.03
79.36
77.87
77.18
79.95
77.54
80.37
79.47
77.46
76.18
78.05
73.88
72.43
72.97
73.46
81.04
78.54
82.26
81.50
80.89
77.80
75.76
76.71
73.57
76.51
75.81
76.75
75.68
78.30
81.55
78.76
77.81
77.34
77.52
74.76
78.52
79.59
73.30
73.24
79.78
215.60
333.75
316.47
280.62
261.56
236.61
203.63
180.85
178.20
173.17
175.07
172.62
176.29
134.90
108.89
106.90
76.75
76.00
70.29
78.25
77.03
84.85
80.06
83.71
237.04
360.56
351.14
303.14
272.36
238.55
199.62
182.16
184.74
182.80
175.71
168.63
154.57
122.95
110.82
105.70
80.00
78.63
76.18
78.71
79.99
77.76
84.09
85.92
229.74
357.46
351.71
309.53
274.99
224.95
207.87
191.84
190.74
198.07
184.32
172.44
171.85
131.61
112.84
102.70
83.38
79.87
79.37
79.05
83.91
85.51
83.68
92.05
234.10
367.24
362.01
318.32
277.12
234.59
203.69
201.76
195.96
180.44
176.90
170.27
162.41
122.37
103.73
98.37
83.06
87.01
76.44
78.38
71.88
72.51
69.61
85.26
206.36
330.29
321.64
277.49
252.62
209.26
198.91
202.86
189.55
169.36
158.48
157.36
155.55
124.00
100.07
95.40
79.05
82.82
76.07
78.07
72.31
68.82
72.51
74.61
80.00
76.90
78.51
74.66
77.88
77.52
75.96
74.77
79.55
80.42
77.17
78.93
78.08
84.78
80.06
79.49
78.48
79.09
74.58
77.61
73.27
75.58
72.40
80.26
80.54
79.42
82.66
78.56
78.68
70.60
72.36
78.08
73.55
77.71
76.61
79.27
80.76
79.80
77.91
79.58
80.27
79.74
81.23
79.82
82.39
79.16
74.96
88.32
231.86
353.32
339.51
308.06
283.79
238.96
209.82
209.70
197.61
180.40
166.47
170.80
160.11
130.53
107.51
107.28
94.07
90.94
87.06
87.35
89.73
86.62
80.75
83.71
175.83
287.93
286.58
269.04
239.14
205.67
182.99
169.76
170.82
160.51
161.34
41.36
154.34
126.34
113.54
105.09
88.29
86.06
84.37
87.99
90.24
87.76
82.21
83.51
161.87
251.81
264.06
236.19
213.45
186.04
168.04
153.87
152.84
167.26
170.71
165.77
159.72
131.10
114.21
104.35
89.26
90.90
88.78
91.54
94.67
92.28
87.60
87.39
161.66
252.24
255.95
253.41
218.61
196.79
182.90
177.18
177.17
174.68
177.13
174.76
172.97
143.01
122.28
112.01
98.42
98.08
93.69
92.28
91.92
85.84
85.54
88.19
152.80
241.16
233.37
225.00
208.15
193.88
179.36
170.01
166.75
173.85
172.40
182.96
179.39
138.87
120.54
114.00
92.90
91.34
85.50
85.75
86.18
83.76
83.87
84.67
85.38
85.03
84.33
76.62
81.09
82.50
81.31
83.40
87.55
86.94
87.52
88.02
93.10
92.49
96.54
93.71
92.95
93.47
97.14
93.55
91.66
93.89
92.89
88.08
89.35
89.10
89.82
79.83
84.10
87.11
85.68
84.29
89.38
94.73
92.21
85.54
89.81
95.67
94.73
94.17
99.15
95.71
95.31
96.70
101.29
99.99
98.63
104.40
232.08
347.19
339.99
318.05
296.10
262.55
238.97
229.54
214.65
220.69
200.50
166.41
171.30
139.02
117.39
115.12
82.56
85.37
82.34
80.75
83.77
77.44
77.31
83.34
215.72
330.42
308.19
265.16
245.46
213.74
185.78
178.93
176.47
180.41
189.17
172.89
161.43
133.14
116.48
112.06
88.33
85.36
80.01
79.27
79.82
78.08
72.28
81.54
208.67
330.62
325.71
296.63
257.98
217.79
198.51
212.44
218.21
198.53
201.15
186.01
186.43
148.93
118.18
108.28
76.59
75.90
76.91
87.38
91.62
99.32
109.25
130.45
268.69
391.97
404.08
366.70
308.04
248.39
220.11
220.41
217.05
201.67
186.31
177.39
172.39
139.36
119.85
113.01
77.39
75.24
73.05
78.35
88.17
89.59
96.98
114.32
258.34
379.54
386.87
343.38
286.51
244.11
226.90
225.77
216.49
204.39
195.54
180.90
179.93
139.08
110.47
111.50
80.94
83.45
77.44
74.83
71.72
70.98
76.40
75.81
76.19
78.60
83.92
77.43
76.64
81.92
79.35
85.67
91.81
94.45
94.25
87.23
91.91
97.96
85.27
83.95
82.66
94.34
96.75
93.12
98.75
107.27
115.31
125.42
142.39
148.16
149.46
142.95
119.93
96.35
96.58
93.09
92.53
92.36
87.77
86.95
86.14
88.98
86.97
87.07
94.53
93.85
96.88
87.35
91.75
97.07
96.49
117.27
268.47
398.88
409.02
378.58
336.50
288.44
254.56
249.51
257.91
241.48
193.96
173.67
173.55
137.25
118.89
111.69
78.52
80.04
76.41
78.62
84.56
87.91
93.90
114.65
259.09
385.16
391.99
343.33
304.10
240.63
216.41
220.49
211.28
200.03
197.38
188.81
171.80
137.39
113.00
105.27
87.54
85.25
81.33
85.46
80.85
80.69
76.31
85.80
207.73
321.66
303.20
272.69
264.58
251.12
220.73
195.73
178.88
182.05
174.87
161.60
167.90
139.84
121.06
110.48
92.90
91.15
88.74
87.19
86.51
89.87
83.41
84.11
162.71
254.19
237.36
216.26
193.89
184.76
177.20
169.99
155.18
152.31
164.04
152.68
154.63
118.88
115.12
112.57
88.90
87.15
85.10
83.99
91.02
92.36
87.39
44.56
93.64
246.91
238.87
229.91
207.97
183.48
177.84
181.47
174.05
171.49
164.70
164.21
181.52
135.80
112.25
107.62
85.50
83.20
78.72
79.84
77.55
75.50
73.92
78.13
74.08
70.94
71.88
69.60
72.26
73.85
74.78
76.27
78.23
76.61
75.66
75.30
76.84
80.80
75.44
76.73
77.47
85.19
83.97
80.22
81.45
81.53
83.67
92.39
104.09
106.23
113.80
109.10
94.88
84.37
88.77
85.10
79.53
82.28
79.39
82.64
77.37
84.71
82.79
82.49
92.45
92.31
92.10
90.86
98.99
93.16
91.60
108.13
265.22
402.21
402.12
366.78
334.05
279.29
260.14
238.30
246.77
239.88
215.97
185.16
196.49
154.25
114.15
111.44
77.96
76.76
74.47
88.20
95.67
100.13
116.39
136.77
280.26
397.81
408.74
376.30
313.65
257.25
218.27
219.22
212.79
221.44
202.92
187.73
174.46
130.85
115.64
107.16
78.46
74.25
78.70
91.85
91.25
102.64
115.25
136.28
279.53
397.64
412.62
380.25
314.83
157.59
229.21
225.23
218.77
202.79
196.23
195.60
201.44
137.72
114.93
111.36
78.68
78.27
77.51
81.75
84.22
79.34
82.78
93.64
227.65
343.43
316.65
277.22
264.30
251.08
225.58
213.80
196.53
197.35
208.15
214.13
207.48
145.95
110.50
107.54
81.60
80.81
93.79
100.65
107.19
111.44
116.09
129.30
272.94
385.52
394.14
348.66
308.94
284.50
272.65
241.94
220.41
215.13
203.37
203.98
211.70
149.15
110.67
101.01
73.88
75.21
86.44
92.17
103.29
118.40
127.28
133.59
140.60
144.03
156.88
154.92
127.61
102.86
90.31
87.42
93.26
86.78
81.36
83.56
77.08
82.60
79.35
82.71
95.56
103.73
108.46
103.90
127.12
140.22
147.59
154.96
163.93
167.67
173.61
157.31
122.68
99.31
102.13
95.24
92.17
92.09
90.16
86.90
83.03
85.24
80.09
81.19
83.49
88.34
91.47
84.53
95.86
98.87
116.12
130.45
284.17
384.70
376.61
345.52
320.33
273.82
235.43
224.62
224.14
223.81
211.24
195.43
195.33
146.74
114.62
112.83
87.58
86.93
79.58
81.45
83.05
76.70
73.40
92.11
217.61
327.93
320.85
272.29
236.74
211.71
210.71
210.90
191.44
181.49
175.83
171.23
163.25
135.99
118.01
110.76
93.60
87.85
86.76
85.55
85.75
85.43
84.03
85.90
158.86
248.95
265.66
237.11
227.85
198.04
184.90
170.46
176.34
170.77
174.15
172.22
166.18
133.46
113.89
110.48
94.61
90.28
86.92
85.81
87.45
81.97
84.10
79.86
142.56
227.02
231.43
208.97
183.75
178.29
176.07
178.75
178.74
176.30
180.38
176.56
169.92
136.99
117.55
111.23
94.25
91.44
88.95
89.21
91.89
92.63
92.00
87.45
134.04
223.95
238.71
220.56
202.13
175.27
161.75
165.26
171.03
167.45
177.37
175.76
163.49
130.22
114.83
106.75
96.21
94.99
90.43
87.05
86.09
87.36
86.63
85.05
84.01
81.93
82.80
78.26
79.08
84.45
86.07
85.99
86.00
87.28
90.22
92.52
86.76
95.41
91.91
89.18
88.20
87.69
86.82
87.32
83.81
85.92
81.98
82.28
82.43
76.55
82.10
77.11
81.23
84.02
86.27
88.88
88.00
90.16
90.11
92.12
91.54
91.74
89.51
88.72
90.47
91.50
87.99
92.14
87.19
83.08
81.36
84.40
141.50
222.12
225.74
200.90
190.09
191.32
176.84
154.27
158.87
161.76
162.20
166.24
157.85
122.44
104.25
102.62
87.71
85.69
82.95
84.54
90.14
84.49
78.76
79.58
147.95
228.36
229.16
217.09
187.40
169.26
161.69
153.16
168.43
173.18
182.08
190.25
183.29
134.06
114.27
108.68
95.15
91.71
88.80
86.19
93.00
88.33
86.74
90.07
134.66
205.71
232.73
211.09
190.94
180.67
180.97
182.52
186.54
189.89
194.83
193.52
187.53
142.67
118.50
111.42
98.91
95.62
94.26
93.11
99.03
91.57
85.92
92.17
134.02
193.74
213.64
217.20
195.45
176.63
172.74
172.16
162.21
161.71
163.49
159.59
158.00
129.09
111.21
104.94
97.16
94.83
93.85
91.42
91.67
92.15
88.16
92.46
128.90
184.15
205.37
205.47
201.19
192.54
181.39
181.75
163.44
154.14
166.96
161.33
162.69
126.20
109.88
107.57
86.85
83.92
84.52
79.25
80.77
78.56
80.50
78.28
75.92
81.98
81.11
80.65
76.30
83.14
83.91
81.75
87.92
79.93
80.18
81.54
79.83
86.87
89.70
86.95
82.92
90.43
95.74
91.60
85.90
88.12
86.85
88.69
87.76
89.03
93.04
79.42
81.50
84.50
88.64
84.97
83.27
85.44
84.38
81.61
81.47
87.77
90.96
89.28
83.94
90.03
91.19
89.97
93.41
93.87
90.09
98.14
226.69
348.01
349.69
303.36
254.95
208.60
190.72
187.32
185.80
194.17
195.38
197.81
200.95
156.76
117.73
113.02
89.24
87.46
84.26
83.27
88.73
87.16
80.04
95.19
212.71
317.33
312.15
279.50
260.07
239.17
215.59
221.86
229.61
194.81
176.53
168.83
167.75
128.94
111.40
101.82
83.77
81.38
80.85
78.57
85.51
77.99
84.42
88.51
224.27
340.65
331.24
290.60
248.23
204.78
207.18
211.79
215.85
201.90
181.37
179.85
189.02
141.62
107.22
106.99
86.48
87.78
80.52
85.32
86.59
84.81
85.27
104.84
240.36
372.40
371.11
303.56
244.65
207.06
199.34
191.95
176.89
168.58
159.79
160.03
153.04
117.33
97.98
94.06
86.05
82.20
79.97
85.16
82.77
87.02
79.08
87.73
216.81
319.41
306.74
246.19
206.01
180.14
165.13
141.22
142.15
138.03
138.47
132.55
131.50
110.25
103.38
96.06
85.63
85.27
82.78
84.74
81.17
81.88
79.51
80.72
82.93
79.95
80.72
71.91
73.05
77.44
79.54
80.08
78.02
79.84
79.24
87.30
89.64
90.68
90.81
87.55
86.37
86.36
82.30
82.56
84.03
81.57
82.80
80.99
79.96
81.01
78.73
71.47
76.54
73.47
79.91
79.44
78.29
83.16
83.06
87.37
92.23
97.91
94.70
93.24
91.55
92.04
92.45
92.09
87.69
85.50
82.92
83.65
109.54
153.84
166.97
168.52
165.98
168.21
162.88
173.68
177.87
183.74
186.24
183.38
175.71
141.99
119.99
109.48
95.91
91.59
93.52
91.18
93.62
90.70
84.32
91.97
123.88
172.23
188.42
175.80
158.82
158.69
162.30
164.81
167.23
174.66
182.15
182.59
174.60
137.64
118.37
110.71
97.27
97.16
91.38
88.86
90.44
90.44
80.43
83.43
113.57
157.36
175.87
171.22
163.36
150.28
154.08
158.53
163.56
167.12
178.71
172.40
158.53
131.62
114.99
107.29
96.17
97.33
89.70
88.92
92.01
85.26
84.39
80.21
111.37
146.98
159.04
169.34
171.36
167.96
158.07
155.32
161.40
157.54
151.01
157.39
148.35
122.66
106.42
101.20
87.18
87.49
85.68
85.67
87.19
84.72
79.07
80.39
158.61
228.71
231.04
216.06
191.76
179.93
166.02
157.07
157.79
156.81
161.75
163.37
156.26
126.52
108.73
103.39
92.45
90.96
85.90
84.89
82.20
82.58
77.02
80.85
78.39
78.65
79.63
68.63
73.71
78.38
80.23
81.55
81.33
84.90
85.63
85.89
90.89
94.38
90.44
92.74
88.50
87.83
88.29
89.28
86.07
84.63
81.34
79.68
82.31
79.72
79.30
76.57
77.47
77.52
83.39
84.85
86.19
83.40
88.22
88.17
93.06
98.30
93.58
90.12
92.46
92.25
92.48
89.53
83.68
79.09
75.26
80.80
130.92
181.71
191.68
184.67
186.57
179.36
175.43
177.09
186.38
193.59
190.63
188.60
185.78
150.44
123.06
114.33
93.73
95.49
91.77
87.79
90.07
88.67
78.23
80.18
110.45
161.77
169.36
173.78
170.65
171.12
172.70
176.93
178.48
181.37
190.40
196.69
184.35
140.07
122.11
116.48
103.45
97.32
94.73
93.76
94.76
89.91
84.44
86.72
105.79
146.81
158.54
158.66
158.60
164.22
164.06
165.98
170.03
172.22
172.06
162.83
152.72
125.93
112.35
105.38
92.15
93.03
91.02
89.03
89.16
84.63
84.26
79.02
116.49
145.96
160.79
168.77
165.19
165.29
166.65
163.39
174.14
190.48
191.63
200.50
185.45
136.50
120.12
116.52
97.13
95.92
71.93
43.11
86.84
86.76
82.88
79.75
101.99
140.82
146.90
170.01
163.20
157.94
164.67
167.68
168.74
175.61
170.24
173.86
162.65
131.70
116.66
108.74
96.45
93.44
85.77
84.43
82.74
82.48
77.97
76.81
77.42
77.33
74.93
79.54
85.76
91.92
92.68
90.58
92.43
90.82
93.33
99.03
97.27
92.92
95.36
94.15
91.07
89.42
90.53
88.37
86.24
86.15
88.90
77.28
77.21
76.06
73.74
79.81
81.24
82.61
88.77
89.94
88.84
90.28
91.06
99.36
97.65
91.44
94.21
91.81
93.70
91.85
85.56
88.17
90.85
81.08
82.08
81.84
108.98
154.21
165.65
167.02
161.91
165.24
165.19
169.35
174.03
174.68
177.34
172.77
174.03
137.79
120.80
111.61
97.91
97.75
92.43
91.31
91.73
84.30
83.67
80.98
101.19
144.34
149.55
168.88
168.90
170.04
174.22
179.34
185.45
194.77
196.77
198.23
183.95
140.89
120.35
111.40
98.23
93.16
91.06
91.45
92.67
92.66
87.09
82.71
106.10
148.50
148.31
152.19
157.21
157.37
158.39
162.61
166.54
174.33
170.82
161.40
157.31
128.15
117.08
112.88
102.63
97.81
92.00
90.16
92.00
82.61
81.99
81.53
114.99
154.20
159.48
172.88
165.41
167.07
165.79
166.62
166.80
169.66
180.31
182.41
168.89
131.28
119.49
110.18
92.82
91.04
85.90
87.19
88.62
84.81
79.92
81.94
107.87
154.32
157.83
168.01
160.90
160.68
167.44
164.96
174.31
172.34
173.36
168.15
159.66
125.69
113.74
105.48
96.27
92.83
87.01
86.88
84.53
85.22
82.24
84.28
80.64
80.28
75.81
79.24
81.18
82.32
82.64
89.84
88.09
86.44
90.25
95.40
93.06
90.33
90.10
92.87
89.51
88.62
89.71
87.29
87.19
86.60
85.63
83.61
79.41
73.28
71.88
77.84
85.44
84.54
86.60
87.39
90.96
93.02
99.90
102.59
102.34
97.65
97.09
98.42
97.34
96.14
95.52
95.86
93.61
90.40
85.87
87.13
103.89
134.69
140.76
156.24
170.29
175.66
180.24
193.11
202.28
210.88
214.76
212.32
207.72
171.97
141.19
125.72
109.03
107.86
102.71
103.15
98.75
91.81
91.09
88.99
104.59
131.59
139.83
155.75
164.71
183.81
201.98
209.98
216.78
226.82
251.74
245.59
226.65
172.18
137.12
123.62
108.35
107.38
103.92
100.18
98.08
88.49
85.35
85.20
105.33
137.36
153.87
162.02
167.01
159.18
160.07
165.02
167.75
171.27
168.67
156.02
156.10
132.26
113.94
112.65
94.91
92.46
84.01
88.50
88.43
82.39
75.76
78.00
111.79
147.07
152.07
180.33
180.37
176.14
168.86
93.47
173.03
172.64
175.10
173.47
161.32
127.22
108.14
104.95
96.17
94.52
95.68
93.94
94.31
92.23
89.62
90.45
131.77
170.56
167.05
178.40
171.47
162.78
156.82
158.29
157.03
160.79
157.99
158.07
152.92
123.03
106.51
103.39
91.02
88.11
86.13
86.80
77.74
83.34
77.37
77.56
81.15
78.29
77.69
82.29
83.59
83.72
87.82
86.87
91.22
90.16
93.70
97.05
94.02
93.68
97.87
94.96
93.50
91.55
89.90
91.07
90.10
86.54
87.60
88.15
83.68
80.04
80.47
83.27
83.94
87.33
90.04
91.56
93.51
96.14
103.11
103.47
99.49
96.00
98.04
97.89
98.01
96.95
95.55
96.12
93.73
99.78
93.10
93.10
121.26
161.15
158.73
174.26
176.42
172.11
169.28
172.87
180.17
189.28
199.11
200.17
196.60
162.87
126.06
116.48
104.47
101.58
97.39
98.13
96.23
92.78
90.72
89.32
123.01
165.91
168.26
180.55
182.04
178.73
179.44
182.96
184.04
180.31
179.70
172.11
152.76
124.67
109.92
102.66
85.50
87.80
85.02
88.81
88.45
88.04
84.88
83.69
123.37
166.03
163.39
182.31
191.48
172.94
171.20
174.12
175.48
181.68
179.18
174.08
168.55
139.68
116.34
113.23
101.68
99.42
94.96
95.64
94.04
92.69
89.63
90.74
131.89
182.73
176.87
185.40
180.04
180.61
183.84
186.82
201.25
204.38
203.59
203.52
196.13
160.60
129.05
124.72
105.78
103.91
100.12
99.77
100.54
100.64
95.64
96.18
126.07
167.59
169.46
178.49
182.91
186.51
193.61
204.36
209.25
214.07
217.10
220.56
214.11
173.43
146.60
125.72
108.86
105.71
102.33
102.44
100.09
94.30
95.33
95.42
92.93
94.40
87.49
89.83
92.96
99.37
100.87
102.37
102.75
109.44
115.04
114.96
114.51
111.90
109.71
105.11
103.22
102.05
102.05
100.34
99.18
98.20
94.81
91.99
93.91
89.33
88.41
89.03
91.42
94.91
98.30
99.16
100.95
105.71
110.55
111.26
109.62
106.25
103.77
100.61
100.44
99.54
98.07
100.80
100.92
91.36
88.13
92.08
112.47
143.83
150.51
161.38
168.29
175.44
183.78
191.16
197.40
198.46
200.09
199.71
190.45
163.43
127.02
120.47
106.41
104.20
98.48
102.37
102.08
97.67
97.14
95.10
114.09
154.19
164.86
171.83
177.51
183.80
191.98
195.63
201.13
199.95
193.03
185.71
176.95
142.28
122.15
115.07
100.17
97.19
97.01
94.50
99.48
97.56
96.34
93.81
116.54
150.67
158.68
171.03
176.26
176.55
180.68
197.23
200.44
209.30
209.84
206.09
206.46
169.48
132.47
125.56
109.34
106.46
106.01
106.75
109.05
101.85
99.33
100.05
120.15
152.60
168.48
176.59
190.61
204.39
215.75
225.81
230.24
237.54
239.63
249.49
238.16
196.06
153.38
143.01
113.69
111.61
108.06
107.46
109.10
108.18
103.94
102.43
124.06
150.05
155.42
170.14
188.21
197.89
209.03
217.67
224.62
238.41
243.82
239.72
235.67
193.55
148.50
138.58
111.12
108.14
105.64
104.59
99.65
100.84
99.69
96.28
95.30
91.09
90.51
94.58
101.67
106.50
112.27
110.59
113.92
120.72
127.97
130.25
127.48
119.41
114.40
109.99
108.25
107.03
105.58
102.70
102.87
100.78
98.96
97.10
91.87
90.23
88.66
90.93
97.32
102.03
103.05
105.24
108.92
121.10
124.82
126.75
124.96
116.01
112.35
109.89
109.79
110.19
107.70
106.51
108.90
105.69
101.34
104.74
143.82
188.78
181.99
169.56
178.87
186.26
190.08
187.10
182.38
189.26
195.51
200.62
192.37
156.48
119.32
114.69
97.27
93.34
94.47
92.95
92.71
93.44
82.20
88.07
110.76
131.51
142.46
153.22
170.53
174.81
172.91
176.21
182.03
185.83
185.33
186.98
181.98
149.32
122.29
114.47
100.59
100.31
96.75
96.13
100.76
94.10
85.29
89.18
110.09
140.66
153.45
163.04
168.99
171.62
171.57
171.96
178.00
180.60
186.18
188.16
183.82
153.09
122.92
121.14
105.94
101.95
97.73
98.37
100.95
100.04
90.50
90.51
115.37
152.67
159.17
172.28
178.36
180.09
185.65
189.37
189.98
193.99
196.23
192.74
183.49
143.97
121.06
117.85
101.98
104.14
97.70
94.68
94.65
89.98
86.62
85.84
112.94
155.74
158.66
169.47
172.70
177.25
178.75
187.56
201.82
201.53
196.69
198.60
196.56
161.23
127.75
120.14
102.87
101.51
98.06
95.81
93.51
94.60
91.66
89.90
87.47
81.19
84.25
85.91
88.82
94.73
96.62
97.75
100.68
107.30
113.82
114.67
116.41
110.06
107.90
104.21
102.42
101.10
100.38
97.51
96.68
95.78
94.73
92.29
90.78
83.32
87.30
88.86
91.20
98.65
98.59
101.35
103.65
110.43
114.97
112.24
110.32
105.13
104.40
104.50
104.56
105.75
103.81
103.50
102.83
100.77
93.02
95.05
114.03
141.39
149.70
159.58
164.19
167.33
172.98
177.63
182.52
185.15
195.94
191.33
184.51
150.99
121.69
116.71
104.84
103.00
99.41
100.56
94.49
92.48
87.01
94.46
106.85
134.06
151.08
148.28
152.66
153.23
164.12
170.12
168.55
172.16
172.38
166.95
166.75
136.56
117.16
115.35
99.85
97.80
96.31
95.62
92.64
92.88
91.83
94.40
118.67
159.46
171.05
166.92
168.13
171.67
174.59
177.57
184.85
200.76
197.14
193.96
174.83
134.64
113.26
113.21
103.62
96.91
98.80
94.49
94.49
92.79
89.20
87.24
121.29
159.88
158.80
169.18
176.12
182.16
172.28
172.90
179.49
192.96
199.54
202.95
188.45
146.77
119.76
115.29
102.67
101.32
99.09
100.43
97.35
94.51
92.59
92.21
114.64
153.18
159.15
164.27
92.87
170.79
171.32
164.87
167.43
175.43
175.83
172.24
173.49
135.67
111.83
111.24
99.50
98.16
91.97
91.43
91.64
93.02
88.01
87.63
87.55
77.53
83.03
87.12
89.07
88.86
89.41
91.58
94.57
95.76
97.08
101.14
101.85
98.40
97.18
97.93
98.49
98.65
97.75
91.57
93.84
90.31
92.87
87.22
88.04
84.63
86.50
86.11
90.83
90.48
93.50
95.64
97.36
95.14
93.57
94.34
93.23
94.10
99.94
99.22
98.50
98.44
95.72
93.68
97.41
90.91
90.50
93.86
113.49
139.38
152.12
166.99
176.32
190.06
192.07
202.03
206.54
207.07
211.48
214.21
209.46
168.84
133.88
125.16
108.66
108.09
104.10
106.89
107.52
101.63
96.25
97.57
120.41
149.28
155.21
172.25
190.10
191.78
202.79
217.05
225.07
228.41
230.38
229.44
227.48
187.68
147.93
139.86
115.57
114.45
110.55
108.40
109.44
98.22
96.99
98.13
123.96
151.67
160.20
178.99
214.06
206.89
204.39
213.43
224.29
239.23
238.01
233.94
229.54
185.24
145.34
138.97
112.85
111.32
107.79
106.53
106.91
102.13
99.31
99.83
122.78
156.50
163.94
172.09
175.26
186.35
195.41
202.18
208.36
212.21
217.54
211.06
210.29
165.54
134.02
126.78
108.07
103.91
100.66
98.45
94.00
88.99
85.08
84.16
92.36
133.45
143.36
154.21
165.05
174.34
175.09
172.40
172.55
175.13
176.98
177.73
172.17
142.39
121.19
114.97
101.85
103.68
97.94
92.32
92.98
93.53
93.06
89.94
87.24
83.07
86.60
91.26
92.56
94.83
95.17
98.97
98.78
99.79
101.09
104.16
104.89
103.41
104.12
103.27
101.86
101.39
101.64
100.12
100.01
98.12
97.83
97.48
95.22
86.99
86.49
89.24
93.03
92.88
93.65
93.40
94.87
95.72
94.65
96.05
96.08
94.10
98.41
100.38
98.13
98.01
100.69
97.06
94.28
91.69
90.16
91.07
102.45
134.34
149.42
157.22
161.56
160.07
160.13
165.26
166.86
173.70
172.47
167.40
160.42
132.14
114.64
113.49
97.97
91.85
97.10
88.87
96.39
87.78
84.96
83.84
119.06
152.87
164.16
176.11
174.16
182.40
179.94
170.13
172.93
175.91
189.94
189.45
183.71
146.54
117.56
117.50
104.77
104.99
98.53
94.12
96.06
92.14
88.84
83.21
121.92
153.56
168.68
172.60
173.85
164.90
163.31
170.31
165.33
169.93
162.62
159.43
159.05
132.00
114.37
115.72
101.49
97.11
91.99
92.51
92.65
84.21
76.80
79.85
115.47
156.28
158.30
168.51
177.94
172.91
171.64
167.79
167.70
172.33
170.39
172.08
172.37
139.20
115.88
114.29
100.70
97.44
91.47
89.90
90.34
88.91
85.79
83.41
131.07
176.24
180.12
184.19
180.87
170.84
174.04
175.74
175.61
176.21
185.45
192.61
189.97
154.82
122.58
118.06
104.76
103.01
98.78
97.18
95.51
91.25
94.12
90.74
86.84
83.78
85.83
91.70
91.61
92.63
97.40
100.25
100.24
100.91
104.74
108.14
110.11
111.82
109.88
106.53
104.76
104.14
103.22
97.45
99.87
98.32
94.13
97.11
92.00
86.63
89.07
90.88
91.21
93.33
96.08
94.11
95.82
97.77
99.68
100.73
103.19
103.82
103.46
100.95
99.83
100.25
99.58
100.49
99.92
97.15
95.61
91.34
117.01
138.59
136.87
139.21
144.76
151.87
152.49
155.46
150.26
150.22
155.13
161.34
166.33
137.61
116.72
114.54
101.42
100.25
96.54
93.15
97.39
96.72
89.23
91.41
114.94
159.94
162.55
173.30
181.06
175.36
174.81
171.76
168.63
168.90
175.79
188.14
186.80
152.44
123.75
120.34
105.34
103.20
100.80
100.83
101.87
96.72
95.28
93.19
115.12
151.84
160.66
167.93
170.26
171.69
178.03
184.46
190.77
191.45
189.64
190.22
192.52
162.74
127.00
123.23
108.54
109.24
105.73
106.27
104.88
101.53
97.68
99.62
119.73
153.81
163.38
174.46
183.77
195.03
197.88
201.83
206.68
210.06
214.31
217.50
212.43
172.41
142.96
124.96
107.94
106.95
104.08
102.75
105.05
104.52
97.91
99.16
124.27
149.17
159.87
172.62
183.55
193.63
200.91
202.99
210.23
212.78
217.17
221.88
218.71
178.13
144.25
136.68
107.67
105.18
100.72
100.14
98.67
99.23
97.63
95.22
92.78
88.37
89.62
91.05
99.81
101.88
104.22
102.39
103.53
104.91
113.99
118.54
117.27
116.94
114.41
105.36
102.18
101.17
98.93
97.68
98.23
96.83
94.41
94.21
92.32
87.35
87.31
89.86
95.60
101.46
102.65
102.64
104.64
110.81
116.64
116.99
117.37
117.53
114.19
112.41
106.49
108.26
108.41
107.99
109.47
104.90
99.68
100.18
133.19
180.01
189.69
191.41
194.42
212.76
229.92
235.48
234.54
240.81
246.50
248.43
241.28
195.35
149.01
142.06
113.57
111.54
109.18
109.80
108.09
105.30
101.50
102.51
128.30
164.66
173.11
181.24
193.08
195.42
201.80
209.64
213.52
220.82
223.94
238.42
234.05
182.05
138.82
123.79
108.84
107.07
103.17
103.88
105.79
101.01
98.44
97.76
122.24
160.69
172.62
179.76
189.53
196.82
201.86
214.97
230.95
238.05
242.17
247.25
247.65
201.48
153.83
146.35
115.18
113.08
110.90
110.18
111.01
106.56
103.48
103.94
132.05
174.03
185.47
190.40
205.43
216.29
218.90
226.78
238.54
244.06
244.20
248.54
243.78
201.11
151.40
144.33
113.54
112.22
108.80
108.00
111.33
108.50
103.92
104.83
134.45
175.01
181.95
181.31
186.97
194.67
198.57
205.21
213.71
232.14
239.83
243.94
240.97
195.91
147.23
139.12
109.84
107.76
103.66
102.08
100.00
99.05
98.55
96.93
93.60
90.29
90.11
96.19
101.05
104.06
106.35
105.92
107.92
111.98
123.34
127.89
128.33
134.31
136.19
122.45
111.81
108.94
110.75
104.25
102.86
100.54
99.35
99.12
95.61
91.54
94.82
102.39
194.47
282.91
258.64
227.08
225.97
231.54
237.97
247.82
245.45
247.19
242.05
232.09
208.88
140.67
111.79
112.37
113.76
107.95
103.47
106.82
141.46
188.87
188.00
192.07
200.35
217.17
241.40
252.95
265.78
276.96
300.37
318.19
319.34
235.28
173.25
163.16
126.26
121.01
119.39
117.11
121.44
115.97
111.81
114.58
162.10
224.94
235.05
232.26
229.58
240.80
255.80
272.06
286.67
313.39
306.96
301.90
295.11
216.04
162.01
154.96
119.24
117.39
113.90
113.06
112.97
109.74
104.95
106.67
145.41
195.01
199.93
196.85
205.49
225.42
244.33
259.69
278.46
295.30
316.66
315.34
306.74
228.30
170.40
160.33
130.76
121.91
116.88
116.80
115.58
113.94
106.36
107.17
146.38
197.83
195.43
191.04
210.05
231.62
253.92
252.69
254.39
279.26
312.10
315.72
299.09
210.72
158.36
153.24
124.23
119.34
115.81
112.95
114.94
107.15
102.05
103.23
133.09
170.03
172.09
183.21
195.51
201.93
204.28
218.85
229.23
234.46
237.41
243.36
238.80
190.23
153.25
147.15
116.55
113.99
109.56
107.08
105.94
104.73
103.00
103.33
99.64
95.63
96.64
101.74
108.90
116.83
118.93
120.79
123.81
126.65
132.47
152.66
155.74
158.62
149.50
139.11
128.26
118.50
117.55
112.63
111.61
110.71
109.74
108.33
105.20
100.75
102.76
110.49
116.67
118.56
122.19
127.38
131.82
144.05
154.40
162.86
162.94
164.09
152.16
141.54
133.64
124.70
124.38
121.25
120.80
117.15
112.39
112.64
160.80
215.05
214.87
209.89
218.54
225.92
239.76
246.31
251.64
262.35
273.03
295.11
287.20
211.20
157.81
148.81
116.59
115.84
111.15
109.41
109.53
106.38
103.96
103.16
141.43
180.97
178.24
180.11
192.05
206.09
212.84
229.35
237.81
240.40
242.77
245.34
236.23
185.91
151.11
143.98
114.69
110.79
108.37
106.67
107.85
103.76
102.53
102.81
134.03
165.98
173.49
181.78
192.54
196.90
206.99
215.27
223.41
232.30
240.69
248.78
243.53
193.51
153.99
148.31
118.47
116.04
114.21
113.60
113.96
111.45
106.82
107.57
142.92
173.95
174.61
178.28
187.45
196.23
201.39
213.70
218.55
229.18
237.16
247.58
242.13
197.16
156.77
148.85
116.91
115.25
112.65
109.49
110.85
107.91
104.46
104.89
134.33
169.21
168.74
177.77
190.61
198.10
202.38
203.79
211.21
216.47
228.92
233.34
230.37
183.43
151.16
145.29
115.49
111.69
108.05
105.91
103.76
103.34
102.88
101.05
98.57
93.81
94.02
101.38
111.70
119.07
121.25
119.86
117.09
117.55
119.47
123.49
131.84
139.76
137.01
122.96
114.90
111.81
111.41
108.03
107.07
105.99
105.37
104.96
100.16
93.95
94.61
102.65
109.24
111.93
114.31
117.75
118.39
121.46
126.65
144.28
142.80
147.28
139.44
128.92
117.39
115.43
111.72
111.20
109.69
104.57
100.01
100.05
139.12
185.10
184.76
182.16
201.07
212.03
223.41
231.14
237.49
243.33
251.03
255.05
249.08
193.25
155.48
149.96
117.66
116.20
112.40
111.96
111.41
108.48
103.49
103.64
132.66
170.26
172.14
184.20
203.22
214.31
224.11
236.11
247.58
259.29
262.66
261.63
251.84
196.66
155.85
148.08
116.97
114.79
111.61
111.18
111.53
105.95
103.19
104.61
140.92
177.13
182.35
185.59
195.58
206.58
219.13
227.42
232.05
238.19
244.71
251.39
245.86
196.61
159.13
149.92
117.94
113.95
109.33
111.96
114.29
108.82
104.66
105.41
136.30
174.59
181.35
185.58
197.16
202.93
212.90
222.49
235.69
244.61
248.55
268.16
239.52
184.39
147.26
143.00
114.85
98.54
112.71
114.13
114.29
106.39
103.99
103.74
135.84
172.26
179.43
156.14
211.16
219.95
230.80
247.36
261.87
290.39
307.90
308.27
302.16
222.46
161.80
153.11
121.59
119.02
115.55
110.83
108.56
109.47
108.06
106.95
103.29
100.27
99.96
105.80
113.71
122.50
135.10
144.85
157.13
166.00
170.79
166.48
171.97
167.11
150.79
146.40
143.81
140.25
137.14
131.12
120.03
117.18
116.54
112.55
110.19
105.70
112.43
121.63
127.98
140.32
152.38
158.40
162.30
173.30
179.08
180.73
179.75
179.11
171.77
158.17
144.20
142.99
143.31
139.90
133.64
122.57
117.90
120.32
184.66
258.40
269.00
272.01
277.58
302.99
320.74
327.59
338.13
347.34
351.40
344.35
335.38
244.64
177.85
167.56
141.19
123.99
120.62
118.19
117.22
115.23
109.74
114.09
162.77
213.34
227.53
230.44
235.40
253.67
270.86
292.99
304.36
312.83
317.25
313.01
304.66
225.29
167.10
155.54
121.40
116.98
114.67
113.44
112.69
112.11
105.98
107.97
148.33
196.58
208.86
218.42
222.59
235.86
245.89
254.23
258.32
268.11
285.41
279.66
275.33
210.31
160.97
156.94
125.96
119.99
115.92
115.15
113.35
107.84
104.97
108.12
142.35
182.04
189.77
189.91
192.84
192.94
198.34
207.42
213.51
218.73
228.24
238.65
239.11
196.27
158.02
153.30
121.89
116.58
113.05
111.20
109.95
108.18
104.92
107.69
141.31
179.57
190.57
196.60
200.22
204.82
212.98
220.69
224.22
229.65
238.14
241.18
236.01
194.70
156.62
152.62
120.41
117.98
113.92
109.76
109.23
108.05
107.45
105.59
104.23
98.84
100.53
106.39
112.42
115.49
119.33
120.57
121.94
138.35
144.61
152.74
155.71
156.69
151.16
140.86
135.25
128.98
118.82
115.59
113.72
111.92
111.50
109.06
107.62
101.94
101.71
110.80
134.44
151.25
154.19
154.46
158.85
164.79
168.79
175.44
174.15
169.80
162.08
148.75
141.51
121.66
118.85
116.63
111.99
108.93
104.69
106.27
146.96
195.20
202.46
203.70
208.67
219.04
227.50
240.46
254.01
260.84
266.87
265.51
261.18
205.73
163.14
154.92
123.53
119.69
114.05
112.90
113.75
111.58
107.27
108.70
139.99
180.25
188.26
194.60
202.36
206.91
213.32
230.06
240.16
244.93
256.13
260.81
252.31
202.11
162.07
156.73
125.18
120.03
116.45
116.15
116.92
115.10
110.04
111.73
153.12
197.20
205.54
208.47
214.50
227.05
241.43
261.84
295.19
313.77
326.89
329.83
318.75
242.70
180.55
169.83
145.39
142.36
130.87
122.08
123.58
121.25
114.20
117.90
167.13
219.72
212.40
209.39
225.63
246.09
270.38
305.52
332.18
341.75
359.44
362.02
341.53
232.39
169.10
158.83
132.33
129.56
126.79
123.83
126.01
120.84
115.72
119.72
177.93
231.67
231.36
227.82
242.73
281.17
321.44
323.93
331.98
339.60
346.89
340.07
315.55
220.35
162.21
153.38
120.16
118.44
118.79
114.82
112.44
113.38
113.06
112.40
110.41
104.92
109.35
119.72
125.28
127.17
136.55
145.78
153.78
167.63
177.71
180.95
179.85
178.36
167.67
151.20
144.90
143.34
143.36
138.83
135.49
134.17
133.70
133.61
131.98
127.72
131.64
153.94
165.15
170.60
171.86
174.75
179.01
188.24
194.01
212.77
217.48
216.41
196.47
179.21
168.91
161.57
160.78
158.09
157.61
153.13
145.07
145.74
204.57
278.16
288.47
294.66
310.16
331.35
344.60
363.81
373.51
384.13
392.09
397.19
381.00
303.35
219.21
207.10
172.09
164.54
163.76
161.35
161.85
153.81
143.31
143.31
196.74
254.46
255.80
253.41
262.71
282.01
322.19
340.13
347.64
354.05
367.87
359.79
362.68
293.64
205.62
192.89
161.48
156.63
153.58
152.13
152.25
146.90
141.54
142.03
195.37
253.96
257.93
256.02
266.93
279.49
299.38
321.31
337.97
350.27
355.81
358.03
352.55
263.09
197.58
189.30
164.64
162.19
160.70
158.45
157.82
153.04
133.24
134.47
189.96
229.53
224.99
232.50
236.97
244.89
252.97
262.04
266.41
270.29
277.45
290.52
309.17
239.09
187.42
178.46
154.01
150.43
147.58
145.40
144.52
144.48
138.99
138.73
185.81
228.88
227.98
225.11
225.64
238.03
258.74
269.13
273.56
295.05
299.29
297.52
283.62
219.11
171.98
164.81
145.71
144.89
141.41
138.43
135.64
133.15
117.72
118.15
115.93
110.28
111.15
118.89
126.89
134.11
145.08
147.26
148.68
162.27
173.91
175.75
176.85
174.67
170.43
157.04
150.56
146.60
142.95
139.45
137.35
134.77
133.06
132.64
132.23
118.18
118.30
128.94
150.86
158.65
162.42
164.22
177.44
185.36
189.57
196.17
197.81
193.80
189.44
177.10
164.89
165.06
164.50
164.60
163.25
164.34
157.06
162.73
222.49
288.80
294.99
276.87
278.87
289.83
302.44
319.94
330.97
334.95
327.39
323.30
321.22
249.85
191.71
182.99
153.95
150.30
147.36
149.92
148.40
147.96
145.56
146.11
193.61
236.00
233.54
229.73
237.94
242.38
255.15
269.04
283.56
292.44
296.29
310.32
304.18
244.21
190.34
183.29
164.95
161.97
161.07
157.77
163.00
163.33
155.20
156.64
202.32
248.35
245.53
231.57
229.29
249.77
262.74
281.12
295.08
328.91
331.75
328.49
313.74
240.32
188.97
178.19
162.31
162.15
157.35
158.91
159.59
156.26
153.84
143.90
193.92
237.41
241.98
238.96
244.30
254.74
266.22
286.41
289.75
303.26
313.41
313.71
307.29
236.40
183.64
175.09
153.09
152.06
150.82
150.73
150.13
145.82
141.32
143.62
194.77
246.10
244.11
241.90
246.81
261.81
289.62
309.57
310.74
315.47
318.10
320.52
315.10
247.40
186.80
176.62
153.37
151.19
149.01
145.70
142.03
141.31
140.35
137.61
136.49
131.39
132.76
141.60
149.46
155.60
156.76
161.93
169.72
183.63
188.45
190.67
192.82
189.29
181.94
166.72
158.33
154.70
153.55
150.61
145.08
142.75
141.32
140.10
138.38
132.33
131.83
136.74
143.74
149.26
156.46
161.50
174.58
181.52
185.27
187.52
190.73
185.81
176.75
169.67
160.86
157.14
155.06
153.08
151.15
147.50
142.49
145.36
201.11
268.94
273.64
263.37
266.77
275.88
308.14
330.46
343.65
354.84
364.81
366.20
358.59
288.56
198.91
179.86
152.67
148.69
145.69
146.86
147.94
148.80
142.01
142.85
194.91
250.76
250.48
246.40
259.92
282.95
324.44
333.34
331.44
331.29
339.66
337.26
318.82
217.73
166.70
157.58
142.65
138.69
133.01
130.78
130.83
132.93
129.47
133.02
182.32
212.29
211.80
212.98
221.83
226.84
232.62
244.97
255.35
258.31
262.40
257.14
241.19
187.47
153.96
152.19
142.79
145.79
143.63
145.83
139.44
134.66
135.25
138.17
187.61
218.64
221.64
224.41
225.78
233.74
239.09
253.39
266.34
277.82
304.90
314.48
298.15
227.16
178.55
169.37
149.64
146.73
145.88
144.19
145.88
146.28
139.21
142.47
194.65
234.85
237.34
238.05
253.27
273.38
308.61
308.11
321.55
323.58
329.96
326.25
321.28
246.88
187.62
179.14
157.49
151.75
147.91
144.79
143.22
142.34
141.98
141.90
141.24
136.30
135.85
138.40
144.54
152.83
163.74
167.55
171.96
184.05
190.13
193.39
185.22
173.28
166.51
163.84
150.25
141.08
140.54
141.55
139.11
137.93
137.41
137.45
136.68
132.96
132.33
136.82
148.58
152.68
156.91
158.91
165.24
176.70
185.28
189.27
190.94
186.06
174.30
164.68
160.84
159.28
156.86
156.32
155.10
151.70
144.09
144.75
204.23
262.18
274.02
275.27
283.94
324.37
345.84
363.21
377.16
391.63
382.86
385.65
369.61
266.58
189.10
176.46
145.66
143.57
144.17
144.96
145.68
142.36
137.09
139.84
194.13
243.59
243.42
232.85
232.81
237.12
239.00
244.11
245.04
241.63
239.35
246.69
251.91
205.95
168.01
161.73
145.25
144.61
143.17
145.79
149.49
144.97
141.44
143.02
192.90
233.57
234.16
235.04
249.49
264.71
279.58
298.45
318.48
327.39
336.44
330.24
302.92
214.70
169.59
162.27
147.71
145.61
141.44
141.14
143.61
140.67
136.03
135.76
181.70
213.11
217.81
228.67
236.92
240.56
252.08
266.82
269.75
277.52
308.75
318.54
308.80
232.86
181.52
175.61
155.77
151.66
149.67
148.10
150.56
147.78
138.47
138.60
190.70
235.22
229.96
231.87
240.03
245.88
252.22
261.02
261.92
261.07
267.81
271.72
264.83
208.75
169.19
160.60
145.45
144.03
140.31
138.36
137.20
135.35
134.95
134.92
134.34
121.64
116.57
122.34
125.06
130.12
136.11
143.50
143.13
153.88
164.19
172.25
162.91
148.32
147.88
145.82
143.04
142.49
141.64
141.28
137.34
137.44
137.36
136.77
136.89
132.49
130.85
134.85
142.28
145.59
147.63
148.25
151.09
166.37
169.35
168.80
168.85
166.51
164.77
153.50
150.68
147.18
140.87
142.48
140.33
137.85
137.65
137.36
190.33
242.34
233.25
237.73
243.90
252.08
269.07
286.97
303.04
316.34
329.00
328.47
319.34
239.97
180.33
167.66
147.29
146.15
140.30
139.85
139.68
135.83
121.44
121.50
177.52
219.66
213.66
226.31
234.02
245.91
261.40
285.46
320.79
333.06
339.48
342.32
339.24
257.72
188.63
178.79
156.09
153.70
148.63
146.98
146.13
142.36
135.50
125.78
178.76
218.85
213.76
221.61
232.14
251.64
279.85
327.92
339.93
351.68
358.70
362.32
358.24
283.75
200.78
180.84
155.39
151.59
144.16
143.95
142.56
135.69
132.05
133.51
185.91
225.21
216.33
226.16
242.33
268.49
321.29
346.33
363.13
372.80
362.97
377.19
365.38
293.77
205.01
185.86
161.27
158.84
153.96
266.74
301.34
235.07
210.97
202.50
198.39
193.81
195.79
217.15
229.16
240.93
266.44
282.15
324.81
337.65
351.90
356.68
354.78
351.87
334.48
308.65
271.79
239.97
222.51
213.45
208.80
206.09
199.60
196.09
195.84
190.83
191.26
211.05
212.75
218.90
233.68
244.60
248.19
258.86
269.26
286.88
291.06
291.29
284.81
257.38
239.03
219.36
213.72
211.38
209.06
205.84
203.68
204.22
202.86
196.07
193.18
194.50
205.22
208.96
211.94
217.88
234.82
243.91
245.41
246.57
245.31
244.49
242.59
224.36
212.90
209.88
207.09
205.64
203.50
201.50
194.51
195.25
194.94
189.92
193.30
209.93
221.46
231.79
232.76
249.96
268.75
271.27
280.73
317.39
309.87
297.87
269.95
237.68
221.92
209.71
206.72
155.91
137.74
133.30
117.01
117.65
163.77
197.99
197.83
211.57
224.59
237.50
251.66
277.42
318.70
334.31
343.64
346.16
340.25
260.34
189.31
173.98
152.71
146.84
142.31
141.40
139.94
134.20
129.11
122.57
179.86
219.11
215.64
230.48
236.10
256.81
308.82
345.93
359.50
371.22
377.42
377.16
369.67
290.44
197.74
180.29
157.11
150.69
147.45
148.13
146.11
138.23
132.36
120.55
180.66
226.92
217.69
226.14
244.40
273.11
332.56
379.18
402.27
410.99
414.04
408.50
404.36
318.65
219.07
193.71
159.54
151.72
143.50
141.06
144.01
143.64
138.01
138.10
188.03
254.26
240.15
240.11
249.48
272.19
298.40
331.39
337.59
342.79
347.88
345.58
335.63
247.89
184.90
173.91
152.97
149.88
149.61
147.57
143.37
141.93
143.44
142.43
141.64
138.27
135.56
140.18
145.69
149.12
144.55
146.64
151.34
168.27
176.16
172.49
173.18
164.65
157.76
147.82
145.13
142.53
144.42
142.81
137.08
137.64
135.22
135.07
111.43
102.81
127.71
133.17
139.72
143.37
144.14
144.43
154.78
169.89
170.63
172.67
170.81
162.43
156.14
149.94
146.81
145.78
149.93
150.19
151.74
150.17
145.94
148.63
211.58
275.99
293.79
287.10
296.17
321.21
356.66
375.87
385.50
387.62
382.39
383.49
377.76
292.42
200.05
184.21
154.24
152.79
149.65
149.37
151.59
149.19
151.82
157.27
215.83
283.97
290.63
282.79
303.70
340.88
366.08
395.33
414.28
420.18
414.32
430.08
409.24
318.32
216.82
201.39
161.07
160.86
160.31
159.50
158.37
155.24
151.62
150.87
211.28
282.26
270.16
271.71
287.66
325.49
354.02
363.67
366.01
369.13
380.05
384.90
380.23
306.58
219.66
197.42
156.92
150.75
145.75
146.10
145.62
141.75
139.77
142.43
198.78
242.11
230.25
235.91
255.12
262.44
278.56
324.93
334.57
345.04
352.55
342.05
332.24
261.80
192.69
181.28
158.50
153.93
153.71
154.30
154.57
148.38
142.46
143.37
197.80
247.53
231.63
236.73
252.83
278.75
303.04
324.81
337.94
347.08
349.58
349.41
336.96
260.65
191.87
177.87
156.14
152.94
149.37
148.23
144.44
141.92
138.36
135.49
133.78
131.70
131.88
136.47
142.51
147.78
148.20
151.70
158.36
165.21
182.22
181.20
174.20
162.35
157.47
151.08
147.50
146.90
146.84
144.75
139.76
138.23
138.14
136.13
134.52
130.14
127.59
134.41
139.82
145.13
149.98
153.29
157.90
167.25
182.68
189.27
172.80
140.90
143.30
141.75
137.48
136.42
140.94
146.26
149.66
146.79
144.75
146.04
202.25
258.63
232.82
228.89
236.59
241.73
249.75
263.68
293.00
306.63
308.19
309.51
304.98
233.99
179.50
171.89
152.09
150.04
147.01
148.91
148.90
144.06
141.24
145.89
202.42
251.29
237.00
243.71
263.50
286.39
321.04
348.93
353.48
361.25
383.10
384.82
362.27
272.89
198.42
183.15
158.72
153.18
150.08
149.69
148.74
147.27
142.82
144.31
204.08
259.42
242.09
246.81
262.00
300.02
335.19
348.40
358.12
363.31
371.40
377.07
363.68
282.51
199.65
180.58
158.00
155.75
157.04
155.80
154.04
153.36
151.16
151.38
213.31
273.55
261.34
261.96
278.25
313.78
342.79
362.39
370.85
380.90
389.00
380.21
356.46
260.32
189.88
174.84
148.13
147.53
149.89
150.79
151.37
151.01
146.78
147.61
209.08
255.86
235.11
230.33
237.28
255.34
278.95
308.10
326.81
331.49
337.30
335.87
324.84
259.66
194.58
179.94
157.62
156.32
149.53
146.16
144.31
143.78
143.33
142.30
143.13
141.63
136.81
136.20
139.91
145.92
149.50
155.65
160.68
178.95
189.97
185.79
177.07
166.10
156.94
148.28
145.55
143.83
140.91
142.23
138.34
138.88
135.69
135.77
136.10
133.33
129.43
133.53
138.35
143.88
147.10
148.93
154.30
158.74
177.22
176.44
167.68
157.15
151.00
154.45
151.10
150.80
147.85
146.47
146.85
141.62
136.60
139.54
195.46
246.39
233.47
231.43
249.35
267.51
311.95
323.14
312.45
312.65
320.18
322.92
311.38
232.52
179.87
163.22
147.15
149.51
149.31
148.56
148.23
146.80
142.49
146.38
208.39
245.81
231.59
237.90
255.80
271.65
311.92
326.99
334.63
336.25
331.82
323.19
304.58
226.42
184.66
167.27
148.45
147.88
141.75
140.33
131.28
123.40
120.07
121.30
177.86
212.31
207.01
216.92
227.32
237.69
250.00
253.35
257.17
264.47
269.87
270.52
254.35
194.06
155.30
148.28
123.57
122.86
120.35
120.99
119.37
118.91
114.14
115.49
170.87
202.52
196.62
207.12
226.56
234.72
246.91
268.59
283.56
295.66
318.38
314.80
297.15
216.05
163.55
152.89
135.10
121.56
118.22
116.35
114.73
112.76
108.88
110.89
166.31
199.31
194.86
204.28
224.10
238.34
246.65
258.24
278.34
308.25
320.45
322.80
312.59
218.39
166.00
158.11
140.36
137.89
131.47
119.42
119.24
116.42
116.10
115.91
116.23
115.04
110.71
112.94
116.29
123.08
129.98
136.83
137.30
141.43
150.06
157.69
147.46
137.06
135.34
133.17
135.20
123.86
118.97
119.40
116.26
115.17
115.57
113.55
114.21
111.61
107.60
110.03
115.91
120.34
124.76
130.40
139.10
141.35
146.59
151.79
148.41
144.25
142.14
138.69
136.66
137.99
137.01
137.68
138.04
126.57
114.56
119.55
186.88
252.15
231.79
230.80
246.22
263.19
278.20
311.60
319.02
318.05
310.20
300.63
289.18
210.01
154.80
144.09
118.89
119.41
117.28
118.35
120.30
116.15
111.81
115.44
169.45
206.56
202.63
209.17
226.28
227.10
241.20
258.51
275.30
288.18
289.29
302.51
285.87
206.54
158.06
151.96
140.74
139.41
137.42
120.47
119.26
117.75
114.21
109.49
164.41
203.86
196.94
209.86
226.74
238.54
241.54
261.90
273.85
281.14
291.77
310.21
292.66
205.35
156.32
147.52
125.18
119.61
116.82
118.06
118.34
118.15
111.18
111.49
166.11
209.14
202.40
214.35
227.08
230.76
234.55
255.63
272.17
273.43
278.50
273.70
261.53
197.67
154.17
147.40
117.22
115.93
115.80
112.76
113.35
111.09
106.57
106.26
146.96
194.83
193.05
196.57
212.78
222.87
230.56
228.44
233.29
238.61
241.92
238.01
228.95
173.24
144.18
135.02
109.76
108.04
104.45
105.33
102.47
98.25
94.81
94.54
94.99
91.53
87.73
92.25
99.68
104.06
107.73
110.69
111.93
113.74
116.67
118.18
111.98
109.01
108.84
106.14
103.30
101.97
100.44
100.53
97.02
95.57
94.47
93.79
92.98
61.51
83.85
90.61
96.60
101.24
106.11
109.30
112.46
113.74
119.40
129.05
129.08
125.42
124.83
114.56
113.15
112.50
113.05
112.91
117.66
119.36
110.28
114.97
178.58
248.77
236.48
226.68
229.61
242.07
259.23
283.63
286.69
255.70
245.63
238.88
215.90
135.89
63.38
61.50
60.40
58.75
57.69
58.57
59.02
57.64
53.46
53.19
53.51
51.90
54.54
67.93
160.45
244.16
239.47
252.06
253.33
254.60
248.92
217.98
208.70
187.48
145.59
125.39
114.61
113.53
110.23
111.21
110.42
106.98
104.87
105.93
157.81
202.29
205.96
204.09
210.53
220.82
217.24
211.70
216.78
220.70
217.50
217.70
212.89
184.66
143.95
134.97
114.78
113.67
109.65
110.01
111.80
109.35
106.15
109.67
161.19
203.86
205.32
211.61
213.04
218.25
217.60
220.45
227.03
223.74
221.26
214.98
200.65
165.94
138.28
135.28
121.06
119.34
113.88
113.30
113.26
114.58
108.64
110.08
154.83
197.02
202.09
206.02
213.87
228.41
223.06
220.22
219.90
217.19
215.91
212.95
207.93
170.18
138.96
123.41
107.04
104.40
104.05
102.39
101.44
101.03
100.39
100.80
99.39
97.78
94.90
98.48
105.12
110.32
116.08
116.86
120.11
119.96
122.35
128.52
122.40
115.77
112.68
108.50
106.00
104.73
105.17
104.49
103.19
99.83
99.73
98.90
97.67
95.96
91.84
95.77
101.93
103.15
106.22
106.64
107.49
106.94
110.05
116.95
108.92
105.99
106.53
104.18
104.30
105.02
107.06
109.51
107.47
104.22
101.96
102.73
160.02
212.16
204.10
174.69
212.84
211.91
219.10
221.11
225.76
237.02
238.44
239.60
229.25
168.93
124.58
117.73
104.60
102.75
98.41
99.04
101.02
101.21
98.10
98.14
147.12
201.64
195.38
208.22
211.96
211.82
216.35
229.70
238.14
240.14
236.17
235.53
221.69
165.81
121.07
115.63
107.33
103.80
99.54
99.47
98.84
97.66
93.51
94.34
148.95
212.30
206.44
204.11
209.34
213.53
220.61
226.77
231.03
235.84
239.54
242.24
234.56
170.65
123.60
118.24
107.44
105.60
99.90
100.88
100.35
97.90
95.90
95.64
144.57
207.85
206.96
206.16
211.71
213.69
228.40
233.30
241.56
254.47
262.34
258.33
244.35
181.86
147.10
137.55
111.14
108.46
105.96
105.69
105.94
105.31
101.71
103.02
148.92
199.24
195.93
208.03
215.07
227.76
233.42
235.06
241.86
243.41
248.99
246.70
235.55
174.58
138.50
123.68
109.01
108.26
103.52
101.71
97.74
97.22
96.15
93.66
94.61
92.93
90.19
92.80
97.33
100.79
105.44
107.99
109.60
111.72
123.60
124.26
111.65
110.53
110.48
107.98
106.01
104.49
104.65
98.84
95.50
95.07
93.34
94.25
95.86
92.34
88.82
90.37
92.16
99.63
102.64
108.50
109.69
112.06
121.74
123.03
112.86
108.17
107.08
108.12
104.06
102.26
100.58
104.14
105.97
101.15
94.84
94.61
146.11
206.90
193.49
203.15
222.42
227.05
232.73
245.69
251.19
259.20
269.58
274.56
257.73
187.49
143.86
121.51
107.59
104.82
101.19
101.08
101.48
96.89
94.93
97.26
143.75
198.23
196.63
209.06
204.47
190.15
199.54
216.30
219.62
230.48
223.12
215.38
198.10
150.08
112.76
105.79
96.98
93.25
95.66
93.68
92.29
92.39
85.28
85.28
102.83
139.78
150.88
161.48
158.26
169.26
185.48
187.11
184.39
190.23
204.96
216.48
202.39
154.21
111.35
107.94
97.32
93.88
91.39
93.20
93.52
89.56
85.41
85.36
101.53
139.67
146.08
156.32
154.59
162.00
169.63
177.33
191.95
202.34
200.38
195.30
169.63
127.66
103.92
100.39
88.95
90.36
87.25
86.05
85.98
82.01
75.49
82.21
106.99
152.81
157.48
154.50
161.36
164.24
167.48
179.63
187.70
190.11
186.29
184.57
171.74
122.42
95.59
99.98
91.30
87.61
86.94
86.28
83.07
81.28
81.07
82.53
81.48
82.11
76.67
78.82
79.27
81.39
82.57
86.35
88.70
89.51
96.56
100.08
88.55
91.74
90.60
88.97
88.22
88.00
86.79
88.21
85.32
86.79
82.84
82.03
80.09
79.03
73.26
79.95
78.24
79.97
82.80
88.43
91.51
94.71
103.73
104.50
91.75
93.61
90.90
90.74
90.58
89.29
90.49
89.75
83.56
86.88
79.08
78.97
99.45
131.95
137.64
145.31
120.14
148.42
154.87
168.31
179.34
181.80
177.28
161.90
145.62
116.07
92.68
93.88
88.92
88.32
85.71
91.59
97.53
86.40
87.43
85.80
103.17
138.97
144.09
150.50
146.57
147.80
162.63
175.50
191.34
194.25
198.62
198.67
180.69
132.00
102.50
100.43
93.01
89.44
92.43
90.27
87.18
83.91
83.70
80.05
100.31
141.03
144.49
150.25
154.24
167.03
176.64
185.25
191.80
201.09
200.67
203.19
176.84
139.20
110.44
107.89
97.75
99.86
93.19
96.71
98.92
98.01
96.91
91.09
110.88
145.45
144.28
154.33
162.51
175.40
184.24
190.63
212.23
218.53
217.14
219.54
195.27
147.84
113.01
109.49
103.84
101.43
100.20
96.82
94.65
93.53
87.42
89.85
109.34
138.39
131.04
143.41
141.73
147.16
161.99
166.42
173.90
175.13
169.15
163.71
146.61
116.71
100.28
98.87
89.58
88.99
90.34
87.26
85.66
84.40
83.25
87.17
83.52
80.21
76.66
75.80
77.18
80.50
82.67
84.01
85.06
85.75
89.13
88.24
79.57
84.70
85.50
83.36
81.95
80.24
79.73
77.07
77.92
75.71
76.09
77.56
73.17
71.85
66.24
70.74
70.47
73.70
75.59
78.88
82.37
84.70
86.27
82.82
82.59
87.15
87.39
86.15
85.85
84.89
80.24
80.53
81.76
81.47
76.88
79.19
107.33
140.42
136.78
146.67
143.75
154.94
169.26
175.16
177.38
178.68
176.83
187.36
164.14
122.53
102.94
100.42
91.78
92.18
88.60
85.94
87.02
84.32
79.57
79.20
108.93
140.02
146.77
147.94
158.11
165.26
172.65
179.01
187.27
201.20
202.50
202.35
177.43
128.36
106.96
102.59
92.57
92.96
88.63
90.84
88.74
87.63
83.29
81.66
107.39
141.51
138.04
143.91
140.94
150.33
167.66
179.79
186.77
198.28
193.75
200.78
180.15
135.04
107.38
103.05
95.20
94.99
93.77
94.01
89.07
86.27
79.54
85.40
114.42
145.01
143.95
152.39
150.34
166.15
164.60
171.21
185.99
194.39
190.35
181.18
169.59
125.76
103.45
100.14
97.01
96.04
93.02
93.97
93.42
88.55
87.48
90.35
121.37
165.50
170.34
172.85
167.65
172.41
161.62
161.43
147.96
164.93
164.59
168.79
150.38
119.64
100.86
95.07
92.68
91.97
88.26
83.39
87.37
82.36
81.88
82.76
82.22
82.17
73.87
75.39
77.97
79.92
77.28
76.79
76.89
77.49
78.39
80.93
79.86
82.61
84.16
82.00
80.50
82.76
82.00
82.36
80.04
81.70
77.28
76.54
79.24
78.67
68.83
69.31
72.27
76.13
77.82
80.07
81.95
83.65
85.89
85.36
84.17
88.22
85.68
89.42
88.35
91.55
89.85
88.38
88.50
82.59
77.71
80.69
107.08
143.33
142.56
145.00
141.15
151.53
160.49
166.09
165.15
170.22
171.36
164.64
152.89
119.60
96.80
89.10
84.57
77.69
77.36
78.31
77.48
76.10
68.35
70.43
120.39
188.22
191.18
183.54
170.75
166.89
160.37
170.17
183.82
180.74
171.38
169.63
153.90
114.98
98.65
94.00
96.23
92.36
88.96
67.93
78.09
78.04
69.75
76.15
132.88
208.71
208.72
190.36
218.60
187.57
174.96
162.51
167.59
174.21
175.01
169.34
154.24
128.63
104.64
101.47
83.56
79.76
80.41
79.35
79.28
76.96
69.82
82.06
187.14
282.43
263.75
229.41
192.41
174.02
170.27
157.76
154.79
159.97
160.93
166.04
148.34
119.01
107.91
101.19
88.67
88.27
81.14
84.07
87.21
81.22
79.42
81.52
183.48
262.56
256.89
233.89
211.67
186.92
181.85
172.78
166.99
164.42
166.37
158.88
147.99
122.46
103.00
97.30
89.25
85.36
86.66
85.72
78.49
83.64
77.26
81.88
76.69
77.28
74.93
75.15
75.10
77.41
83.51
84.26
86.43
87.17
86.38
86.94
89.34
88.90
93.02
89.38
88.29
91.98
91.15
87.99
85.04
83.31
85.48
85.47
85.60
81.03
73.53
77.88
79.00
82.48
84.35
84.83
86.79
86.91
88.50
90.09
90.09
90.61
88.95
92.64
89.79
88.84
88.36
89.31
89.41
85.76
88.11
85.62
120.96
143.61
171.82
170.91
148.12
145.63
142.46
144.58
153.09
166.32
177.05
173.01
161.34
126.63
106.97
100.45
96.57
94.60
91.67
92.55
92.18
94.17
86.20
89.31
115.92
141.15
157.23
163.59
152.25
147.62
149.13
155.94
166.26
174.13
181.24
176.99
159.08
124.71
109.08
105.04
98.40
95.94
92.66
93.45
95.80
90.32
86.79
88.67
104.76
129.15
128.07
127.95
127.51
136.99
146.10
152.57
156.56
164.20
161.76
159.40
137.01
121.59
108.96
102.30
96.19
95.56
91.69
92.28
93.34
86.95
88.70
85.30
111.68
130.55
137.07
136.32
136.39
139.91
144.05
146.30
152.04
169.51
172.07
165.91
148.51
124.41
105.91
101.56
98.38
93.80
90.98
91.75
92.96
89.69
88.95
87.60
108.58
131.84
135.50
132.83
138.11
130.67
138.57
142.64
146.73
159.45
162.83
156.69
137.02
110.60
101.08
96.40
92.18
94.42
88.85
89.94
86.81
86.57
83.81
80.89
82.49
78.87
77.59
76.85
75.69
82.68
79.16
83.22
87.99
87.21
85.53
85.42
87.72
91.49
92.60
89.66
93.69
90.05
88.57
92.95
88.22
86.30
85.18
84.48
85.98
84.32
74.86
77.72
79.96
81.11
83.62
87.06
88.28
93.26
91.15
85.55
83.34
83.90
84.79
84.26
81.54
82.82
83.44
82.91
84.55
76.74
77.89
82.19
93.80
112.59
107.39
102.84
100.29
113.65
110.46
116.04
119.73
127.34
135.53
132.34
130.58
104.16
94.64
89.28
83.95
88.06
87.00
87.62
93.56
88.95
88.09
88.50
107.76
131.20
135.66
139.55
141.79
139.19
139.93
138.49
145.45
153.67
156.76
160.46
136.49
117.73
104.84
100.80
94.04
91.62
87.14
87.58
91.64
88.70
82.21
81.84
115.17
152.75
167.53
171.33
158.03
143.85
109.46
145.65
156.92
147.91
152.91
158.69
142.07
116.61
103.10
98.21
91.19
93.51
88.49
86.80
91.07
87.62
83.53
83.15
125.61
177.89
203.88
189.97
167.56
148.27
139.65
141.17
145.12
160.78
172.17
165.75
154.56
122.17
106.11
101.39
86.02
84.36
81.56
85.69
83.35
84.89
86.82
84.50
122.62
170.67
190.09
196.69
176.24
162.96
153.27
136.46
137.50
150.41
155.81
142.75
119.57
106.72
96.30
89.45
87.46
86.72
80.38
88.56
85.85
88.87
89.57
89.67
91.08
87.05
87.53
87.44
86.04
90.57
88.27
83.49
82.13
82.51
81.91
85.07
86.94
91.00
93.51
96.98
97.27
97.60
98.73
85.08
78.76
80.49
81.75
80.99
79.65
76.67
74.85
74.03
74.38
79.30
78.08
84.72
83.10
83.77
84.48
85.31
88.15
89.84
88.39
85.01
85.81
89.05
87.56
87.48
90.76
86.09
84.21
80.97
116.76
177.44
194.85
196.67
173.11
162.84
156.28
142.38
156.11
164.81
169.53
162.47
148.65
118.39
102.71
97.71
89.39
88.21
84.60
85.95
84.79
84.17
80.75
79.62
121.11
179.65
198.72
184.90
173.56
172.26
161.10
156.95
157.86
155.11
151.81
153.70
166.09
130.06
107.48
100.84
85.04
89.15
85.64
80.19
86.81
84.06
77.90
85.99
127.68
165.29
175.57
187.43
170.21
146.60
137.38
144.23
152.73
154.48
152.74
151.88
144.02
111.05
94.80
86.90
76.82
77.73
75.20
75.11
79.18
76.47
71.64
83.99
155.03
199.62
193.70
182.42
172.29
147.37
145.03
140.73
125.21
129.20
120.70
122.34
133.29
112.14
94.09
87.74
76.94
79.48
77.97
76.55
76.58
77.73
75.66
87.03
172.66
240.89
228.95
202.16
182.00
156.37
152.91
148.53
144.89
132.06
127.73
129.46
122.72
101.24
82.16
86.87
78.25
74.23
73.08
71.18
70.77
70.75
70.15
72.68
76.64
75.03
69.50
61.73
58.80
68.88
66.54
67.86
71.17
72.52
70.80
70.03
70.61
74.23
70.49
74.98
72.65
73.65
80.51
70.69
72.16
71.05
72.04
69.59
67.29
69.97
66.28
61.50
59.40
57.58
72.34
70.10
74.69
74.45
71.79
72.52
71.06
75.04
77.79
78.04
80.65
80.62
80.93
78.53
77.65
76.19
83.12
90.66
186.07
263.04
249.31
229.93
216.57
187.40
153.44
146.73
152.73
145.05
140.86
141.03
142.66
112.60
93.22
93.21
82.40
82.43
80.33
77.35
77.52
76.64
80.77
88.69
181.42
273.07
270.36
247.28
222.45
181.80
161.43
159.92
150.19
135.95
120.31
111.56
119.93
103.25
89.47
90.10
72.98
70.87
69.28
74.36
78.43
80.36
83.48
96.50
198.60
290.25
278.47
238.85
218.59
190.41
160.64
147.99
142.10
132.32
125.48
116.23
127.21
105.16
82.20
81.30
75.06
74.07
70.91
69.12
73.56
71.14
66.16
78.83
135.74
175.71
172.49
157.08
147.06
136.17
127.55
127.68
118.70
116.03
130.01
137.31
149.06
111.69
84.32
78.08
72.35
73.01
70.08
68.96
69.24
66.03
65.50
69.90
102.16
44.12
42.93
41.03
41.83
42.30
41.67
40.46
40.83
40.03
38.90
39.52
45.24
45.46
46.89
46.73
45.03
45.20
44.49
44.08
42.91
43.59
43.21
42.47
42.41
41.78
37.25
34.24
33.33
31.94
31.98
31.65
33.16
33.09
32.69
31.99
37.14
39.98
42.09
41.28
43.92
44.03
44.42
43.92
43.84
43.60
43.47
43.76
43.08
42.98
38.11
34.56
33.77
31.22
32.82
31.80
31.81
32.05
31.80
31.72
36.11
40.54
41.82
42.55
43.41
43.37
44.10
46.30
46.48
44.01
43.34
43.57
43.90
45.88
48.78
160.70
307.91
245.79
195.64
173.76
164.71
166.60
162.55
151.13
155.00
115.64
101.71
93.16
78.37
72.45
70.16
72.72
73.88
78.79
77.37
83.64
176.42
269.35
263.19
232.31
205.55
169.04
156.59
161.19
156.14
142.32
145.77
140.80
143.24
113.70
87.93
92.17
76.92
76.29
69.54
75.93
78.20
78.13
78.98
76.90
125.95
168.83
180.09
168.90
158.11
160.38
158.33
153.24
138.61
131.33
130.73
127.98
133.43
113.51
96.93
87.47
86.51
81.52
80.29
76.57
82.87
78.82
77.61
82.93
128.02
165.13
170.35
171.24
158.29
152.30
145.60
138.14
136.95
135.91
123.30
123.97
126.02
101.95
90.91
86.80
84.87
79.97
76.25
76.85
76.72
78.88
72.33
74.51
129.63
178.72
189.39
179.71
162.83
144.91
141.67
134.55
132.10
123.84
123.93
121.30
125.68
107.30
92.38
87.15
85.89
80.85
78.30
77.16
71.68
71.54
71.37
72.08
71.13
70.96
67.08
59.23
62.48
62.80
66.58
66.39
69.92
66.54
66.79
68.81
72.11
75.30
72.14
72.30
71.85
68.12
67.31
71.36
68.02
65.56
66.21
66.05
70.20
65.74
66.15
56.98
60.30
55.65
60.65
60.54
60.19
61.12
60.75
60.53
66.23
69.54
69.29
67.61
80.64
79.86
86.00
84.05
88.23
83.36
82.23
87.36
170.05
236.91
237.75
217.25
204.36
173.03
164.49
158.58
159.90
139.45
124.83
109.16
105.35
90.12
79.21
82.77
68.46
67.80
65.97
70.53
72.80
71.18
68.22
75.88
170.78
256.63
258.50
237.18
216.01
171.55
160.77
166.57
173.25
167.19
148.18
139.18
145.30
110.85
89.82
88.49
72.50
71.75
69.82
71.27
72.81
75.24
72.07
75.84
161.26
240.14
243.17
218.83
208.05
178.73
170.55
162.76
157.79
148.59
136.97
136.04
137.43
107.06
82.50
85.03
75.24
70.48
76.07
71.11
73.18
68.48
71.36
75.56
156.88
233.65
236.80
211.49
197.56
162.61
153.15
149.82
150.49
142.50
135.98
126.25
135.74
108.78
89.51
89.89
78.15
77.33
72.56
78.04
76.87
78.70
78.21
82.48
157.52
232.74
233.28
213.32
198.58
160.69
144.02
147.59
146.13
139.43
133.40
131.03
136.81
104.12
88.26
82.56
76.56
74.36
77.03
69.58
68.43
75.70
76.55
75.13
74.07
75.42
73.83
65.25
63.17
61.75
65.28
68.58
67.40
68.93
66.35
66.46
69.65
72.23
78.63
70.80
70.61
71.63
73.69
74.52
67.97
69.41
71.61
70.67
69.25
67.85
71.11
65.81
64.89
62.52
61.07
67.76
66.66
67.13
61.46
67.46
66.93
68.22
73.49
76.77
74.05
74.23
75.47
85.44
92.49
89.00
81.54
94.21
217.63
323.80
331.14
283.44
256.84
222.60
199.80
176.30
174.81
166.47
159.57
139.54
147.26
116.46
99.20
93.15
75.79
76.95
72.76
82.80
89.35
85.69
92.73
102.99
216.38
330.05
324.13
276.72
254.27
216.21
195.88
191.35
184.23
171.70
147.45
140.83
146.30
114.94
97.45
90.36
79.27
77.96
76.70
75.30
78.15
79.27
75.81
88.75
190.95
287.62
292.82
259.64
226.31
181.45
158.05
154.28
148.72
154.93
139.87
130.67
136.48
114.42
92.29
92.49
74.14
72.44
69.68
71.73
71.68
71.02
76.94
87.97
185.89
282.58
279.49
245.33
224.13
196.72
168.92
152.63
158.85
155.30
142.74
128.85
121.10
102.52
89.48
87.56
74.70
74.21
74.14
81.46
83.12
80.89
84.30
93.45
190.24
275.42
271.84
250.41
232.76
202.95
177.71
171.40
166.00
172.72
161.45
153.42
163.35
122.19
96.47
87.55
73.74
76.12
73.54
69.58
72.14
75.44
76.34
77.66
75.66
76.52
74.43
64.38
59.01
60.61
63.64
66.72
68.02
69.47
68.40
64.88
71.90
68.52
70.81
67.72
69.22
73.75
70.66
69.40
65.05
68.71
67.88
67.06
67.98
68.82
65.65
58.93
62.16
63.81
63.17
67.53
62.19
64.17
65.31
63.53
72.16
74.82
74.38
70.44
74.37
72.98
71.66
70.14
72.43
71.60
73.55
82.30
178.25
261.35
252.25
222.99
208.86
193.96
182.55
175.50
178.14
173.17
173.49
172.94
172.28
124.52
100.79
90.93
77.26
74.58
70.67
72.38
73.56
69.54
67.93
75.13
144.14
196.13
198.93
184.48
184.16
176.32
167.93
167.04
159.43
148.93
126.57
128.58
133.51
107.51
89.94
87.48
73.16
75.49
73.21
72.42
70.16
71.58
72.81
79.13
181.01
266.24
253.74
216.60
204.67
195.64
187.53
178.88
162.91
152.54
144.83
148.27
161.43
125.09
99.86
95.44
71.43
72.56
74.31
74.66
78.77
78.94
77.05
90.04
204.46
312.83
302.67
251.34
234.16
209.34
180.81
167.45
159.90
157.13
156.75
155.80
168.59
121.09
96.08
96.25
74.19
73.79
71.86
73.63
76.61
78.36
78.54
84.86
203.14
301.65
285.90
236.36
224.80
217.27
210.45
206.73
201.51
200.49
185.61
172.37
187.83
131.04
96.17
93.24
71.89
70.80
70.81
69.08
69.13
72.19
72.99
75.12
76.85
77.80
88.03
91.38
94.54
79.80
78.48
73.71
72.91
72.25
72.33
68.35
74.42
81.05
87.34
90.72
101.81
110.78
130.99
129.00
138.52
151.01
158.75
156.91
167.22
178.03
187.74
170.87
147.91
113.36
97.09
88.19
81.32
75.50
67.15
66.74
73.95
77.14
88.46
99.11
119.77
131.20
126.93
119.19
136.23
148.58
160.65
174.26
308.01
417.61
389.41
339.66
319.50
294.21
263.65
245.71
235.74
218.53
212.32
205.46
225.15
147.67
107.91
99.27
78.50
76.38
76.59
76.67
79.76
76.51
75.89
83.97
213.85
323.36
310.82
258.50
239.25
226.33
205.16
184.89
161.89
163.75
162.69
160.36
167.95
121.98
101.64
101.41
78.22
74.00
71.97
