59.81
60.07
59.84
59.39
57.08
188.46
154.13
138.85
140.24
136.91
122.53
119.14
121.07
120.02
116.35
111.61
98.71
101.60
106.89
106.79
115.44
117.75
117.81
62.21
55.34
56.57
56.36
63.41
63.50
206.68
173.96
147.57
142.29
130.75
122.86
109.39
108.22
97.59
98.48
95.96
93.79
96.52
100.87
99.41
99.82
98.09
101.31
62.82
57.84
56.60
61.36
61.79
62.64
190.86
160.08
133.43
152.84
138.13
123.49
109.69
103.47
102.40
104.92
101.47
105.09
106.68
95.45
94.69
93.90
99.72
99.79
60.73
57.68
57.98
60.70
60.33
57.58
177.85
137.95
120.25
114.59
108.94
97.33
103.45
101.31
99.57
97.08
95.37
94.72
96.12
92.82
91.74
91.52
92.32
92.82
68.79
56.28
51.07
51.15
49.69
51.95
104.64
84.71
81.40
83.33
82.70
89.84
89.94
90.18
91.61
92.61
92.61
91.30
90.51
88.77
91.58
90.03
90.70
89.78
67.80
52.62
51.16
52.33
51.52
51.79
93.83
82.56
80.39
80.62
81.03
80.84
86.63
88.91
89.86
89.40
89.69
91.98
92.58
91.03
87.33
82.53
83.18
83.02
56.17
53.66
54.74
56.05
54.18
52.75
110.34
97.49
97.31
90.01
88.89
93.27
95.62
95.67
94.21
94.02
94.11
92.48
94.16
93.36
91.07
90.45
88.92
89.08
60.75
51.52
52.95
51.67
51.32
51.03
94.14
86.93
83.36
87.99
83.94
91.54
93.49
96.39
94.94
92.17
92.14
92.50
100.67
97.72
96.74
96.98
93.18
91.52
67.20
62.78
62.68
56.83
54.21
52.47
94.47
88.64
85.58
90.41
92.99
90.92
90.35
94.19
92.66
90.12
89.01
89.85
96.68
94.33
96.84
94.53
90.11
93.80
70.09
66.17
66.69
62.60
63.58
61.32
93.81
88.91
91.42
98.47
105.87
55.61
106.36
102.80
106.77
103.72
102.60
100.63
101.53
107.77
104.27
103.24
101.38
100.49
68.38
62.26
61.76
57.18
52.19
51.33
107.81
98.79
101.47
98.33
101.07
110.02
109.07
107.99
103.51
103.02
101.00
103.92
104.29
99.14
102.79
99.85
104.02
105.31
68.59
59.07
57.78
48.76
48.91
49.16
111.39
100.99
103.56
103.36
106.83
110.02
111.18
112.98
106.58
103.64
106.17
104.63
100.73
103.54
101.32
101.06
98.78
89.31
55.43
51.52
50.14
48.93
49.22
48.84
110.83
94.86
97.18
96.36
93.59
101.46
101.25
104.03
101.88
101.74
102.24
103.45
106.68
104.76
103.90
102.89
100.94
102.16
66.79
61.73
60.38
61.23
59.30
58.93
108.30
99.10
105.30
104.85
104.18
102.18
107.33
104.19
101.27
100.47
102.09
100.04
103.77
105.18
104.34
101.83
98.44
103.30
68.38
62.03
61.81
62.27
60.89
60.72
99.61
100.59
106.41
102.00
104.15
108.79
106.14
108.43
110.87
109.11
103.54
103.09
101.53
107.04
105.43
105.13
106.01
102.37
68.11
61.87
61.22
63.07
59.61
59.42
104.64
98.44
108.40
104.64
104.06
106.89
104.94
108.87
110.19
112.28
110.33
103.93
112.22
116.03
111.46
113.05
110.69
105.80
68.51
60.51
61.92
61.73
60.64
51.16
99.40
95.65
99.74
101.94
107.69
109.17
105.66
110.90
112.06
109.31
105.75
111.73
113.25
110.35
109.71
107.16
104.41
100.85
68.46
60.68
62.75
62.89
61.30
60.30
106.19
104.40
106.99
106.01
108.70
106.01
109.51
112.26
109.37
105.47
108.83
106.38
103.37
102.12
99.69
105.00
106.24
106.68
71.03
61.00
58.05
59.87
55.27
49.33
103.40
105.01
100.04
96.84
102.47
106.89
105.38
104.62
107.67
105.13
105.74
103.81
106.13
101.68
103.10
104.67
100.92
102.67
68.17
60.20
59.38
59.42
55.44
48.95
108.92
101.76
100.60
100.35
104.64
110.56
106.63
108.39
107.47
104.84
104.57
103.76
109.90
109.71
109.05
107.74
106.09
108.34
67.90
60.90
58.57
59.13
61.19
59.09
97.80
93.96
97.61
98.47
99.44
104.84
93.53
96.20
92.96
91.37
91.69
93.75
97.93
99.99
104.17
103.73
101.67
94.50
57.14
50.28
51.22
52.19
50.20
50.22
112.88
104.72
102.83
103.80
103.26
109.89
109.69
115.67
116.67
109.93
108.84
112.23
109.60
112.30
110.43
103.34
104.58
103.07
55.89
48.40
51.92
52.26
50.87
50.06
115.44
108.41
107.51
106.27
101.58
101.62
107.06
108.90
110.40
107.49
104.05
105.27
107.00
107.30
109.20
103.50
104.91
100.97
56.55
50.20
52.26
51.79
50.46
49.76
117.87
109.19
106.98
103.89
102.27
102.99
105.70
106.85
107.73
104.45
101.06
105.25
109.84
110.36
110.59
105.64
100.34
99.06
68.46
56.34
49.37
49.14
50.08
48.38
112.31
103.56
103.65
103.17
102.00
102.87
106.26
104.22
102.66
101.59
96.70
100.97
101.93
100.81
100.83
98.77
97.68
99.43
69.91
56.54
49.56
49.18
49.67
49.55
106.93
96.05
95.88
96.51
103.44
109.10
105.44
102.88
102.17
101.79
99.25
96.31
97.82
94.26
96.40
98.62
96.24
100.69
67.41
60.52
59.48
61.53
49.50
50.59
100.84
96.17
96.94
95.33
97.39
100.62
102.03
97.46
95.45
96.24
95.11
96.83
100.89
99.48
99.82
97.36
94.04
96.14
67.52
59.30
60.82
58.89
60.89
50.41
106.14
100.24
100.17
101.56
103.33
104.49
106.09
102.84
100.28
97.21
97.80
98.88
99.20
95.71
100.49
100.53
96.21
93.74
69.16
61.36
62.83
62.18
60.57
60.78
105.45
101.21
99.18
100.36
105.67
102.78
109.63
109.42
114.39
111.85
105.19
97.14
108.32
107.60
109.24
105.20
102.79
100.24
67.13
61.05
61.56
63.48
61.18
61.06
98.55
95.36
98.02
99.18
100.07
102.54
111.28
110.85
110.97
107.17
103.86
106.19
104.77
106.56
103.89
102.14
99.52
98.45
69.97
65.55
63.24
62.70
60.29
59.88
102.96
104.41
104.62
108.31
110.60
107.95
108.86
107.40
109.85
108.71
109.00
107.34
111.06
112.93
107.85
108.59
106.24
102.29
72.75
62.55
62.66
62.11
62.29
61.65
96.23
102.13
97.09
99.44
103.84
97.62
100.77
106.92
104.10
106.66
104.58
126.02
129.76
118.12
113.82
112.96
110.61
107.26
71.23
66.30
65.02
65.17
64.90
65.51
104.96
99.96
98.14
97.14
100.16
103.94
104.29
110.54
109.94
106.77
110.81
111.29
112.74
109.32
107.19
108.10
103.66
101.28
71.41
67.78
67.94
67.73
67.05
65.28
115.01
110.40
111.04
107.37
108.86
113.61
114.18
111.84
115.29
115.11
112.90
110.04
114.63
114.74
108.39
106.35
108.88
104.36
68.97
62.33
63.38
62.58
63.59
62.06
103.27
94.75
96.17
104.77
109.29
103.56
109.31
111.75
108.66
108.15
106.87
106.35
108.23
114.34
110.52
102.21
101.45
98.22
65.92
65.00
65.21
62.07
61.45
59.04
99.94
92.47
96.76
95.18
98.87
103.77
107.86
111.58
110.98
110.42
105.84
108.27
110.45
109.78
108.59
107.44
100.07
103.19
69.08
56.99
57.24
54.90
54.50
56.08
97.37
93.78
98.39
99.38
99.07
96.75
96.04
101.23
106.94
105.01
108.07
103.23
104.90
102.92
102.31
100.86
101.08
97.52
61.81
57.32
57.05
55.84
54.26
54.82
127.08
122.62
118.20
118.43
113.40
111.22
113.19
120.12
116.91
110.22
115.44
115.64
118.86
119.28
118.84
114.04
112.69
112.58
62.73
55.61
57.45
55.98
54.93
54.92
126.71
113.09
110.90
112.84
112.93
107.16
111.24
112.54
109.24
106.41
112.16
108.88
111.70
115.55
109.98
106.20
105.71
106.62
68.67
56.15
53.47
53.96
54.96
54.78
115.00
104.60
100.34
105.29
105.64
108.68
105.57
105.81
106.14
104.35
108.31
104.55
106.24
111.65
106.22
105.62
96.33
95.98
60.20
53.83
53.64
54.24
54.38
54.53
127.53
120.26
110.26
107.65
105.71
103.82
109.53
112.13
112.58
97.90
101.27
105.12
108.90
105.16
103.99
104.93
101.01
98.84
63.76
63.21
55.85
56.27
55.08
54.57
111.23
110.77
110.40
113.59
109.08
106.87
111.48
113.46
116.93
110.87
113.12
116.62
115.71
121.83
121.62
115.29
107.43
110.88
63.33
56.25
55.62
56.31
55.26
53.21
125.50
117.68
116.17
114.60
112.84
106.16
113.16
116.42
115.11
109.23
111.44
110.33
119.43
119.81
118.69
113.05
112.21
110.32
69.58
63.52
63.24
63.81
62.80
55.91
110.26
108.82
103.93
117.01
114.29
104.09
108.26
114.50
113.30
114.53
110.81
113.25
117.98
119.44
122.81
116.64
113.33
111.03
70.28
64.16
65.03
63.22
63.73
62.74
106.91
112.42
114.62
113.54
125.43
121.06
115.63
116.89
110.84
106.93
107.29
111.64
113.96
111.16
112.74
107.76
110.66
104.70
68.53
64.29
63.03
63.97
61.57
29.50
57.67
100.52
104.18
103.92
107.39
112.25
117.21
119.07
118.79
116.98
115.23
112.63
114.93
112.81
111.39
107.62
104.99
100.89
69.24
60.89
60.41
60.49
60.69
59.38
102.00
94.04
89.56
92.47
96.91
97.80
101.32
105.69
107.98
108.20
109.92
103.91
105.34
105.09
99.40
101.29
97.76
89.79
56.36
51.07
51.80
52.26
51.76
51.07
100.09
96.00
90.91
91.84
91.84
96.37
96.54
98.82
98.73
94.82
105.42
100.67
104.39
104.22
98.54
99.12
93.32
93.97
61.90
54.61
52.97
54.35
52.18
52.07
100.01
103.98
98.31
100.29
100.27
96.68
99.69
100.83
97.14
99.32
99.71
102.25
105.73
106.20
104.32
107.21
105.93
102.83
57.95
53.25
54.20
55.40
51.88
51.91
105.51
107.77
108.96
98.89
96.83
95.13
98.61
107.64
102.30
104.28
105.31
109.61
105.01
101.21
103.26
101.29
100.83
99.86
57.52
53.04
55.35
54.02
52.53
51.34
104.65
106.47
106.34
100.75
100.81
57.09
99.92
106.42
110.17
106.61
107.94
108.61
112.44
111.21
108.76
114.37
115.97
102.97
59.58
54.04
53.30
55.53
53.46
52.60
102.93
105.72
103.49
105.26
106.16
103.51
102.40
101.92
102.93
103.86
104.01
107.22
101.19
107.64
108.21
106.00
104.97
107.88
60.27
53.02
55.42
54.63
54.35
57.47
109.22
105.31
102.48
103.72
104.62
104.25
99.32
99.40
99.38
94.43
99.01
103.76
99.87
100.48
99.29
99.71
96.84
98.15
57.55
51.85
51.53
52.14
51.78
51.47
114.55
108.30
100.97
99.62
97.37
95.08
93.82
97.27
101.08
100.58
100.21
102.65
99.87
100.72
95.58
99.63
93.57
93.15
56.84
52.32
52.02
51.59
50.95
51.74
109.45
102.76
100.60
94.22
96.33
91.28
97.49
98.15
102.25
102.32
103.51
106.54
109.11
110.87
101.29
105.46
99.27
96.14
57.12
51.40
53.85
55.06
53.71
52.39
103.55
100.26
94.74
97.76
97.00
97.46
100.19
101.27
101.33
103.85
105.11
102.97
109.89
109.71
114.45
108.34
103.15
100.26
63.94
61.25
55.54
54.31
53.09
51.54
112.46
107.44
106.65
103.79
99.79
100.57
107.94
114.02
116.42
115.47
109.46
109.08
112.54
119.09
120.80
112.71
112.04
105.08
66.76
63.27
65.27
63.07
64.18
61.61
107.20
105.62
102.86
102.39
106.67
105.09
111.50
116.65
116.26
122.54
120.37
122.22
122.13
122.41
117.12
120.35
113.68
106.23
67.56
63.87
65.29
63.72
62.20
62.02
105.25
104.52
99.65
103.17
106.29
106.53
111.55
116.38
121.36
120.05
119.75
123.17
127.51
123.28
120.41
113.17
110.86
106.45
67.94
64.00
66.03
63.89
62.41
62.53
112.16
107.92
106.01
105.84
108.43
108.78
117.50
121.96
125.34
126.88
122.48
122.62
128.15
121.33
114.56
113.37
110.12
111.22
68.54
63.43
64.86
64.31
63.83
63.20
113.04
106.29
99.93
101.42
101.12
101.69
106.81
107.92
107.42
112.03
111.40
114.96
115.77
111.22
102.28
103.33
101.56
103.99
68.45
64.27
63.29
61.99
63.34
61.88
117.62
109.37
101.31
102.81
102.17
108.29
108.35
114.22
113.91
118.01
119.17
115.07
116.90
114.02
109.03
104.81
104.89
103.91
66.81
64.16
66.13
64.27
62.84
62.94
107.76
101.97
102.42
103.94
104.10
112.26
113.65
122.74
117.15
118.31
119.22
120.62
124.17
118.49
115.29
108.25
104.08
102.31
66.62
63.10
64.01
65.14
62.45
62.83
108.97
102.78
98.24
100.70
100.14
103.70
110.82
111.55
119.40
119.90
122.94
122.50
126.64
126.52
117.55
110.88
106.50
104.46
70.07
63.97
64.09
65.02
63.40
63.28
111.75
107.44
102.99
103.79
107.04
110.90
116.15
123.10
126.02
130.15
130.93
132.65
130.72
127.83
121.36
115.48
108.74
107.85
70.25
65.34
67.39
65.08
63.76
63.62
109.14
106.52
104.19
103.71
107.25
108.49
112.15
114.23
111.76
118.31
120.01
119.07
117.38
117.12
112.76
111.47
107.48
102.57
71.27
64.99
61.94
63.24
64.65
63.20
118.04
109.36
105.34
103.57
107.06
105.37
106.12
107.81
104.21
105.73
110.86
108.82
108.35
109.13
106.78
102.33
97.44
95.92
65.74
61.58
61.50
61.52
57.86
53.66
102.66
88.99
91.76
85.41
92.15
94.47
93.21
98.62
100.55
103.03
102.82
103.27
103.94
98.76
96.86
94.80
95.02
92.19
66.47
62.31
62.04
59.52
54.12
54.69
97.60
93.71
90.83
88.75
91.24
92.76
97.08
100.17
104.70
107.30
108.76
107.46
106.77
104.02
97.77
97.18
96.34
97.33
64.76
64.28
65.68
63.60
62.09
62.03
111.36
100.00
100.11
106.69
105.24
111.35
116.19
116.57
114.40
116.38
111.24
108.30
107.77
108.60
108.44
105.72
101.83
100.07
66.37
62.32
63.17
61.94
53.56
57.41
103.52
102.53
102.03
101.87
98.75
101.96
104.74
102.10
105.09
112.96
112.01
111.86
115.09
115.04
117.38
107.70
106.20
99.51
66.29
61.55
57.78
61.72
58.24
54.72
99.13
92.92
92.69
96.05
96.09
96.04
96.82
102.33
101.67
105.03
101.09
101.28
103.46
106.15
106.47
103.58
100.31
95.92
61.35
55.48
55.19
54.68
54.40
52.62
103.06
99.14
94.72
89.18
90.93
100.48
104.04
106.28
105.59
105.73
112.23
113.49
114.18
114.00
110.23
106.58
102.16
102.98
63.27
61.64
62.37
58.10
56.27
54.04
103.57
98.78
97.70
100.81
109.10
111.66
116.95
116.52
118.79
115.87
124.92
120.45
123.88
121.22
118.46
115.18
111.24
110.31
72.17
65.43
63.82
63.89
64.78
64.29
110.01
107.83
105.89
105.24
108.08
115.50
118.62
117.95
122.83
122.47
129.12
125.54
128.59
125.05
122.87
118.56
115.73
112.05
69.69
65.78
65.92
64.98
63.55
65.38
112.36
111.08
105.31
105.94
110.86
117.37
116.13
125.16
131.39
127.21
131.80
131.17
135.99
131.06
124.55
117.76
112.87
111.08
74.49
71.07
69.47
66.81
65.56
64.27
113.47
115.25
110.57
114.24
122.98
133.44
134.23
142.77
139.74
143.71
138.12
140.40
142.24
149.70
139.93
126.83
125.51
119.92
75.92
67.02
68.64
68.29
64.60
65.49
115.94
119.38
117.98
122.05
121.05
132.90
131.37
139.56
146.30
145.32
145.87
143.79
146.42
150.68
145.96
140.69
138.57
128.80
78.22
66.63
69.74
69.71
67.03
65.80
129.77
130.00
123.79
127.67
130.16
131.30
135.23
154.16
145.12
152.51
154.04
149.53
147.38
148.90
148.11
135.08
129.43
123.87
73.36
66.82
67.53
66.82
65.16
64.09
116.56
117.08
113.88
121.68
125.86
135.00
131.10
136.67
133.09
131.04
128.17
125.64
127.87
128.55
125.40
118.53
116.54
113.53
70.09
65.89
65.60
63.46
64.96
61.94
116.38
106.42
109.72
110.70
123.56
132.21
133.16
138.02
138.28
134.26
133.79
130.11
135.20
133.67
121.31
117.78
116.23
116.83
69.49
65.16
63.90
62.65
62.54
62.57
116.12
110.91
107.00
105.28
112.19
119.82
120.92
125.65
125.70
129.88
130.26
130.90
128.79
128.36
125.59
120.27
117.34
117.27
69.68
64.97
64.21
64.21
65.01
63.60
113.31
110.74
104.69
109.51
117.12
126.66
130.07
131.59
132.03
130.59
129.70
133.58
131.64
129.52
118.79
119.95
113.77
113.31
71.13
66.88
65.90
67.05
66.27
62.71
113.40
110.79
113.44
111.79
125.74
129.30
134.68
139.71
147.74
150.33
150.41
150.53
154.30
155.90
150.22
141.33
131.43
123.43
74.22
69.58
65.97
70.11
65.43
64.57
127.29
123.85
118.39
122.86
129.06
138.76
145.23
156.12
162.70
159.71
156.59
156.14
160.73
153.07
148.36
140.33
137.88
128.11
77.28
68.25
70.35
68.70
67.51
67.44
125.40
124.04
119.05
128.78
130.99
133.81
138.88
144.67
145.11
146.90
145.48
140.34
142.57
145.08
144.04
138.32
130.54
123.04
75.08
68.69
68.02
68.78
67.50
65.90
120.74
115.54
117.84
125.16
131.01
135.41
143.15
150.80
153.09
153.61
149.69
153.64
152.12
150.17
140.85
137.41
129.07
128.72
58.03
35.40
68.67
68.07
65.59
66.26
126.19
122.52
120.68
123.33
139.26
147.88
147.88
152.64
147.42
144.58
147.56
144.95
144.96
144.13
130.64
127.76
126.93
119.56
76.35
67.58
66.62
65.22
65.37
66.36
123.67
114.52
111.10
113.69
124.12
133.25
141.53
138.96
141.87
148.44
144.54
140.94
143.91
139.10
132.39
129.49
123.52
120.49
75.64
67.08
66.54
65.17
67.00
65.69
122.12
117.19
110.31
117.34
125.58
140.30
135.21
140.77
138.08
147.70
139.09
146.47
146.14
141.65
135.62
124.78
123.47
121.20
74.59
69.21
71.21
69.59
64.17
65.77
124.78
117.03
120.84
124.99
134.69
144.50
144.61
145.93
150.26
153.21
154.38
153.48
156.92
158.50
152.31
142.09
136.04
129.00
75.05
68.24
69.06
71.16
69.21
67.08
129.28
125.25
120.81
130.81
134.81
140.64
149.48
156.18
159.82
157.17
155.50
157.50
158.85
155.80
153.48
144.77
133.84
126.70
77.06
68.91
71.48
70.21
69.27
66.80
127.86
126.01
123.95
136.25
142.34
142.77
147.46
150.71
150.32
152.27
150.55
149.80
147.77
150.17
144.83
142.85
131.09
125.57
79.51
68.75
71.56
72.05
69.60
68.33
124.08
122.42
118.94
126.50
128.81
135.94
139.20
145.47
150.72
147.61
151.75
150.26
154.82
147.93
145.14
138.62
132.56
130.28
74.71
65.86
67.57
67.45
64.76
63.81
121.02
115.87
111.17
119.56
130.71
141.70
144.93
148.67
149.30
145.46
146.59
147.46
149.49
137.34
134.45
127.97
118.60
116.11
70.91
65.65
63.43
64.43
64.66
63.59
126.49
121.54
116.44
122.98
129.69
135.43
137.08
142.85
142.01
138.24
145.56
145.30
140.30
139.94
128.67
125.91
121.51
114.96
71.93
64.25
64.56
64.20
65.01
62.78
124.16
118.83
117.03
123.33
129.45
141.69
144.42
148.20
153.49
150.56
153.01
154.07
158.58
150.83
140.85
138.56
126.29
126.33
71.65
66.07
66.55
68.10
66.67
66.09
130.25
124.77
127.97
134.97
147.50
149.01
153.86
162.10
168.48
174.00
176.39
175.94
175.07
175.34
172.39
163.17
152.20
139.82
76.24
70.37
70.00
69.12
67.42
64.79
138.74
127.91
128.77
129.95
146.66
150.71
160.13
168.53
171.07
175.98
176.04
179.48
182.02
175.65
168.08
159.41
145.60
140.33
76.69
67.87
67.15
69.07
64.96
63.81
127.77
118.09
125.70
134.10
136.71
138.90
142.72
140.79
148.60
147.98
145.41
142.23
144.44
143.90
135.51
135.16
126.41
122.92
69.33
64.12
66.36
65.78
63.32
62.07
117.81
117.80
118.54
126.65
131.13
135.48
134.73
77.00
140.13
144.28
141.11
143.28
142.84
141.91
133.32
128.84
125.74
120.12
71.05
64.49
65.34
66.02
65.10
63.79
127.04
122.40
118.72
121.78
128.12
132.49
131.78
137.97
139.72
137.38
136.33
133.57
134.35
134.73
126.59
121.72
120.15
114.64
69.70
63.48
61.23
63.19
62.46
63.24
115.64
113.08
109.54
114.29
127.16
136.12
131.82
132.83
135.10
134.98
142.22
136.63
134.09
136.58
127.95
122.51
118.59
115.72
70.00
64.44
65.56
62.80
64.22
63.07
113.49
111.75
109.45
116.38
125.58
130.38
131.88
135.67
139.90
142.56
140.84
142.81
145.72
141.09
130.25
126.46
116.53
117.32
72.64
64.96
68.74
66.87
65.56
63.85
134.29
124.47
127.89
132.37
141.74
139.78
147.59
152.24
152.65
155.67
158.92
156.11
164.68
161.88
148.34
142.59
132.29
127.99
72.54
66.72
67.03
68.03
64.95
63.26
129.60
124.32
123.82
133.19
141.48
145.13
148.00
152.76
149.21
147.66
141.62
139.15
133.73
138.34
135.00
135.58
121.98
121.88
66.87
65.26
66.65
63.98
63.98
62.59
120.71
119.76
122.55
124.65
128.38
130.63
132.92
142.36
142.70
147.65
140.04
145.80
146.57
150.63
142.97
136.94
134.20
126.18
73.70
64.91
66.50
68.03
64.26
65.14
118.20
117.43
119.72
131.45
135.06
137.13
140.69
154.65
155.32
155.47
155.99
161.66
159.62
160.06
152.85
145.33
137.72
132.25
76.87
68.35
68.21
67.21
66.84
64.89
136.19
128.00
130.61
140.35
149.92
158.02
161.46
168.52
173.16
175.88
174.50
172.72
175.18
175.93
169.47
157.85
152.35
143.90
79.48
70.26
69.91
66.86
66.71
66.08
142.99
135.10
133.27
137.31
149.29
159.76
161.74
162.68
167.32
168.50
166.18
167.71
168.58
164.40
159.28
150.60
139.97
135.80
76.63
68.25
66.31
67.77
66.49
65.67
143.74
130.64
129.37
135.77
141.01
143.69
145.87
148.83
145.75
149.31
153.41
147.82
155.44
151.83
141.53
135.85
131.05
128.07
73.13
66.67
67.93
66.80
64.78
64.28
125.86
130.21
130.20
135.48
143.36
139.05
146.89
156.12
156.93
158.19
160.24
156.37
165.56
167.11
156.44
144.06
138.34
130.65
74.52
66.68
66.99
66.96
67.41
65.40
126.64
123.36
128.28
132.72
140.10
142.88
150.92
155.03
153.41
147.42
145.15
146.16
150.80
150.64
141.34
141.89
133.84
126.87
73.32
66.30
66.53
66.24
67.19
64.98
137.25
127.93
130.52
137.77
143.94
151.15
151.07
159.04
159.70
163.10
167.20
165.35
174.46
179.11
177.72
164.46
155.79
140.09
78.60
68.85
71.47
69.12
68.52
65.79
141.83
131.82
131.96
144.69
151.91
162.16
165.63
176.28
176.08
179.06
184.03
181.61
187.55
185.43
178.13
171.95
163.86
156.13
83.84
70.87
72.66
71.11
69.41
68.15
149.11
141.72
142.69
149.67
158.18
164.81
174.43
171.57
175.64
185.73
186.05
185.02
189.58
193.91
174.69
167.51
155.23
147.74
77.24
70.78
69.31
69.03
68.82
66.80
142.82
133.95
132.19
140.44
147.64
158.74
161.24
162.73
162.34
171.39
176.47
174.33
174.88
171.91
161.59
154.20
144.66
137.30
77.46
69.83
69.06
69.11
67.86
65.26
151.01
137.25
138.44
141.83
147.82
157.34
156.71
161.27
169.04
172.60
176.01
178.76
183.55
175.59
169.40
160.73
149.69
143.30
80.53
72.71
73.47
74.03
70.34
68.04
155.97
145.14
140.95
137.69
143.38
145.07
147.51
145.40
146.06
149.49
157.78
158.33
156.68
153.94
147.45
141.32
129.28
122.51
71.64
65.81
65.82
67.42
66.33
65.51
134.81
124.09
128.54
131.82
133.56
133.97
141.84
143.61
146.97
145.06
150.79
148.30
155.80
153.51
145.48
140.45
135.12
127.51
72.87
68.62
67.67
69.30
66.58
64.59
141.38
133.32
128.92
126.74
156.32
154.22
152.10
156.57
156.36
158.77
158.84
157.13
161.49
164.67
157.67
151.79
145.40
137.38
74.81
67.15
67.14
69.78
67.64
65.21
130.66
125.85
126.55
134.04
143.54
143.31
147.56
153.74
156.60
150.91
153.77
150.85
149.64
150.76
144.57
142.61
135.62
132.72
75.88
68.22
66.30
66.81
65.42
64.73
133.25
126.88
130.75
137.46
133.55
145.04
149.96
156.57
154.97
156.09
160.81
163.53
163.93
161.50
149.37
148.14
141.18
130.95
76.68
68.34
67.50
68.21
65.76
64.68
143.29
129.44
129.70
133.45
138.08
144.03
145.98
153.58
161.25
160.59
167.61
166.50
167.48
159.03
152.88
146.44
137.73
137.55
76.65
70.56
66.85
68.65
67.91
67.19
148.14
133.66
130.09
140.84
144.12
144.52
150.41
155.21
162.52
163.72
166.88
166.83
168.75
153.32
148.44
145.51
140.02
134.47
75.27
69.22
70.97
69.81
66.86
66.66
138.67
125.60
123.42
127.30
129.95
135.68
138.48
143.20
143.60
146.58
148.00
148.85
152.81
151.82
144.54
132.87
130.12
127.05
74.90
66.34
66.23
65.93
64.95
65.18
133.73
125.32
122.75
121.87
116.44
118.26
124.53
125.44
135.53
137.17
140.05
132.63
144.32
146.44
131.94
128.90
121.86
121.40
74.80
65.50
64.79
66.02
65.04
65.52
126.56
121.26
122.28
121.03
127.91
131.80
138.28
145.27
146.58
150.58
151.81
150.14
147.79
137.82
137.71
133.04
128.15
124.27
70.53
67.85
68.26
67.00
65.35
64.28
134.56
125.38
127.89
135.12
142.96
138.28
148.95
153.21
158.55
158.95
161.63
158.02
155.75
149.45
143.72
132.96
129.86
124.94
72.97
67.59
68.40
68.26
65.70
65.73
132.79
121.22
132.23
131.62
76.96
138.63
141.93
144.28
144.16
146.05
144.92
140.28
148.34
139.43
129.56
123.39
121.11
116.99
70.52
64.24
66.19
65.88
62.65
62.87
129.95
123.57
123.31
127.30
129.19
129.34
130.42
135.09
139.12
143.19
144.61
148.49
149.10
143.25
130.40
40.24
141.77
127.66
72.59
64.95
65.04
65.30
65.95
65.36
135.50
128.00
126.64
127.77
129.64
133.37
131.81
139.36
145.34
140.77
138.19
140.34
141.70
140.36
131.98
124.56
123.14
119.09
71.75
65.52
63.66
63.62
64.28
64.39
133.12
125.71
128.94
139.27
141.54
146.55
148.03
154.51
159.05
158.58
162.18
165.28
173.36
172.05
162.58
153.24
147.44
142.29
82.66
75.09
75.52
72.52
70.33
71.49
148.35
140.13
143.37
151.57
156.70
159.79
163.86
174.60
175.14
174.65
180.78
180.47
181.47
178.36
173.01
161.02
152.50
146.52
86.05
77.12
77.97
76.19
75.12
71.68
153.67
145.54
147.68
156.79
163.96
164.30
173.74
176.03
179.97
179.12
181.78
179.69
186.43
185.22
178.17
168.31
158.42
151.00
84.11
77.96
76.97
74.11
72.72
72.42
153.85
147.66
140.65
147.33
152.42
156.85
162.56
168.36
165.48
167.85
166.45
163.14
169.56
167.13
153.71
141.40
138.65
134.76
78.42
71.58
69.67
68.74
67.37
67.19
136.52
127.91
131.74
140.71
142.17
141.73
141.50
147.91
139.51
141.94
144.57
143.41
147.12
142.18
136.83
134.89
130.28
127.14
73.16
68.82
67.68
66.64
67.01
66.92
127.39
121.74
123.17
128.31
130.87
133.89
137.13
141.06
139.56
138.12
142.56
144.69
151.03
142.73
134.05
129.24
127.44
121.24
73.58
66.52
65.85
64.20
64.01
65.11
133.31
124.45
119.30
118.39
126.72
122.72
124.71
134.98
132.08
134.69
135.60
132.57
135.45
130.65
124.33
122.99
120.59
117.52
71.37
62.96
65.22
64.60
62.01
61.22
130.17
120.73
115.75
123.77
129.18
127.40
133.78
132.88
132.35
134.97
137.98
133.75
138.32
138.10
130.91
127.88
121.60
119.16
71.23
65.39
65.13
64.85
62.94
62.24
117.68
114.67
112.74
126.24
131.50
137.21
132.44
132.90
134.33
133.64
133.78
135.78
142.20
142.05
135.20
125.91
121.03
117.10
73.08
65.98
65.97
65.18
63.35
61.98
121.32
116.83
117.34
122.39
127.48
130.27
130.34
132.16
131.17
132.76
129.52
136.36
134.09
130.58
127.58
127.26
124.46
120.91
69.20
65.15
65.69
63.77
62.21
61.49
122.23
117.55
115.47
122.60
130.85
132.65
133.80
136.07
133.65
132.45
131.64
137.46
140.47
138.59
133.60
122.26
117.21
118.94
70.92
63.15
64.33
61.87
62.22
61.51
116.42
113.32
118.76
123.17
128.50
139.26
138.45
137.92
139.09
142.09
140.92
147.53
151.48
147.22
141.61
129.13
125.47
122.36
74.05
65.12
65.35
64.68
62.64
63.52
127.97
122.97
123.95
131.89
139.33
134.32
138.74
144.46
150.24
154.26
154.59
159.00
163.41
158.15
150.84
143.69
137.04
131.91
76.01
68.48
66.34
67.63
66.54
65.98
134.67
124.12
128.24
133.77
134.09
137.25
136.65
139.66
139.92
142.64
143.90
143.05
148.07
141.13
135.87
130.52
128.32
127.86
75.00
67.93
67.49
66.54
64.69
65.19
138.17
131.15
131.22
128.43
130.46
139.23
139.25
139.67
138.90
134.89
137.25
137.55
137.39
132.57
131.16
126.28
125.23
120.72
70.19
64.26
67.71
67.94
63.98
63.04
126.22
119.59
127.83
135.10
136.54
139.04
140.97
142.36
142.97
145.48
142.18
147.30
151.23
153.54
146.84
137.12
132.26
127.08
75.06
67.58
69.02
66.95
65.29
65.15
132.15
129.74
132.49
140.33
145.43
153.05
148.89
156.31
155.98
156.61
160.48
164.62
164.03
164.43
160.63
151.40
148.64
133.19
77.96
69.75
69.60
69.73
68.39
67.14
143.61
138.90
146.54
145.15
154.43
154.50
166.67
165.79
168.61
166.47
168.36
172.56
175.69
178.17
167.37
157.56
146.45
141.76
81.41
74.81
74.53
74.64
72.03
71.21
152.14
143.83
144.24
149.84
151.57
161.34
166.17
168.13
170.90
176.62
178.22
177.63
181.70
179.13
172.02
156.14
154.42
143.83
79.43
73.96
74.04
72.57
70.79
71.88
147.23
138.59
146.89
147.66
149.01
150.34
152.28
161.64
162.21
167.55
175.96
177.84
177.90
171.63
162.82
154.09
145.22
137.36
78.08
72.84
73.92
71.51
71.40
70.84
155.09
149.09
147.18
151.08
149.60
151.05
156.18
159.45
168.03
166.71
172.40
173.27
173.41
167.18
160.92
155.22
150.02
142.74
81.52
74.53
76.12
75.74
74.14
73.02
151.32
147.00
149.77
156.94
156.42
167.39
167.93
171.06
175.17
176.41
172.77
179.89
182.01
181.22
183.77
165.43
149.98
145.03
82.93
76.58
76.10
74.53
73.02
72.93
156.21
149.87
157.25
159.13
162.68
165.71
167.03
171.65
177.59
176.62
178.40
178.54
184.73
182.36
177.40
168.39
157.37
150.45
85.65
76.97
76.23
76.86
75.27
72.08
152.54
147.04
153.26
161.92
170.31
166.69
170.12
174.38
176.88
179.12
188.27
186.71
191.95
189.21
182.95
173.31
167.82
161.71
86.62
78.28
78.14
76.76
75.67
75.32
165.76
161.49
165.71
169.92
178.92
181.60
176.43
179.61
188.69
190.64
191.15
197.07
196.47
195.59
188.08
178.33
164.12
159.31
84.64
77.18
78.39
77.01
74.56
74.55
166.01
161.93
166.82
169.12
171.28
173.56
177.19
181.57
184.31
190.15
192.14
193.37
196.28
196.23
181.85
170.42
162.52
154.17
85.33
75.43
74.17
74.32
73.13
73.66
151.42
148.48
150.28
156.85
160.99
162.65
161.23
169.38
171.76
177.19
180.50
180.25
178.21
176.01
169.60
163.25
159.05
157.93
86.79
77.24
75.19
74.77
73.14
75.42
157.35
151.70
157.91
158.56
163.49
165.86
165.10
176.62
184.75
195.97
194.88
193.90
197.14
183.92
178.04
173.31
165.24
161.50
85.79
77.71
76.56
77.13
75.94
73.71
164.76
165.41
166.54
171.03
177.36
187.89
190.90
201.96
199.99
206.61
211.84
210.64
214.01
216.27
208.85
190.85
180.18
174.06
89.42
79.05
79.75
78.90
76.39
77.70
193.95
191.39
192.70
200.06
204.05
203.99
207.07
207.08
209.73
217.80
220.69
219.04
219.54
222.54
211.79
193.67
186.09
176.37
89.07
79.55
80.14
79.26
77.11
76.09
174.15
175.61
175.23
175.90
180.68
189.13
195.97
209.30
209.12
213.99
214.35
223.21
223.81
226.07
217.97
198.24
185.54
177.58
91.48
78.31
80.95
78.37
77.79
77.13
178.85
180.94
173.05
179.36
186.02
187.12
194.22
195.29
199.66
208.72
216.39
213.77
216.30
209.65
202.49
190.83
183.56
168.96
90.43
79.27
77.49
79.03
77.45
75.80
171.29
172.29
175.35
178.73
186.50
187.56
189.85
196.13
196.33
206.41
204.85
208.11
204.41
200.00
194.04
182.79
171.40
167.40
85.66
73.38
75.37
75.68
73.90
75.07
165.25
163.69
159.48
164.16
168.61
169.18
173.98
180.62
184.40
187.48
194.07
196.51
197.22
188.31
181.23
173.40
171.30
164.82
84.72
75.73
76.40
74.32
74.41
74.48
183.95
173.16
170.42
171.09
172.32
178.45
174.69
185.41
192.83
197.74
202.58
205.17
206.80
200.81
189.39
184.58
174.00
164.73
86.62
78.45
77.56
77.70
76.17
74.91
168.64
168.40
164.71
171.64
175.06
182.43
183.37
188.70
192.24
195.39
198.44
195.63
203.57
203.78
195.86
177.06
168.84
161.62
87.41
77.49
78.54
77.88
75.39
74.86
176.27
174.99
171.73
177.45
180.41
183.72
185.99
191.69
193.68
194.94
197.90
196.68
199.53
200.95
198.25
182.30
171.20
164.07
85.91
75.97
77.33
78.20
75.92
74.61
165.81
165.70
164.82
173.53
179.53
183.91
189.06
188.25
189.06
187.35
191.16
193.96
200.25
198.86
194.11
181.83
170.53
163.95
85.32
78.45
77.91
77.44
74.23
74.76
169.56
166.77
162.76
169.00
175.92
177.21
184.72
188.60
186.00
189.38
192.94
196.60
200.19
203.01
197.50
181.57
169.92
165.08
85.27
79.04
75.71
77.14
74.65
73.40
168.71
165.87
167.33
169.46
174.16
177.84
181.25
184.38
189.36
191.13
194.91
193.87
192.48
197.67
188.70
177.16
171.77
162.47
83.89
75.04
75.46
72.73
73.93
73.64
170.88
168.40
163.13
163.18
167.83
170.80
169.34
176.60
180.72
178.46
185.71
183.02
183.31
180.57
170.16
162.94
160.89
156.52
82.80
75.88
72.98
74.30
73.31
74.34
163.47
159.95
159.81
160.63
164.08
168.40
167.83
172.99
178.94
183.78
187.05
187.15
188.07
183.23
176.11
165.07
160.44
158.92
84.32
79.44
79.50
78.69
75.62
73.94
169.16
157.25
161.08
167.33
169.82
178.23
181.14
189.54
189.37
191.74
195.51
199.09
199.02
198.52
200.65
182.42
172.50
162.93
90.30
83.47
82.77
79.10
76.93
76.71
167.24
163.65
164.87
173.04
179.59
189.95
188.58
198.82
194.89
198.61
196.74
201.68
210.18
204.63
199.47
180.22
169.08
165.11
86.95
78.66
80.00
78.67
76.33
75.95
169.46
167.16
168.09
178.43
183.76
187.14
186.93
189.66
191.66
195.62
199.35
204.96
210.59
211.37
206.75
192.67
182.16
172.20
89.73
82.51
82.42
82.84
78.78
76.40
172.03
168.93
169.85
181.39
183.27
180.45
188.75
192.16
201.49
200.31
201.30
202.80
204.56
202.68
205.63
195.39
183.10
146.26
91.65
82.56
82.00
81.41
81.00
75.66
175.54
172.40
177.04
140.46
189.93
199.58
202.67
213.74
215.32
211.56
220.87
228.13
219.74
219.13
202.60
194.86
186.26
178.55
87.04
78.37
77.82
76.72
76.29
75.80
188.69
185.45
172.58
177.72
181.21
186.99
194.59
210.58
219.37
224.85
223.19
221.05
225.33
213.37
200.00
194.27
188.29
185.22
90.86
79.04
77.87
78.27
77.55
78.00
192.80
190.83
185.90
190.13
196.21
194.45
199.10
213.46
217.74
224.00
227.78
226.01
223.60
221.04
208.67
199.36
190.29
185.57
92.33
79.88
81.20
79.47
77.45
78.51
195.38
190.23
195.45
199.44
208.87
212.48
219.33
226.95
228.09
227.43
227.47
228.23
233.54
228.79
220.75
200.87
188.84
186.65
89.39
80.03
80.91
80.28
78.64
78.80
192.32
191.72
190.69
191.99
199.88
197.65
201.75
208.57
212.30
211.58
220.14
218.26
220.63
219.36
211.75
196.12
186.90
177.68
88.24
78.66
79.72
78.21
75.60
77.21
180.55
183.78
180.52
187.37
191.38
195.46
206.20
202.91
204.91
204.92
207.86
205.30
213.00
209.51
201.55
187.94
180.24
171.23
90.05
75.44
77.14
75.39
74.81
74.74
175.28
172.27
173.27
174.67
179.88
181.01
181.61
183.64
181.67
195.17
194.00
196.82
196.56
193.08
187.93
185.39
178.14
170.27
87.24
76.89
76.14
74.56
73.69
74.70
174.58
169.56
179.17
180.87
185.21
187.94
189.42
194.62
198.70
199.53
205.67
204.19
201.17
203.80
199.26
184.88
182.28
171.29
87.25
78.14
76.48
76.45
74.97
74.84
177.27
174.56
174.01
174.71
180.84
184.57
187.05
194.45
197.48
204.69
203.68
204.04
204.26
199.77
193.58
186.57
181.09
174.61
88.77
78.08
78.02
77.38
76.22
77.60
188.41
180.54
173.98
180.79
182.63
188.91
189.58
196.75
200.93
198.58
205.37
215.91
207.01
193.13
182.62
177.29
172.58
168.26
86.84
75.47
75.53
74.39
73.18
74.27
169.58
161.95
165.81
172.02
174.21
180.02
184.17
188.48
191.13
189.92
197.69
195.43
196.15
191.89
184.83
173.02
162.79
157.00
85.90
75.44
78.13
77.93
74.67
74.82
171.34
165.98
170.21
175.03
179.86
180.93
183.69
184.02
191.96
194.98
196.22
201.08
211.38
207.12
204.88
186.29
175.64
170.02
87.64
79.35
80.08
79.83
77.42
75.08
181.13
175.68
178.25
185.53
195.17
201.11
203.64
207.79
215.20
218.63
228.66
229.47
234.23
233.82
226.24
211.92
204.59
195.84
92.27
79.68
82.05
80.51
79.93
78.94
191.65
191.06
183.73
182.44
192.54
199.04
204.35
216.32
229.17
233.58
230.10
229.46
230.49
222.47
210.30
192.74
185.54
185.98
91.81
81.28
82.73
82.05
80.59
78.36
200.61
196.18
192.76
189.01
197.01
210.82
221.82
228.07
232.97
236.89
233.82
234.43
230.21
228.50
216.20
205.68
194.11
191.44
92.93
79.87
80.42
80.94
79.31
80.02
203.31
202.83
195.39
200.13
198.21
198.03
197.56
212.26
218.56
222.00
222.68
224.56
222.84
213.30
203.61
197.65
191.50
187.16
91.08
78.79
78.61
80.02
80.71
81.43
215.54
208.25
208.82
205.29
195.81
199.73
200.58
209.44
217.18
224.85
227.33
225.77
227.25
219.65
206.34
194.28
187.39
182.06
88.36
81.88
81.43
79.37
76.98
79.57
199.60
192.72
195.53
202.09
195.85
212.34
210.67
223.97
227.39
226.83
230.05
253.07
251.25
247.66
232.46
216.16
205.09
188.64
85.79
76.15
77.24
75.22
74.78
73.29
209.68
196.13
183.28
194.86
203.75
208.64
207.17
237.88
253.41
260.43
256.52
258.10
261.45
258.77
249.41
230.08
213.94
204.66
88.92
75.32
74.54
73.71
73.34
73.30
213.95
214.99
207.31
209.68
210.07
214.46
218.00
222.77
230.01
233.25
232.12
234.81
233.83
225.84
221.50
213.43
198.79
191.32
83.34
73.65
74.10
74.54
71.73
73.18
202.12
190.73
187.92
95.01
194.17
197.24
201.80
206.05
210.47
218.43
217.20
216.33
221.26
217.24
208.93
197.39
187.40
181.95
83.18
69.35
75.87
75.66
73.32
73.86
202.07
197.08
190.27
186.51
185.36
198.11
198.14
209.75
208.52
222.04
216.99
219.27
214.35
209.08
203.70
184.83
181.88
172.70
84.05
71.46
73.42
73.42
72.39
72.07
194.14
183.04
179.24
183.88
187.29
190.81
192.40
200.54
207.56
212.19
216.36
219.86
221.30
209.38
199.84
192.07
185.72
183.01
85.28
69.93
73.17
73.85
70.93
71.61
207.22
195.89
189.41
191.58
193.25
198.24
202.62
205.97
215.11
226.90
227.13
225.48
231.39
219.01
202.05
200.34
190.36
186.83
86.19
71.78
75.72
75.58
73.29
74.28
219.57
213.42
192.00
192.09
197.85
209.99
207.40
210.06
213.15
207.60
211.18
210.11
219.95
217.58
212.70
199.76
181.82
164.73
81.62
70.90
75.18
74.04
71.24
70.21
203.11
184.20
174.53
183.16
187.13
190.64
197.54
210.23
214.25
216.97
223.13
222.80
223.53
229.16
216.27
201.57
191.89
182.71
87.09
73.82
75.03
72.83
72.91
73.96
206.66
194.91
178.93
185.58
187.88
197.58
202.87
201.41
207.15
208.63
210.93
213.14
213.38
216.26
209.97
199.93
194.05
181.29
83.19
73.72
72.86
74.08
73.23
72.19
214.51
202.53
198.83
205.46
212.79
217.43
217.19
224.35
230.47
235.60
233.50
240.73
240.21
228.48
216.82
205.90
195.06
192.96
86.41
76.52
72.40
75.74
73.10
72.26
216.64
205.75
193.40
209.96
215.98
216.66
222.09
226.17
237.69
239.50
241.43
241.82
243.21
242.83
231.58
211.54
198.02
191.47
87.04
73.68
73.02
72.64
73.14
73.41
216.88
209.38
198.18
203.47
205.53
208.30
219.57
229.53
237.28
242.77
243.13
246.39
247.02
235.64
224.26
218.97
203.07
195.00
88.83
72.58
76.01
73.54
73.55
74.03
218.02
210.92
192.35
196.69
197.81
201.97
210.60
220.06
225.94
234.91
241.59
243.03
244.17
235.89
220.77
206.04
199.77
191.89
88.03
73.02
74.97
74.56
73.59
74.17
216.60
207.26
195.36
193.48
206.05
214.51
221.66
228.71
233.54
235.64
239.28
239.66
254.15
253.44
236.64
207.24
196.61
186.01
86.96
73.66
75.11
74.32
73.05
74.77
216.58
212.21
194.06
190.04
210.63
211.91
214.24
219.98
227.34
231.19
228.70
234.61
231.32
206.26
197.99
179.22
175.40
167.27
79.28
71.08
73.13
71.57
71.55
71.01
197.07
178.12
168.36
174.16
183.96
187.02
190.82
200.13
193.79
198.57
201.26
196.64
192.97
193.72
191.16
183.25
183.05
174.21
81.43
74.20
74.02
73.11
74.47
72.96
198.93
186.45
184.05
191.40
195.53
198.23
202.74
208.90
210.55
217.09
221.99
227.59
235.68
225.96
216.12
201.65
191.63
182.86
85.06
74.36
75.52
74.10
74.26
74.75
218.37
207.01
199.65
206.19
217.44
218.27
226.55
231.32
223.42
225.84
234.85
234.91
236.09
228.39
221.29
201.34
196.44
184.09
87.26
70.84
73.83
73.75
73.19
74.45
210.42
204.66
183.60
180.63
185.63
191.67
199.17
212.45
229.12
234.46
242.38
240.94
240.59
222.90
213.63
208.89
190.62
164.63
81.87
71.74
72.01
72.58
71.73
73.39
205.44
190.35
177.58
180.70
190.92
195.06
200.22
216.08
222.97
236.38
232.77
235.42
238.05
230.53
219.09
202.22
197.47
192.09
89.14
76.05
75.66
77.78
75.91
74.54
207.31
210.71
197.65
204.12
210.09
220.79
232.67
251.04
254.37
249.86
257.27
263.13
254.14
240.88
225.66
208.27
184.10
179.31
86.71
70.16
74.71
74.42
73.06
74.87
212.88
204.13
187.85
186.28
191.82
189.69
193.34
196.86
199.61
192.09
189.08
198.58
207.90
202.70
203.46
184.81
177.66
177.92
83.51
74.04
76.31
77.19
73.15
73.08
207.14
199.03
189.66
190.59
196.50
199.87
205.50
214.46
212.90
220.82
233.50
226.09
210.75
200.46
193.72
190.06
185.42
175.86
84.21
72.18
76.31
74.97
72.30
73.79
198.49
188.20
181.64
191.03
196.63
197.65
208.15
222.27
224.65
229.93
227.87
227.63
225.60
226.10
214.36
204.05
191.49
182.58
87.38
71.75
77.15
75.40
74.96
73.93
209.71
201.05
183.78
186.38
190.88
200.27
198.56
200.03
192.65
197.36
202.21
203.45
203.32
200.36
191.50
178.73
175.99
174.29
84.29
72.34
72.20
70.71
72.77
74.19
198.22
185.13
173.93
174.47
177.14
179.23
183.93
194.13
196.27
201.37
202.64
204.12
202.96
184.09
179.36
172.11
168.54
159.77
80.01
71.22
72.94
71.78
73.00
72.00
194.51
174.45
168.02
174.42
175.37
177.20
181.96
191.10
198.45
202.32
201.06
201.77
207.12
199.83
187.18
182.95
175.18
172.24
84.16
73.68
76.04
76.51
74.23
72.49
193.54
177.15
169.89
178.79
180.66
189.04
199.22
202.48
210.12
209.67
210.17
219.00
222.25
214.79
201.10
182.89
174.90
171.02
83.96
73.91
74.23
73.50
71.43
71.72
186.04
171.30
169.65
179.19
184.18
193.20
198.78
207.49
223.66
225.88
225.56
232.06
225.03
228.21
214.61
196.33
185.55
174.06
83.54
72.66
75.67
76.01
71.37
73.28
187.44
175.19
173.44
181.27
186.57
203.81
212.82
225.88
225.86
229.93
236.49
236.52
239.95
235.17
228.19
216.23
195.00
186.31
86.36
72.26
75.37
75.21
73.13
73.38
202.51
187.05
176.74
188.43
204.37
212.54
219.46
224.26
234.62
234.79
246.40
245.32
241.68
237.77
227.36
202.78
186.54
183.04
86.68
71.22
75.84
75.04
74.29
73.64
195.55
189.41
178.06
181.17
191.05
201.03
208.12
206.79
214.75
223.71
233.34
232.71
237.08
236.94
216.41
205.68
199.59
184.05
86.21
72.22
72.93
71.74
72.50
73.21
206.60
191.22
180.59
183.17
192.63
200.60
199.87
203.89
210.97
216.16
224.42
229.06
229.65
222.21
225.98
223.22
205.96
189.66
83.19
72.59
71.18
71.55
72.26
72.42
198.02
190.36
172.54
186.67
213.52
222.99
198.32
203.68
205.49
216.70
213.46
207.77
214.13
209.33
195.99
184.79
177.65
170.26
79.30
72.16
73.11
74.93
70.49
71.24
191.41
176.70
172.15
179.21
192.86
201.84
204.76
212.81
224.40
232.48
232.80
232.27
225.02
224.26
211.00
195.57
186.36
174.28
81.08
73.85
73.37
74.71
71.05
69.58
184.60
181.45
175.16
186.30
204.69
208.93
224.73
244.04
253.50
245.05
243.35
248.86
246.03
240.87
229.92
211.37
203.94
184.09
85.17
72.97
73.74
74.34
71.46
70.37
196.06
187.34
182.82
186.61
198.69
210.48
221.36
231.39
238.36
242.79
252.32
249.44
255.50
249.36
235.71
218.18
207.57
194.23
84.71
73.07
74.70
74.82
72.04
68.95
197.68
189.04
184.70
188.81
197.29
209.21
207.60
226.84
232.45
231.02
237.72
244.26
238.74
235.11
228.88
214.52
206.46
183.67
83.82
72.10
71.55
73.25
71.63
71.86
204.81
194.31
182.62
190.31
203.87
217.87
221.89
222.97
225.01
226.02
225.75
228.88
225.37
220.71
211.25
197.68
188.92
180.67
82.78
72.07
72.25
71.18
71.57
71.70
204.45
193.84
177.67
181.61
187.77
200.66
198.96
198.99
206.02
212.74
210.87
213.44
215.60
207.76
199.31
194.37
187.27
176.00
81.35
68.95
71.55
70.11
70.32
70.38
199.08
188.53
177.05
181.78
189.15
196.13
200.80
203.09
207.43
211.89
224.98
227.36
224.74
209.27
203.54
198.23
187.46
180.60
85.84
75.71
77.65
78.33
76.74
76.26
210.28
202.70
200.55
203.94
212.34
211.21
217.86
228.83
240.28
241.75
238.69
237.11
244.06
248.63
229.69
215.36
206.44
189.64
89.29
78.69
78.39
81.20
78.53
77.76
216.94
215.18
197.00
205.66
217.84
223.73
233.20
240.69
249.07
249.91
251.43
255.13
246.40
250.25
246.23
227.73
207.97
191.20
86.37
76.48
76.12
76.04
73.71
72.11
210.89
214.02
207.52
208.90
219.29
228.92
231.44
239.20
252.49
248.84
246.98
251.49
256.27
252.99
242.32
237.54
206.09
178.44
79.77
69.66
72.48
71.73
69.76
70.88
199.61
186.99
182.70
192.16
201.51
212.78
210.81
217.05
219.84
219.56
218.50
213.76
208.59
196.61
197.35
189.80
180.54
180.78
82.24
72.51
73.23
73.64
72.75
71.99
203.24
204.01
188.57
195.95
213.09
213.06
226.70
227.70
231.35
239.59
238.99
241.10
239.66
231.85
222.46
211.42
195.81
188.46
85.82
72.56
72.38
72.13
71.15
72.43
209.22
198.63
180.80
185.27
193.23
196.92
200.87
205.12
214.66
215.26
217.40
223.89
220.81
215.68
208.96
196.02
182.40
177.84
83.74
71.69
72.09
72.03
69.71
70.42
206.31
195.83
175.04
182.22
188.39
199.00
204.56
213.46
217.25
216.78
222.16
228.77
224.50
190.25
188.25
181.04
168.11
161.47
77.03
68.91
72.23
73.35
71.16
70.91
199.58
178.44
174.13
179.40
184.69
195.26
196.62
200.65
201.99
211.53
209.94
217.41
214.59
208.21
197.59
190.98
188.06
180.11
81.97
71.94
70.45
69.83
70.73
72.03
202.56
203.16
190.86
194.13
202.03
211.21
219.53
226.33
231.07
233.46
237.25
240.33
249.74
246.92
239.14
224.95
206.56
183.69
83.33
71.85
72.02
73.31
72.23
70.21
201.15
204.85
198.69
202.14
209.34
219.57
228.64
240.43
251.36
246.76
241.28
241.47
243.18
247.47
244.70
222.73
203.03
187.35
83.80
73.96
75.07
75.81
74.91
74.48
213.85
209.55
201.67
203.68
219.47
231.13
235.47
244.76
246.91
251.81
246.18
247.64
236.26
238.60
230.32
210.83
196.94
182.96
85.42
73.87
75.19
75.10
73.88
73.97
212.75
207.55
186.43
186.57
194.25
202.35
211.45
220.10
225.61
229.13
228.28
218.56
206.77
201.84
193.29
187.79
185.58
182.28
84.89
72.91
72.27
74.15
72.87
73.82
213.44
208.69
182.80
185.32
198.01
206.45
206.91
216.95
221.75
228.29
227.02
228.45
230.31
215.98
199.24
190.93
183.27
176.17
83.42
71.99
71.73
71.00
71.10
73.69
211.34
187.13
175.28
180.25
191.15
200.12
193.99
203.25
208.38
206.50
214.74
210.67
208.05
199.38
184.62
179.09
172.92
168.95
79.59
72.60
72.48
73.72
71.98
71.76
193.06
181.75
181.32
188.24
196.45
205.29
209.46
210.62
213.78
211.29
209.16
213.29
215.32
211.36
199.69
194.64
187.01
177.26
83.78
73.28
75.28
75.80
72.16
72.19
201.32
185.78
180.81
181.29
192.51
202.69
207.29
208.73
209.72
205.73
202.13
203.15
203.29
208.47
204.14
189.50
176.22
170.81
81.82
72.12
73.77
73.30
70.39
69.64
181.48
166.78
164.49
171.90
180.37
187.27
186.35
200.86
195.91
193.69
189.34
190.67
198.88
198.07
192.24
183.15
173.94
161.52
77.30
69.06
69.14
70.72
68.49
69.86
178.49
160.03
157.84
165.88
176.87
185.08
189.21
198.14
202.66
198.97
198.20
199.36
202.56
202.52
198.32
181.10
170.22
163.50
79.14
70.00
70.97
69.98
67.60
69.63
174.64
154.80
154.89
165.07
183.80
186.37
191.04
203.49
206.58
209.97
214.79
213.02
209.76
205.29
200.58
193.55
183.51
169.60
81.50
72.64
70.59
71.67
70.45
72.95
196.45
180.82
167.30
168.12
172.87
188.86
192.14
200.33
205.72
206.60
212.62
215.25
200.44
184.23
174.81
163.19
158.48
155.98
78.26
68.06
68.36
67.08
68.35
69.48
182.59
159.79
146.60
152.81
165.70
174.88
178.03
182.61
185.24
192.63
196.57
195.42
191.85
188.93
174.88
172.27
163.08
161.38
79.80
71.43
71.52
72.36
70.75
69.75
193.38
168.63
171.93
180.00
184.78
201.23
206.10
201.83
205.12
208.21
198.42
196.28
198.26
200.01
185.46
170.01
158.74
150.82
76.91
69.85
69.99
70.08
68.96
68.44
170.34
154.10
157.22
161.70
175.21
181.59
185.73
188.78
195.04
198.83
191.37
203.88
197.80
199.10
195.03
180.80
170.39
163.88
81.10
72.97
72.13
73.68
69.62
68.81
180.28
159.88
161.31
173.33
181.90
184.57
185.18
200.91
201.15
201.87
202.05
197.17
207.27
205.47
195.08
185.12
168.33
161.52
80.08
71.06
71.83
71.61
70.22
68.76
173.06
158.04
152.71
163.16
178.26
184.48
184.41
196.97
202.75
201.70
202.89
198.36
199.70
196.98
183.12
175.02
164.19
147.65
80.42
69.31
70.07
70.95
69.86
67.14
160.73
144.50
139.57
146.51
161.96
166.15
174.42
178.13
180.75
182.56
177.10
181.93
184.50
176.65
165.94
159.79
150.72
138.29
75.71
69.62
68.25
66.19
66.47
66.60
151.39
130.09
127.80
134.58
145.57
151.04
157.18
161.29
164.27
169.05
172.92
165.61
163.59
158.80
150.62
142.45
135.50
133.37
73.92
67.62
66.84
65.78
65.57
67.89
145.44
86.73
125.66
131.22
144.92
155.42
156.48
170.43
172.31
174.74
179.73
178.16
182.32
174.86
168.71
166.13
157.44
147.35
79.18
71.75
72.22
73.80
70.42
69.15
179.90
164.69
162.16
161.89
168.72
177.12
185.71
203.16
187.54
170.06
168.96
169.56
167.76
161.76
143.59
138.73
133.74
129.58
72.35
66.27
67.40
68.16
66.00
66.09
150.71
132.24
132.31
128.01
137.35
145.93
144.10
154.67
168.60
165.62
167.10
170.87
170.42
168.58
163.45
147.07
143.98
135.35
74.31
66.49
68.00
66.39
65.44
66.61
150.40
139.23
138.67
149.47
148.68
155.73
160.73
169.48
168.33
166.67
167.41
169.01
166.73
168.45
161.12
155.37
143.09
133.58
71.37
66.18
67.94
68.61
66.79
65.80
155.77
137.62
137.94
140.59
154.15
161.49
158.66
166.97
169.79
179.47
164.39
162.56
156.21
154.29
148.83
144.31
138.35
129.44
73.28
68.91
68.40
66.80
66.46
67.61
152.51
129.72
133.18
145.15
152.68
154.59
154.60
160.33
158.48
161.51
161.04
162.75
158.11
157.31
150.84
145.82
141.18
130.83
77.55
66.03
66.33
64.89
65.47
66.64
152.64
129.22
126.43
135.52
145.47
154.06
159.81
163.39
163.90
165.34
176.52
172.41
171.99
169.08
159.49
152.40
143.64
134.11
75.18
66.93
66.55
67.38
66.49
67.29
156.04
131.54
128.53
136.41
145.29
146.77
153.59
151.36
155.27
163.39
159.74
164.80
168.73
158.35
146.30
138.74
131.40
123.72
71.89
68.19
66.97
66.40
65.99
65.97
141.02
126.77
128.14
111.95
142.81
146.31
155.36
158.13
163.97
160.31
164.20
168.28
167.98
166.10
155.40
141.91
139.92
130.54
74.32
68.62
68.05
67.26
67.10
66.28
137.86
125.69
126.87
128.52
142.23
142.93
151.22
153.60
155.12
159.73
154.20
159.45
161.40
163.16
153.23
139.36
137.34
127.55
72.50
66.06
67.20
66.66
64.22
65.09
133.33
123.46
124.82
133.03
137.90
146.81
157.16
162.86
162.26
159.85
160.78
162.03
160.14
157.33
158.86
146.53
140.88
130.86
73.09
66.64
66.29
66.65
64.61
64.11
137.05
126.41
126.78
131.82
145.46
155.09
159.91
170.53
173.02
177.20
171.86
177.42
176.35
177.53
172.38
158.73
150.58
137.84
77.83
70.39
70.87
71.66
68.95
68.13
155.62
139.59
133.45
137.98
147.36
160.04
165.08
176.94
172.15
170.65
175.14
176.67
175.76
171.82
160.82
155.68
152.27
135.94
74.30
67.29
65.20
63.85
64.98
66.02
143.72
128.23
122.69
128.38
140.22
150.22
155.17
163.53
163.53
169.21
165.61
169.37
166.60
161.43
155.09
146.65
140.91
130.40
73.02
67.26
65.68
65.53
64.30
65.16
141.44
123.63
120.62
122.87
132.17
140.44
147.59
156.11
161.37
166.66
167.49
166.61
167.37
159.32
148.09
138.33
133.60
125.35
73.05
68.91
68.59
67.09
63.86
65.42
134.28
128.33
129.70
129.93
141.17
151.93
164.81
170.53
176.06
180.69
179.55
178.44
183.35
177.92
167.51
157.16
150.46
134.78
77.53
69.63
67.23
68.64
65.45
66.33
141.05
131.71
129.37
131.65
148.87
159.88
164.24
170.18
169.41
170.32
177.85
180.64
179.66
176.09
168.63
161.26
150.41
135.96
74.75
69.10
67.99
68.68
66.41
66.23
142.61
129.22
128.56
133.73
140.65
154.60
161.81
168.49
167.80
166.42
164.15
169.24
170.36
166.60
161.04
153.14
148.27
135.73
75.86
67.62
68.24
66.85
67.01
65.91
143.91
130.19
127.82
130.18
141.96
149.39
153.35
156.93
164.66
164.01
156.39
158.66
162.00
152.56
138.92
131.99
124.50
118.79
70.13
66.62
65.56
68.16
64.22
64.45
123.40
108.66
113.48
115.83
124.90
136.32
137.44
140.36
142.04
142.95
143.45
145.40
151.08
140.68
135.25
126.58
125.83
117.97
70.21
64.41
64.07
64.43
63.49
65.55
125.22
112.83
111.70
110.67
123.07
130.97
130.04
134.55
136.28
143.18
140.99
141.83
144.12
138.59
132.03
129.04
121.81
119.60
72.08
65.51
64.45
65.85
65.01
66.10
133.90
117.19
114.06
113.17
123.59
127.17
135.50
144.08
146.30
149.02
149.21
152.39
149.96
143.88
140.06
132.99
126.82
121.49
72.63
67.03
68.15
66.19
65.82
65.48
133.97
119.68
117.08
118.26
105.37
137.48
146.58
145.98
146.07
149.80
148.84
155.43
156.75
148.50
143.89
136.64
126.65
120.87
72.39
67.65
67.43
66.52
65.26
66.33
137.34
124.08
121.89
114.07
128.57
136.12
143.70
148.12
156.61
157.69
153.05
162.51
161.34
163.84
151.80
141.72
129.05
123.94
72.73
66.31
67.53
66.09
65.49
66.90
136.24
121.71
121.45
124.18
143.17
150.31
162.44
170.59
172.56
177.22
175.80
167.11
169.74
171.38
164.44
155.87
150.23
138.40
74.63
69.16
69.48
68.37
67.93
66.62
142.58
131.74
128.85
130.47
145.34
156.14
159.43
164.99
172.11
174.70
176.30
172.54
176.35
174.75
162.78
148.86
146.99
133.52
73.74
68.83
68.47
67.27
65.95
65.92
147.50
127.55
127.08
123.97
134.93
136.54
141.28
136.93
147.77
147.49
150.61
147.15
140.41
141.21
131.87
127.76
123.59
117.13
71.73
64.36
62.75
64.13
62.43
64.50
126.96
111.60
107.83
106.76
119.97
127.79
131.46
129.47
136.45
138.78
145.12
141.47
139.28
128.73
123.03
122.49
114.28
111.29
68.98
63.75
65.25
63.50
61.61
62.73
118.08
109.23
102.57
103.38
106.29
119.58
121.63
127.87
132.06
139.62
138.15
141.48
138.93
130.49
122.63
123.11
117.75
111.63
68.54
64.17
64.33
64.98
63.78
64.21
111.47
108.08
112.98
114.16
118.62
131.00
133.27
137.05
141.48
143.75
140.47
145.48
146.88
143.54
135.25
131.90
123.91
120.43
70.88
65.75
65.62
64.13
64.37
65.17
120.14
112.61
113.15
110.30
128.17
131.43
138.55
143.33
147.90
152.03
152.43
151.99
158.90
153.55
149.01
139.17
129.93
123.67
73.22
67.05
69.91
69.55
65.19
65.63
126.61
115.26
117.34
124.24
127.00
138.57
143.00
155.00
151.28
157.57
153.57
156.34
153.18
148.80
145.13
137.18
133.81
122.42
74.26
68.66
67.85
66.67
65.67
64.49
128.50
116.90
118.24
112.49
128.05
135.33
140.66
149.93
149.60
153.08
147.74
142.83
142.86
136.63
131.36
128.14
122.91
120.13
72.94
66.79
67.00
65.79
64.87
67.06
120.40
113.79
113.41
117.29
123.72
135.55
137.65
140.79
143.31
139.87
145.67
143.71
139.08
131.64
128.25
123.56
126.46
115.99
73.85
66.06
63.92
64.41
65.25
66.32
117.89
107.18
104.44
108.27
112.12
123.28
124.43
128.26
132.91
132.31
130.18
137.09
135.31
131.59
125.24
119.26
118.59
111.80
72.22
65.82
65.39
65.65
64.14
67.49
117.69
107.70
104.05
104.32
109.33
120.63
124.29
127.90
133.85
140.26
136.92
139.28
141.81
134.89
129.34
123.86
121.57
113.48
70.24
67.46
67.83
66.95
65.22
64.11
117.77
112.52
113.51
114.38
117.10
127.19
125.91
127.58
131.74
130.68
130.25
126.09
128.25
122.28
120.80
116.54
110.14
106.52
69.44
65.87
67.01
64.22
64.03
62.60
97.63
94.62
97.11
99.58
103.48
109.65
114.97
119.89
120.48
114.89
128.13
123.03
128.34
123.61
123.60
117.38
112.26
108.61
70.23
63.33
65.59
66.15
61.98
64.42
98.42
96.25
98.38
102.35
105.90
106.23
109.96
119.21
120.00
116.49
114.14
118.93
116.69
114.99
111.31
107.12
105.30
101.22
67.26
63.43
64.33
57.19
56.73
57.99
88.85
92.11
94.68
97.92
101.07
109.33
112.68
120.56
119.85
123.79
119.20
123.78
123.08
117.98
112.89
106.35
102.95
97.95
65.16
60.84
61.19
61.64
60.41
59.30
89.22
90.15
87.25
91.94
100.81
106.07
118.78
121.45
123.61
119.67
124.08
127.57
125.07
115.68
114.05
108.06
107.87
106.48
68.63
60.92
60.24
60.97
60.01
63.64
100.45
95.36
91.87
94.02
101.16
109.95
115.14
118.25
120.49
129.17
131.61
134.66
132.34
125.85
122.54
116.14
112.55
109.76
70.89
67.06
65.56
64.26
62.31
64.69
110.30
104.10
102.04
100.96
108.71
115.45
122.41
124.25
132.64
131.62
137.31
133.95
137.97
130.14
123.75
120.94
112.55
107.89
72.66
66.12
64.63
63.76
64.15
62.71
114.28
107.10
106.88
111.60
114.13
124.04
127.28
136.14
143.44
147.12
143.78
148.07
148.64
141.72
134.05
128.61
126.81
122.18
73.45
67.68
66.94
68.23
67.48
66.42
121.00
114.83
111.40
108.39
119.66
126.90
137.20
146.15
146.18
147.60
147.12
149.50
155.20
146.02
140.35
137.96
129.26
122.16
73.65
68.87
70.65
70.32
66.48
67.18
127.50
123.11
122.54
130.47
128.12
127.41
141.17
149.92
150.81
149.47
139.81
150.21
143.59
140.06
133.84
128.04
128.34
119.10
73.08
67.93
67.03
67.58
66.09
66.12
121.33
115.26
113.44
115.55
123.80
127.50
138.28
148.76
154.57
153.48
153.55
152.40
153.42
145.89
142.44
132.12
127.02
125.06
73.48
67.31
68.30
69.11
67.36
67.36
128.02
118.93
117.08
121.36
132.15
139.55
144.72
153.93
147.15
155.21
160.10
163.36
161.18
146.16
134.61
130.49
126.61
120.66
75.14
68.09
66.53
65.59
65.44
67.25
125.42
112.97
110.93
108.11
116.68
121.81
133.22
127.01
128.02
130.38
128.54
132.98
131.35
125.83
128.76
124.51
117.48
114.95
72.81
66.28
65.66
65.18
64.95
67.86
127.05
113.12
107.66
112.02
114.33
126.84
131.58
136.95
139.82
148.03
148.54
148.59
141.68
133.23
125.93
123.75
123.34
118.80
72.07
66.27
65.43
66.01
64.43
67.66
127.43
115.81
112.50
112.61
116.64
125.04
127.12
136.75
136.61
144.25
144.26
147.04
145.80
141.41
129.39
133.17
129.83
120.37
72.53
66.92
67.05
68.03
67.12
68.36
125.90
115.10
115.35
115.24
122.57
131.94
135.15
142.11
138.59
143.20
140.62
140.20
144.06
144.79
134.35
128.03
121.49
122.18
73.91
67.87
67.92
64.19
65.92
65.45
117.63
109.50
111.89
111.50
117.85
120.42
100.03
130.26
134.00
131.88
132.47
132.95
135.30
133.81
133.90
127.65
125.76
112.15
72.04
66.04
66.52
66.04
63.54
64.55
110.91
106.30
108.10
106.36
113.63
119.21
122.03
130.33
136.31
137.20
139.33
138.80
136.22
134.24
125.28
121.06
118.57
112.16
69.09
65.45
65.51
63.63
63.08
63.83
113.65
104.47
104.22
105.11
118.13
117.29
129.60
130.08
133.99
132.17
136.31
131.76
129.57
127.12
119.67
115.09
112.38
108.44
72.80
64.86
64.21
64.44
61.07
62.68
116.58
100.47
101.49
101.83
107.89
110.34
119.13
122.94
118.70
121.86
122.61
121.33
120.68
118.53
114.31
111.10
109.49
102.22
67.88
62.86
60.36
60.05
61.80
62.92
106.69
100.03
99.10
98.21
100.65
107.40
116.42
120.05
125.57
128.38
128.77
133.41
128.95
125.96
117.71
117.76
107.86
106.19
68.66
65.81
65.73
63.22
62.25
62.77
106.97
101.83
104.45
107.78
112.89
119.97
129.32
136.60
138.52
136.49
143.30
133.43
130.92
133.58
125.41
121.76
116.91
111.21
70.53
66.17
69.12
66.15
61.19
64.08
109.89
105.70
107.69
107.97
112.80
120.62
122.53
129.67
126.02
119.01
113.91
115.58
113.87
117.63
113.52
110.14
107.83
106.76
67.94
61.95
64.74
63.12
62.34
64.84
114.85
108.87
109.03
111.52
116.05
116.02
123.58
126.83
122.73
116.47
114.57
118.77
120.02
114.40
112.72
110.34
108.64
97.50
65.31
60.79
61.34
63.91
59.92
60.86
96.37
91.07
97.66
97.01
100.96
108.06
108.10
109.62
111.77
109.10
109.94
106.78
105.92
101.45
100.39
97.23
96.12
89.98
63.45
61.40
59.81
61.51
60.51
59.55
87.84
89.44
91.09
94.18
99.63
107.93
110.29
112.42
109.53
113.34
111.40
113.63
106.58
106.39
103.76
100.17
98.68
92.44
66.75
59.69
60.47
59.08
59.45
59.08
87.52
84.30
85.46
87.40
89.84
99.22
98.88
102.50
104.28
106.43
104.31
104.49
101.93
101.12
94.57
97.00
96.90
93.22
66.04
59.12
61.54
59.64
59.55
61.50
90.97
89.35
87.53
90.21
94.15
90.77
95.33
96.67
103.29
105.79
109.23
108.87
108.53
101.44
98.98
100.26
93.49
91.87
62.91
60.26
60.34
60.67
59.28
58.09
88.10
85.61
89.05
91.76
96.85
101.81
101.54
108.39
109.71
108.29
107.71
107.22
108.02
108.88
103.20
103.11
102.44
94.84
62.78
61.01
59.14
57.66
51.21
51.82
81.30
86.27
86.42
85.13
86.46
96.10
97.58
100.48
100.26
102.61
97.76
103.82
102.31
97.81
95.49
95.06
89.43
86.43
55.70
51.65
52.05
51.33
50.05
51.43
80.03
83.12
82.64
86.09
88.02
92.60
96.54
97.73
96.00
99.26
99.00
99.31
96.50
98.81
96.88
94.90
92.30
92.84
60.26
57.19
57.00
56.78
57.28
57.05
93.44
89.59
90.68
89.97
89.57
89.22
92.95
94.73
97.37
95.99
95.94
95.09
95.53
93.52
94.64
94.67
95.36
93.40
60.21
57.93
55.50
58.64
58.09
55.79
92.20
87.31
85.10
86.76
83.16
85.86
82.27
83.98
85.74
84.49
84.41
85.33
85.24
81.66
85.13
80.95
82.50
79.96
56.27
53.92
54.15
53.02
53.97
54.16
79.20
80.90
79.25
78.95
80.96
80.40
82.82
83.00
85.65
91.62
92.34
93.11
88.46
87.15
84.71
85.87
84.89
82.37
56.11
55.55
55.45
55.46
56.74
57.14
81.09
82.48
80.02
81.64
82.80
81.73
81.98
86.31
91.89
93.92
93.13
97.38
96.24
91.40
90.01
85.96
87.59
87.63
58.36
55.98
55.33
55.74
55.88
57.12
82.85
84.54
86.96
88.84
93.78
93.82
100.19
99.52
103.26
104.09
104.28
104.62
105.81
103.43
104.57
97.48
96.17
91.66
58.82
56.17
58.06
58.84
56.93
56.79
85.49
87.55
88.85
90.20
89.58
95.82
98.64
103.04
104.09
109.42
103.92
107.58
106.63
106.92
101.84
100.33
96.18
93.32
61.81
58.85
59.34
60.72
57.01
58.62
95.25
91.73
96.95
97.37
97.28
100.93
109.44
114.14
117.53
118.98
117.85
117.18
112.18
116.64
120.60
116.89
112.97
99.68
62.84
58.64
59.31
59.74
57.68
58.64
100.73
96.48
96.48
100.25
100.29
103.64
109.69
110.57
119.32
115.66
111.70
115.40
111.21
114.35
109.32
103.53
100.92
98.81
61.62
57.10
58.96
58.86
57.48
58.47
99.09
96.25
96.11
94.47
98.32
103.66
103.47
109.71
108.21
110.45
109.97
109.04
109.15
102.53
101.88
101.72
99.28
93.30
59.91
56.39
54.35
54.80
54.21
56.87
95.60
91.60
89.07
88.68
92.25
93.26
99.75
105.46
107.41
108.78
110.37
105.08
103.25
105.02
105.87
100.23
97.49
94.97
61.20
56.36
55.94
56.37
56.75
58.79
99.64
95.69
94.03
92.41
93.88
95.07
91.61
95.54
99.71
98.03
96.80
100.34
100.23
98.05
96.44
95.32
92.31
88.83
59.09
58.76
59.39
58.96
56.97
58.25
97.95
93.24
93.13
95.62
97.08
95.06
101.83
106.55
106.79
107.77
106.19
108.45
102.62
103.19
100.71
95.68
95.86
89.79
60.22
55.16
58.64
58.43
56.17
55.42
91.05
88.37
87.37
89.10
87.05
91.75
98.57
102.55
102.75
104.41
104.39
104.45
105.79
104.22
106.87
100.03
98.35
89.86
61.19
57.93
57.59
58.86
57.30
57.74
90.09
86.45
89.99
90.92
87.60
91.14
94.47
98.07
101.89
103.78
102.75
103.03
101.66
103.28
102.69
102.75
96.41
90.59
60.73
57.54
58.32
57.71
57.58
57.47
87.61
86.02
88.80
88.08
92.53
92.84
90.82
96.78
99.91
102.04
100.98
100.86
98.98
102.28
96.97
96.43
95.48
90.82
59.49
56.72
57.28
57.64
56.56
58.08
85.99
88.23
87.65
87.68
89.11
89.58
93.82
96.66
100.22
101.30
100.00
100.30
99.02
99.89
94.47
92.82
90.70
91.40
59.64
56.03
56.14
56.32
54.56
56.94
89.31
88.19
86.08
86.80
85.68
86.08
88.82
91.98
95.67
98.99
99.52
102.39
98.80
98.26
93.24
91.94
92.49
90.93
59.53
56.50
56.61
56.38
56.36
57.87
91.84
90.80
86.43
87.55
87.19
86.29
89.17
90.21
90.50
92.86
94.99
93.20
91.92
92.50
87.11
85.23
88.40
83.98
59.16
56.87
57.88
57.46
55.69
56.66
79.75
77.37
74.57
76.98
78.12
81.53
83.04
81.85
83.84
84.50
88.87
85.18
83.41
86.33
83.31
77.74
76.37
74.10
50.16
48.73
50.00
50.96
49.40
49.43
75.64
77.14
74.80
75.33
76.47
76.17
82.17
78.32
76.54
77.21
79.07
79.49
82.01
82.02
79.22
74.53
75.16
74.66
51.12
48.41
46.75
47.96
46.75
48.64
74.44
74.63
74.01
77.66
75.77
79.18
77.41
78.96
78.78
79.04
81.05
84.14
84.96
85.21
86.31
84.52
80.23
76.41
49.88
47.77
47.85
47.29
47.27
47.76
75.91
77.03
74.44
77.21
77.76
77.84
80.45
76.52
78.87
79.36
81.96
85.52
82.23
84.30
82.93
79.82
77.06
75.85
50.95
46.56
48.55
47.15
47.61
49.69
76.31
76.83
74.88
77.03
76.71
74.98
79.03
78.92
78.62
81.37
81.50
80.02
82.44
82.98
82.40
79.22
79.01
75.58
49.53
47.36
47.72
46.49
47.33
48.50
76.44
76.32
72.14
74.39
74.76
74.93
76.26
78.09
78.75
82.09
86.38
84.82
84.52
82.80
77.73
79.36
80.89
77.90
51.33
47.89
47.63
47.99
47.53
49.24
79.80
78.30
76.34
76.68
77.79
75.43
79.87
79.81
85.60
85.27
89.85
88.82
86.69
85.31
82.92
84.20
82.67
79.78
52.02
49.47
51.88
49.17
47.84
49.18
83.45
78.89
80.65
78.93
81.05
80.74
82.76
85.71
83.48
85.15
84.29
86.02
87.07
88.14
89.36
85.10
82.35
81.71
52.92
48.87
47.83
47.97
48.18
49.70
86.21
81.91
79.95
80.38
79.04
79.34
79.94
80.29
81.16
77.65
80.42
80.94
80.12
80.25
80.87
78.08
80.88
78.27
50.87
48.39
47.76
47.81
47.16
48.17
79.29
77.78
75.36
74.81
76.95
75.88
75.26
75.33
76.08
77.14
77.91
79.42
75.23
79.99
76.04
75.71
77.71
74.28
49.83
48.25
47.02
47.41
46.91
48.50
76.92
77.07
74.70
74.69
76.14
76.49
77.38
77.91
74.77
77.27
79.56
78.16
77.41
78.42
77.15
75.79
75.80
72.59
51.06
48.02
51.69
49.27
48.09
48.68
76.10
74.93
73.09
74.45
73.68
77.23
77.14
75.87
76.41
75.73
74.40
75.91
75.71
77.79
75.17
74.97
74.29
71.48
49.56
47.00
46.92
47.00
46.79
47.77
75.62
75.30
72.58
73.26
74.62
74.57
74.15
73.96
74.09
74.62
73.76
74.14
75.41
76.66
72.78
75.51
73.39
71.68
48.65
46.78
46.78
46.76
45.79
47.05
74.91
76.23
74.37
74.08
75.65
74.53
74.59
74.71
74.19
74.53
77.09
74.66
75.95
74.11
74.30
73.91
72.92
72.74
50.29
47.14
48.76
49.36
47.18
48.68
75.13
76.84
74.07
76.57
78.01
79.52
78.59
78.30
77.90
76.40
76.41
75.84
74.77
75.10
76.68
74.77
73.77
72.47
48.23
46.95
47.21
48.84
47.33
47.68
74.13
75.80
73.10
75.39
76.91
77.14
77.36
78.07
76.08
77.03
75.21
76.01
75.98
75.64
74.27
72.55
75.39
74.30
49.32
