1.40 0.04
2.61 0.00
0.83 0.04
0.83 0.04
5.00 0.04
4.97 0.04
3.71 0.04
7.74 0.04
5.61 0.04
6.87 0.04
3.39 0.00
4.27 0.00
0.89 0.00
4.03 0.04
0.86 0.04
0.84 0.04
4.10 0.04
4.33 0.04
3.46 0.04
4.53 0.04
8.63 0.04
5.83 0.04
8.47 0.04
11.11 0.04
9.26 0.00
9.14 0.04
10.16 0.04
11.08 0.04
9.40 0.04
21.20 0.00
22.45 0.04
22.34 0.04
22.83 0.04
23.01 0.04
21.51 0.04
20.44 0.04
17.50 0.04
17.36 0.07
16.68 0.04
15.78 0.04
15.19 0.04
15.46 0.04
4.85 0.04
1.07 0.04
1.14 0.04
1.29 0.04
0.87 0.04
0.82 0.04
0.88 0.04
4.38 0.04
7.60 0.04
9.83 0.04
8.65 0.07
17.86 0.07
22.63 0.04
21.49 0.07
22.53 0.04
22.45 0.07
20.59 0.07
19.75 0.07
16.61 0.04
16.26 0.04
16.48 0.04
11.56 0.04
12.98 0.04
12.11 0.04
5.20 0.04
1.36 0.04
1.34 0.04
1.54 0.04
1.21 0.04
1.26 0.04
1.29 0.04
1.17 0.04
1.27 0.04
5.38 0.04
9.33 0.07
18.25 0.04
22.56 0.07
22.87 0.07
22.56 0.04
20.58 0.04
17.09 0.07
17.16 0.07
15.60 0.07
15.51 0.04
9.69 0.04
8.57 0.04
7.60 0.04
10.51 0.04
3.67 0.04
1.18 0.04
1.25 0.04
1.56 0.04
1.33 0.04
1.13 0.04
1.11 0.04
1.14 0.04
1.19 0.04
1.27 0.04
1.22 0.04
16.50 0.04
21.99 0.04
21.06 0.07
18.20 0.07
17.18 0.07
15.71 0.04
13.21 0.04
12.73 0.04
9.38 0.04
8.70 0.04
7.50 0.04
10.25 0.04
8.27 0.04
3.05 0.04
0.85 0.07
1.11 0.04
1.07 0.04
1.10 0.04
1.15 0.04
1.19 0.04
1.05 0.04
0.81 0.04
1.00 0.04
1.28 0.04
15.54 0.04
18.94 0.04
15.73 0.04
15.54 0.04
12.26 0.04
12.51 0.04
11.36 0.04
12.41 0.04
3.73 0.04
1.04 0.04
0.99 0.04
1.08 0.04
1.08 0.04
1.09 0.04
0.79 0.04
0.95 0.04
1.06 0.04
1.33 0.04
1.24 0.04
1.10 0.00
1.18 0.04
1.23 0.04
6.00 0.00
21.11 0.00
21.22 0.04
19.48 0.00
17.54 0.00
17.12 0.00
15.56 0.04
12.81 0.04
13.51 0.04
12.89 0.04
8.39 0.04
8.17 0.04
5.16 0.04
5.73 0.04
7.25 0.04
3.08 0.04
1.13 0.04
1.25 0.04
1.34 0.04
1.09 0.04
1.08 0.04
1.34 0.04
1.10 0.04
1.08 0.04
1.13 0.04
1.21 0.04
15.40 0.04
20.04 0.04
19.85 0.04
18.02 0.04
15.79 0.04
12.41 0.04
13.59 0.04
10.73 0.04
7.22 0.04
6.04 0.04
5.91 0.04
6.19 0.04
6.65 0.04
1.89 0.04
1.13 0.04
1.26 0.04
1.32 0.04
1.42 0.04
1.08 0.04
0.87 0.04
0.87 0.04
1.01 0.04
1.26 0.04
1.15 0.04
17.39 0.04
19.96 0.04
16.67 0.04
15.97 0.07
12.07 0.04
10.94 0.04
9.46 0.04
7.15 0.04
7.01 0.04
5.11 0.04
5.62 0.04
5.68 0.04
4.24 0.04
2.37 0.04
1.62 0.04
1.22 0.07
1.37 0.07
1.14 0.07
0.94 0.04
1.16 0.04
1.04 0.04
0.93 0.04
1.04 0.04
1.27 0.04
15.76 0.04
15.50 0.04
12.26 0.04
12.11 0.04
9.32 0.07
5.49 0.04
7.31 0.07
6.21 0.04
5.90 0.04
13.27 0.04
10.44 0.04
8.97 0.04
10.06 0.04
7.19 0.04
6.64 0.04
7.47 0.04
3.77 0.04
1.10 0.04
0.99 0.04
0.93 0.04
0.99 0.04
1.08 0.04
1.20 0.04
6.87 0.04
21.40 0.04
22.10 0.04
21.41 0.07
18.81 0.07
14.79 0.04
13.44 0.04
11.09 0.04
7.69 0.04
7.48 0.04
4.10 0.00
5.19 0.04
5.46 0.04
8.42 0.04
6.88 0.04
6.10 0.04
6.87 0.04
2.19 0.04
0.93 0.04
0.93 0.04
1.20 0.04
1.08 0.04
1.13 0.04
1.24 0.04
7.42 0.04
21.45 0.04
21.95 0.04
20.83 0.04
16.98 0.04
14.24 0.04
13.50 0.04
10.86 0.04
8.66 0.04
4.78 0.04
5.54 0.04
4.89 0.04
5.53 0.04
4.46 0.04
2.62 0.04
1.07 0.04
1.10 0.04
0.95 0.04
1.11 0.04
1.09 0.04
0.98 0.04
1.07 0.04
1.28 0.04
1.18 0.04
11.67 0.04
24.18 0.04
23.83 0.04
18.98 0.04
18.43 0.04
17.39 0.00
14.03 0.04
13.77 0.04
11.82 0.04
3.99 0.04
1.31 0.04
0.80 0.04
1.09 0.04
1.05 0.04
1.12 0.04
1.04 0.04
1.12 0.04
1.07 0.04
1.09 0.04
0.87 0.04
1.04 0.04
1.19 0.04
1.22 0.04
5.98 0.04
29.15 0.04
22.70 0.04
19.14 0.04
19.37 0.04
16.83 0.04
15.32 0.04
10.24 0.04
9.69 0.04
10.42 0.04
6.55 0.04
6.17 0.04
6.16 0.04
6.07 0.04
5.82 0.04
5.01 0.04
5.17 0.04
5.34 0.04
2.74 0.04
0.89 0.04
1.15 0.04
1.23 0.04
1.30 0.04
1.05 0.04
0.98 0.04
8.51 0.04
18.40 0.04
14.47 0.04
15.64 0.04
11.89 0.04
10.88 0.04
7.99 0.04
7.17 0.04
7.17 0.04
6.91 0.07
6.72 0.04
6.57 0.04
6.92 0.04
6.69 0.04
5.79 0.00
5.71 0.04
5.74 0.00
1.84 0.00
0.87 0.00
0.96 0.00
1.06 0.00
0.91 0.00
0.74 0.00
0.82 0.04
9.27 0.04
20.25 0.04
16.31 0.04
16.68 0.00
13.35 0.00
10.74 0.04
8.56 0.04
7.34 0.04
7.59 0.00
6.20 0.00
7.03 0.00
5.25 0.04
6.05 0.04
6.41 0.00
4.86 0.00
4.48 0.00
4.64 0.00
2.97 0.00
1.11 0.00
0.99 0.00
0.87 0.00
0.71 0.00
0.70 0.00
0.88 0.04
9.68 0.00
21.25 0.04
17.00 0.04
18.34 0.04
16.56 0.04
10.57 0.00
11.54 0.04
8.53 0.04
7.04 0.04
6.60 0.04
6.22 0.04
5.64 0.04
6.01 0.00
6.18 0.00
4.25 0.00
4.30 0.00
5.25 0.00
1.43 0.00
1.13 0.00
0.85 0.00
0.55 0.00
0.72 0.00
0.92 0.00
0.92 0.04
8.36 0.00
17.40 0.00
12.43 0.00
14.47 0.00
13.57 0.00
8.86 0.00
7.07 0.00
7.31 0.00
6.29 0.04
6.34 0.00
5.27 0.00
5.01 0.00
4.85 0.00
4.93 0.00
4.54 0.00
3.82 0.00
3.98 0.00
2.54 0.00
0.94 0.00
0.59 0.00
0.72 0.00
0.94 0.00
0.93 0.00
0.84 0.00
9.28 0.04
20.86 0.04
16.77 0.04
18.25 0.04
16.91 0.04
12.69 0.04
11.23 0.04
8.86 0.04
6.51 0.04
5.85 0.04
5.60 0.04
5.04 0.04
4.17 0.04
3.81 0.04
1.45 0.04
0.82 0.00
0.92 0.00
0.85 0.00
0.68 0.00
0.61 0.00
0.97 0.00
0.92 0.00
0.77 0.00
0.76 0.04
9.98 0.04
22.80 0.04
21.53 0.04
17.57 0.04
16.43 0.04
14.86 0.04
10.81 0.04
8.34 0.04
6.72 0.04
2.12 0.04
0.88 0.04
0.98 0.04
0.68 0.04
0.76 0.04
0.97 0.00
0.86 0.04
0.80 0.04
0.57 0.04
0.69 0.04
0.90 0.04
8.90 0.04
7.39 0.04
6.72 0.04
7.32 0.04
7.04 0.04
2.27 0.04
0.84 0.04
0.90 0.04
0.87 0.04
0.75 0.04
0.70 0.04
0.87 0.04
1.00 0.04
0.85 0.04
0.72 0.04
0.56 0.04
0.83 0.04
0.94 0.04
0.87 0.04
0.76 0.04
9.97 0.04
9.57 0.00
8.71 0.00
8.07 0.04
3.44 0.04
0.83 0.04
0.85 0.04
0.56 0.04
10.79 0.04
26.75 0.04
29.46 0.04
24.03 0.04
23.60 0.04
17.02 0.04
15.09 0.04
15.42 0.04
11.97 0.04
11.36 0.00
6.65 0.04
7.45 0.04
7.76 0.04
9.21 0.04
8.39 0.00
6.87 0.04
6.40 0.04
3.19 0.00
1.10 0.04
1.15 0.04
1.26 0.04
0.97 0.04
0.93 0.04
0.90 0.04
11.93 0.04
27.96 0.04
29.76 0.04
26.35 0.04
25.02 0.04
19.35 0.04
17.04 0.04
17.16 0.00
12.91 0.00
12.00 0.04
10.23 0.04
8.96 0.04
8.87 0.04
10.24 0.04
8.36 0.04
7.40 0.04
6.60 0.04
3.42 0.04
1.41 0.04
1.25 0.04
1.10 0.04
1.03 0.04
1.16 0.04
1.59 0.04
11.44 0.04
29.19 0.04
31.73 0.04
27.00 0.04
25.50 0.04
20.38 0.04
16.93 0.04
13.87 0.00
13.74 0.04
11.10 0.04
7.90 0.04
6.71 0.04
8.10 0.04
7.49 0.04
6.46 0.04
5.38 0.04
6.74 0.04
2.52 0.04
1.31 0.04
0.94 0.04
0.98 0.04
1.24 0.04
1.25 0.04
1.24 0.04
11.44 0.04
25.81 0.04
26.09 0.04
24.56 0.04
20.87 0.04
16.54 0.04
13.24 0.04
10.92 0.04
8.59 0.04
8.85 0.04
6.12 0.04
5.07 0.04
6.27 0.04
7.16 0.04
5.84 0.04
5.44 0.04
5.35 0.04
2.66 0.04
1.17 0.04
1.17 0.04
1.27 0.04
1.18 0.04
1.23 0.04
1.31 0.04
11.46 0.04
24.82 0.04
25.65 0.04
23.72 0.00
19.94 0.04
15.56 0.04
14.03 0.04
10.93 0.04
10.19 0.04
7.14 0.04
7.76 0.04
4.82 0.04
5.73 0.04
3.50 0.04
1.85 0.04
1.18 0.04
1.23 0.07
1.30 0.07
1.22 0.11
1.18 0.04
0.96 0.04
1.24 0.00
1.30 0.04
1.52 0.04
11.11 0.04
24.80 0.04
23.60 0.04
21.29 0.04
19.93 0.00
15.20 0.00
13.09 0.04
10.65 0.04
8.99 0.04
3.45 0.04
1.26 0.04
1.26 0.04
1.13 0.04
0.92 0.07
0.73 0.04
1.05 0.04
1.08 0.04
1.09 0.04
0.78 0.04
0.82 0.04
1.02 0.04
1.13 0.04
1.17 0.04
5.48 0.04
27.93 0.04
23.29 0.04
20.19 0.04
18.68 0.04
18.99 0.07
13.23 0.07
11.90 0.04
8.34 0.04
8.20 0.07
7.00 0.04
6.48 0.04
6.13 0.04
6.13 0.04
5.94 0.04
5.09 0.04
5.29 0.04
4.24 0.04
2.93 0.04
1.14 0.00
1.03 0.00
1.21 0.04
1.30 0.00
1.26 0.04
0.91 0.04
9.28 0.04
18.94 0.04
16.09 0.04
16.52 0.04
13.12 0.04
8.70 0.00
7.54 0.00
7.14 0.00
6.86 0.00
6.64 0.00
5.88 0.00
6.47 0.00
1.32 0.04
5.77 0.00
4.84 0.00
4.45 0.00
4.04 0.00
2.77 0.00
1.32 0.00
1.43 0.00
1.30 0.04
1.29 0.04
1.22 0.04
1.25 0.04
7.92 0.07
15.43 0.04
9.55 0.00
10.39 0.00
10.42 0.04
8.73 0.00
7.31 0.04
6.92 0.04
6.32 0.04
6.24 0.00
4.70 0.04
4.64 0.04
5.01 0.04
5.40 0.00
3.92 0.00
3.20 0.00
2.79 0.00
2.09 0.00
0.88 0.00
0.97 0.00
1.03 0.00
0.89 0.00
0.65 0.00
0.98 0.04
7.10 0.04
12.71 0.04
9.12 0.04
11.21 0.04
9.62 0.04
8.37 0.04
7.94 0.07
6.93 0.04
7.35 0.04
5.17 0.04
5.69 0.04
4.88 0.04
4.74 0.04
5.87 0.04
4.86 0.04
3.96 0.04
4.12 0.04
2.65 0.04
1.63 0.04
1.52 0.04
1.42 0.04
1.13 0.04
1.38 0.04
1.54 0.04
6.88 0.04
8.41 0.04
7.81 0.04
9.39 0.04
7.98 0.04
8.17 0.04
6.60 0.04
6.40 0.04
6.15 0.04
5.08 0.04
4.80 0.04
4.23 0.00
4.32 0.04
4.40 0.00
3.90 0.00
3.44 0.00
3.65 0.00
2.75 0.00
1.14 0.00
1.27 0.00
0.91 0.00
0.95 0.00
0.96 0.04
1.17 0.00
7.44 0.00
7.57 0.00
7.75 0.00
7.39 0.00
7.19 0.00
7.22 0.00
5.93 0.00
6.61 0.00
5.58 0.00
5.88 0.00
5.38 0.04
5.01 0.00
4.82 0.00
3.88 0.00
1.98 0.00
1.11 0.00
1.37 0.00
1.50 0.00
1.57 0.04
1.38 0.04
1.25 0.04
1.43 0.00
1.44 0.00
1.55 0.00
6.38 0.00
6.49 0.00
7.92 0.00
7.67 0.00
6.87 0.00
7.69 0.00
6.79 0.00
7.53 0.00
6.19 0.00
3.05 0.00
1.43 0.00
1.67 0.00
1.53 0.00
1.35 0.00
1.19 0.00
1.34 0.00
1.52 0.00
1.50 0.00
1.39 0.00
1.19 0.00
1.50 0.00
1.43 0.00
1.49 0.00
5.25 0.00
14.69 0.00
11.89 0.00
9.90 0.00
10.98 0.00
9.13 0.00
9.10 0.00
7.76 0.00
7.71 0.00
7.25 0.00
7.28 0.00
6.98 0.00
6.77 0.00
5.83 0.00
6.36 0.00
6.02 0.00
5.61 0.00
5.40 0.00
3.36 0.00
1.36 0.00
1.40 0.00
1.32 0.00
1.48 0.00
1.47 0.00
1.54 0.00
9.80 0.00
19.47 0.00
16.05 0.00
13.60 0.00
12.55 0.00
12.19 0.00
9.23 0.00
8.32 0.00
7.24 0.00
7.71 0.00
7.12 0.00
5.93 0.00
6.40 0.00
6.53 0.00
5.12 0.00
4.66 0.00
6.15 0.00
2.47 0.00
1.15 0.00
1.05 0.00
1.07 0.00
1.37 0.00
1.31 0.00
1.26 0.00
9.13 0.00
20.47 0.00
17.79 0.00
18.20 0.00
15.17 0.00
12.30 0.00
11.81 0.00
11.61 0.00
11.34 0.00
13.33 0.00
10.71 0.00
9.93 0.00
9.84 0.00
10.89 0.00
8.16 0.00
7.61 0.00
7.69 0.00
3.80 0.00
1.06 0.00
1.14 0.00
1.20 0.00
1.23 0.00
1.13 0.00
1.04 0.00
11.84 0.00
30.21 0.00
32.90 0.00
28.18 0.00
25.15 0.00
16.61 0.00
16.53 0.00
14.03 0.00
14.95 0.00
11.78 0.00
13.16 0.00
10.27 0.00
9.23 0.00
9.95 0.00
8.86 0.00
6.68 0.00
8.04 0.00
3.05 0.00
1.12 0.00
1.06 0.00
1.13 0.00
1.15 0.00
1.27 0.00
1.14 0.00
11.74 0.00
28.83 0.00
32.34 0.00
26.73 0.00
23.89 0.00
16.30 0.00
13.99 0.00
13.97 0.00
10.93 0.00
9.76 0.00
8.90 0.00
6.66 0.00
7.59 0.00
7.59 0.00
6.28 0.00
5.26 0.00
5.87 0.00
3.39 0.00
1.36 0.00
1.33 0.00
1.49 0.00
1.52 0.00
1.38 0.00
1.44 0.00
11.81 0.00
25.26 0.00
24.81 0.00
22.44 0.00
18.16 0.00
16.28 0.00
13.68 0.00
12.91 0.00
10.72 0.00
11.15 0.00
9.45 0.00
10.96 0.00
10.43 0.00
7.99 0.00
4.66 0.00
1.58 0.00
1.53 0.00
1.56 0.00
1.57 0.00
1.53 0.00
1.48 0.00
1.60 0.00
1.61 0.00
1.53 0.00
12.48 0.00
30.69 0.00
33.33 0.00
29.45 0.00
25.48 0.00
19.85 0.00
13.66 0.00
14.79 0.00
10.74 0.00
5.50 0.00
1.55 0.00
1.70 0.00
1.51 0.00
1.50 0.00
1.46 0.00
1.60 0.00
1.64 0.00
1.49 0.00
1.51 0.00
1.55 0.00
1.59 0.00
1.59 0.00
1.52 0.00
6.91 0.00
33.51 0.00
26.75 0.00
24.00 0.00
22.08 0.00
20.08 0.00
15.49 0.00
13.64 0.00
13.26 0.00
12.07 0.00
11.37 0.00
10.22 0.00
9.84 0.00
8.91 0.00
10.31 0.00
8.98 0.00
6.59 0.00
7.66 0.00
3.57 0.00
1.49 0.00
1.04 0.00
1.02 0.00
1.25 0.00
1.15 0.00
1.07 0.00
11.80 0.00
28.47 0.00
29.59 0.00
25.22 0.00
22.27 0.00
15.26 0.00
13.06 0.00
11.90 0.00
12.99 0.00
9.51 0.00
6.87 0.00
6.06 0.00
6.72 0.00
9.04 0.00
5.50 0.00
5.90 0.00
6.14 0.00
1.76 0.00
0.98 0.00
1.07 0.00
1.20 0.04
1.09 0.00
0.97 0.00
0.79 0.00
10.49 0.00
22.25 0.00
20.24 0.00
16.15 0.00
15.47 0.00
13.80 0.00
11.52 0.04
7.79 0.00
8.24 0.00
7.39 0.00
6.32 0.00
6.55 0.00
6.30 0.00
7.33 0.04
5.57 0.00
6.06 0.00
5.47 0.00
2.65 0.04
1.34 0.00
1.18 0.00
1.21 0.00
1.16 0.00
1.17 0.00
1.19 0.00
7.60 0.00
17.95 0.00
11.97 0.00
12.11 0.00
10.33 0.04
9.23 0.00
8.25 0.00
8.94 0.00
7.26 0.00
8.23 0.00
7.69 0.00
7.71 0.00
8.31 0.00
7.74 0.00
5.28 0.00
5.87 0.00
4.70 0.00
2.76 0.00
0.94 0.00
1.04 0.00
1.11 0.00
0.94 0.00
0.84 0.00
0.67 0.00
3.47 0.00
16.55 0.00
9.33 0.00
10.39 0.00
8.84 0.00
6.89 0.00
7.18 0.00
6.25 0.00
5.59 0.00
5.59 0.00
5.09 0.00
4.82 0.00
4.84 0.00
5.47 0.00
4.74 0.00
4.11 0.00
3.73 0.00
2.67 0.00
0.95 0.00
1.07 0.00
0.85 0.00
0.79 0.00
0.57 0.00
0.97 0.00
9.28 0.04
17.51 0.00
13.30 0.04
12.46 0.04
11.94 0.00
9.75 0.04
8.36 0.00
6.89 0.00
7.43 0.00
7.02 0.00
6.00 0.04
5.94 0.04
5.72 0.00
4.40 0.00
1.25 0.00
0.75 0.00
0.74 0.00
0.95 0.00
0.83 0.00
0.73 0.04
0.54 0.00
0.79 0.04
0.83 0.00
0.80 0.04
11.71 0.00
25.30 0.00
23.92 0.00
22.88 0.04
17.23 0.00
13.60 0.00
10.21 0.00
10.88 0.00
10.90 0.00
3.26 0.00
0.82 0.00
0.95 0.00
0.78 0.00
0.68 0.00
0.64 0.00
0.92 0.00
0.85 0.04
0.81 0.00
0.85 0.00
0.82 0.04
0.76 0.00
0.60 0.04
0.72 0.00
6.44 0.00
31.87 0.00
25.05 0.00
23.27 0.00
18.55 0.00
18.46 0.00
17.07 0.00
13.90 0.04
14.19 0.00
13.84 0.00
13.32 0.00
10.68 0.00
10.13 0.00
11.18 0.00
11.15 0.00
7.74 0.04
7.57 0.04
7.66 0.04
2.67 0.04
0.97 0.04
0.83 0.04
0.71 0.00
1.01 0.00
0.92 0.00
0.91 0.00
11.59 0.00
29.73 0.00
32.74 0.00
27.09 0.04
24.51 0.00
16.84 0.00
15.06 0.00
14.54 0.00
13.97 0.00
12.89 0.00
11.41 0.00
12.22 0.00
12.16 0.00
11.86 0.00
8.71 0.00
7.96 0.00
8.60 0.00
3.23 0.00
1.12 0.00
1.15 0.00
0.97 0.00
1.04 0.00
1.21 0.00
1.04 0.04
12.59 0.04
31.88 0.00
35.40 0.00
31.75 0.00
27.73 0.00
18.44 0.00
15.84 0.00
15.33 0.00
15.38 0.00
12.96 0.00
14.22 0.00
11.34 0.04
10.56 0.00
10.54 0.00
7.67 0.00
7.00 0.00
7.22 0.04
3.11 0.04
0.85 0.00
0.75 0.00
1.08 0.00
1.13 0.04
1.12 0.04
0.87 0.04
11.16 0.04
25.56 0.00
24.74 0.04
22.20 0.00
19.72 0.00
17.86 0.04
14.99 0.00
12.15 0.04
11.67 0.04
11.82 0.00
13.64 0.04
14.33 0.04
14.47 0.00
13.46 0.04
11.60 0.00
9.88 0.00
8.95 0.00
3.79 0.00
1.19 0.00
1.24 0.00
1.26 0.00
1.19 0.00
1.17 0.00
1.04 0.00
12.55 0.00
30.77 0.00
32.60 0.00
29.13 0.00
27.41 0.00
25.35 0.00
23.99 0.00
17.20 0.00
16.26 0.00
15.60 0.00
12.97 0.00
16.46 0.00
16.81 0.00
18.35 0.00
12.07 0.00
9.79 0.00
9.62 0.00
3.56 0.00
0.90 0.00
0.88 0.00
1.12 0.00
1.11 0.00
0.78 0.00
0.87 0.00
12.77 0.00
33.33 0.00
36.96 0.00
34.98 0.00
28.52 0.00
22.24 0.00
19.54 0.00
18.09 0.00
17.26 0.00
14.87 0.00
12.52 0.00
13.86 0.00
11.22 0.00
10.03 0.00
3.04 0.00
2.90 0.00
2.11 0.00
1.72 0.00
1.61 0.00
1.57 0.00
1.53 0.00
1.64 0.00
1.57 0.00
4.21 0.00
15.61 0.00
33.38 0.00
35.57 0.00
32.33 0.00
26.66 0.00
22.16 0.00
16.31 0.00
15.24 0.00
13.73 0.00
3.31 0.00
1.35 0.00
1.63 0.00
1.57 0.04
1.55 0.04
1.27 0.00
1.57 0.00
1.50 0.00
1.52 0.00
1.56 0.00
1.61 0.04
1.53 0.00
1.24 0.00
1.40 0.00
7.50 0.00
34.70 0.00
31.14 0.00
25.82 0.00
24.66 0.00
20.86 0.00
16.15 0.00
12.18 0.00
13.97 0.00
10.81 0.00
9.36 0.00
9.08 0.00
7.73 0.00
6.67 0.00
8.38 0.04
6.02 0.00
5.73 0.04
7.01 0.00
2.48 0.04
1.15 0.04
0.82 0.04
0.80 0.04
1.12 0.04
1.03 0.00
0.87 0.04
11.42 0.04
23.46 0.04
22.63 0.04
20.81 0.00
15.25 0.00
10.97 0.04
9.65 0.00
10.02 0.04
9.51 0.00
7.83 0.00
6.51 0.04
5.31 0.00
6.34 0.00
7.08 0.04
5.30 0.04
4.46 0.04
4.49 0.04
3.04 0.04
1.25 0.00
1.46 0.04
1.34 0.00
1.33 0.00
1.22 0.04
1.34 0.04
9.38 0.04
16.96 0.04
13.12 0.00
12.36 0.00
11.80 0.04
10.86 0.04
9.62 0.04
7.74 0.04
6.99 0.04
5.76 0.00
5.25 0.04
4.92 0.04
5.09 0.04
4.97 0.04
3.72 0.04
4.18 0.00
4.95 0.00
2.85 0.04
1.44 0.00
1.36 0.04
1.06 0.00
1.42 0.04
1.34 0.00
1.43 0.04
9.33 0.04
15.71 0.04
12.38 0.04
12.24 0.04
10.69 0.04
8.28 0.04
7.54 0.04
7.49 0.04
5.16 0.04
5.17 0.04
4.90 0.04
4.37 0.04
4.18 0.04
3.92 0.00
3.92 0.00
3.15 0.00
4.64 0.00
1.58 0.04
1.18 0.04
1.40 0.00
1.29 0.00
1.42 0.00
1.33 0.04
1.37 0.04
8.00 0.04
13.05 0.00
9.24 0.04
10.58 0.04
9.61 0.04
7.21 0.04
6.49 0.00
5.86 0.04
4.95 0.04
4.39 0.04
3.93 0.04
3.76 0.00
3.82 0.00
3.93 0.00
2.34 0.04
2.53 0.04
3.14 0.04
1.48 0.04
0.85 0.00
0.88 0.04
0.88 0.04
0.71 0.04
0.88 0.04
0.89 0.04
5.92 0.04
6.55 0.04
7.03 0.04
7.15 0.04
6.48 0.04
6.23 0.04
5.55 0.04
4.44 0.04
4.73 0.04
4.30 0.00
3.79 0.00
3.53 0.00
3.55 0.00
3.30 0.00
1.40 0.00
0.77 0.00
0.85 0.00
1.00 0.00
0.96 0.00
0.82 0.00
0.72 0.00
0.93 0.00
0.99 0.00
0.91 0.00
7.03 0.00
8.76 0.00
8.39 0.00
8.26 0.00
7.25 0.00
7.40 0.00
5.99 0.04
5.43 0.04
4.88 0.00
1.70 0.00
0.94 0.00
1.08 0.00
0.83 0.00
0.73 0.00
0.67 0.00
1.00 0.00
0.90 0.00
0.86 0.00
0.62 0.00
0.89 0.00
0.89 0.00
0.94 0.00
0.98 0.00
1.37 0.00
11.37 0.00
8.79 0.00
8.65 0.00
7.88 0.00
8.88 0.00
6.39 0.00
6.16 0.00
6.35 0.00
4.66 0.00
5.10 0.00
3.87 0.00
3.92 0.00
3.98 0.00
4.20 0.00
3.34 0.00
3.32 0.00
2.94 0.00
2.24 0.00
1.16 0.00
0.94 0.00
0.80 0.00
0.68 0.00
0.76 0.00
0.98 0.00
7.29 0.00
12.00 0.04
8.56 0.00
10.28 0.04
10.07 0.04
6.61 0.04
6.35 0.00
6.37 0.18
5.46 0.53
5.09 0.99
4.57 1.41
5.00 1.51
4.83 1.94
4.65 0.92
2.82 0.11
2.33 0.07
3.25 0.11
2.95 0.11
1.65 0.11
1.19 0.11
1.28 0.07
1.41 0.07
1.52 0.07
1.41 0.04
6.32 0.04
7.19 0.25
8.22 0.42
7.12 0.81
8.10 1.16
6.59 1.41
5.33 1.41
5.38 1.20
4.57 1.13
4.52 0.92
4.63 0.00
4.75 0.04
4.48 0.00
4.40 0.00
2.75 0.00
2.37 0.00
2.25 0.00
1.87 0.04
1.21 0.11
1.31 0.07
1.49 0.07
1.54 0.04
1.42 0.00
1.26 0.00
5.55 0.00
7.04 0.04
7.22 0.49
6.83 0.95
7.29 1.41
7.03 1.37
6.38 1.41
5.70 1.34
4.98 1.55
4.74 0.14
4.93 0.07
4.81 0.04
4.52 0.04
4.54 0.00
3.06 0.04
3.09 0.07
3.44 0.14
2.40 0.11
1.35 0.07
1.40 0.07
1.45 0.04
1.31 0.00
1.35 0.00
1.25 0.00
5.55 0.00
6.15 0.04
6.31 0.42
6.52 0.88
7.21 1.27
6.54 1.34
6.53 1.41
6.71 1.41
5.50 1.37
6.42 1.27
4.98 1.27
5.05 1.23
4.59 1.27
5.96 1.30
4.34 0.49
4.30 0.14
4.66 0.14
3.08 0.14
1.60 0.07
1.52 0.04
1.38 0.04
1.23 0.00
1.54 0.00
1.58 0.00
10.16 0.00
18.79 0.00
14.09 0.00
14.41 0.00
11.01 0.00
9.30 0.00
9.37 0.00
8.12 0.00
6.53 0.00
6.54 0.25
6.08 0.60
4.95 1.09
5.55 1.20
4.03 1.09
1.64 0.39
1.28 0.07
1.30 0.11
1.40 0.07
1.27 0.07
1.17 0.04
1.15 0.00
1.35 0.00
1.41 0.00
1.15 0.00
10.78 0.00
21.63 0.00
18.58 0.00
16.73 0.00
11.16 0.00
9.93 0.00
7.04 0.00
7.85 0.00
5.59 0.00
3.28 0.00
1.26 0.00
1.26 0.00
1.02 0.00
1.11 0.00
1.27 0.00
1.36 0.00
1.27 0.00
0.97 0.00
1.29 0.00
1.29 0.00
1.41 0.00
1.27 0.00
1.21 0.00
4.02 0.00
14.36 0.00
11.03 0.00
12.08 0.00
11.86 0.00
8.70 0.00
8.32 0.00
7.75 0.04
5.67 0.49
6.56 0.95
6.12 1.02
6.09 0.99
6.91 1.02
7.66 1.06
7.38 1.16
5.80 0.74
5.78 0.28
6.04 0.18
2.77 0.11
2.16 0.04
1.86 0.00
1.80 0.00
1.53 0.00
1.81 0.00
1.82 0.00
9.82 0.00
15.37 0.00
10.70 0.00
11.67 0.00
10.02 0.00
11.47 0.00
9.60 0.00
8.10 0.00
9.83 0.00
8.55 0.00
9.03 0.00
8.16 0.00
7.93 0.14
8.68 0.56
6.22 0.39
6.04 0.11
7.30 0.07
2.60 0.04
1.56 0.00
1.45 0.00
1.25 0.00
1.31 0.00
1.31 0.00
1.28 0.00
10.34 0.00
19.99 0.00
15.46 0.00
14.76 0.00
13.69 0.00
8.95 0.00
8.38 0.00
8.73 0.00
8.27 0.00
7.83 0.00
8.12 0.00
7.59 0.21
7.30 0.60
7.42 0.95
3.75 0.42
5.33 0.18
5.16 0.18
3.66 0.14
1.24 0.14
1.27 0.14
1.37 0.14
1.13 0.14
1.43 0.18
1.45 0.18
10.21 0.14
23.12 0.11
17.88 0.11
18.71 0.07
12.78 0.07
11.58 0.07
8.68 0.04
7.23 0.04
7.81 0.00
7.20 0.04
6.80 0.18
6.42 0.60
5.01 1.06
5.74 1.27
5.14 0.67
4.31 0.35
6.15 0.32
2.81 0.28
1.41 0.28
1.05 0.21
1.14 0.21
1.49 0.21
1.43 0.18
1.30 0.18
9.92 0.18
20.61 0.14
14.34 0.14
15.90 0.11
11.07 0.11
7.56 0.11
7.27 0.07
5.40 0.07
5.65 0.07
4.28 0.42
4.10 0.63
3.92 1.23
3.99 1.48
3.87 1.34
3.36 0.56
2.96 0.18
3.14 0.11
2.72 0.18
1.01 0.14
1.27 0.14
1.37 0.14
1.34 0.11
1.18 0.11
1.22 0.11
6.95 0.14
8.77 0.14
8.07 0.11
7.89 0.11
7.28 0.11
5.74 0.07
5.43 0.07
5.32 0.11
5.03 0.11
4.34 0.07
3.98 0.07
4.00 0.04
3.88 0.04
3.82 0.04
1.94 0.00
1.39 0.00
0.98 0.00
1.15 0.00
1.33 0.00
1.45 0.04
1.56 0.00
1.23 0.00
1.34 0.04
1.33 0.04
4.95 0.04
6.21 0.32
7.32 0.60
6.67 0.77
5.28 1.09
5.39 0.21
4.17 0.11
4.37 0.04
4.10 0.00
2.02 0.00
1.03 0.00
1.25 0.00
1.32 0.00
1.44 0.00
1.27 0.00
1.13 0.00
1.00 0.00
1.47 0.00
1.54 0.00
1.40 0.00
1.10 0.00
1.16 0.04
1.34 0.04
1.87 0.18
6.87 0.81
6.79 0.92
6.92 1.16
6.74 1.23
5.36 0.85
4.77 0.11
4.18 0.04
4.02 0.00
3.96 0.00
3.90 0.00
3.95 0.00
4.13 0.00
4.04 0.00
4.00 0.00
2.51 0.00
1.97 0.00
1.95 0.00
1.79 0.00
1.46 0.00
1.31 0.04
1.07 0.04
1.33 0.04
1.40 0.04
1.46 0.04
3.35 0.04
5.92 0.49
5.95 0.11
6.35 0.21
4.77 0.11
4.37 0.04
4.45 0.00
4.90 0.00
4.98 0.00
5.38 0.00
4.96 0.00
5.26 0.00
4.94 0.00
4.48 0.04
2.77 0.04
2.11 0.04
2.21 0.04
2.15 0.04
1.77 0.07
1.49 0.07
1.61 0.07
1.68 0.07
1.77 0.07
1.66 0.07
2.83 0.07
4.74 0.04
5.45 0.00
5.98 0.00
5.59 0.14
4.54 11.20
4.16 9.30
4.74 9.01
4.89 12.92
4.94 15.42
5.28 16.65
5.23 18.17
5.22 15.77
6.34 10.99
4.17 3.63
3.74 0.95
3.56 0.88
2.05 0.70
1.15 0.63
1.04 0.56
1.44 0.56
1.27 0.49
1.24 0.39
0.97 0.32
2.46 0.25
5.43 0.18
6.21 0.18
6.18 0.18
5.12 0.14
5.38 0.14
5.12 2.36
4.88 2.96
4.90 6.27
4.60 8.38
4.82 7.50
5.27 4.68
5.14 3.42
5.35 2.32
2.58 0.74
3.51 0.21
2.85 0.14
2.20 0.14
1.17 0.07
1.39 0.04
1.26 0.04
1.22 0.00
0.98 0.00
0.98 0.00
7.40 0.00
11.04 0.00
11.84 0.00
10.13 0.00
9.55 0.00
7.30 0.00
5.36 0.00
5.39 0.11
4.78 1.97
4.50 3.35
4.40 5.85
4.58 10.77
4.30 11.13
4.33 10.07
2.63 1.76
2.36 0.70
2.96 0.60
2.53 0.49
1.23 0.42
1.28 0.39
1.06 0.32
1.09 0.32
1.26 0.32
1.25 0.28
6.68 0.25
10.23 0.25
9.49 0.18
10.21 0.18
8.17 0.18
6.69 0.14
5.21 0.11
4.34 0.07
4.18 2.61
3.91 4.82
3.79 10.00
3.97 11.62
3.90 11.41
3.54 11.55
1.61 1.90
1.06 0.74
1.22 0.60
1.27 0.49
1.17 0.49
1.03 0.42
1.21 0.35
1.19 0.35
1.33 0.28
1.14 0.25
6.06 0.21
6.39 0.21
9.97 0.18
8.72 0.18
7.85 0.14
5.09 0.14
4.33 0.25
3.93 1.83
3.70 4.72
1.97 1.30
1.18 0.35
1.20 0.28
0.97 0.21
1.01 0.18
1.08 0.28
1.23 0.35
1.23 0.39
1.13 0.39
1.17 0.28
1.15 0.25
1.25 0.28
1.20 0.21
1.21 0.21
1.65 0.18
8.45 0.14
7.79 0.18
6.50 0.07
7.28 0.07
5.92 0.07
5.26 0.04
4.40 0.28
4.80 6.30
4.29 7.15
4.34 11.34
4.15 12.78
4.05 16.41
4.02 18.20
4.07 17.64
2.60 5.18
1.96 0.49
1.62 0.42
1.39 0.42
1.23 0.39
1.23 0.39
1.25 0.39
1.14 0.35
1.20 0.32
1.17 0.25
3.59 0.25
5.60 0.21
6.65 0.18
5.91 0.18
5.32 0.14
4.49 0.18
4.57 2.75
4.65 7.18
4.28 8.49
4.87 13.56
4.29 13.49
4.53 14.05
4.40 14.75
4.27 11.13
2.42 2.82
1.79 0.49
1.76 0.39
1.67 0.39
1.36 0.28
1.22 0.21
1.16 0.25
1.19 0.21
1.20 0.21
1.14 0.21
2.34 0.25
4.24 0.21
5.01 0.14
5.25 0.32
3.96 0.35
3.93 0.35
4.20 2.71
4.21 7.82
4.44 7.18
4.22 10.04
4.15 11.94
4.16 9.51
4.19 8.59
4.12 5.39
2.34 1.90
1.83 0.28
1.83 0.21
1.69 0.18
1.26 0.11
1.23 0.07
1.13 0.04
1.27 0.04
1.19 0.00
1.23 0.00
3.41 0.00
6.34 0.00
5.97 0.00
6.21 0.00
5.22 0.00
4.21 0.04
3.97 2.15
4.09 3.56
4.43 9.33
4.30 11.48
4.46 14.05
4.94 16.27
4.42 18.73
4.38 15.74
2.58 3.91
1.99 0.60
1.84 0.56
1.67 0.56
1.43 0.42
1.10 0.25
0.64 0.07
1.21 0.07
1.29 0.04
1.48 0.00
3.30 0.00
5.82 0.00
7.33 0.00
6.53 0.00
5.17 0.00
4.54 0.04
4.05 1.27
3.98 3.70
4.00 5.39
4.00 9.37
3.95 9.72
4.05 13.49
4.11 14.37
4.18 12.04
2.41 3.27
1.81 0.42
1.81 0.35
1.66 0.35
1.34 0.28
1.16 0.28
0.98 0.25
1.18 0.21
1.31 0.25
1.34 0.18
5.10 0.14
6.34 0.18
7.69 0.14
7.89 0.14
5.57 0.14
4.51 0.11
4.09 0.46
4.01 2.61
3.89 4.89
3.98 8.24
4.06 11.23
4.21 14.79
4.07 15.56
3.66 15.39
1.69 3.49
1.25 0.49
1.27 0.46
1.21 0.39
1.22 0.39
1.21 0.35
1.26 0.39
1.01 0.42
1.50 0.32
1.27 0.28
4.99 0.25
6.57 0.18
7.18 0.18
7.74 0.18
7.04 0.18
4.14 0.14
3.98 0.60
3.97 2.75
3.95 6.87
2.25 2.32
1.29 0.39
1.25 0.25
1.22 0.11
1.26 0.25
1.22 0.21
1.07 0.21
1.32 0.21
1.30 0.21
1.35 0.39
1.13 0.74
1.37 0.81
1.16 0.85
1.36 0.77
1.84 0.63
6.01 0.49
6.43 0.35
6.60 0.25
6.34 0.21
5.30 0.14
4.43 0.21
4.40 5.35
4.67 5.85
4.28 7.36
4.42 12.18
4.48 14.12
4.59 15.14
4.26 16.27
4.15 15.11
2.59 5.53
1.94 0.56
1.92 0.49
1.42 0.49
1.38 0.46
0.77 0.46
1.05 0.42
1.10 0.39
1.20 0.32
0.91 0.25
3.09 0.25
5.57 0.18
5.58 0.18
5.66 0.18
4.90 0.14
4.01 0.35
3.98 2.85
4.58 9.79
4.51 8.98
4.86 12.57
4.74 15.11
4.34 16.48
4.30 17.92
4.11 12.25
2.52 4.58
1.96 0.35
1.94 0.32
1.36 0.35
0.98 0.35
0.96 0.49
1.02 0.49
0.95 0.35
1.06 0.28
0.98 0.25
2.42 0.18
3.98 0.14
4.47 0.18
5.10 0.14
4.38 0.35
3.94 1.30
4.00 4.68
4.19 5.46
4.08 9.08
4.27 10.46
4.34 13.31
4.43 15.99
4.44 15.81
4.29 13.70
2.66 2.99
1.97 0.60
1.91 0.56
1.38 0.63
1.01 0.63
0.98 0.56
1.06 0.39
0.97 0.28
1.04 0.18
0.95 0.11
3.64 0.11
5.73 0.04
5.94 0.00
6.07 0.00
5.24 0.00
4.20 0.04
4.09 0.60
4.36 6.06
4.72 6.90
4.89 10.53
4.56 11.34
4.38 10.95
4.18 15.25
3.98 14.47
2.37 3.59
1.77 0.39
1.72 0.35
1.50 0.32
1.06 0.28
0.92 0.21
1.02 0.14
1.05 0.11
1.07 0.07
0.88 0.04
3.35 0.04
5.72 0.04
6.90 0.04
5.60 0.04
4.58 0.04
4.01 0.25
4.16 2.96
4.21 6.09
4.84 8.84
5.26 9.47
5.06 12.46
4.97 14.61
4.02 17.01
4.12 15.07
2.31 3.80
1.76 0.25
1.71 0.28
1.50 0.25
1.17 0.18
1.22 0.14
1.27 0.07
1.24 0.00
1.23 0.00
1.19 0.00
1.55 0.00
4.32 0.00
4.45 0.04
4.16 0.25
5.21 0.28
5.04 2.22
4.79 2.68
4.85 8.10
4.83 8.10
3.77 9.15
3.55 11.30
3.71 13.87
3.70 14.89
3.56 13.13
1.61 4.01
1.06 0.32
1.01 0.32
1.03 0.46
0.95 0.60
1.05 0.60
1.21 0.46
1.08 0.32
1.03 0.14
0.82 0.14
2.58 0.11
4.51 0.11
5.11 0.11
4.71 0.18
4.47 0.18
3.64 1.87
3.77 2.78
3.80 8.45
3.71 8.70
1.64 4.58
0.84 0.42
1.18 0.35
1.03 0.28
1.04 0.14
0.92 0.11
1.06 0.04
1.02 0.07
1.04 0.07
1.03 0.18
1.08 0.56
1.19 0.99
1.13 1.37
1.12 1.58
1.40 7.32
3.72 5.21
3.79 1.83
4.49 1.37
4.29 1.80
3.81 3.59
4.06 5.67
4.73 7.85
4.48 12.71
4.36 14.82
4.26 17.25
4.95 20.21
5.14 22.46
4.79 25.88
5.63 20.88
4.14 10.21
4.90 14.54
3.89 10.35
3.92 8.03
3.82 4.79
3.82 5.77
3.69 3.38
3.65 3.17
3.60 1.58
3.66 2.18
3.81 1.37
3.74 1.27
3.78 1.27
3.58 1.16
4.26 2.04
4.32 6.27
4.50 8.77
4.36 12.36
4.74 15.49
4.89 19.72
4.27 17.50
4.67 19.58
4.43 21.48
4.13 20.07
2.41 3.80
1.90 0.81
1.76 0.81
1.65 0.81
1.00 0.70
0.98 0.74
0.95 0.81
0.87 1.02
0.93 0.95
1.01 1.16
1.64 1.09
3.50 2.54
4.61 0.95
5.18 0.99
4.19 0.88
4.40 2.46
4.93 3.52
4.90 5.25
4.81 6.69
4.86 7.61
4.64 9.26
4.66 12.92
4.53 12.92
4.54 10.81
2.83 2.78
2.35 0.56
2.29 0.49
1.66 0.74
1.41 0.77
1.48 0.70
1.37 0.74
1.16 0.56
1.38 0.56
1.41 0.46
4.39 0.39
5.68 0.35
7.32 0.28
7.79 0.21
5.72 0.18
4.92 0.49
4.93 0.56
4.71 2.82
4.68 6.37
5.19 8.42
5.27 9.58
5.21 10.07
4.99 10.70
4.97 8.42
2.83 2.39
2.20 0.49
2.17 0.39
1.95 0.35
1.39 0.25
1.40 0.14
1.50 0.11
1.68 0.00
1.60 0.00
1.53 0.00
3.01 0.00
4.33 0.00
4.88 0.00
5.23 0.00
4.70 0.00
4.37 0.00
4.21 1.09
4.04 5.14
4.10 5.95
4.45 8.20
4.72 11.13
4.41 12.71
4.15 12.01
3.86 7.82
2.46 3.31
1.80 0.53
1.83 0.42
1.59 0.35
1.30 0.25
1.22 0.14
1.45 0.04
1.48 0.00
1.34 0.00
1.56 0.00
4.73 0.00
6.33 0.00
7.94 0.00
7.30 0.00
5.09 0.00
4.22 0.28
3.87 0.53
3.94 2.50
3.89 6.27
3.93 7.64
3.90 10.81
3.75 13.35
4.05 14.86
3.53 14.79
1.95 3.91
1.34 0.32
1.08 0.25
1.16 0.18
1.41 0.14
1.42 0.11
1.30 0.04
1.40 0.04
1.34 0.00
1.32 0.00
3.66 0.00
6.19 0.00
6.69 0.00
5.53 0.00
4.75 0.00
3.85 0.32
3.92 2.46
3.91 3.98
3.89 9.26
1.82 3.66
1.27 0.39
1.22 0.53
1.18 0.49
1.27 0.42
1.34 0.28
1.28 0.28
1.14 0.39
1.33 1.06
1.36 1.51
1.45 1.44
1.36 1.37
1.15 1.51
1.14 1.41
1.82 6.55
3.84 3.27
4.75 1.37
4.66 0.99
5.36 0.81
3.81 2.01
3.79 4.58
4.39 7.92
4.57 10.60
4.54 14.12
4.23 14.12
4.48 15.60
4.28 20.56
4.44 20.85
5.46 17.89
3.56 6.13
2.96 0.46
1.90 0.32
1.61 0.32
1.42 0.39
1.50 0.32
1.33 0.18
1.28 0.21
1.02 0.25
1.52 0.25
1.82 0.28
3.54 0.21
4.37 0.28
4.25 0.28
4.22 1.76
4.49 4.51
4.53 7.18
4.59 10.88
4.77 10.11
5.08 12.32
4.75 12.11
4.62 8.94
4.79 6.51
4.54 3.87
2.46 0.35
1.83 0.14
1.90 0.18
1.67 0.18
1.32 0.14
1.30 0.14
1.26 0.14
1.18 0.14
1.19 0.07
1.37 0.07
3.65 0.07
5.81 0.11
6.60 0.07
6.22 0.11
5.43 0.11
5.64 0.28
4.84 1.76
4.68 3.13
4.96 6.23
4.78 7.78
4.51 10.85
4.73 13.42
4.57 13.59
4.68 13.84
2.74 3.42
2.13 0.21
1.98 0.21
1.54 0.32
1.40 0.35
1.26 0.39
1.40 0.35
1.45 0.39
1.39 0.28
1.49 0.21
3.39 0.21
5.43 0.18
6.12 0.14
5.46 0.14
4.67 0.21
4.60 1.90
4.56 5.39
4.45 9.37
4.74 12.11
4.73 13.56
4.63 16.48
4.56 19.79
4.63 22.32
4.27 21.65
2.62 6.44
2.12 1.06
2.29 0.63
1.91 0.81
1.26 0.95
1.05 0.95
1.31 1.09
1.40 1.34
1.35 1.55
1.23 1.13
1.49 1.23
3.31 1.34
4.40 1.23
3.84 1.23
3.95 3.10
4.02 7.64
3.91 8.17
3.92 13.42
3.94 15.95
4.88 17.99
4.41 20.25
4.04 24.96
3.92 25.70
3.89 24.44
2.33 7.85
1.69 0.49
1.81 0.74
1.52 0.70
1.35 0.63
1.16 0.46
1.38 0.49
1.48 0.56
1.39 0.81
1.24 0.77
1.48 0.88
3.38 9.19
3.92 2.43
3.91 4.05
3.77 5.04
3.88 8.73
3.76 10.99
3.76 13.66
3.81 14.61
3.91 17.04
3.84 18.10
3.70 21.02
3.75 22.99
3.52 23.10
2.07 8.03
1.32 1.97
1.24 1.80
1.24 0.60
1.35 0.53
1.35 0.53
1.38 0.49
1.42 0.53
1.36 0.49
1.34 0.42
1.49 0.63
3.41 7.78
3.94 1.87
3.94 2.15
3.73 4.30
3.80 7.01
3.83 7.92
3.92 10.92
3.85 12.85
1.94 5.18
1.30 0.74
1.27 0.70
1.26 0.53
1.26 0.46
1.43 0.39
1.33 0.60
1.30 0.77
1.08 0.77
1.38 1.13
1.40 1.51
1.48 1.44
1.28 1.34
1.22 1.27
1.73 6.90
4.14 7.75
3.97 3.17
3.92 3.73
4.27 2.11
3.92 3.10
4.26 7.39
5.06 10.18
5.02 12.68
5.54 14.75
5.20 16.06
4.81 16.09
5.12 18.84
5.11 22.99
5.48 20.60
3.88 6.83
2.66 0.88
1.87 0.42
1.53 0.39
1.48 0.42
1.33 0.49
1.34 0.60
1.16 0.56
1.02 0.53
1.18 0.63
1.79 0.67
3.44 1.80
3.86 0.77
4.57 0.77
4.07 2.22
4.57 8.10
4.92 8.10
4.80 12.08
5.72 14.58
5.80 14.26
5.83 11.65
6.16 11.58
5.64 12.01
4.90 9.96
3.30 2.96
2.34 0.49
2.33 0.53
2.10 0.46
1.45 0.42
1.43 0.49
1.40 0.49
1.48 0.56
1.37 0.53
1.44 0.53
1.91 0.60
3.62 0.49
4.85 0.56
3.98 0.35
4.29 2.22
4.82 4.93
4.73 8.42
4.62 10.11
4.57 13.38
4.46 16.20
4.79 18.06
4.58 20.46
4.39 24.47
4.21 24.58
2.60 7.64
1.89 2.04
1.96 2.96
1.62 2.32
1.57 0.39
1.48 0.39
1.30 0.42
1.54 0.39
1.60 0.39
1.71 0.49
1.87 0.67
3.51 5.77
3.93 1.23
4.06 1.23
4.37 5.28
4.43 6.94
4.52 10.77
4.25 13.73
4.30 16.94
4.29 19.15
4.47 20.74
4.67 24.65
4.66 24.68
4.48 24.86
3.11 8.63
2.57 2.36
2.21 2.68
1.93 2.11
1.43 0.42
0.99 0.18
1.00 0.32
1.28 0.35
1.36 0.28
1.33 0.25
1.66 0.14
3.29 10.60
3.83 3.73
4.00 3.13
4.11 6.34
4.02 9.15
4.05 11.83
3.97 14.40
3.98 17.96
4.17 20.46
4.18 26.27
4.06 26.80
3.91 29.30
3.76 28.45
2.40 9.47
1.95 2.36
1.90 2.61
1.55 2.22
1.42 1.76
1.42 0.35
1.35 0.49
1.68 0.42
1.60 0.49
3.86 0.88
1.82 0.85
3.50 15.28
3.99 5.00
4.14 4.61
4.19 6.94
5.10 8.94
5.04 12.78
4.90 15.70
4.73 17.01
4.55 19.86
4.04 21.83
3.82 26.09
1.71 9.72
1.00 2.25
1.37 2.18
1.37 2.04
1.30 0.85
1.40 0.46
1.11 0.70
1.19 1.09
1.17 1.34
1.48 1.62
1.38 2.08
1.44 3.63
1.74 3.70
3.51 17.29
3.97 6.44
4.04 5.11
4.05 5.74
3.94 8.03
3.86 11.76
3.79 14.33
3.95 16.73
2.03 5.28
1.32 0.56
1.21 0.60
1.16 0.53
0.96 0.32
1.24 0.32
1.35 0.35
1.33 0.74
1.29 1.80
1.23 1.34
1.18 0.95
1.32 0.88
1.45 1.48
1.36 1.16
1.89 7.39
3.87 20.99
3.97 15.18
3.95 9.01
4.19 9.58
4.08 9.65
4.44 10.46
5.14 10.00
4.97 10.53
5.04 10.81
4.96 10.11
5.15 9.79
4.90 11.48
4.93 16.83
5.27 12.50
4.04 5.35
3.08 0.07
2.01 0.14
1.65 0.28
1.25 0.53
1.53 0.63
1.33 0.60
1.27 0.67
1.28 0.46
1.08 0.49
1.56 0.56
3.37 2.54
4.00 0.60
4.06 0.67
4.16 3.91
4.75 6.16
4.58 7.75
4.66 9.12
4.89 11.76
4.72 12.32
4.50 15.85
4.75 17.64
4.44 18.56
4.23 18.63
2.50 5.53
1.75 0.49
1.90 0.42
1.47 0.46
1.13 0.60
1.14 0.88
1.08 0.95
0.94 1.02
0.83 1.13
0.80 1.62
1.51 1.41
3.24 4.30
3.68 0.88
3.63 0.81
4.04 4.54
4.72 5.95
4.65 8.80
4.89 10.14
5.13 14.01
4.96 14.54
4.87 17.22
4.37 18.70
4.15 19.01
4.14 19.54
2.15 4.93
1.55 0.56
1.61 0.49
1.42 0.60
1.36 0.77
1.26 0.92
1.12 1.48
1.25 1.34
1.23 1.20
1.22 0.99
1.72 0.85
3.32 0.77
3.88 0.67
3.71 0.70
4.39 3.13
4.56 7.99
4.69 9.30
4.49 11.27
4.64 14.12
5.08 14.79
4.83 14.12
4.21 15.74
4.33 16.58
4.71 13.56
2.82 4.01
2.07 1.06
1.65 1.13
1.25 1.13
1.35 1.80
1.03 1.02
1.04 0.67
1.22 0.53
1.32 0.53
1.23 0.32
1.66 0.35
3.24 0.39
3.80 0.32
3.79 0.39
3.93 1.83
3.89 3.63
3.82 7.64
3.70 12.18
3.71 13.52
3.86 15.95
3.84 17.29
3.84 20.63
3.80 24.40
3.83 24.23
2.25 7.92
1.75 2.04
1.82 2.22
1.44 2.11
1.21 1.27
0.93 0.35
1.15 0.49
1.23 0.63
1.33 0.63
1.18 1.30
1.55 0.92
3.19 3.84
3.82 1.02
3.76 1.94
3.79 2.25
3.89 6.09
3.70 9.19
3.69 12.43
3.65 16.16
3.82 16.94
3.80 19.47
3.64 21.13
1.69 8.17
1.24 1.06
1.14 0.88
1.12 0.60
1.28 0.46
1.25 0.53
1.20 0.92
0.93 1.30
1.05 0.21
1.28 0.25
1.28 0.49
1.29 0.53
1.40 1.27
3.23 13.66
3.77 3.42
3.84 2.04
3.85 5.81
3.86 8.80
3.71 12.75
3.71 14.44
3.65 16.41
1.97 4.75
1.27 0.53
1.10 0.67
1.01 0.88
1.05 1.51
1.22 0.25
1.25 0.14
1.27 0.14
1.18 0.63
1.23 2.85
1.16 2.36
1.09 0.35
1.24 0.32
1.29 0.39
1.76 6.83
3.65 12.15
3.75 4.19
3.90 3.91
3.92 4.47
4.12 5.04
4.19 6.97
4.34 7.99
4.31 11.44
4.49 11.23
4.45 12.11
4.53 13.87
4.57 17.25
4.35 18.03
4.23 13.77
2.81 6.02
2.08 0.04
2.05 0.14
1.32 0.28
1.70 0.42
1.34 0.56
1.39 0.74
1.61 1.58
1.29 0.18
1.26 0.04
1.69 0.04
3.39 1.06
4.02 0.11
4.07 0.18
4.14 1.02
4.26 0.11
4.30 1.44
4.73 3.10
4.82 7.43
4.78 10.53
4.19 11.73
4.58 12.61
4.38 13.73
4.28 15.49
2.67 4.15
2.17 0.07
2.19 0.04
1.81 0.11
1.24 0.14
1.59 0.14
1.33 0.21
1.34 0.00
1.21 0.00
1.00 0.00
1.64 0.00
3.43 0.00
3.97 0.00
3.92 0.00
4.24 0.04
4.68 0.81
4.79 5.99
4.68 7.43
4.76 11.06
4.70 13.52
4.56 14.93
4.60 17.68
4.29 19.54
4.24 12.32
2.59 3.06
1.73 0.56
1.78 0.74
1.47 1.65
1.56 2.08
1.27 0.74
1.28 0.04
1.17 0.04
1.25 0.04
1.24 0.00
1.63 0.00
3.38 0.00
4.47 0.00
4.62 0.04
4.14 0.67
4.75 5.49
5.09 6.30
5.20 11.94
4.58 14.08
4.65 14.79
4.50 17.18
4.48 16.30
4.00 13.87
3.92 13.94
2.46 3.17
1.77 0.32
1.76 0.39
1.48 0.42
1.43 0.35
1.26 0.99
1.18 0.95
1.00 0.04
1.08 0.00
1.28 0.00
1.69 0.00
3.40 2.92
3.81 0.74
3.93 1.87
3.90 2.71
3.95 4.26
3.95 9.12
4.09 10.81
3.90 11.41
3.81 13.45
3.82 14.58
3.97 15.60
4.05 18.49
3.94 13.77
2.28 3.80
1.73 0.21
1.83 0.25
1.85 0.35
1.45 0.42
1.30 0.39
1.30 1.09
1.31 2.50
1.14 1.90
1.35 0.46
1.79 0.25
3.47 0.25
3.90 0.85
3.91 1.02
3.97 1.48
4.12 5.04
4.00 7.22
3.94 10.14
3.90 11.65
3.92 13.80
3.97 15.25
3.84 17.46
1.99 5.11
1.26 0.21
1.24 0.18
1.02 0.28
1.36 0.56
1.36 1.02
1.39 2.89
1.23 1.73
1.06 0.04
1.26 0.04
1.39 0.04
1.41 0.07
1.72 0.07
3.40 9.26
4.06 2.01
4.00 6.51
3.95 4.44
4.02 5.11
4.03 6.80
3.97 7.99
3.83 13.35
1.80 4.44
1.36 1.65
1.31 2.22
1.41 0.77
1.12 0.11
1.24 0.00
1.31 0.00
1.41 0.00
1.31 0.00
1.48 0.04
1.33 0.07
1.28 0.18
1.21 0.14
1.44 0.07
1.83 5.42
3.87 4.86
3.90 4.44
3.81 4.01
4.06 2.57
4.30 5.42
4.36 10.18
4.31 10.99
4.56 12.32
4.73 18.56
4.68 16.80
4.62 18.45
4.46 21.41
4.26 22.18
4.11 21.34
2.57 7.82
1.94 0.32
2.06 0.14
1.81 0.04
1.53 0.07
1.19 0.25
1.41 2.82
1.47 1.13
1.51 0.00
1.73 0.00
1.92 0.00
6.52 8.77
4.04 2.04
3.97 5.42
4.13 8.87
4.25 12.36
4.66 14.47
4.57 15.04
4.51 16.65
4.73 19.54
4.97 23.38
4.65 23.38
4.82 25.21
5.45 24.72
3.55 7.39
2.88 0.70
1.79 0.46
1.68 0.25
1.37 0.14
1.28 0.25
1.31 1.06
1.34 2.46
1.57 0.25
1.14 0.04
1.46 0.04
3.15 15.99
3.90 5.25
3.95 5.18
4.09 9.79
4.45 12.68
4.50 15.67
4.78 18.31
4.87 20.42
4.59 21.90
4.94 22.68
4.76 24.33
4.19 25.04
3.96 23.63
2.42 6.69
1.80 0.77
1.84 0.56
1.45 0.32
0.97 0.14
1.15 0.42
1.32 0.99
1.19 2.32
1.08 0.35
0.91 0.04
1.62 0.04
3.39 14.12
3.88 4.68
3.85 6.34
4.39 10.81
4.83 13.66
4.90 16.23
4.72 17.01
4.50 14.96
4.57 15.07
4.19 18.13
4.14 21.20
4.03 21.73
4.01 20.92
2.34 4.72
1.78 0.32
1.77 0.42
1.55 0.60
1.08 0.70
1.14 3.17
1.21 3.17
1.12 2.61
1.14 0.07
0.89 0.00
1.50 0.04
3.30 5.11
3.89 3.31
3.70 5.18
3.68 3.45
4.05 4.26
3.92 6.55
3.92 7.68
3.98 15.18
3.98 15.88
3.83 17.99
3.77 17.36
3.76 16.37
3.88 12.08
2.22 3.10
1.56 0.39
1.56 0.53
1.37 0.70
1.23 0.88
1.13 1.13
1.13 2.18
1.01 3.06
1.15 2.22
1.05 2.01
1.43 0.39
4.36 0.32
4.39 0.39
3.99 0.35
3.79 0.74
5.12 2.89
5.69 5.70
5.59 9.37
5.20 11.80
4.82 15.95
3.74 17.75
3.69 16.23
1.68 5.49
1.09 0.04
1.20 0.04
1.03 0.07
0.94 0.14
1.04 0.53
1.24 1.76
1.20 1.06
1.10 0.04
0.81 0.00
1.10 0.00
1.17 0.00
1.56 0.00
3.21 5.07
3.72 1.06
3.81 1.87
3.70 3.66
3.77 5.21
3.76 6.58
3.94 7.32
3.96 9.65
1.68 6.02
0.90 2.82
1.15 2.57
1.14 2.25
1.06 2.75
0.89 2.04
0.97 0.11
1.09 0.00
1.08 0.00
1.16 0.00
1.09 0.00
1.10 0.00
1.03 0.00
1.00 0.00
1.64 2.36
3.75 1.90
3.76 0.77
3.67 0.92
3.93 0.88
3.83 1.02
4.30 2.71
4.39 3.35
4.47 6.16
4.39 7.92
4.29 10.77
4.28 10.63
4.27 13.10
4.54 7.92
5.37 6.30
3.67 1.80
2.42 0.53
1.88 0.42
1.73 0.32
1.45 0.25
0.85 0.18
1.07 0.07
1.06 0.00
1.33 0.00
1.14 0.00
2.94 0.00
5.54 0.00
6.10 0.00
4.85 0.00
4.01 0.00
4.32 0.11
4.75 2.50
4.42 5.35
4.28 11.58
4.18 14.05
4.15 14.58
4.27 13.31
4.12 14.12
3.90 12.68
2.25 3.42
1.58 0.07
1.72 0.11
1.55 0.18
1.23 0.32
0.94 0.42
1.02 1.09
1.05 0.81
1.25 0.46
1.19 0.11
1.51 0.00
3.30 0.00
4.56 0.00
4.48 0.00
4.06 0.00
4.41 0.11
4.44 3.38
4.55 4.08
4.17 8.52
4.42 8.56
4.48 10.25
4.13 9.23
4.04 6.90
3.77 4.40
2.27 1.02
1.72 0.46
1.72 0.42
1.18 0.28
1.15 0.28
1.12 0.28
0.92 0.25
1.05 0.25
1.13 0.21
1.31 0.21
3.04 0.18
4.82 0.21
5.90 0.21
5.07 0.18
4.54 0.18
4.75 0.53
4.51 0.95
4.45 4.44
4.38 7.18
4.23 10.53
4.57 11.09
4.55 10.95
4.45 13.91
3.84 14.01
2.17 3.35
1.71 0.21
1.78 0.32
1.76 0.46
0.92 0.74
1.13 1.23
1.11 0.42
1.24 0.11
1.11 0.04
1.22 0.00
2.63 0.00
5.24 0.00
5.42 0.00
4.16 0.00
3.93 0.04
3.82 0.32
3.78 3.03
3.74 10.74
3.83 8.63
3.83 14.40
3.86 16.51
3.84 16.51
3.81 18.52
3.76 19.26
2.17 5.67
1.72 0.25
1.74 0.07
1.46 0.07
0.60 0.11
0.81 0.25
0.87 0.99
0.94 0.74
0.90 0.11
0.97 0.04
1.31 0.00
2.93 0.00
3.84 0.00
3.53 0.00
3.65 0.04
3.55 4.68
3.52 9.75
3.44 13.10
3.59 14.68
3.65 14.75
3.61 16.73
3.63 19.33
1.41 5.53
0.89 0.07
0.82 0.07
0.91 0.07
0.89 0.28
0.93 2.25
0.79 3.03
0.67 1.16
0.86 0.07
1.12 0.11
0.99 0.11
0.76 0.07
1.24 0.11
2.98 9.51
3.65 1.37
3.62 5.11
3.58 8.59
3.50 9.82
3.59 12.01
3.49 15.39
3.54 12.78
1.63 3.98
0.91 3.38
0.93 3.35
0.57 2.99
0.77 2.32
0.90 0.63
1.05 0.11
0.87 0.00
0.80 0.11
0.73 0.04
0.92 0.11
1.35 0.18
1.48 0.07
1.50 0.07
1.58 0.11
1.47 0.07
0.77 0.04
0.92 0.07
0.93 0.07
1.00 0.07
0.70 0.04
0.70 0.04
0.79 0.07
1.01 0.07
0.98 0.07
0.93 0.04
0.61 0.04
0.93 0.04
0.96 0.04
0.93 0.04
0.91 0.04
1.35 0.00
1.49 0.00
1.42 0.00
1.48 0.04
1.12 0.04
1.00 0.04
0.93 0.00
0.81 0.04
1.13 0.04
3.12 8.38
4.36 0.56
3.76 1.97
3.79 5.99
4.15 10.85
4.43 10.46
4.37 12.11
4.35 15.14
4.62 15.14
4.71 16.55
4.45 17.64
4.12 18.52
5.08 18.10
5.09 16.16
4.52 8.94
2.09 2.04
1.22 2.50
0.95 0.67
0.89 0.32
0.90 0.18
0.91 0.11
0.89 0.04
0.91 0.00
1.16 0.00
2.98 0.00
3.58 0.00
3.65 0.07
3.86 1.97
4.20 6.62
4.33 9.15
4.15 14.54
4.19 15.21
4.59 17.82
4.38 17.96
4.23 19.58
4.13 21.06
4.06 21.58
2.56 6.09
2.00 0.53
1.87 0.39
1.79 0.14
1.15 0.04
1.63 0.35
1.44 1.37
1.43 0.77
1.10 0.35
1.37 0.07
1.73 0.04
3.46 7.43
3.97 2.39
3.91 6.55
4.51 12.43
4.62 13.87
4.92 15.28
4.69 18.80
4.63 17.57
4.74 19.23
4.68 22.25
4.91 21.65
4.58 24.37
4.03 23.84
2.42 7.29
1.75 0.67
1.83 0.60
1.76 0.32
1.26 0.07
1.39 0.18
1.35 2.82
1.33 3.56
1.17 0.21
1.14 0.00
1.84 0.04
3.62 13.80
4.09 4.05
3.97 5.53
4.03 9.30
4.04 12.54
4.33 15.49
4.14 20.04
4.14 20.11
4.03 20.14
4.05 21.80
3.90 22.78
4.14 24.58
4.13 24.75
2.53 7.22
1.85 0.42
1.79 0.18
1.63 0.07
0.96 0.07
1.02 0.42
0.85 3.13
0.92 2.50
0.85 0.28
0.97 0.11
1.32 0.25
3.17 14.26
3.65 4.44
3.56 7.04
3.55 12.15
5.49 14.05
3.72 12.75
3.63 15.32
3.58 17.61
3.48 18.66
3.61 20.74
3.41 22.54
1.49 7.25
0.97 0.46
0.94 0.25
0.92 0.14
0.62 0.18
0.86 2.50
0.99 1.80
0.99 0.21
0.90 0.18
0.76 0.11
0.76 0.25
1.01 0.25
1.38 0.11
3.17 15.77
3.61 15.39
3.62 12.85
3.61 11.23
3.57 13.13
3.64 16.80
3.65 20.67
3.67 21.97
1.50 7.82
0.75 2.39
0.83 3.24
0.97 1.06
1.11 0.39
3.34 4.72
0.65 0.18
0.75 0.28
0.95 0.46
0.93 0.35
0.98 0.21
0.81 0.14
0.81 0.11
0.90 0.32
1.51 6.87
3.57 19.54
3.66 16.87
3.60 9.05
3.67 8.63
3.59 10.53
4.05 13.94
4.34 15.11
4.53 20.28
4.02 22.89
4.20 21.55
4.28 23.35
4.35 24.40
4.44 24.40
5.16 24.58
3.65 9.08
3.43 10.07
3.60 20.99
3.35 15.70
3.20 12.43
3.86 11.44
3.28 14.05
3.10 8.17
3.04 5.70
3.28 4.23
3.54 3.73
3.65 2.36
3.48 2.54
3.81 4.68
4.51 12.61
4.54 14.33
5.26 17.57
5.25 17.96
5.51 19.93
4.99 20.04
4.69 21.51
5.01 25.11
4.77 24.96
4.43 23.35
2.69 6.97
2.22 0.77
2.25 0.60
2.04 0.25
1.36 0.21
1.45 1.58
1.36 3.42
1.97 0.63
1.87 0.70
1.42 0.56
1.82 0.81
3.63 17.57
3.95 6.44
3.71 10.04
4.06 17.04
3.96 15.18
4.01 19.82
3.81 22.04
4.01 22.54
4.11 21.69
4.04 24.44
4.11 25.53
4.03 26.34
4.03 26.58
2.23 7.75
1.71 0.77
1.84 0.67
1.59 0.35
1.28 0.25
1.05 2.22
1.05 3.45
1.12 0.53
1.22 0.46
1.15 1.09
1.55 0.70
3.36 17.92
3.95 12.78
3.75 11.30
3.95 12.89
4.28 15.28
4.27 18.24
4.25 21.02
4.18 24.12
4.53 24.40
4.18 25.42
4.04 26.48
3.96 27.36
3.90 26.76
2.27 7.82
1.58 0.77
1.55 0.53
1.55 0.32
1.25 0.88
1.37 2.50
0.96 1.20
0.95 0.46
1.28 0.77
1.21 1.13
1.72 0.88
3.25 18.45
3.86 15.04
3.84 14.89
3.91 13.73
3.91 15.92
3.96 20.07
3.89 21.73
3.83 23.63
3.85 22.89
3.92 24.58
4.00 25.25
3.94 26.23
3.83 26.23
2.29 7.92
1.69 0.74
1.80 0.56
1.63 0.42
0.99 1.27
0.93 3.24
0.94 4.33
0.83 1.73
0.97 0.25
0.97 0.32
1.45 0.85
3.07 18.06
3.54 11.48
3.58 9.82
3.68 14.86
3.83 16.55
3.60 17.43
3.61 21.23
3.61 20.56
3.63 22.43
3.64 22.82
3.52 25.42
1.63 8.49
1.09 0.88
0.90 0.60
0.82 0.46
1.02 1.58
0.96 3.49
0.96 3.94
0.71 0.11
0.70 0.25
0.99 0.67
1.01 1.06
1.04 0.77
1.35 0.56
3.05 17.75
3.64 16.87
3.70 15.11
3.63 15.70
3.68 17.46
3.62 21.41
3.72 23.24
3.53 23.35
1.58 7.04
1.03 0.28
0.97 0.42
0.94 2.68
0.66 5.25
0.98 5.63
1.02 6.09
1.03 2.01
1.08 0.53
0.98 0.32
0.72 0.39
0.93 0.49
0.93 0.67
1.02 0.92
1.55 8.35
3.55 23.31
3.62 22.82
3.65 17.29
3.70 17.50
3.74 18.70
3.85 21.34
3.91 23.94
4.01 26.20
3.99 28.06
3.88 26.87
4.09 27.08
3.95 28.27
3.84 26.94
3.78 27.64
2.32 10.49
1.47 0.32
1.50 0.25
1.28 0.88
0.95 0.85
0.97 0.88
0.69 0.39
1.35 0.28
1.45 0.53
1.05 0.67
1.31 0.95
2.94 19.82
3.52 23.27
3.76 20.04
3.95 21.97
3.68 21.30
3.65 23.94
3.59 25.35
3.58 26.69
3.52 27.61
3.64 27.18
3.77 27.82
3.64 28.98
3.63 28.31
1.96 6.80
1.46 0.49
1.45 0.21
1.11 0.25
1.05 1.65
1.39 3.06
1.15 0.95
0.84 0.42
1.81 0.67
1.18 0.56
1.33 0.77
2.96 18.91
3.52 20.56
3.60 16.73
4.21 18.70
4.26 19.93
4.34 22.71
4.48 25.77
4.52 27.36
4.51 27.08
4.28 27.96
4.45 29.58
4.40 30.25
4.37 30.92
2.55 9.08
1.91 0.67
2.06 0.49
1.77 0.60
1.55 3.06
1.20 3.20
1.31 0.28
1.55 0.46
1.57 0.88
1.58 0.99
1.83 1.02
3.46 19.89
4.07 24.86
4.21 15.39
4.34 18.45
4.64 21.83
4.73 23.38
4.83 25.63
4.65 26.55
4.32 27.11
4.46 28.13
4.26 27.22
3.96 26.73
3.71 26.27
2.22 7.15
1.70 0.77
1.73 0.49
1.32 0.67
1.03 3.17
1.17 3.42
1.15 3.42
1.30 0.21
1.27 0.39
1.25 0.49
1.56 0.74
3.36 18.87
3.81 13.63
4.23 12.89
4.11 16.90
3.98 18.24
3.98 21.41
3.82 24.05
4.18 25.53
4.08 24.19
3.97 25.07
3.93 26.30
3.77 27.18
3.87 27.64
2.25 8.35
1.75 0.77
1.73 0.53
1.38 0.46
1.40 1.27
0.90 2.57
1.10 1.73
1.25 1.06
1.27 0.60
1.16 0.53
1.45 0.49
3.12 18.66
3.99 12.85
3.87 12.15
5.43 14.51
5.82 14.79
5.65 19.72
5.61 23.17
4.84 23.35
3.86 24.79
3.92 25.95
3.76 26.48
1.58 8.35
0.83 0.53
1.18 0.56
1.23 2.68
1.29 3.91
1.08 4.44
1.04 0.25
1.02 0.42
1.23 1.02
1.22 1.58
1.29 1.44
1.10 0.35
1.43 0.32
3.35 18.59
3.97 20.63
3.96 16.41
3.86 15.60
3.95 15.42
3.86 18.94
3.81 23.94
3.77 24.44
1.92 7.99
1.26 0.60
1.32 0.42
1.01 2.64
0.98 8.17
1.35 5.53
1.19 0.95
1.26 0.99
1.18 0.35
1.05 0.18
0.95 0.25
1.19 0.67
1.40 1.27
1.21 1.73
1.81 9.26
3.77 22.82
3.84 22.39
3.85 19.26
4.01 17.46
3.91 15.85
4.12 16.76
3.97 20.11
4.21 24.40
4.09 26.34
4.07 26.23
4.09 26.02
4.05 27.22
4.00 27.85
3.87 28.31
2.41 9.86
1.77 0.49
1.80 0.25
1.49 0.46
0.94 3.84
1.47 3.17
1.23 0.77
1.75 0.32
1.78 0.42
1.39 0.35
1.51 0.60
3.25 20.07
3.77 16.69
3.80 16.73
4.13 16.58
4.16 21.02
4.82 22.18
4.83 24.37
4.90 26.13
4.56 26.02
4.89 25.63
4.64 27.22
4.76 28.17
5.92 26.51
4.44 10.49
5.44 23.59
4.01 20.07
3.77 16.41
3.86 15.56
3.32 14.65
3.47 14.01
3.47 12.01
3.54 10.92
3.33 9.89
3.65 8.80
3.87 7.43
4.03 7.99
4.13 9.05
4.13 13.17
4.21 15.99
4.21 19.47
4.04 21.58
4.23 23.13
4.13 25.42
4.26 25.42
4.01 26.58
3.89 27.11
3.90 27.82
2.36 9.05
1.84 0.85
1.69 0.63
1.28 0.28
1.46 0.42
1.15 3.52
1.13 5.00
1.33 1.44
1.18 0.21
1.08 0.28
1.47 0.28
3.23 18.17
3.94 12.36
3.99 10.18
4.14 17.68
4.21 17.04
4.49 19.82
4.89 23.38
4.50 21.97
4.49 23.94
4.41 25.92
4.16 26.80
4.24 28.35
3.80 28.27
2.29 8.98
1.71 0.88
1.68 0.70
1.07 0.32
1.31 0.77
1.19 4.01
1.16 1.94
1.19 0.85
1.11 0.70
1.17 0.77
1.48 0.81
3.30 18.91
4.00 14.30
3.94 13.56
3.84 15.00
3.73 18.06
4.18 20.14
4.14 22.71
3.93 25.28
4.05 24.15
3.84 25.04
3.86 25.99
3.78 26.80
3.83 27.18
2.31 8.38
1.66 0.92
1.64 0.56
1.22 0.25
1.23 0.56
0.90 3.73
1.15 3.27
1.24 0.95
1.15 0.99
1.07 1.09
1.36 0.92
3.36 18.52
3.92 16.16
3.91 14.79
3.81 13.91
3.81 17.25
3.95 20.00
4.07 22.68
4.32 24.08
4.44 24.54
4.20 25.92
4.23 26.44
2.27 9.96
1.36 2.46
1.03 2.61
1.26 2.78
1.16 3.06
1.12 2.50
0.88 0.85
0.98 1.13
1.22 1.09
1.14 0.53
1.24 0.53
0.97 0.32
1.54 0.42
3.28 17.61
3.90 18.20
3.84 14.65
3.97 13.87
3.84 17.89
3.73 20.25
3.83 22.39
3.89 25.25
2.01 9.96
1.03 2.11
1.14 2.32
1.09 2.57
0.88 3.56
1.02 3.66
1.12 0.39
1.22 0.88
1.11 1.48
1.01 1.51
1.05 1.16
1.15 0.70
1.18 0.63
1.17 0.67
1.67 7.82
3.75 21.62
3.89 16.76
3.71 11.13
3.86 10.18
4.15 9.89
4.80 15.32
4.45 18.63
4.67 22.50
4.70 24.30
4.56 24.58
4.68 26.16
4.48 27.50
4.11 28.27
4.14 27.96
2.25 10.70
1.68 0.88
1.68 0.53
1.30 0.46
1.27 2.43
1.09 3.27
1.14 2.89
1.08 1.55
1.19 1.30
1.14 1.30
1.54 1.13
3.10 17.99
3.75 13.87
3.81 12.25
3.96 14.01
4.38 17.82
5.08 20.67
4.75 23.63
4.59 26.23
4.72 27.04
4.86 25.28
4.47 26.48
4.46 26.27
5.12 26.94
5.50 26.41
4.93 21.51
3.82 17.54
1.86 5.46
1.37 0.53
1.09 0.88
1.02 4.01
1.12 4.26
1.19 3.73
1.12 2.68
1.54 0.46
3.22 16.83
3.83 8.77
3.64 12.64
3.90 13.56
4.13 18.80
4.16 20.95
4.00 23.45
4.06 24.40
4.17 26.62
3.93 27.01
3.89 26.09
3.95 27.43
3.79 27.71
2.20 8.52
1.52 0.77
1.70 0.39
1.28 0.46
1.26 2.29
1.22 3.38
1.18 2.64
1.10 0.42
1.00 0.46
1.20 0.70
1.53 0.60
3.31 19.15
3.74 17.29
3.88 15.99
4.23 15.88
4.53 19.96
4.41 22.57
4.57 23.70
4.48 26.94
4.45 28.24
4.28 30.18
4.61 30.14
4.29 31.30
3.86 29.54
2.23 9.30
1.66 0.85
1.58 0.53
1.23 0.81
1.50 2.64
1.12 3.27
1.17 2.50
1.07 0.70
1.09 0.88
1.12 0.99
1.55 1.48
3.34 19.33
3.93 17.75
3.89 17.22
3.73 16.87
3.77 19.15
3.93 21.76
4.05 25.56
3.90 28.38
3.84 29.23
3.92 28.27
3.89 29.61
3.75 30.35
3.95 30.42
2.36 9.19
1.70 0.85
1.59 0.53
1.26 0.56
1.27 2.61
1.04 4.79
1.18 2.89
1.20 0.49
1.31 0.88
1.06 0.74
1.41 1.13
3.33 19.05
3.91 25.04
3.91 18.13
3.85 19.30
3.87 21.69
3.76 24.26
3.72 25.81
3.97 26.97
3.95 29.82
3.80 30.07
3.67 31.23
1.74 11.16
1.10 2.29
1.05 2.36
1.18 2.85
1.18 3.77
1.11 1.90
1.04 0.60
1.10 1.27
1.21 1.09
1.17 1.09
1.22 0.11
1.11 0.28
1.53 0.53
3.29 19.58
3.95 22.08
3.92 21.87
3.93 22.39
3.96 23.59
3.76 26.65
3.80 28.17
3.82 27.82
1.92 9.33
1.08 1.97
1.10 2.92
1.12 3.38
1.40 10.42
1.37 11.90
1.18 5.53
1.22 1.55
1.22 0.46
1.29 3.20
1.11 0.32
1.09 0.46
1.39 0.42
1.25 0.21
1.75 8.13
3.85 25.56
3.83 22.99
3.83 24.58
3.92 24.12
3.87 24.23
3.91 23.73
3.92 24.08
3.91 25.53
3.88 26.65
3.77 27.54
3.94 28.10
3.89 28.70
3.90 28.73
3.91 28.42
2.40 11.62
1.61 2.32
1.54 2.71
1.35 1.62
1.43 3.49
1.24 1.13
1.22 0.11
1.02 0.25
1.14 0.63
1.08 1.09
1.60 1.41
3.36 21.30
3.93 26.16
3.86 19.23
4.17 21.90
4.29 23.38
4.36 24.51
4.64 25.63
4.30 27.22
4.24 27.68
4.06 27.82
4.18 28.49
4.08 27.50
3.91 30.00
2.20 9.79
1.63 0.77
1.61 0.53
1.19 1.58
1.20 4.44
1.22 4.51
1.16 1.58
1.09 0.14
1.03 0.49
1.09 0.53
1.64 0.49
3.29 20.00
3.91 21.27
3.94 16.02
3.90 20.67
3.97 20.95
3.88 23.80
4.01 22.32
4.10 23.31
4.30 25.35
4.01 27.89
4.07 26.94
3.94 28.38
3.85 29.01
2.32 8.91
1.68 0.74
1.59 0.35
1.25 0.28
1.21 0.92
1.10 3.87
1.51 3.20
1.70 0.07
1.62 0.11
1.61 0.11
1.63 0.21
1.21 0.35
1.21 0.39
1.15 0.35
1.09 0.35
1.05 0.35
1.04 0.32
1.18 0.35
1.10 0.74
1.21 1.13
1.08 1.58
1.27 7.96
1.32 9.86
1.63 15.95
1.49 11.97
1.50 8.03
1.54 2.08
1.63 0.46
1.56 0.46
1.58 0.32
1.21 0.14
1.08 0.07
1.17 1.87
1.03 3.52
1.45 0.70
3.19 19.30
3.96 22.46
3.84 18.87
3.90 35.63
3.77 18.94
3.83 22.54
3.95 25.11
3.88 27.04
3.92 27.82
3.83 28.70
3.83 29.19
3.77 30.07
3.72 30.25
2.20 9.19
1.61 1.09
1.68 0.70
1.41 1.41
1.21 3.66
1.18 4.96
1.04 3.63
1.18 0.07
1.15 0.07
1.16 0.07
1.50 0.11
3.18 17.96
3.85 21.13
3.84 17.85
3.88 16.83
4.17 18.63
3.76 21.55
3.79 25.92
3.74 26.76
3.79 27.92
4.02 28.70
3.72 29.61
1.76 10.11
0.99 0.77
1.07 1.58
1.02 3.45
1.18 2.68
1.14 0.95
1.08 0.14
1.02 0.32
1.07 0.63
1.08 0.49
1.06 0.00
1.16 0.00
1.55 0.07
3.26 19.26
3.78 20.95
3.77 19.01
3.89 19.58
4.03 20.74
3.95 24.68
3.74 26.27
3.75 27.68
1.74 10.00
1.10 2.99
1.15 2.61
1.08 2.11
1.08 1.55
1.09 0.77
1.04 0.21
1.03 0.18
1.11 1.16
1.20 0.74
1.04 0.07
1.09 0.35
1.06 0.77
1.15 0.81
1.63 7.92
3.81 21.48
3.85 17.85
3.87 15.07
3.73 12.15
3.72 12.71
3.82 14.89
3.88 20.88
3.94 21.80
3.83 23.98
3.75 24.30
3.80 24.01
3.83 25.88
3.91 27.39
3.80 27.64
2.42 10.95
1.60 1.02
1.54 0.63
1.22 0.49
1.23 0.77
1.16 1.51
1.20 2.04
1.09 0.88
1.13 0.18
1.25 0.07
1.51 0.04
3.26 17.04
3.90 12.46
3.95 10.53
4.14 13.45
4.23 15.92
4.94 18.35
4.83 22.11
4.39 24.30
4.40 24.89
4.73 25.49
4.45 26.44
4.22 27.61
4.08 29.08
2.50 8.49
1.94 0.88
1.80 0.39
1.48 0.39
1.53 1.73
1.37 3.06
1.56 1.13
1.37 0.25
1.35 0.14
1.25 0.28
1.70 0.11
3.44 17.82
4.08 17.11
4.12 15.67
4.36 17.25
4.46 19.93
4.18 21.90
4.14 24.37
4.04 23.13
4.19 26.41
4.23 26.80
4.10 27.71
3.86 28.35
3.81 28.20
2.21 9.37
1.74 0.67
1.79 0.25
1.25 0.70
1.16 2.82
1.01 2.54
1.13 0.92
1.13 0.74
1.22 0.53
1.12 0.67
1.47 0.74
3.20 20.49
3.87 25.63
4.02 22.57
4.23 22.11
4.25 22.36
4.08 24.54
4.13 25.39
4.14 26.20
4.26 28.10
4.30 29.15
4.27 29.89
4.00 28.59
3.95 29.40
2.32 8.49
1.80 0.81
1.87 0.77
1.58 0.42
1.23 1.20
1.32 4.61
1.21 2.25
1.20 0.53
1.36 0.42
1.21 0.77
1.53 1.37
3.17 20.92
3.83 26.87
3.91 22.99
3.89 24.30
3.88 24.15
3.81 26.06
3.83 27.08
3.74 28.31
3.81 28.35
3.82 29.15
3.87 30.11
3.91 30.25
3.78 26.20
2.19 8.27
1.66 0.92
1.61 0.67
1.31 0.53
1.16 2.43
1.11 4.65
1.05 3.03
1.08 0.35
1.06 0.77
1.16 1.90
1.51 3.06
3.39 20.67
3.79 25.04
3.78 24.68
3.78 23.91
3.85 25.60
3.89 26.48
3.80 27.78
3.77 28.59
3.72 29.65
3.70 30.39
3.71 31.27
1.81 11.16
1.07 2.54
0.93 2.82
0.91 4.08
0.95 1.94
1.03 0.42
1.16 1.06
1.09 2.82
1.14 4.75
1.07 0.63
1.30 0.60
1.08 1.02
1.54 1.13
3.28 21.62
3.92 23.49
3.76 23.06
3.79 24.12
3.75 27.36
3.87 29.30
3.89 30.85
3.88 32.32
1.77 12.08
1.03 4.01
1.10 3.73
1.21 6.62
1.45 9.23
1.45 11.58
1.21 3.31
1.14 3.38
1.26 0.49
1.06 0.42
1.17 0.28
1.08 0.25
1.22 0.70
1.07 2.01
1.65 9.61
3.72 26.20
3.93 22.68
3.91 23.27
3.88 23.77
3.73 25.70
3.79 26.23
3.75 28.24
3.83 30.49
3.88 31.80
3.83 32.85
3.81 32.71
3.74 32.15
3.79 31.97
3.89 31.87
2.39 13.10
1.68 2.04
1.59 2.22
1.24 3.45
1.09 4.30
1.12 0.32
1.12 0.46
1.18 0.63
1.13 1.58
1.21 2.99
1.54 1.13
3.22 20.95
3.89 26.80
3.93 24.72
4.27 19.93
4.35 21.37
4.45 22.85
4.48 25.21
4.44 26.51
4.33 27.61
4.39 28.52
4.20 28.52
3.81 28.49
3.91 28.17
2.22 8.13
1.68 0.25
1.63 0.28
1.20 0.63
1.36 1.48
1.06 0.28
1.10 0.11
1.12 0.32
1.18 1.06
1.10 1.69
1.60 1.58
3.16 21.58
3.82 24.96
3.95 23.52
4.45 21.80
4.29 23.35
4.53 24.05
4.44 25.39
4.52 26.02
4.61 26.80
4.46 26.90
4.37 26.34
3.90 27.82
3.87 27.50
2.23 7.71
1.61 0.25
1.76 0.85
1.33 0.85
1.27 1.20
1.15 0.35
1.11 0.07
1.26 0.18
1.27 0.49
1.18 0.70
1.58 2.01
3.21 21.06
3.83 25.74
4.10 22.61
4.33 22.43
4.37 23.56
4.27 24.47
4.46 25.81
4.49 27.01
4.32 26.83
4.26 28.94
4.10 30.56
4.09 29.30
4.05 29.40
2.40 8.73
1.80 0.74
1.85 0.70
1.71 1.51
1.35 2.22
1.44 2.11
1.42 0.07
1.24 0.42
1.24 1.97
1.36 5.11
1.74 1.65
3.56 20.67
4.07 21.90
4.06 18.77
3.99 19.82
4.04 21.20
4.12 21.73
4.06 23.70
4.05 25.81
4.07 26.58
3.97 28.73
3.97 29.19
4.00 30.07
4.02 30.39
2.43 8.52
1.86 0.88
1.80 1.02
1.44 2.15
1.46 1.87
1.33 0.85
1.30 0.21
1.38 0.39
1.29 0.63
1.27 2.54
1.64 3.42
3.46 20.28
4.08 17.82
4.09 18.31
4.07 20.32
4.00 21.02
3.97 22.36
3.93 24.26
4.00 27.15
4.00 27.36
4.05 28.49
3.84 29.47
1.80 9.75
1.22 1.62
1.24 1.58
1.36 2.39
1.49 1.87
1.31 0.35
1.15 0.49
1.21 3.59
1.21 2.71
1.39 0.39
1.29 0.21
1.40 0.46
1.62 0.39
3.43 11.94
4.10 21.69
4.09 20.42
4.01 20.11
4.06 21.30
3.95 22.36
3.97 23.87
3.94 25.39
1.97 7.04
1.32 0.21
1.34 0.21
1.26 0.74
1.58 7.50
1.46 6.02
1.23 0.04
1.48 3.42
1.26 0.21
1.36 0.35
1.21 0.25
1.26 0.21
1.28 1.13
1.71 5.88
1.89 9.47
3.98 28.49
3.99 24.68
3.96 24.82
3.96 22.18
4.11 22.25
4.29 22.32
4.26 23.80
4.16 24.44
4.13 24.61
4.14 26.09
4.11 26.37
4.11 27.29
4.16 28.59
4.16 29.26
2.55 11.41
1.83 0.81
1.89 0.85
1.48 0.39
1.53 0.46
1.41 0.92
1.34 0.18
1.25 0.25
1.23 0.49
1.30 2.78
1.74 0.60
3.50 20.53
4.11 22.11
4.14 18.27
4.45 18.84
4.78 20.32
4.69 22.82
4.53 23.87
4.96 25.70
4.63 27.68
4.51 29.51
4.66 32.36
4.43 33.91
4.12 32.82
2.51 11.58
1.99 1.97
1.86 1.94
1.72 1.69
1.38 0.85
1.51 0.32
1.59 0.28
1.58 0.70
1.45 1.20
1.45 1.37
1.74 1.09
3.49 19.75
4.09 24.05
4.18 21.97
4.20 21.51
4.20 24.19
4.28 27.89
4.23 27.61
4.28 29.15
4.57 30.42
4.59 31.37
4.71 33.17
4.21 35.95
4.20 33.77
2.44 10.53
1.97 3.10
1.93 3.10
1.64 3.03
1.38 2.04
1.46 0.92
1.20 0.14
1.33 0.35
1.40 1.06
1.33 1.94
1.65 1.83
3.37 21.76
3.95 25.07
3.99 20.70
4.11 21.94
4.12 23.31
4.07 24.65
4.05 25.46
4.27 27.01
4.01 28.24
4.15 28.63
4.15 29.51
4.14 29.40
3.90 31.48
2.36 11.76
1.77 3.24
1.85 3.06
1.51 2.18
1.51 0.63
1.30 0.60
1.27 0.07
1.27 0.42
1.22 1.23
1.36 1.58
1.72 1.51
3.52 21.83
3.92 25.99
3.97 22.57
3.92 21.94
4.06 24.01
4.03 24.75
4.03 26.41
4.01 27.08
3.95 28.66
4.03 29.68
3.94 30.14
4.09 29.96
4.04 29.30
2.45 9.40
1.91 1.23
1.75 2.32
1.43 2.01
1.34 0.88
1.38 0.18
1.33 0.25
1.34 1.65
1.16 1.34
1.27 1.58
1.34 1.58
1.44 0.85
3.34 19.15
4.06 24.75
4.85 26.34
5.19 24.54
4.53 25.21
4.51 26.55
4.37 27.99
3.76 31.58
1.72 9.89
0.96 3.10
1.21 0.95
1.15 5.67
1.36 7.32
1.06 0.18
1.26 3.84
0.98 0.11
1.03 0.53
0.96 0.63
1.24 2.15
1.06 1.30
1.17 1.48
1.04 1.06
1.50 0.67
3.15 18.35
3.79 24.26
3.82 22.68
3.85 24.51
3.82 22.25
3.72 24.08
3.67 25.14
3.81 26.34
1.74 7.71
1.14 0.21
1.09 0.42
1.25 6.41
1.23 8.80
1.38 11.34
1.12 3.87
1.11 0.04
1.05 0.39
1.24 0.49
0.94 1.37
1.04 0.56
1.01 1.37
1.28 5.53
1.58 10.04
3.77 28.87
3.87 24.82
3.76 25.35
3.70 21.73
3.75 21.48
4.03 22.39
4.23 25.21
4.20 28.35
4.20 30.11
4.13 30.63
4.04 30.07
4.05 30.56
4.20 30.53
3.99 29.61
2.47 12.25
1.56 2.39
1.52 2.43
1.62 0.85
1.87 0.77
2.04 0.07
1.12 0.25
1.13 0.88
1.04 1.65
1.04 1.37
1.48 1.97
3.28 17.68
3.89 24.75
3.84 21.51
4.39 21.20
4.51 23.20
5.04 24.47
4.91 25.39
4.61 26.06
4.69 27.64
4.61 28.13
4.56 28.84
4.57 28.63
4.28 29.68
2.27 8.49
1.77 0.77
1.73 0.46
1.73 0.32
1.48 0.53
1.34 0.85
1.10 0.39
1.26 0.07
1.22 0.07
1.68 0.25
1.81 0.39
3.29 19.65
3.83 18.91
3.87 19.05
3.96 18.98
4.17 16.97
4.41 23.06
4.32 24.54
4.55 27.22
4.64 27.04
4.49 28.06
4.72 28.87
4.52 29.47
4.21 26.76
2.56 8.20
1.92 1.51
1.93 2.25
1.73 2.18
1.83 2.04
1.32 1.55
1.26 0.32
1.26 0.04
1.40 0.11
1.41 0.18
1.82 0.46
3.56 19.30
4.04 18.66
3.97 20.81
4.07 21.94
4.19 23.52
4.30 25.35
4.32 27.36
4.07 28.91
4.17 29.93
4.23 30.04
4.19 31.65
4.08 33.13
4.12 32.25
2.49 10.00
1.87 1.73
1.85 1.80
1.72 2.29
1.40 1.65
1.42 0.32
1.44 0.04
1.51 0.14
1.33 0.25
1.25 0.95
1.80 1.09
3.52 20.67
4.12 23.27
4.06 19.23
3.98 21.44
4.05 24.72
4.06 25.53
4.38 27.15
4.24 29.23
4.27 32.96
4.12 33.20
4.06 33.84
4.11 34.30
4.13 33.27
2.54 11.23
1.95 2.57
1.96 2.22
1.69 2.15
1.43 0.67
1.29 0.35
1.35 0.11
1.42 0.28
1.34 0.74
1.28 1.48
1.64 3.31
1.85 1.48
3.55 20.46
4.10 23.73
4.10 22.46
4.96 21.76
4.75 22.78
4.60 26.51
4.48 27.99
4.13 29.08
4.69 9.89
2.05 2.15
1.47 1.23
1.39 0.07
1.48 0.53
1.52 0.14
1.49 0.35
1.40 2.08
1.45 0.42
1.36 0.18
1.38 0.21
1.44 0.32
1.53 0.25
1.47 0.18
1.87 0.21
3.46 14.51
4.16 22.89
4.07 21.90
4.17 19.61
4.14 21.09
4.14 21.80
4.08 22.78
4.00 24.96
2.05 7.15
1.37 0.04
1.58 0.18
1.47 1.55
1.80 9.96
1.48 4.40
1.56 3.03
1.30 0.39
1.52 0.39
1.43 0.39
1.53 0.14
1.32 0.53
1.38 0.95
1.39 0.60
1.99 3.42
4.05 26.97
4.16 24.89
4.19 23.31
4.07 20.95
4.02 21.13
4.25 22.64
4.57 24.30
4.36 26.20
4.71 27.15
4.25 31.37
4.32 30.60
4.32 32.50
4.28 32.01
4.22 32.08
2.78 11.76
2.01 1.02
1.88 0.56
1.85 0.11
1.49 0.49
2.10 0.70
1.55 0.18
2.15 0.32
1.94 0.60
1.33 0.42
1.64 1.02
3.44 14.89
4.03 23.91
4.00 20.46
4.44 21.34
4.97 21.48
4.85 22.01
5.08 24.05
5.13 23.84
5.09 23.91
5.06 24.47
4.87 28.17
4.76 29.05
4.50 29.93
2.72 8.87
2.23 1.80
2.19 2.50
2.05 1.51
1.73 0.14
2.31 0.88
1.22 0.49
1.45 0.28
1.37 1.27
1.33 1.55
1.71 0.25
3.43 16.13
3.97 22.50
3.97 19.86
4.61 23.52
4.63 24.12
4.83 26.23
4.87 28.38
4.92 29.26
4.85 30.77
4.93 31.20
5.14 32.57
4.76 32.54
4.77 29.12
2.61 9.75
2.09 2.32
2.09 2.22
1.85 1.87
1.49 0.39
1.34 0.81
1.28 0.21
1.22 0.25
1.48 1.44
1.39 2.11
1.79 0.32
3.46 15.46
4.03 19.37
4.00 19.47
4.60 21.27
4.63 23.13
4.85 24.47
4.63 28.35
4.61 28.70
4.72 29.12
4.73 28.56
4.61 32.01
4.42 30.46
4.25 30.04
2.59 10.18
1.99 1.76
1.99 2.36
1.70 1.87
1.23 0.35
1.20 0.53
1.25 0.21
1.26 0.70
1.11 2.22
1.01 0.77
1.49 0.92
3.28 9.26
3.82 22.36
3.78 18.80
3.71 20.74
3.81 22.08
3.70 24.23
3.90 24.58
3.83 26.20
3.86 27.64
3.73 27.85
3.70 29.30
3.75 29.68
3.72 29.82
2.24 8.73
1.62 1.02
1.64 0.92
1.17 2.75
3.41 1.13
1.05 0.60
1.12 0.18
1.20 0.11
1.14 0.25
1.06 1.37
1.40 0.14
3.20 8.77
3.82 17.64
3.84 16.30
3.89 18.56
3.76 20.28
3.69 22.36
3.68 23.17
3.74 24.61
3.76 25.35
3.83 26.20
3.66 27.04
1.68 8.42
1.05 0.74
1.06 0.63
1.39 0.46
1.15 0.18
1.20 0.56
1.05 0.07
1.10 0.32
0.99 1.41
1.23 0.28
1.21 0.56
1.23 0.85
1.53 1.06
3.22 6.51
3.73 17.25
3.76 15.39
3.83 17.11
3.79 18.80
3.81 19.54
3.69 22.99
3.72 23.49
1.68 7.54
1.22 0.74
1.44 0.60
1.16 0.18
1.16 0.32
1.05 0.56
1.13 0.35
1.15 1.23
1.18 1.37
1.09 1.80
1.17 0.70
1.16 0.70
1.08 0.63
1.06 0.42
1.71 0.35
3.67 0.00
3.87 0.00
3.72 0.00
3.73 0.00
3.89 0.00
3.80 3.80
4.92 2.82
3.88 3.17
3.99 8.84
3.88 15.53
3.95 16.20
3.97 15.04
3.88 17.15
3.95 12.96
2.48 0.00
1.73 0.00
1.63 0.11
1.43 0.28
1.26 0.00
1.47 0.00
1.34 0.00
1.00 0.00
1.38 0.00
0.98 0.00
1.50 0.00
3.27 0.00
3.85 0.00
3.75 0.00
4.27 0.00
4.48 0.00
4.62 0.00
4.72 0.00
4.73 0.00
4.86 0.00
4.51 0.00
4.83 0.00
4.68 0.00
4.46 0.00
2.70 0.00
2.10 0.00
2.08 0.00
1.77 0.00
1.46 0.00
1.70 0.00
1.75 0.00
1.40 0.00
1.34 0.00
1.29 0.00
1.73 0.00
3.51 0.00
4.05 0.00
4.15 0.00
4.12 0.00
4.26 0.00
4.61 0.00
4.22 0.00
4.34 0.00
4.40 0.00
4.42 0.00
4.70 0.00
4.44 0.00
4.11 0.00
2.33 0.00
1.87 0.00
1.86 0.00
1.75 0.00
1.27 0.00
1.29 0.00
1.21 0.00
1.34 0.00
1.43 0.00
1.55 0.00
1.72 0.00
3.42 0.00
4.04 0.00
4.03 0.00
4.64 0.00
4.72 0.00
4.89 0.00
4.93 0.00
4.80 0.00
4.79 0.00
4.79 0.00
4.96 0.00
4.49 0.00
4.12 0.00
2.44 0.00
1.90 0.00
1.98 0.00
1.87 0.00
1.58 0.00
1.37 0.00
1.35 0.00
1.27 0.00
1.38 0.00
1.41 0.00
1.77 0.00
3.57 0.00
4.02 0.00
4.03 0.00
4.02 0.00
4.15 0.00
4.23 0.00
4.17 0.00
4.17 0.00
4.12 0.00
4.15 0.00
4.10 0.00
4.18 0.00
4.07 0.00
2.47 0.00
1.90 0.00
1.82 0.00
1.78 0.00
1.58 0.00
1.61 0.00
1.51 0.00
1.47 0.00
1.35 0.00
1.48 0.00
1.84 0.00
3.60 0.00
4.15 0.00
4.19 0.00
4.07 0.00
4.01 0.00
4.04 0.00
4.08 0.00
4.12 0.00
4.07 0.00
3.98 0.00
3.93 0.00
1.93 0.00
1.52 0.00
1.66 0.00
1.57 0.00
1.65 0.00
1.45 0.00
1.40 0.00
1.46 0.00
1.55 0.00
1.46 0.00
1.44 0.00
1.54 0.00
1.86 0.00
3.58 0.00
4.22 0.00
4.13 0.00
4.15 0.00
4.21 0.00
4.23 0.00
4.04 0.00
4.08 0.00
2.26 0.00
1.57 0.00
1.45 0.00
1.38 0.00
1.41 0.00
1.52 0.00
1.53 0.00
1.55 0.00
1.40 0.00
1.44 0.00
1.51 0.00
1.50 0.00
1.43 0.00
1.52 0.00
1.91 0.00
3.98 0.00
4.05 0.00
4.09 0.00
4.23 0.00
4.23 0.00
4.59 0.00
4.72 0.00
4.66 0.00
5.20 0.00
5.00 0.00
4.62 0.00
4.57 0.00
4.75 0.00
4.12 0.00
2.67 0.00
1.97 0.00
2.02 0.00
1.75 0.00
1.40 0.00
1.26 0.00
1.28 0.00
1.36 0.00
1.37 0.00
1.49 0.00
1.93 0.00
3.52 0.00
3.96 0.00
4.07 0.00
4.18 0.00
4.46 0.00
4.61 0.00
4.30 0.00
4.92 0.00
4.51 0.00
4.44 0.00
4.64 0.00
5.01 0.00
4.93 0.00
3.09 0.00
2.23 0.00
1.94 0.00
1.83 0.00
1.26 0.00
1.47 0.00
1.02 0.00
1.33 0.00
1.67 0.00
1.85 0.00
1.98 0.00
3.37 0.00
3.82 0.00
3.72 0.00
4.20 0.00
4.75 0.00
5.50 0.00
5.17 0.00
4.83 0.00
4.47 0.00
4.32 0.00
4.42 0.00
4.05 0.00
3.97 0.00
2.32 0.00
1.74 0.00
1.95 0.00
1.69 0.00
1.41 0.00
1.36 0.00
1.35 0.00
1.31 0.00
1.23 0.00
1.29 0.00
1.60 0.00
3.39 0.00
4.00 0.00
3.97 0.00
4.11 0.00
4.24 0.00
4.78 0.00
5.14 0.00
5.28 0.00
5.26 0.00
5.36 0.00
4.86 0.00
4.57 0.00
4.21 0.00
2.54 0.00
2.02 0.00
1.96 0.00
1.70 0.00
1.28 0.00
1.23 0.00
1.43 0.00
1.36 0.00
1.40 0.00
1.23 0.00
1.65 0.00
3.25 0.00
3.94 0.00
3.95 0.00
4.04 0.00
3.99 0.00
4.30 0.00
4.12 0.00
4.09 0.00
4.19 0.00
4.07 0.00
4.02 0.00
4.07 0.00
3.88 0.00
2.32 0.00
1.76 0.00
1.85 0.00
1.68 0.00
1.22 0.00
1.19 0.00
1.18 0.00
1.16 0.00
1.18 0.00
1.21 0.00
1.58 0.00
3.28 0.00
3.81 0.00
3.77 0.00
3.82 0.00
3.86 0.00
3.99 0.00
3.81 0.00
3.74 0.00
3.76 0.00
3.71 0.00
3.70 0.00
1.75 0.00
1.25 0.00
1.14 0.00
1.07 0.00
1.16 0.00
1.08 0.00
1.24 0.00
1.14 0.00
1.26 0.00
1.05 0.00
1.12 0.00
1.09 0.00
1.60 0.00
3.31 0.00
3.89 0.00
3.83 0.00
3.75 0.00
3.79 0.00
3.72 0.00
3.87 0.00
3.90 0.00
1.87 0.00
1.09 0.00
1.07 0.00
1.11 0.00
1.13 0.00
1.26 0.00
1.22 0.00
1.21 0.00
1.06 0.00
1.20 0.00
1.13 0.00
1.25 0.00
1.26 0.00
1.21 0.00
1.62 0.00
3.65 0.00
3.76 0.00
3.85 0.00
3.87 0.00
4.72 0.00
5.02 0.00
5.11 0.00
4.96 0.00
4.90 0.00
4.80 0.32
4.82 0.00
4.86 0.00
4.69 0.00
4.30 0.00
2.70 0.00
1.95 0.00
2.05 0.00
1.88 0.00
2.28 0.00
2.09 0.00
1.26 0.00
1.90 0.00
2.22 0.00
1.46 0.00
1.92 0.00
3.73 0.00
3.97 0.00
4.09 0.00
4.65 0.39
4.82 1.16
4.80 1.51
4.96 0.00
4.85 1.34
5.26 3.27
5.12 1.97
4.99 1.37
4.88 2.01
4.10 0.49
2.51 0.00
1.97 0.00
1.94 0.07
2.11 0.14
1.77 0.04
1.55 0.00
1.05 0.00
1.96 0.00
1.53 0.00
1.14 0.00
1.58 0.00
3.26 0.00
3.87 0.00
3.78 0.39
4.18 0.95
4.75 1.80
4.98 4.37
4.96 1.44
5.46 1.41
5.71 1.51
5.10 1.97
4.91 0.00
4.71 0.49
4.35 0.00
2.66 0.00
1.94 0.00
1.96 0.00
1.78 0.00
1.23 0.00
1.18 0.00
1.23 0.00
1.16 0.00
1.00 0.00
1.09 0.00
1.66 0.00
3.39 0.00
3.90 0.00
3.97 0.00
4.38 0.00
4.33 0.00
4.55 0.00
4.70 0.00
4.80 0.00
4.82 0.00
4.93 0.88
4.45 2.15
4.17 1.30
4.00 1.69
2.28 0.92
1.80 0.00
1.65 0.04
1.49 0.11
1.18 0.11
1.30 0.00
1.28 0.00
1.36 0.00
1.26 0.00
1.22 0.00
1.55 0.00
3.42 0.00
3.95 0.00
3.93 1.76
4.00 0.32
3.91 4.15
3.97 4.19
4.14 0.92
4.01 2.39
4.04 4.23
4.12 2.96
4.00 3.06
3.87 0.92
3.90 3.10
2.35 0.00
1.86 0.00
1.88 0.04
1.55 0.32
1.37 0.11
1.29 0.04
1.44 0.00
1.47 0.00
1.41 0.00
1.36 0.00
1.70 0.00
3.54 0.00
3.99 0.00
4.13 0.00
4.34 0.77
4.07 1.51
3.94 1.44
3.88 0.42
3.96 0.46
3.96 2.15
4.05 4.82
3.88 3.56
1.98 0.49
1.34 0.04
1.27 0.21
1.40 0.11
1.41 0.00
1.50 0.00
1.36 0.00
1.35 0.00
1.32 0.00
1.38 0.00
1.48 0.00
1.41 0.00
1.84 0.00
3.45 0.00
4.02 0.00
3.95 0.00
4.07 0.00
4.04 0.00
4.05 0.74
3.97 0.00
3.92 0.00
2.04 0.00
1.35 0.00
1.43 0.00
1.46 0.00
1.44 0.00
1.35 0.00
1.28 0.00
1.44 0.00
1.47 0.00
1.46 0.00
1.43 0.00
1.77 0.00
1.82 0.00
1.88 0.00
1.94 0.00
1.96 0.00
1.57 0.00
1.33 0.00
1.37 0.00
1.33 0.00
1.49 0.00
1.42 0.00
1.50 0.00
1.33 0.00
1.50 0.00
1.58 0.00
1.82 0.00
1.85 0.00
1.86 0.00
1.65 0.00
1.51 0.00
1.80 0.00
1.91 0.00
2.07 0.00
2.10 0.00
1.56 0.00
1.40 0.00
1.28 0.00
1.36 0.00
1.85 0.00
3.46 0.00
4.05 0.00
4.05 0.00
4.54 0.00
4.95 0.00
5.86 0.00
4.93 0.00
5.34 0.00
5.50 0.00
5.44 0.00
4.97 0.00
4.65 0.00
4.34 0.00
2.74 0.00
2.26 0.00
2.16 0.00
1.94 0.00
1.38 0.00
1.81 0.00
1.27 0.00
1.34 0.00
1.23 0.00
1.15 0.00
1.59 0.00
3.32 0.00
3.97 0.00
3.99 0.00
4.06 0.00
4.41 0.00
4.08 0.00
4.18 0.00
4.43 0.00
4.65 0.00
4.38 0.00
4.36 0.00
4.41 0.00
4.03 0.00
2.54 0.00
1.99 0.00
2.06 0.00
1.88 0.00
1.40 0.00
1.37 0.00
1.31 0.00
1.52 0.00
1.47 0.00
1.47 0.00
1.76 0.00
3.54 0.00
4.12 0.00
4.23 0.00
4.46 0.00
4.56 0.00
4.87 0.00
4.53 0.00
4.47 0.00
4.51 0.00
4.49 0.00
4.48 0.00
4.27 0.00
4.14 0.00
2.58 0.00
2.00 0.00
2.03 0.00
1.97 0.00
1.56 0.00
1.40 0.00
1.48 0.00
1.41 0.00
1.61 0.00
1.57 0.00
1.99 0.00
3.62 0.00
4.18 0.00
4.21 0.00
4.31 0.00
4.30 0.00
4.22 0.00
4.17 0.00
4.10 0.00
4.11 0.00
4.20 0.00
4.20 0.00
4.25 0.00
4.19 0.00
2.61 0.00
2.10 0.00
2.01 0.00
1.81 0.00
1.49 0.00
1.49 0.00
1.33 0.00
1.38 0.00
1.42 0.00
1.48 0.00
2.00 0.00
3.66 0.00
4.26 0.00
4.13 0.00
4.17 0.00
4.24 0.00
4.21 0.00
4.19 0.00
4.20 0.00
4.16 0.00
4.10 0.00
4.00 0.00
2.07 0.00
1.51 0.00
1.57 0.00
1.50 0.00
1.54 0.00
1.35 0.00
1.39 0.00
1.52 0.00
1.46 0.00
1.47 0.00
1.35 0.00
1.44 0.00
1.93 0.00
3.72 0.00
4.24 0.00
4.25 0.00
4.19 0.00
4.17 0.00
4.15 0.00
4.14 0.00
4.22 0.00
2.16 0.00
1.44 0.00
1.43 0.00
1.37 0.00
1.50 0.00
1.54 0.00
1.58 0.00
1.45 0.00
1.43 0.00
1.43 0.00
1.40 0.00
1.51 0.00
1.48 0.00
1.69 0.00
1.90 0.00
4.05 0.00
4.16 0.00
4.28 0.00
4.24 0.00
5.02 0.00
4.96 0.00
5.25 0.00
5.28 0.00
5.66 0.00
5.84 0.00
5.23 0.00
5.05 0.00
4.61 0.00
4.36 0.00
2.91 0.00
2.22 0.00
2.12 0.00
2.07 0.00
1.54 0.00
1.97 0.00
1.54 0.00
1.47 0.00
1.56 0.00
1.37 0.00
1.92 0.00
3.60 0.00
4.12 0.00
4.20 0.00
4.43 0.00
4.68 0.00
4.55 0.00
4.82 0.00
4.90 0.00
5.33 0.00
5.35 0.00
5.00 0.00
4.36 0.00
4.12 0.00
2.60 0.00
1.97 0.00
1.97 0.00
1.66 0.00
1.14 0.00
1.64 0.00
1.17 0.00
1.18 0.00
1.81 0.00
1.42 0.00
1.53 0.00
3.31 0.00
3.87 0.00
3.75 0.00
4.35 0.00
4.80 0.00
5.09 0.00
4.75 0.00
4.73 16.94
4.73 23.70
4.73 22.78
4.89 23.94
4.46 24.58
4.43 23.45
2.57 5.56
1.96 0.00
1.99 0.00
1.58 0.00
1.77 0.00
1.42 0.00
1.45 0.00
1.31 0.00
1.26 0.00
1.34 0.00
1.80 0.00
3.57 16.48
4.06 12.99
4.00 7.43
4.42 8.91
4.69 11.02
4.85 16.34
4.86 17.43
4.96 21.13
5.38 21.90
5.07 24.26
4.87 24.93
4.38 25.14
4.16 24.12
2.56 5.74
1.94 0.00
1.94 0.00
1.88 0.00
1.41 0.00
1.48 0.00
1.32 0.00
1.34 0.00
1.15 0.00
1.16 0.00
1.65 0.00
3.34 16.02
3.84 8.94
4.25 6.83
3.83 8.20
3.92 9.72
3.86 12.99
3.89 16.48
3.80 18.84
3.87 21.51
4.09 23.87
4.45 24.01
4.72 23.45
4.37 23.17
2.23 5.67
1.72 0.00
1.65 0.00
1.49 0.00
1.18 0.11
1.07 0.18
1.05 0.00
0.98 0.00
1.03 0.00
1.10 0.04
1.53 0.00
3.39 18.06
3.76 18.42
3.78 13.13
3.72 12.92
4.99 13.77
6.09 16.16
5.71 17.75
5.68 19.93
4.33 21.27
3.97 22.64
3.90 24.58
1.74 7.29
1.17 0.00
1.02 0.00
1.01 0.00
1.10 0.04
1.11 0.11
1.41 0.00
1.15 0.00
1.08 0.04
1.00 0.00
1.02 0.00
1.22 0.00
1.60 0.00
3.37 16.94
3.82 14.61
3.85 14.23
3.91 9.93
3.92 13.70
3.96 14.86
3.82 17.75
3.83 20.46
1.71 6.55
1.01 0.00
1.22 0.00
1.14 0.00
1.18 0.21
1.04 0.04
1.23 0.00
1.10 0.00
1.11 0.25
1.21 0.00
1.20 0.00
1.07 0.00
0.99 0.00
1.05 0.00
1.74 7.61
3.83 22.04
3.97 16.73
3.80 15.70
3.92 14.19
3.92 15.07
4.58 16.65
4.90 19.33
4.84 20.56
4.78 21.80
4.76 22.29
4.86 24.12
4.81 22.68
5.11 22.96
5.74 21.62
3.76 7.68
3.14 0.00
1.78 0.00
1.68 0.00
1.52 0.21
1.43 0.39
1.45 0.53
1.03 0.39
1.11 0.04
1.16 0.00
1.62 0.00
3.47 14.89
3.77 7.89
4.02 8.45
4.14 8.98
4.84 12.75
4.82 13.52
4.69 18.98
4.92 20.92
5.12 22.75
5.20 24.58
5.06 25.25
4.65 25.28
4.37 23.20
2.58 5.74
2.06 0.00
2.00 0.00
1.86 0.07
1.22 0.35
1.27 0.28
1.15 0.11
1.13 0.00
1.27 0.25
1.84 0.25
1.99 0.04
3.41 17.82
3.78 12.22
3.93 8.66
4.33 8.94
4.54 14.12
4.66 14.26
4.75 19.15
4.83 20.74
4.86 23.45
4.50 23.63
4.53 24.47
4.50 25.14
4.19 22.85
2.41 5.32
1.85 0.00
1.89 0.00
1.72 0.11
1.22 0.95
1.22 0.18
1.00 0.00
1.12 0.00
1.01 0.00
1.15 0.00
1.63 0.00
3.37 15.99
3.91 12.11
3.86 6.51
4.37 8.77
4.54 11.16
4.75 15.21
4.64 16.30
4.57 19.89
4.86 21.30
5.02 22.50
4.87 23.31
4.42 23.94
4.08 21.37
2.37 5.39
1.72 0.00
1.73 0.00
1.62 0.00
1.12 0.07
1.20 1.48
1.05 0.00
1.01 0.00
1.13 0.00
1.11 0.00
1.78 0.00
3.35 13.10
3.77 5.11
3.84 3.17
3.86 9.96
4.02 11.51
3.99 12.89
3.94 15.99
4.12 14.51
3.96 16.20
4.00 17.29
3.97 20.92
4.13 21.44
3.97 18.42
2.26 4.15
1.69 0.00
1.70 0.00
1.32 0.00
1.26 0.00
1.24 0.00
1.04 2.57
1.04 1.76
1.01 1.76
1.14 1.09
1.57 0.00
1.70 0.00
1.68 0.00
3.16 7.43
3.89 3.66
5.00 5.28
5.25 8.52
5.16 11.62
5.10 13.87
4.19 11.90
1.71 0.00
1.46 0.00
1.20 0.00
1.16 0.60
1.15 0.07
1.07 0.00
1.05 0.00
1.20 0.00
1.20 0.00
1.23 0.00
1.07 0.00
1.12 0.00
1.14 0.00
1.16 0.00
1.64 0.00
3.33 14.26
3.77 6.27
3.74 5.42
3.71 7.50
3.85 11.58
3.85 14.05
4.09 16.87
5.11 16.13
3.55 4.40
2.81 0.00
1.16 0.00
1.23 0.21
1.19 2.61
1.15 0.00
1.09 0.00
1.00 0.00
1.16 0.00
1.11 0.00
1.23 0.00
1.03 0.00
1.01 0.00
1.12 0.00
1.11 0.00
2.12 7.54
3.82 21.80
3.78 16.80
3.75 14.54
4.36 15.99
4.80 15.81
4.60 17.99
4.38 18.52
4.85 18.80
4.94 20.88
5.17 18.49
5.22 17.04
4.97 15.74
5.32 8.10
4.90 8.49
4.68 6.73
2.57 3.42
1.67 2.15
1.37 1.83
1.15 1.65
1.05 1.83
1.26 0.46
1.14 0.00
1.14 0.00
1.61 0.00
3.23 7.71
3.72 1.44
3.87 1.23
7.81 1.34
7.28 2.54
4.04 8.27
4.33 13.27
4.04 9.23
4.18 14.61
4.68 17.61
4.45 18.20
4.17 19.08
4.10 15.49
2.51 4.58
1.99 0.00
1.72 0.00
1.62 0.00
1.13 0.00
1.18 1.55
1.13 3.73
1.16 2.57
1.16 0.00
1.18 0.00
1.60 0.00
3.27 9.61
3.94 2.71
3.97 2.82
4.10 4.72
4.19 11.65
4.32 12.29
4.07 13.80
4.10 15.21
4.27 16.65
4.17 17.39
4.32 19.68
4.09 19.15
3.99 16.16
2.39 4.54
1.94 0.00
2.05 0.00
1.63 0.00
1.42 0.00
1.03 0.00
1.09 0.00
1.07 0.00
1.15 0.00
1.15 0.00
1.61 0.00
3.28 12.01
3.71 7.36
3.86 8.06
3.91 9.65
4.27 11.13
4.21 11.97
4.17 16.37
4.25 18.66
4.83 20.74
5.00 22.92
4.55 19.72
4.30 11.97
3.99 8.45
2.19 3.17
1.71 0.56
1.70 0.60
1.59 0.81
1.06 1.06
1.03 0.99
1.06 0.56
1.30 0.21
1.19 0.00
1.10 0.00
1.54 0.00
3.18 9.68
3.74 3.03
3.87 3.66
3.83 5.85
3.86 7.50
3.73 12.08
3.88 12.64
3.77 11.62
3.89 15.00
3.93 16.41
3.79 18.56
3.79 17.78
3.75 15.63
2.16 4.37
1.86 0.00
1.68 0.00
1.55 0.00
1.00 0.00
1.10 0.00
1.05 0.00
1.13 0.00
1.16 0.00
1.05 0.00
1.50 0.00
3.15 8.52
3.74 2.71
3.78 4.79
3.77 6.94
3.98 8.66
3.75 9.33
3.89 13.20
3.76 15.42
3.80 13.06
3.81 21.65
3.64 23.31
1.68 5.56
1.00 0.00
1.04 0.00
1.33 0.00
1.33 1.16
1.33 0.14
1.26 0.00
1.23 0.00
1.22 0.00
1.38 0.00
1.34 0.00
1.24 0.00
1.62 0.00
3.23 11.94
3.87 5.28
3.86 3.56
3.98 3.66
3.78 5.39
3.72 9.19
3.78 10.28
3.76 13.17
2.00 2.39
1.28 1.37
1.23 1.55
1.26 1.58
1.16 0.35
1.37 0.00
1.35 0.00
1.33 0.00
1.30 0.00
1.17 0.00
1.22 0.00
1.20 0.00
1.38 0.00
1.30 0.00
1.31 0.00
2.11 5.88
3.83 13.17
3.84 5.95
3.87 4.30
4.17 4.72
4.39 6.58
4.33 8.06
4.17 11.65
4.27 18.59
4.47 19.08
4.44 21.02
4.23 22.22
4.26 22.50
5.03 17.78
4.63 12.25
4.82 6.90
2.45 4.75
1.52 1.37
1.53 1.44
1.27 1.97
1.11 1.65
1.11 1.30
1.44 1.76
1.63 1.94
3.99 3.66
4.17 1.44
4.41 0.49
4.30 0.74
4.29 3.52
4.15 4.19
4.23 8.98
4.10 11.55
4.18 13.73
4.58 17.50
4.76 17.32
4.39 19.68
4.00 18.13
4.79 14.54
4.49 7.11
4.89 5.35
2.47 3.31
1.64 1.48
1.10 0.46
1.23 0.95
1.05 1.83
1.05 2.04
1.81 2.39
1.50 2.46
5.38 2.22
3.60 3.70
4.83 1.37
4.13 1.30
4.53 4.01
4.29 5.28
4.41 9.96
4.35 14.40
4.39 14.72
4.15 16.69
4.60 14.40
4.46 19.72
4.16 18.84
3.92 15.81
2.23 3.27
1.74 0.00
2.75 0.14
2.71 1.51
1.33 2.22
1.20 3.35
1.34 1.73
1.22 0.95
1.37 0.07
1.34 0.00
1.70 0.00
3.35 4.12
3.81 0.28
3.91 2.54
3.97 4.72
4.35 9.33
4.25 11.62
4.25 16.48
4.64 17.22
4.39 19.44
4.64 21.73
4.55 20.35
4.25 20.85
4.12 17.75
2.44 4.44
1.90 0.00
1.85 0.00
1.82 0.00
1.49 0.77
1.33 0.32
1.29 0.00
1.21 0.00
1.32 0.00
1.38 0.00
1.76 0.00
3.49 11.20
3.89 4.08
3.93 4.26
3.90 7.64
3.98 10.18
4.04 14.26
4.23 16.41
4.17 14.72
4.05 17.29
4.11 21.34
4.17 24.15
4.16 24.51
4.21 20.04
2.51 4.51
2.03 0.00
1.95 0.00
1.74 0.00
1.38 1.20
1.72 2.78
1.31 1.09
1.16 0.00
1.20 0.00
1.15 0.00
1.56 0.00
3.42 10.42
3.87 4.72
3.96 5.14
4.15 7.85
4.58 7.71
4.79 10.32
4.90 10.25
4.94 16.30
4.17 17.01
4.00 17.64
3.85 21.30
1.73 6.02
1.20 0.00
1.15 0.00
1.18 0.00
1.01 0.11
0.98 0.42
1.14 0.07
1.21 0.00
1.19 0.00
1.05 0.00
1.07 0.00
1.11 0.00
1.58 0.00
3.51 10.28
3.96 3.52
4.02 3.17
3.92 4.12
3.89 6.30
3.85 9.19
3.93 14.12
4.00 17.29
1.86 5.95
1.06 2.08
1.15 2.39
1.09 2.46
1.14 0.49
1.13 0.00
1.24 0.00
1.18 0.00
1.13 0.00
1.19 0.00
1.20 0.00
1.31 0.00
1.16 0.25
1.15 1.27
1.03 2.50
2.16 7.01
3.98 10.28
3.93 5.00
4.00 3.91
4.26 6.83
4.33 9.15
4.40 11.09
4.25 13.91
4.53 17.82
4.35 9.44
4.42 11.73
4.12 13.70
4.33 10.32
5.00 1.62
4.85 4.51
4.84 8.73
2.69 2.61
1.74 0.00
1.51 0.00
1.30 0.00
1.26 0.00
1.70 0.00
2.04 0.00
1.09 0.00
3.03 3.38
3.92 4.51
3.80 1.48
4.02 2.39
4.05 6.37
4.55 9.86
4.44 12.68
4.38 14.93
4.44 17.75
4.85 19.01
4.91 22.46
4.56 23.52
4.72 22.99
5.01 17.99
5.21 10.53
5.31 11.48
2.53 4.26
1.82 2.11
1.11 2.99
1.08 3.31
1.14 3.52
1.13 3.42
1.37 2.18
1.72 2.25
5.26 5.77
3.80 1.83
3.92 0.60
4.10 1.09
4.21 1.06
4.28 4.26
4.36 5.56
4.06 12.99
4.26 17.78
4.45 15.35
4.52 18.20
4.48 20.92
4.19 19.65
4.87 15.85
4.40 10.74
4.51 9.37
2.58 4.33
1.71 1.76
1.36 2.08
1.19 1.90
1.30 1.90
1.25 2.29
1.38 2.85
1.31 2.61
1.61 2.46
3.29 6.30
3.81 1.94
3.89 3.80
4.07 5.85
4.19 10.07
4.19 10.92
4.37 14.33
4.63 15.70
4.90 18.52
4.78 20.21
4.99 19.44
4.72 20.28
4.66 14.68
2.41 2.39
1.70 0.00
1.90 0.00
1.65 0.11
1.36 0.21
1.11 0.00
1.00 0.00
1.03 0.00
0.96 0.00
1.01 0.00
2.29 0.00
3.72 0.00
4.87 0.00
4.56 0.00
4.59 0.21
3.72 0.14
4.33 2.50
4.70 4.05
4.67 4.65
3.96 9.65
3.90 12.46
4.06 15.77
4.11 16.27
3.90 12.82
2.25 1.37
1.65 0.00
1.74 0.00
1.49 0.00
1.09 0.00
1.21 0.00
1.04 0.00
1.03 0.00
0.96 0.00
1.00 0.00
1.66 0.00
1.79 0.00
2.16 0.00
3.74 0.00
4.90 0.00
5.81 2.82
5.62 8.06
5.44 10.18
5.20 13.38
3.71 12.85
2.20 1.51
1.88 0.99
1.31 1.27
1.24 1.83
1.30 0.95
1.21 0.00
1.18 0.00
1.21 0.00
1.23 0.00
1.47 0.00
1.33 0.00
1.24 0.00
1.27 0.00
1.15 0.00
1.75 0.00
1.91 0.00
1.96 0.00
3.46 6.62
3.93 3.63
5.00 5.95
5.36 4.68
5.32 6.51
5.29 8.31
3.56 10.46
1.04 0.70
1.00 0.53
1.02 0.53
1.14 0.46
1.07 0.60
1.30 0.00
1.07 0.00
1.18 0.00
1.06 0.00
1.13 0.00
1.15 0.00
1.12 0.00
1.13 0.00
0.95 0.00
2.00 4.82
3.80 6.16
3.83 5.00
3.87 3.94
3.77 4.19
3.91 6.55
3.72 11.23
3.81 13.91
3.89 15.63
3.80 17.11
3.89 19.05
3.83 14.86
4.01 13.56
4.93 10.95
4.60 7.22
4.91 9.47
2.41 3.35
1.52 1.23
1.28 1.30
1.51 1.51
1.62 1.44
1.09 1.48
1.09 1.58
1.03 1.51
1.97 3.87
3.70 1.87
3.72 0.42
3.80 2.68
3.86 6.48
3.97 8.59
4.28 12.04
4.27 11.97
4.10 11.16
4.18 14.37
4.15 16.51
4.20 17.89
3.80 18.20
5.06 14.82
4.58 10.92
4.47 5.28
2.50 2.50
1.75 0.21
1.44 7.18
1.27 4.01
1.36 2.29
1.28 2.29
1.40 2.64
1.43 2.46
2.23 5.46
4.03 1.16
3.90 0.35
3.99 3.20
4.44 5.39
4.42 8.94
4.25 10.56
4.16 16.30
4.14 16.16
4.62 17.50
4.54 19.12
4.73 19.05
4.64 17.43
4.96 14.72
4.46 9.23
4.33 9.86
2.60 4.44
2.08 1.09
2.09 1.09
1.66 1.06
1.75 1.37
1.68 0.85
1.79 1.80
1.81 1.62
1.75 1.80
3.32 7.29
3.79 0.00
3.83 0.00
3.92 1.02
4.26 5.85
4.33 8.98
4.02 11.80
4.30 12.78
4.35 17.36
4.38 20.88
4.57 21.41
4.13 16.44
4.01 13.84
2.26 4.86
1.80 1.87
1.79 2.36
1.92 1.87
1.79 1.97
1.72 0.07
1.65 0.00
1.66 0.00
1.62 0.00
1.77 0.00
1.73 0.00
3.30 2.92
3.78 0.00
3.73 0.00
3.80 0.95
3.80 2.57
3.82 2.96
3.93 5.35
3.69 6.34
3.73 6.48
3.68 8.94
3.73 9.54
3.82 12.46
3.77 4.12
2.18 0.70
1.51 0.00
1.65 0.00
1.61 0.00
1.70 0.00
1.72 0.00
1.64 0.00
1.58 0.00
1.59 0.00
2.18 0.00
2.32 0.00
4.08 0.00
6.62 0.28
5.70 0.28
5.11 0.35
4.05 1.58
3.76 1.65
3.79 1.41
3.83 2.78
3.71 3.56
3.77 9.30
3.70 10.81
2.19 2.99
1.70 0.00
1.64 0.00
1.65 0.00
1.58 0.00
1.61 0.07
1.64 0.07
1.64 0.00
1.72 0.00
2.20 0.00
2.23 0.00
2.76 0.00
2.71 0.00
5.65 0.00
7.36 0.00
7.45 0.00
5.43 0.00
4.72 0.00
4.15 0.85
3.72 2.11
3.76 1.55
2.27 0.81
1.63 0.00
1.67 0.00
1.58 0.00
1.62 0.00
1.77 0.00
1.69 0.00
1.67 0.00
1.52 0.00
1.59 0.00
1.58 0.00
1.64 0.00
2.31 0.00
2.17 0.00
2.93 0.00
4.79 0.00
4.98 0.00
7.06 0.00
6.31 0.00
6.00 0.00
4.41 0.00
4.41 1.65
4.24 2.29
4.54 1.80
4.65 4.47
4.64 9.75
4.62 12.18
5.02 11.62
5.01 3.59
3.89 1.41
2.86 0.00
2.19 0.00
2.18 0.00
1.78 0.00
1.68 0.00
1.64 0.00
1.75 0.00
2.28 0.00
2.51 0.00
2.95 0.00
4.66 0.00
6.28 0.00
5.61 0.00
4.75 0.00
4.03 0.00
4.08 2.64
4.49 3.42
4.28 6.13
4.90 8.70
4.90 11.76
4.37 15.56
4.11 16.41
4.28 7.96
2.72 0.74
2.99 0.00
2.85 0.00
2.12 0.00
1.63 0.00
1.56 0.00
1.57 0.00
1.52 0.00
1.64 0.00
1.64 0.00
2.11 0.00
4.32 0.00
4.55 0.00
5.53 0.00
4.21 0.00
4.52 0.53
4.99 0.88
4.70 2.99
4.96 5.35
4.60 9.23
4.89 12.36
4.72 15.21
4.34 16.69
5.11 5.60
4.45 5.60
4.30 1.09
2.35 0.00
2.09 0.00
1.92 0.00
1.86 0.00
1.85 0.00
1.80 0.00
1.87 0.00
1.89 0.00
2.44 0.00
3.73 0.00
4.43 0.00
5.15 0.00
3.91 0.00
4.07 0.53
4.20 0.92
4.22 2.71
4.02 3.45
4.64 3.38
4.46 9.61
4.66 9.30
4.39 13.45
4.22 3.20
2.45 0.00
1.75 0.00
1.79 0.00
1.86 0.00
1.61 0.00
1.60 0.00
1.53 0.00
1.50 0.00
1.50 0.00
1.48 0.00
1.57 0.00
4.05 0.00
5.68 0.00
5.37 0.00
4.01 0.00
3.79 0.00
3.65 0.85
3.72 0.95
3.73 0.85
3.62 2.57
3.63 7.39
3.55 9.40
3.65 13.63
3.79 4.15
2.10 0.56
1.59 0.00
1.44 0.00
1.79 0.00
1.59 0.00
1.63 0.00
1.96 0.00
2.58 0.00
2.37 0.00
2.72 0.00
2.76 0.00
3.17 0.00
3.45 0.00
6.47 0.00
8.35 0.00
4.90 0.00
4.55 0.81
4.16 0.99
4.38 2.08
4.10 0.99
1.87 0.00
1.77 0.00
1.73 0.00
1.74 0.00
1.91 0.00
1.85 0.00
1.83 0.00
1.72 0.00
1.72 0.00
1.79 0.00
2.05 0.00
2.73 0.00
3.04 0.00
3.33 0.00
3.18 0.00
4.65 0.00
7.02 0.00
7.58 0.00
5.79 0.00
4.22 0.00
4.22 1.20
3.84 2.08
3.81 4.47
2.36 1.30
1.86 0.00
1.82 0.00
1.74 0.00
1.72 0.00
1.70 0.00
1.84 0.00
1.84 0.00
1.84 0.00
1.77 0.00
1.70 0.00
1.81 0.00
1.78 0.00
1.85 0.00
2.35 0.74
4.81 0.60
4.44 0.00
4.92 0.00
5.29 0.00
5.23 0.00
5.13 0.00
4.88 0.92
4.23 1.97
4.56 1.48
4.43 1.94
4.35 5.00
4.24 7.85
4.18 12.08
4.89 2.25
3.43 0.00
2.62 0.00
3.37 0.00
3.71 0.00
3.18 0.00
3.40 0.00
3.80 0.00
4.02 0.00
4.82 0.00
5.53 0.00
5.89 0.00
10.98 0.00
11.86 0.00
12.23 0.00
11.09 0.00
9.19 0.00
6.76 0.00
6.21 0.35
5.07 1.48
4.48 1.48
4.50 2.89
4.50 5.74
4.20 8.17
3.94 2.29
2.36 0.00
2.53 0.00
2.77 0.00
3.38 0.00
3.27 0.00
3.57 0.00
3.90 0.00
5.03 0.00
4.45 0.00
4.76 0.00
5.12 0.00
10.90 0.00
11.73 0.00
11.62 0.00
11.58 0.00
9.94 0.00
8.97 0.00
7.04 0.00
6.34 0.32
5.32 1.55
4.46 1.34
4.34 1.80
4.32 8.63
5.51 1.51
5.64 0.00
6.01 0.00
4.29 0.00
4.68 0.00
4.76 0.00
5.16 0.00
5.52 0.00
5.68 0.00
6.11 0.00
5.67 0.00
6.52 0.00
14.99 0.00
13.36 0.00
13.26 0.00
12.99 0.00
11.06 0.00
8.70 0.00
5.92 0.00
4.94 0.14
4.49 1.80
4.55 1.87
4.17 3.84
3.92 6.76
4.00 1.69
2.90 0.00
3.03 0.00
2.88 0.00
3.25 0.00
4.63 0.00
4.44 0.00
4.65 0.00
5.63 0.00
5.61 0.00
5.45 0.00
5.83 0.00
14.57 0.00
12.86 0.00
12.68 0.00
11.77 0.00
9.75 0.00
6.34 0.00
4.73 0.00
4.49 1.55
4.19 2.11
4.05 2.71
3.99 7.01
3.97 7.82
4.00 3.13
2.40 0.00
2.65 0.00
2.35 0.00
3.05 0.00
3.18 0.00
3.16 0.00
3.54 0.00
4.20 0.00
4.44 0.00
4.75 0.00
4.66 0.00
9.96 0.00
10.81 0.00
10.72 0.00
9.43 0.00
7.21 0.00
4.07 0.00
3.84 1.06
3.79 1.09
3.86 2.04
3.90 6.73
4.00 10.04
2.39 2.92
1.72 0.00
1.79 0.00
1.78 0.00
1.84 0.00
1.87 0.00
1.84 0.00
2.79 0.00
2.19 0.00
2.62 0.00
2.47 0.00
2.81 0.00
2.87 0.00
6.26 0.00
7.32 0.00
7.21 0.00
6.10 0.00
4.43 0.00
4.31 0.56
3.90 1.20
3.88 0.49
2.31 0.49
1.75 0.00
1.77 0.00
1.81 0.00
1.90 0.00
1.82 0.00
1.76 0.00
1.74 0.00
1.77 0.00
1.89 0.00
2.95 0.00
2.43 0.00
3.29 0.00
3.00 0.00
3.10 0.00
3.84 0.00
6.15 0.00
6.93 0.00
8.05 0.00
5.94 0.00
5.12 0.00
4.72 0.25
4.33 0.42
4.56 2.39
4.51 5.39
4.46 10.74
4.40 12.68
4.38 12.50
4.78 4.15
4.80 2.89
4.72 0.95
2.35 0.35
1.86 0.00
1.69 0.00
1.77 0.00
1.73 0.00
1.76 0.00
1.89 0.00
2.53 0.00
2.04 0.00
4.12 0.00
5.07 0.00
6.90 0.00
5.16 0.00
4.44 0.00
4.07 1.02
4.20 1.80
4.30 3.20
4.74 7.01
4.61 8.70
4.11 11.16
3.81 12.15
3.75 5.42
2.27 0.77
2.51 0.00
3.09 0.00
2.22 0.00
1.74 0.00
1.51 0.00
1.63 0.00
1.55 0.00
1.56 0.00
1.52 0.00
2.02 0.00
3.65 0.00
3.59 0.00
3.67 0.00
4.34 0.00
4.31 0.92
4.25 0.63
3.94 1.55
4.10 2.54
4.41 8.63
4.41 8.20
4.46 11.48
4.56 11.94
4.68 5.18
4.28 1.44
4.20 0.04
4.17 0.00
3.22 0.00
2.66 0.00
2.73 0.04
2.65 0.00
2.79 0.00
2.70 0.00
2.81 0.00
3.89 0.00
3.67 0.00
5.21 0.00
4.91 0.00
4.49 0.00
3.95 0.00
4.24 0.63
4.17 0.77
4.45 2.29
4.90 4.65
4.51 8.98
4.27 10.99
4.15 11.55
5.47 3.03
5.16 1.16
5.09 0.74
5.34 0.07
3.92 0.00
3.15 0.00
3.15 0.00
3.10 0.00
3.07 0.00
3.23 0.00
3.21 0.00
3.22 0.00
3.92 0.00
4.17 0.00
4.22 0.00
4.26 0.00
4.28 0.00
4.32 0.88
4.18 0.77
4.23 1.37
4.16 5.00
4.23 7.11
4.30 10.35
4.28 10.99
4.25 3.77
3.33 0.07
3.07 0.00
3.16 0.00
3.32 0.00
3.16 0.00
3.11 0.00
3.02 0.00
3.15 0.00
3.04 0.00
3.18 0.00
3.16 0.00
4.43 0.00
5.23 0.00
5.15 0.00
4.51 0.00
4.19 0.00
4.19 0.11
4.26 0.88
4.12 1.44
4.15 2.18
4.14 6.87
4.16 4.75
3.46 0.18
3.10 0.00
3.07 0.00
3.10 0.00
3.01 0.00
3.12 0.00
3.12 0.00
3.17 0.00
3.19 0.00
3.03 0.00
3.10 0.00
3.07 0.00
3.15 0.00
4.44 0.00
4.30 0.00
4.45 0.00
4.14 0.00
4.17 0.00
4.26 0.85
4.18 1.06
4.21 1.83
3.36 0.56
3.01 0.00
3.07 0.00
3.08 0.00
3.12 0.00
3.17 0.00
3.04 0.00
3.10 0.21
3.01 0.07
3.10 0.00
3.14 0.25
3.12 0.11
3.13 0.18
3.06 0.04
3.03 0.00
3.12 0.00
3.53 0.00
3.73 0.00
3.52 0.00
3.05 0.00
3.08 0.00
3.00 0.00
3.24 0.00
3.11 0.00
3.11 0.00
2.87 0.00
2.79 0.00
2.93 0.00
2.94 0.00
2.93 0.00
2.94 0.00
2.79 0.00
2.88 0.70
2.84 0.56
3.00 0.32
3.00 1.16
2.95 0.95
2.93 0.60
3.41 0.53
3.31 0.00
4.25 0.00
4.37 0.00
4.74 0.00
4.02 0.00
4.37 0.53
4.40 0.95
4.46 1.27
4.85 1.76
5.06 4.72
4.76 10.04
4.42 8.42
4.28 9.86
5.25 2.11
3.94 0.39
3.78 0.00
4.00 0.00
3.29 0.00
2.75 0.00
2.90 0.00
3.19 0.00
3.98 0.00
3.71 0.00
3.85 0.00
4.40 0.00
8.43 0.00
7.59 0.00
7.75 0.00
6.81 0.00
5.13 0.00
5.31 0.00
4.79 1.13
4.39 0.99
4.72 2.71
4.43 4.40
4.49 5.67
4.45 7.96
4.69 0.35
4.35 0.00
4.49 0.00
3.56 0.00
3.42 0.00
3.64 0.00
3.60 0.00
3.84 0.00
4.17 0.00
4.40 0.00
4.66 0.00
4.84 0.00
8.14 0.00
8.99 0.00
8.49 0.00
8.05 0.00
5.88 0.00
4.93 0.00
4.31 0.70
5.27 1.55
4.85 0.88
5.24 6.87
5.01 6.30
4.72 7.75
4.35 0.07
3.25 0.00
2.93 0.00
3.13 0.00
3.30 0.00
3.45 0.00
3.60 0.00
4.07 0.00
4.15 0.00
4.14 0.00
4.67 0.00
4.77 0.00
7.24 0.00
9.15 0.00
8.93 0.00
7.94 0.00
6.04 0.00
4.17 0.00
4.56 0.63
4.10 1.13
4.11 0.49
4.14 3.70
4.14 4.68
4.20 5.35
4.20 0.56
3.30 0.00
3.07 0.00
3.01 0.00
3.20 0.00
3.01 0.00
3.01 0.00
3.40 0.00
3.46 0.00
3.52 0.00
4.03 0.00
4.26 0.00
6.61 0.00
8.34 0.00
7.24 0.00
6.62 0.00
4.05 0.00
4.40 0.00
4.06 0.00
4.07 1.83
3.99 0.74
3.96 0.88
3.99 1.16
3.27 0.07
3.08 0.00
3.00 0.00
2.90 0.00
3.00 0.00
2.90 0.00
3.01 0.00
3.70 0.00
3.81 0.00
4.12 0.00
4.19 0.00
4.55 0.00
6.73 0.00
6.98 0.00
9.64 0.00
9.02 0.00
8.08 0.00
6.48 0.00
4.00 0.00
4.34 0.81
4.27 1.02
3.52 0.35
3.01 0.00
2.94 0.00
2.94 0.00
2.94 0.00
3.00 0.00
3.09 0.00
3.03 0.00
2.95 0.00
2.91 0.00
3.65 0.00
3.90 0.00
4.09 0.00
4.15 0.00
4.31 0.00
6.90 0.00
7.66 0.00
7.94 0.00
7.99 0.00
7.55 0.00
5.81 0.00
4.67 0.85
4.73 0.70
4.82 1.44
4.80 2.85
4.71 6.90
4.69 9.89
4.28 3.77
4.11 2.18
3.27 0.00
2.92 0.00
3.03 0.00
3.06 0.00
3.10 0.00
3.78 0.00
3.86 0.00
3.95 0.00
4.13 0.00
4.37 0.00
4.45 0.00
6.94 0.00
7.74 0.00
6.17 0.00
6.20 0.00
5.24 0.00
4.69 0.00
4.30 0.00
4.22 1.41
4.59 0.00
4.80 0.00
4.80 0.00
4.80 0.00
4.80 0.00
4.80 0.00
4.80 0.00
4.80 0.00
4.80 0.00
4.80 0.00
4.80 0.00
4.80 0.00
4.80 0.00
4.80 0.00
4.80 0.00
4.80 0.00
4.80 0.00
4.80 0.00
4.80 0.00
4.80 0.00
4.80 0.00
4.80 0.00
4.80 0.00
4.80 0.00
4.80 0.00
4.80 0.00
4.80 0.00
4.80 0.00
4.80 0.00
4.80 0.00
4.80 0.00
4.80 0.00
4.80 0.00
4.80 0.00
4.80 0.00
4.80 0.00
4.80 0.00
4.80 0.00
4.80 0.00
4.80 0.00
4.80 0.00
4.80 0.00
4.80 0.00
4.78 11.13
4.76 23.06
4.76 23.06
4.76 23.06
4.76 23.06
4.76 23.06
4.76 23.06
4.76 23.06
5.25 10.77
5.67 0.00
5.91 0.00
5.80 0.00
5.68 0.00
5.91 0.00
5.91 0.00
6.68 0.00
6.17 0.00
6.02 0.00
6.92 0.00
6.38 0.00
6.89 0.00
11.90 0.00
12.37 0.00
12.11 0.00
11.68 0.00
10.67 0.00
9.27 0.00
8.35 0.00
5.64 0.00
5.27 1.69
4.75 1.23
4.24 0.67
4.63 0.04
5.42 0.00
4.55 0.00
4.78 0.00
5.25 0.00
5.44 0.00
5.72 0.00
6.25 0.00
6.51 0.00
6.24 0.00
7.01 0.00
6.93 0.00
7.04 0.00
12.40 0.00
13.31 0.00
12.72 0.00
12.02 0.00
11.05 0.00
8.97 0.00
6.68 0.00
5.70 0.00
4.59 0.77
3.90 1.83
3.83 0.25
3.39 0.00
4.00 0.00
4.04 0.00
4.43 0.00
5.02 0.00
5.03 0.00
5.11 0.00
5.33 0.00
5.96 0.00
6.00 0.00
6.24 0.00
6.26 0.00
6.11 0.00
11.82 0.00
11.59 0.00
11.45 0.00
11.10 0.00
9.95 0.00
7.48 0.00
6.39 0.00
4.88 0.00
3.90 0.00
3.11 0.00
3.11 0.00
3.03 0.00
3.59 0.00
3.91 0.00
4.17 0.00
4.53 0.00
5.22 0.00
4.84 0.00
5.83 0.00
5.77 0.00
6.12 0.00
6.86 0.00
8.66 0.00
11.94 0.00
12.14 0.00
12.08 0.00
12.05 0.00
12.28 0.00
11.45 0.00
9.27 0.00
7.81 0.00
6.61 0.00
5.50 0.00
5.20 1.37
4.63 0.92
5.40 0.28
5.40 0.00
5.30 0.00
4.68 0.00
5.62 0.00
5.07 0.00
5.22 0.00
5.67 0.00
5.49 0.00
6.55 0.00
6.77 0.00
7.52 0.00
7.90 0.00
13.60 0.00
14.03 0.00
15.58 0.00
14.06 0.00
13.11 0.00
12.21 0.00
10.12 0.00
9.29 0.00
6.98 0.07
5.89 1.94
5.90 0.49
7.40 0.00
8.26 0.00
7.34 0.00
6.95 0.00
7.68 0.00
7.86 0.00
9.56 0.00
10.29 0.00
9.95 0.00
10.85 0.00
11.68 0.00
11.21 0.00
12.65 0.00
17.47 0.00
17.18 0.00
16.62 0.00
15.82 0.00
13.18 0.00
11.67 0.00
10.52 0.00
7.34 0.00
4.87 0.00
4.70 0.00
4.48 0.00
4.91 0.00
4.58 0.00
4.69 0.00
4.03 0.00
4.25 0.00
4.62 0.00
4.77 0.00
4.90 0.00
4.69 0.00
4.81 0.00
4.71 0.00
5.07 0.00
5.74 0.00
5.11 0.00
5.73 0.00
5.81 0.00
5.88 0.00
5.03 0.00
4.96 0.00
4.13 0.00
3.60 0.00
3.27 0.00
2.98 0.00
2.96 0.00
3.55 0.00
3.36 0.00
3.51 0.00
3.97 0.00
3.87 0.00
3.77 0.00
3.98 0.00
4.58 0.00
4.62 0.00
4.80 0.00
4.29 0.00
4.78 0.00
5.33 0.00
7.36 0.00
7.29 0.00
8.00 0.00
8.19 0.00
7.85 0.00
7.38 0.00
6.99 0.00
6.57 0.00
6.07 0.00
5.65 0.00
5.95 0.00
6.24 0.00
6.94 0.00
8.20 0.00
8.86 0.00
9.43 0.00
9.29 0.00
9.95 0.00
9.88 0.00
10.67 0.00
9.98 0.00
10.13 0.00
11.67 0.00
11.01 0.00
18.68 0.00
18.41 0.00
19.57 0.00
16.78 0.00
14.40 0.00
12.83 0.00
12.72 0.00
11.42 0.00
8.91 0.00
6.93 1.30
6.87 0.00
6.75 0.00
7.90 0.00
8.09 0.00
8.08 0.00
10.03 0.00
8.83 0.00
9.95 0.00
11.05 0.00
10.79 0.00
11.65 0.00
11.25 0.00
12.15 0.00
11.56 0.00
19.45 0.00
19.06 0.00
18.51 0.00
18.48 0.00
14.17 0.00
12.60 0.00
12.29 0.00
9.43 0.00
5.38 0.00
4.53 0.00
4.13 0.00
4.13 0.00
5.14 0.00
5.51 0.00
7.24 0.00
6.28 0.00
7.54 0.00
8.09 0.00
9.02 0.00
9.00 0.00
9.46 0.00
9.16 0.00
13.70 0.00
16.03 0.00
16.25 0.00
15.64 0.00
14.76 0.00
14.96 0.00
12.17 0.00
11.79 0.00
7.98 0.00
6.28 0.00
6.06 0.00
5.28 0.00
4.93 2.01
5.40 0.00
5.80 0.00
5.49 0.00
5.54 0.00
4.89 0.00
6.16 0.00
6.07 0.00
6.66 0.00
6.65 0.00
7.94 0.00
7.91 0.00
8.83 0.00
9.16 0.00
15.02 0.00
15.24 0.00
14.94 0.00
12.93 0.00
11.92 0.00
10.73 0.00
7.71 0.00
6.15 0.00
5.68 0.00
5.13 0.00
4.93 0.00
4.94 0.00
5.28 0.00
4.81 0.00
4.64 0.00
4.53 0.00
5.05 0.00
5.32 0.00
5.05 0.00
5.12 0.00
5.05 0.00
5.37 0.00
5.01 0.00
5.63 0.00
9.34 0.00
9.42 0.00
10.23 0.00
8.46 0.00
7.22 0.00
5.51 0.00
5.13 0.00
4.79 1.80
4.66 0.60
4.62 1.69
4.80 3.13
4.59 0.49
4.53 0.00
3.55 0.00
3.29 0.00
3.30 0.00
3.84 0.00
3.88 0.00
3.77 0.00
4.07 0.00
4.35 0.00
4.34 0.00
4.41 0.00
4.88 0.00
7.66 0.00
9.16 0.00
9.51 0.00
7.91 0.00
7.46 0.00
5.69 0.00
5.38 0.28
5.11 1.94
5.34 1.16
4.94 1.06
4.59 0.81
4.61 0.00
4.53 0.00
4.25 0.00
4.24 0.00
4.22 0.00
4.53 0.00
4.81 0.00
5.01 0.00
5.34 0.00
5.38 0.00
5.96 0.00
5.94 0.00
6.17 0.00
9.54 0.00
10.37 0.00
10.07 0.00
9.31 0.00
8.50 0.00
6.98 0.00
5.48 0.00
4.81 0.00
4.42 0.00
4.47 1.23
4.36 0.14
4.28 0.07
4.30 0.00
4.07 0.00
3.93 0.00
4.27 0.00
4.62 0.00
4.45 0.00
4.75 0.00
5.65 0.00
5.27 0.00
5.73 0.00
6.27 0.00
6.15 0.00
10.76 0.00
11.18 0.00
11.59 0.00
9.95 0.00
8.44 0.00
6.59 0.00
5.66 0.00
4.59 0.00
4.00 0.14
4.02 0.53
3.90 0.00
3.45 0.00
3.19 0.00
3.48 0.00
3.85 0.00
4.12 0.00
4.42 0.00
4.17 0.00
4.73 0.00
4.50 0.00
4.98 0.00
4.79 0.00
4.95 0.00
5.25 0.00
7.67 0.00
8.06 0.00
7.94 0.00
7.53 0.00
6.78 0.00
7.01 0.00
6.19 0.00
5.93 0.00
4.15 0.00
4.10 0.00
4.02 0.00
4.11 0.00
4.25 0.00
4.51 0.00
4.72 0.00
5.11 0.00
4.65 0.00
5.02 0.00
5.21 0.00
5.02 0.00
5.40 0.00
4.91 0.00
6.60 0.00
10.03 0.00
9.25 0.00
9.25 0.00
8.42 0.00
9.42 0.00
8.39 0.00
7.65 0.00
6.27 0.00
5.37 0.00
5.46 0.00
4.84 0.42
5.38 0.32
6.67 0.00
8.21 0.00
7.59 0.00
5.95 0.00
6.53 0.00
6.63 0.00
6.51 0.00
7.07 0.00
7.15 0.00
7.16 0.00
7.40 0.00
7.60 0.00
7.74 0.00
13.55 0.00
13.97 0.00
15.00 0.00
15.50 0.00
13.41 0.00
12.14 0.00
9.66 0.00
8.20 0.00
6.43 0.46
5.42 2.25
5.17 0.11
5.67 0.00
5.87 0.00
5.38 0.00
5.24 0.00
5.51 0.00
6.46 0.00
6.89 0.00
6.63 0.00
6.86 0.00
7.55 0.00
7.29 0.00
9.09 0.00
7.83 0.00
14.97 0.00
15.04 0.00
13.77 0.00
12.23 0.00
11.32 0.00
10.75 0.00
7.08 0.00
6.65 0.00
5.96 1.27
4.84 1.48
4.70 1.06
5.51 0.00
5.79 0.00
5.03 0.00
4.76 0.00
5.30 0.00
5.55 0.00
5.76 0.00
6.15 0.00
6.64 0.00
6.44 0.00
6.89 0.00
7.45 0.00
8.39 0.00
12.55 0.00
13.10 0.00
14.06 0.00
12.52 0.00
11.56 0.00
9.60 0.00
8.17 0.00
6.29 0.00
5.40 1.30
4.86 1.06
4.16 0.14
5.29 0.00
5.47 0.00
5.01 0.00
5.01 0.00
5.31 0.00
5.58 0.00
5.98 0.00
6.30 0.00
6.41 0.00
6.62 0.00
6.96 0.00
6.96 0.00
7.92 0.00
13.79 0.00
14.10 0.00
13.30 0.00
12.72 0.00
11.88 0.00
10.56 0.00
8.70 0.00
7.03 0.00
5.45 1.13
4.55 0.92
4.43 0.74
5.11 0.00
5.24 0.00
5.07 0.00
5.22 0.00
5.05 0.00
5.51 0.00
5.76 0.00
6.10 0.00
6.44 0.00
6.41 0.00
6.97 0.00
7.10 0.00
7.25 0.00
14.01 0.00
12.66 0.00
13.16 0.00
12.99 0.00
11.92 0.00
10.19 0.00
7.43 0.00
6.35 0.00
4.85 1.09
4.62 0.42
4.04 0.00
3.42 0.00
3.63 0.00
3.95 0.00
4.16 0.00
4.51 0.00
4.83 0.00
4.97 0.00
5.43 0.00
5.92 0.00
6.02 0.00
6.25 0.00
6.26 0.00
7.01 0.00
11.81 0.00
12.40 0.00
12.62 0.00
13.60 0.00
11.81 0.00
10.08 0.00
8.30 0.00
7.59 0.00
5.41 0.00
3.96 0.00
4.21 0.00
5.12 0.00
5.45 0.00
5.51 0.00
6.16 0.00
6.39 0.00
7.92 0.00
7.18 0.00
8.28 0.00
8.89 0.00
8.91 0.00
10.94 0.00
11.64 0.00
18.06 0.00
17.43 0.00
17.54 0.00
18.16 0.00
16.24 0.00
14.06 0.00
13.26 0.00
11.67 0.00
9.66 0.00
7.76 0.00
6.52 1.30
6.28 0.32
6.45 0.00
7.21 0.00
9.67 0.00
8.57 0.00
9.02 0.00
11.26 0.00
9.89 0.00
11.90 0.00
12.18 0.00
12.23 0.00
13.35 0.00
12.57 0.00
14.66 0.00
20.19 0.00
22.16 0.00
20.26 0.00
19.22 0.00
16.52 0.00
13.98 0.00
14.68 0.00
12.32 0.00
10.00 0.00
7.37 0.99
5.87 0.00
6.73 0.00
10.51 0.00
9.62 0.00
8.56 0.00
9.48 0.00
10.15 0.00
9.77 0.00
11.80 0.00
10.74 0.00
12.20 0.00
10.42 0.00
11.35 0.00
11.04 0.00
17.24 0.00
18.47 0.00
18.20 0.00
16.87 0.00
15.28 0.00
12.90 0.00
10.73 0.00
9.49 0.00
6.65 0.00
5.86 1.27
5.56 0.25
5.76 0.00
6.69 0.00
6.38 0.00
6.55 0.00
8.13 0.00
7.23 0.00
9.10 0.00
9.68 0.00
9.77 0.00
10.21 0.00
11.59 0.00
11.67 0.00
11.40 0.00
18.17 0.00
20.57 0.00
17.86 0.00
18.30 0.00
14.65 0.00
13.90 0.00
12.66 0.00
9.79 0.00
7.44 0.04
6.44 1.58
5.20 0.28
6.09 0.00
6.89 0.00
6.34 0.00
6.38 0.00
7.63 0.00
8.08 0.00
8.54 0.00
9.98 0.00
9.76 0.00
9.81 0.00
12.19 0.00
11.10 0.00
11.73 0.00
19.07 0.00
19.47 0.00
19.13 0.00
19.17 0.00
15.69 0.00
13.08 0.00
12.75 0.00
8.72 0.00
6.52 0.00
5.41 1.76
4.79 0.67
5.51 0.00
6.31 0.00
5.84 0.00
5.79 0.00
7.71 0.00
8.15 0.00
7.56 0.00
9.14 0.00
9.36 0.00
10.84 0.00
9.73 0.00
9.25 0.00
9.33 0.00
16.47 0.00
15.95 0.00
17.73 0.00
14.13 0.00
13.70 0.00
11.24 0.00
9.39 0.00
6.62 0.00
5.10 0.00
4.06 1.62
3.89 0.95
4.02 0.00
3.94 0.00
4.51 0.00
4.91 0.00
5.67 0.00
6.05 0.00
5.99 0.00
5.72 0.00
5.85 0.00
6.33 0.00
8.08 0.00
6.43 0.00
7.78 0.00
13.45 0.00
13.10 0.00
13.57 0.00
12.03 0.00
12.09 0.00
9.66 0.00
6.93 0.00
4.72 0.00
3.39 0.00
3.26 0.00
3.47 0.00
2.81 0.00
3.87 0.00
3.74 0.00
4.39 0.00
4.82 0.00
5.26 0.00
5.27 0.00
4.49 0.00
5.60 0.00
5.64 0.00
5.92 0.00
8.28 0.00
11.44 0.00
10.87 0.00
10.76 0.00
10.87 0.00
11.21 0.00
10.69 0.00
9.49 0.00
6.56 0.00
7.69 0.00
6.54 0.00
6.64 0.00
6.49 0.00
6.35 0.00
6.10 0.00
5.17 0.00
4.71 0.00
4.54 0.00
4.49 0.00
5.24 0.00
5.46 0.00
5.65 0.00
5.78 0.00
5.84 0.00
5.48 0.00
5.82 0.00
5.54 0.00
6.01 0.00
6.01 0.00
6.37 0.00
5.85 0.00
5.62 0.00
5.71 0.00
5.71 0.00
5.51 0.00
4.78 0.00
4.88 0.00
5.27 0.00
5.66 0.00
5.58 0.00
6.04 0.00
5.64 0.00
5.46 0.00
5.97 0.00
6.20 0.00
7.21 0.00
7.64 0.00
8.34 0.00
8.52 0.00
8.36 0.00
7.21 0.00
8.43 0.00
8.56 0.00
8.93 0.00
8.74 0.00
8.88 0.00
8.03 0.00
6.84 0.00
6.39 0.00
5.65 0.00
5.13 0.00
7.81 0.00
5.80 0.00
8.30 0.00
8.44 0.00
8.47 0.00
9.25 0.00
9.95 0.00
10.25 0.00
10.63 0.00
10.29 0.00
12.23 0.00
11.10 0.00
11.50 0.00
19.09 0.00
18.64 0.00
18.22 0.00
17.39 0.00
15.76 0.00
12.44 0.00
10.78 0.00
8.23 0.00
7.10 0.00
8.26 0.00
7.85 0.00
8.60 0.00
9.29 0.00
8.38 0.00
7.44 0.00
8.16 0.00
9.16 0.00
10.37 0.00
9.71 0.00
9.35 0.00
9.62 0.00
11.19 0.00
10.25 0.00
10.43 0.00
17.07 0.00
15.04 0.00
15.57 0.00
15.07 0.00
13.93 0.00
14.19 0.00
14.72 0.00
13.92 0.00
13.91 0.00
13.32 0.00
10.63 0.00
14.12 0.00
13.09 0.00
10.71 0.00
10.31 0.00
9.45 0.00
9.83 0.00
10.33 0.00
10.04 0.00
9.98 0.00
10.31 0.00
11.83 0.00
10.18 0.00
11.00 0.00
18.34 0.00
16.28 0.00
19.28 0.00
16.54 0.00
16.27 0.00
13.41 0.00
14.82 0.00
14.38 0.00
12.56 0.00
13.94 0.00
11.51 0.00
10.59 0.00
9.59 0.00
11.10 0.00
11.96 0.00
11.10 0.00
13.81 0.00
11.95 0.00
14.33 0.00
12.71 0.00
14.56 0.00
15.46 0.00
14.69 0.00
15.44 0.00
23.62 0.00
24.04 0.00
23.31 0.00
23.47 0.00
20.09 0.00
18.93 0.00
16.87 0.00
15.79 0.00
12.25 0.00
8.82 0.00
8.46 0.00
9.78 0.00
10.97 0.00
11.84 0.00
10.91 0.00
13.25 0.00
11.15 0.00
13.31 0.00
13.45 0.00
12.74 0.00
14.31 0.00
14.22 0.00
16.54 0.00
24.45 0.00
20.42 0.00
21.78 0.00
19.27 0.00
20.15 0.00
17.21 0.00
17.56 0.00
15.11 0.00
14.28 0.00
13.05 0.00
12.94 0.00
10.73 0.00
11.91 0.00
13.86 0.00
10.45 0.00
8.99 0.00
8.98 0.00
9.44 0.00
9.83 0.00
9.06 0.00
9.76 0.00
9.90 0.00
9.45 0.00
8.94 0.00
9.58 0.00
16.76 0.00
15.90 0.00
15.53 0.00
14.85 0.00
14.32 0.00
12.17 0.00
11.39 0.00
9.45 0.00
9.08 0.00
10.08 0.00
7.72 0.00
8.87 0.00
8.74 0.00
9.31 0.00
7.87 0.00
8.79 0.00
9.52 0.00
9.11 0.00
9.63 0.00
